0 0.375336 0 0.0169352078125 0.19056508125 0.44731938906249996 1 0.624664 1 0.9830647921875 0.8094349187500001 0.5526806109375 0 0.375336 0
4 0.427187259375 0.254879009375 0.46865949218749997 0.33308328593750003 0.500034484375 0.31640090781249997 0.4584197671875 0.238284778125 0.427187259375 0.254879009375
10 0.342977403125 0.5118040203125 0.34729021875 0.5093781328125 0.3700819390625 0.5521166515625 0.3874943375 0.542399978125 0.3179626515625 0.41098755000000003 0.2956906546875 0.4229837390625 0.342977403125 0.5118040203125
1 0.4984161359375 0.43755272500000003 0.5127237359375 0.43010096718749996 0.464823875 0.3403838625 0.45081027812499996 0.34785272031250003 0.4984161359375 0.43755272500000003
10 0.7100898390625 0.6679212578125 0.7124276609375 0.6723180609375 0.7328913499999999 0.6614373234375 0.730298253125 0.6565604171875 0.7100898390625 0.6679212578125
6 0.5203187046875 0.31057766875000004 0.5498760859375 0.36629681718749996 0.5715797390625 0.35499568125000003 0.5419604046875001 0.2994262703125 0.5203187046875 0.31057766875000004
2 0.669529290625 0.5371817859375 0.7345365265625 0.660311278125 0.789052390625 0.6319688296875 0.723218278125 0.5085056625 0.669529290625 0.5371817859375
1 0.5867455421875001 0.588432978125 0.638098684375 0.684494990625 0.6563646624999999 0.674782796875 0.5784384 0.5283978796875 0.5539512484375 0.5416196671875 0.5805842234374999 0.5917090093749999 0.5867455421875001 0.588432978125
10 0.5566629171875 0.440060425 0.5785509656250001 0.48126912343750006 0.58281670625 0.4790009890625 0.56080415625 0.43776115937500004 0.5566629171875 0.440060425
2 0.60754118125 0.5788887828125 0.669277196875 0.6949607296875 0.710495896875 0.6733044953125 0.6485824499999999 0.557264953125 0.60754118125 0.5788887828125
7 0.6484439625 0.5516527328125 0.6059883687500001 0.4715557578125 0.5788842796875 0.4858132984375 0.543302003125 0.41889276875 0.5006228203124999 0.44156976718749996 0.5518487359375001 0.537938328125 0.57836714375 0.523404678125 0.6053282640625001 0.5742043609375 0.6484439625 0.5516527328125
1 0.6681016484375 0.350742975 0.66296184375 0.35372360625 0.6137287453125 0.2609265953125 0.598443234375 0.26929825625000003 0.7906951296875 0.6306618078125 0.80462086875 0.6232573609375 0.736702715625 0.49531554218749996 0.7432523093750001 0.4920808109375 0.6681016484375 0.350742975
12 0.2725791453125 0.43511838750000004 0.3197793078125 0.523579459375 0.3407183828125 0.5120318609375001 0.293742940625 0.4235008515625 0.2725791453125 0.43511838750000004
2 0.320321078125 0.410430790625 0.3670631921875 0.49907878281249995 0.39927960156250003 0.4822781671875 0.351974546875 0.3930340578125 0.320321078125 0.410430790625
13 0.550451690625 0.41463995468750003 0.5842289640625 0.47817575312500005 0.60619599375 0.46661778125 0.5723896609375 0.4030938953125 0.550451690625 0.41463995468750003
13 0.327001290625 0.5262588203125 0.34727757656249997 0.56412338125 0.367934646875 0.5529540093749999 0.3477209609375 0.5149375968750001 0.327001290625 0.5262588203125
8 0.54813766875 0.36738395625 0.566154871875 0.4014557671875 0.572073446875 0.398255715625 0.60970186875 0.4693140390625 0.6059883687500001 0.4715557578125 0.6681358796875 0.5892935765625 0.6886356484375 0.578736965625 0.6646928937500001 0.533327778125 0.7203273343750001 0.5032349968750001 0.6459762015625 0.36292491875 0.5915148765625 0.39232846875 0.5715797390625 0.35499568125000003 0.54813766875 0.36738395625
10 0.5447167234375 0.4173565984375 0.5547460921875 0.4362856625 0.5588467515625 0.4340964546875 0.5488592484375 0.415276084375 0.5447167234375 0.4173565984375
10 0.6402886718749999 0.6884872859375 0.6493296671875 0.705490925 0.667537703125 0.695809540625 0.6583771390625001 0.6785810265625 0.6402886718749999 0.6884872859375
2 0.54368361875 0.29815078437500003 0.5907631109375 0.3870405640625 0.6440003359375 0.3592487953125 0.5965384296875 0.2701889546875 0.54368361875 0.29815078437500003
13 0.6706710796875 0.5937287734375001 0.7076068624999999 0.6632547843750001 0.7281424609375 0.6525658671875 0.691123846875 0.5830538125 0.6706710796875 0.5937287734375001
12 0.23841739374999998 0.3492860375 0.2793916828125 0.42608453593749995 0.3861264453125 0.36939636249999996 0.3453513109375 0.2921769765625 0.23841739374999998 0.3492860375
12 0.46012517500000005 0.23713555625 0.501753728125 0.3153575859375 0.6116675468749999 0.257499353125 0.569962240625 0.1789199640625 0.46012517500000005 0.23713555625
8 0.49513493906250006 0.6085988953125 0.373939521875 0.380919740625 0.3537848640625 0.3916361625 0.40332671875 0.48506711406249997 0.36954418906250003 0.503638359375 0.3896317046875 0.5414174796875 0.4083686390625 0.5311965062499999 0.4599054921875 0.6277837515625 0.49513493906250006 0.6085988953125
2 0.3722796609375 0.556752525 0.4215618984375 0.6487766203125 0.4581071859375 0.6287682421875 0.4089658296875 0.536759490625 0.3722796609375 0.556752525
12 0.49519017187500003 0.3243970828125 0.5429271375 0.41355488281249997 0.566154871875 0.4014557671875 0.51865864375 0.311918675 0.49519017187500003 0.3243970828125
2 0.46669037968750005 0.33910828125000003 0.51433315625 0.428831128125 0.5412118718750001 0.41486861406250003 0.49350396406249997 0.3249733515625 0.46669037968750005 0.33910828125000003