10 0.6000046875 0.63851875 0.596384375 0.630078125 0.5781421875 0.6377937499999999 0.5817109375 0.6462796875000001 0.6000046875 0.63851875
6 0.763009375 0.6433125000000001 0.7635265625 0.64494375 0.7799125 0.6402296875 0.7793484375 0.6387109375 0.7835890625 0.6374453124999999 0.7739375 0.6100046875 0.7694468750000001 0.6113265625000001 0.765878125 0.6013515625 0.7646765624999999 0.6017078125 0.763175 0.5970500000000001 0.7517734375 0.6003328125 0.7531390625000001 0.6049953125 0.7503062500000001 0.60584375 0.7580375 0.62795 0.75309375 0.62924375 0.7585031250000001 0.644621875 0.763009375 0.6433125000000001
10 0.7559875 0.6268109374999999 0.74851875 0.6056375 0.7295359375 0.6112265625 0.7368359375 0.632090625 0.7559875 0.6268109374999999
10 0.8403124999999999 0.5861984375 0.8435296875 0.5951421875 0.8523515625 0.5925374999999999 0.85063125 0.587759375 0.8685937499999999 0.5826796875 0.8671984374999999 0.57851875 0.8403124999999999 0.5861984375
1 0.6367406250000001 0.657628125 0.6489281250000001 0.6857796875 0.674921875 0.6748999999999999 0.6635703125 0.6481 0.653796875 0.6523125000000001 0.6530437499999999 0.6505875 0.6367406250000001 0.657628125
13 0.8445265624999999 0.5972796875 0.8510890625 0.6162671875 0.8774312500000001 0.6087921875 0.869203125 0.5849578125 0.8530156249999999 0.5895390625 0.8546484375000001 0.5942703125000001 0.8445265624999999 0.5972796875
10 0.7705656249999999 0.576521875 0.76714375 0.5666828125000001 0.76176875 0.5681890625 0.7652734375 0.5780140625 0.7705656249999999 0.576521875
1 0.59935 0.626565625 0.6138359375 0.6606953125 0.6498406250000001 0.645446875 0.646678125 0.6379953125 0.6581328125 0.633065625 0.6468515625 0.606465625 0.59935 0.626565625
2 0.658315625 0.709190625 0.664078125 0.7227203125 0.6640390625 0.722934375 0.681646875 0.7644437500000001 0.7145406249999999 0.75048125 0.6910953125 0.695246875 0.658315625 0.709190625
3 0.89695 0.604390625 0.8760921875 0.545184375 0.8588453125 0.5502859375 0.8795734375 0.6089140625 0.89695 0.604390625
2 0.6271453124999999 0.7444015625 0.6250109375 0.739325 0.6248609375 0.7392921875 0.610365625 0.705190625 0.6085734375 0.7059562500000001 0.5993953125 0.6844828125 0.59296875 0.6872109375 0.5889765625 0.6779859375 0.5759578125 0.6835375 0.589003125 0.714225 0.566871875 0.723615625 0.5990875 0.7995140625 0.6427906250000001 0.78099375 0.6272875 0.74446875 0.6271453124999999 0.7444015625
2 0.9175796875 0.662709375 0.89735625 0.605571875 0.8563562499999999 0.6174921875 0.876278125 0.67448125 0.9175796875 0.662709375
8 0.7275890625 0.655334375 0.6479421875 0.68934375 0.6349046875 0.6584484374999999 0.5998734375 0.6733109374999999 0.627640625 0.738153125 0.627490625 0.738184375 0.629378125 0.74263125 0.66328125 0.7283234375000001 0.6613515624999999 0.72368125 0.6611859375 0.723603125 0.654596875 0.7080015625 0.6573265625 0.7068265625000001 0.6575 0.7072640625 0.7366406249999999 0.673528125 0.7987796875 0.655771875 0.8195406249999999 0.7145171875 0.881453125 0.6968171875 0.8727203125 0.6721375 0.8535765625 0.6184375 0.793115625 0.634875 0.793559375 0.636325 0.7275890625 0.655334375
13 0.609609375 0.666040625 0.599234375 0.6416765625 0.5578453125 0.65909375 0.5682953125 0.6837625 0.609609375 0.666040625
1 0.9039265625 0.6926953124999999 0.8972265625 0.6737390624999999 0.8780703125 0.6794640625 0.88455 0.697875 0.9039265625 0.6926953124999999
10 0.1450578125 0.3144828125 0.140303125 0.30328750000000004 0.13735312500000002 0.3044640625 0.14212031249999998 0.3157140625 0.1450578125 0.3144828125
13 0.7395546875 0.6474796875 0.7297265625 0.6243578125 0.697034375 0.6382140625 0.7068515625 0.661340625 0.7395546875 0.6474796875
10 0.7567171874999999 0.6445375 0.7516828125 0.6303140625 0.7360625 0.63481875 0.7419687500000001 0.648759375 0.7567171874999999 0.6445375
10 0.6509390625 0.780596875 0.6364796875 0.746534375 0.6333328125000001 0.7478374999999999 0.6478109375 0.7818937499999999 0.6509390625 0.780596875
3 0.5414421875000001 0.6636328125000001 0.5660609375 0.7216859375 0.5868234375 0.7129187499999999 0.5746 0.6840953125 0.567559375 0.68706875 0.5551515625000001 0.657734375 0.5414421875000001 0.6636328125000001
1 0.7340390625000001 0.68119375 0.7569328125 0.7350296875 0.7594531250000001 0.733903125 0.8161390624999999 0.7177421875000001 0.79673125 0.662703125 0.7380375 0.6795375 0.7340390625000001 0.68119375
10 0.7276687500000001 0.6112640625 0.7134921875 0.6153984375 0.6678703125000001 0.6347953125 0.6680906249999999 0.635290625 0.65348125 0.6414625 0.6563125000000001 0.6482375 0.664175 0.6448828125 0.67680625 0.6746140625 0.7053843750000001 0.6624078124999999 0.6944250000000001 0.636640625 0.7311593750000001 0.621109375 0.7276687500000001 0.6112640625
10 0.9271859375 0.6856515625 0.92009375 0.66564375 0.8983953124999999 0.6718765624999999 0.9054171875 0.6918390624999999 0.9271859375 0.6856515625
10 0.8188921875 0.5519578125 0.823390625 0.56476875 0.8350484375 0.5614874999999999 0.8334125 0.5568421875 0.8338906250000001 0.5566546875 0.830959375 0.5484093750000001 0.8188921875 0.5519578125
1 0.146996875 0.4543640625 0.1543453125 0.47161406250000004 0.1587109375 0.46977812500000005 0.16249375 0.47868125 0.1815328125 0.47042812500000003 0.170534375 0.4443921875 0.146996875 0.4543640625
8 0.12365 0.37625625 0.12388593750000002 0.37616875 0.125384375 0.37977812499999997 0.0948390625 0.39274375 0.0947265625 0.39245312499999996 0.0816515625 0.39801875 0.11090312499999999 0.467028125 0.1708984375 0.44139999999999996 0.14956875 0.39115 0.2560828125 0.3460390625 0.24817968750000002 0.3272953125 0.13815312500000002 0.3743578125 0.136378125 0.370203125 0.13660624999999998 0.3700734375 0.12464062499999999 0.3418921875 0.1114640625 0.3475796875 0.12365 0.37625625
10 0.14009218750000002 0.457175 0.1519734375 0.4852171875 0.1616765625 0.4811140625 0.157975 0.4725734375 0.15364843749999998 0.474409375 0.14539375000000002 0.454909375 0.14009218750000002 0.457175
2 0.06255625000000001 0.35284375 0.08033749999999999 0.39470312500000004 0.0934453125 0.389121875 0.09328906249999999 0.3887234375 0.122296875 0.37637187499999997 0.1047921875 0.33528437499999997 0.06255625000000001 0.35284375
10 0.4476140625 0.178309375 0.4487875 0.18114531250000002 0.44897968749999995 0.181075 0.4497484375 0.18286875 0.47238281249999997 0.173278125 0.47047656250000003 0.16889218749999999 0.4476140625 0.178309375
11 0.6023203125000001 0.22538125 0.5827234375 0.2337328125 0.583384375 0.23531718750000002 0.5827484375 0.23561875 0.5878390625 0.2475625 0.58848125 0.247275 0.590640625 0.2523625 0.61020625 0.2440875 0.6023203125000001 0.22538125
10 0.835134375 0.5569609375 0.8372781249999999 0.5631890625 0.8241046875 0.56690625 0.828778125 0.580171875 0.8348234375000001 0.5785 0.8347140625 0.5781140625 0.8372515625 0.577465625 0.8394921875 0.5837234375 0.866203125 0.5762265625 0.8571796875000001 0.5506828125000001 0.835134375 0.5569609375
2 0.7520609375 0.7345875000000001 0.7285921875 0.6792984375 0.6925250000000001 0.6946546875 0.715940625 0.749871875 0.7520609375 0.7345875000000001
10 0.7672 0.600471875 0.7701609375 0.6088578124999999 0.781303125 0.6057109374999999 0.778009375 0.59623125 0.772503125 0.5977046875 0.7728359375 0.5987484375000001 0.7672 0.600471875
7 0.778834375 0.593746875 0.7835515625 0.60734375 0.7767031249999999 0.6092921875 0.78639375 0.6365406250000001 0.8415453125000001 0.62156875 0.8410328125 0.6203031250000001 0.848965625 0.6181140625 0.8353984375 0.5799796875000001 0.8277374999999999 0.5821890625 0.817434375 0.55266875 0.7687015625 0.5665 0.77278125 0.5782375 0.7662 0.5800171875 0.7717828124999999 0.5957 0.778834375 0.593746875
1 0.6785421875 0.768321875 0.664296875 0.7347265625 0.6379875 0.7458609375 0.6522453125000001 0.7794296875 0.6785421875 0.768321875
10 0.590434375 0.6770031249999999 0.5934875 0.6841953125 0.6000359375000001 0.6814 0.6091140625 0.7028109375 0.61026875 0.7023203125 0.59813125 0.67375 0.590434375 0.6770031249999999
8 0.334465625 0.8295937500000001 0.3347015625 0.8295046875000001 0.3361984375 0.8331156249999999 0.3056546875 0.8460796875 0.30553906249999996 0.8457890625 0.2924640625 0.85135625 0.3217140625 0.920365625 0.3817140625 0.8947375 0.360384375 0.8444890624999999 0.46688124999999997 0.7994921875000001 0.45898281250000006 0.78073125 0.34896875 0.8276937500000001 0.3471921875 0.8235390625000001 0.3474203125 0.8234125000000001 0.3354546875 0.7952296875 0.322275 0.800915625 0.334465625 0.8295937500000001
10 0.35183906249999997 0.91005625 0.363134375 0.9366953125 0.371803125 0.9330328124999999 0.36875625 0.925853125 0.36442968750000004 0.9276890625 0.3561484375 0.90825625 0.35183906249999997 0.91005625
10 0.4391015625 0.786121875 0.4272 0.7581125 0.41135937499999997 0.7648515625 0.42320156249999996 0.7928515625 0.4391015625 0.786121875
2 0.273325 0.8063437499999999 0.29110625 0.8482046875 0.3042125 0.8426234375 0.3040578125 0.8422265624999999 0.33306718750000003 0.829875 0.3155609375 0.7887875 0.273325 0.8063437499999999
13 0.3743984375 0.8122406249999999 0.35661875 0.77048125 0.3315015625 0.7812046875 0.3490015625 0.823175 0.3743984375 0.8122406249999999
7 0.36155 0.8461390625 0.3941703125 0.9231453125 0.4301453125 0.907740625 0.39770625000000004 0.830940625 0.36155 0.8461390625
1 0.2704625 0.7690109374999999 0.2581234375 0.77415625 0.2706703125 0.8034593750000001 0.282815625 0.79831875 0.2704625 0.7690109374999999
10 0.4394359375 0.8335390625000001 0.43212968749999997 0.816325 0.3989921875 0.83043125 0.406240625 0.8476312500000001 0.4394359375 0.8335390625000001
10 0.3693328125 0.7954703125 0.3769265625 0.8133890625 0.3935078125 0.8062109375000001 0.385903125 0.7883734375 0.3693328125 0.7954703125
2 0.4184234375 0.73311875 0.42931406250000004 0.7588796875 0.42919062500000005 0.7589484375 0.4404703125 0.7854921874999999 0.48110937500000006 0.7681625000000001 0.458928125 0.7158796875 0.4184234375 0.73311875
10 0.41624531249999996 0.8535281250000001 0.4141875 0.8487578125 0.4109453125 0.8501109375 0.41298593749999996 0.8549015624999999 0.41624531249999996 0.8535281250000001
2 0.31539843749999996 0.7841703125 0.3171328125 0.7881078125000001 0.3169015625 0.78820625 0.3214828125 0.798959375 0.33466874999999996 0.7933953125000001 0.328728125 0.7794 0.3515953125 0.7697625 0.342984375 0.749778125 0.3206140625 0.759303125 0.3034265625 0.718790625 0.2606625 0.73670625 0.28619218750000003 0.796840625 0.28819062500000003 0.7959921875 0.28806875 0.7957671875 0.31539843749999996 0.7841703125
2 0.43354218749999995 0.8159296875000001 0.440746875 0.832903125 0.440834375 0.83285 0.4576703125 0.8725890625 0.49177031250000003 0.8580500000000001 0.46774843749999995 0.8014093750000001 0.43354218749999995 0.8159296875000001
10 0.355846875 0.7679203125 0.35112031250000003 0.756734375 0.3482171875 0.7579671875 0.3529109375 0.7691515625 0.355846875 0.7679203125
10 0.40214375 0.8023921875 0.37894843749999996 0.747853125 0.37170000000000003 0.7509765625 0.3948828125 0.8054890625000001 0.40214375 0.8023921875
1 0.3576765625 0.9076953124999999 0.365021875 0.9249453125 0.3693875 0.9231093749999999 0.37317187500000004 0.9320109375 0.39221249999999996 0.923759375 0.3812125 0.8977234375 0.3576765625 0.9076953124999999
6 0.39771875 0.7684031250000001 0.3990875 0.7716875 0.39215468750000004 0.774671875 0.4036859375 0.8019343750000001 0.4079140625 0.8001250000000001 0.40869062500000003 0.8019546875 0.42325156249999996 0.7957734375000001 0.410896875 0.7666703125 0.40993124999999997 0.7670859375 0.40854687500000003 0.763825 0.39771875 0.7684031250000001
3 0.342246875 0.74795625 0.3257953125 0.70914375 0.3048578125 0.7181421875 0.32125625 0.7568296875 0.342246875 0.74795625
11 0.2704375 0.7662296875 0.2590578125 0.7394453125 0.24590312499999997 0.7450453125000001 0.25723281249999996 0.771815625 0.2704375 0.7662296875
13 0.354065625 0.7589750000000001 0.36891562499999997 0.794209375 0.37654375 0.790971875 0.3760265625 0.789725 0.3845984375 0.7860375000000001 0.3702171875 0.7520625 0.354065625 0.7589750000000001
10 0.44113281249999997 0.2238953125 0.4331515625 0.20509375 0.42912343750000004 0.2068 0.43711406249999996 0.22559374999999998 0.44113281249999997 0.2238953125
10 0.4447765625 0.2468390625 0.43679687500000003 0.2283375 0.4198515625 0.235371875 0.4278015625 0.25406249999999997 0.4447765625 0.2468390625
10 0.42146718749999995 0.188153125 0.4284 0.20455625 0.4337328125 0.20229218750000003 0.43378750000000005 0.20239218750000001 0.436975 0.20113750000000002 0.42991250000000003 0.1845515625 0.42146718749999995 0.188153125
13 0.420925 0.1921953125 0.40473593750000003 0.199115625 0.41910468749999996 0.2327359375 0.43534843749999996 0.22591875 0.420925 0.1921953125
10 0.4860515625 0.2070796875 0.47279687499999995 0.175903125 0.4507578125 0.1852875 0.463990625 0.216490625 0.4860515625 0.2070796875
2 0.46274531249999995 0.24145 0.48545625000000003 0.295003125 0.5151953125000001 0.2823953125 0.507275 0.2637359375 0.506990625 0.2638578125 0.49217656249999997 0.22895781249999997 0.46274531249999995 0.24145
6 0.447046875 0.22183906250000002 0.44771875000000005 0.2233734375 0.4613359375 0.21760156249999998 0.4451703125 0.1798515625 0.4320125 0.1852765625 0.439046875 0.2020953125 0.434503125 0.20395 0.44285781249999995 0.22364375 0.447046875 0.22183906250000002
2 0.4285953125 0.2559453125 0.44945312499999995 0.30497968750000004 0.44935468749999996 0.30508281249999997 0.45120625 0.3095734375 0.48401249999999996 0.29563125 0.46126093749999997 0.24203281250000003 0.4285953125 0.2559453125
1 0.469221875 0.16668125 0.457290625 0.13885625 0.43667656250000003 0.14751406250000001 0.44856093750000003 0.17535625 0.469221875 0.16668125
13 0.523790625 0.1642671875 0.5316328125 0.182825 0.5567656249999999 0.1721859375 0.5469999999999999 0.148996875 0.5316265625 0.15560156249999998 0.5335109375 0.1600828125 0.523790625 0.1642671875
2 0.5603390625 0.2391390625 0.60094375 0.22195468749999997 0.5668296875000001 0.1415875 0.5491171875 0.149103125 0.5596515625 0.1739015625 0.5368453125 0.183565625 0.5603390625 0.2391390625
3 0.5191578125 0.1538515625 0.519271875 0.154096875 0.54635 0.1426453125 0.5485421875000001 0.147809375 0.5663015625 0.140346875 0.5526187499999999 0.1081328125 0.5067109375000001 0.12758750000000002 0.51803125 0.15433125 0.5191578125 0.1538515625
8 0.4381125 0.22767656249999998 0.44604999999999995 0.246309375 0.4915140625 0.2271265625 0.4913140625 0.22665312499999998 0.49391875 0.22552656249999997 0.50975 0.26275 0.509471875 0.26286875 0.5173265625 0.28145312499999997 0.5665890625000001 0.2605953125 0.5582125 0.24083281250000002 0.558071875 0.24078593750000002 0.556590625 0.2372953125 0.5564250000000001 0.2372109375 0.534196875 0.1847390625 0.522728125 0.1894703125 0.5229640625 0.19000937499999998 0.4909890625 0.203321875 0.49163750000000006 0.204775 0.4381125 0.22767656249999998
1 0.569753125 0.261246875 0.58829375 0.2533984375 0.580840625 0.2350265625 0.56425 0.242084375 0.5647234375 0.243153125 0.5624953125000001 0.2441234375 0.569753125 0.261246875
7 0.4591078125 0.1378984375 0.48756093749999996 0.204628125 0.52286875 0.1899421875 0.521965625 0.18785625 0.5291140624999999 0.184884375 0.5017 0.11982343749999999 0.4591078125 0.1378984375
10 0.5099890625 0.12366250000000001 0.50718125 0.1170484375 0.5029859375 0.11885937499999999 0.5057453125 0.12543593749999998 0.5099890625 0.12366250000000001
10 0.5201484375 0.156128125 0.522628125 0.162096875 0.5310406249999999 0.1586046875 0.529075 0.154003125 0.5463078125 0.1466875 0.54568125 0.14521250000000002 0.5201484375 0.156128125
7 0.1507578125 0.3926796875 0.183378125 0.4696890625 0.21935625 0.454284375 0.186915625 0.37748593750000003 0.1507578125 0.3926796875
13 0.1737078125 0.332465625 0.159353125 0.2985421875 0.1432015625 0.3054578125 0.15740156249999998 0.33930781250000003 0.1737078125 0.332465625
2 0.22273125 0.362465625 0.2299359375 0.3794375 0.2300234375 0.3793859375 0.24685625 0.4191234375 0.28100468749999996 0.4046765625 0.25691406250000004 0.347925 0.22273125 0.362465625
13 0.1635578125 0.3587109375 0.1457796875 0.3169515625 0.1206609375 0.327675 0.13816250000000002 0.3696453125 0.1635578125 0.3587109375
10 0.158525 0.3419734375 0.165884375 0.3595421875 0.18255468749999998 0.35257499999999997 0.1750640625 0.334953125 0.158525 0.3419734375
10 0.22825156249999998 0.3327609375 0.21694062500000003 0.3060359375 0.2011546875 0.31270937499999996 0.21249531250000003 0.3394953125 0.22825156249999998 0.3327609375
0 0.3982734375 0 0 0.16905781250000002 0 0.6017265625 0.16905781250000002 1 0.6017265625 1 1 0.8309421875 1 0.3982734375 0.8309421875 0 0.3982734375 0
1 0.20371562499999998 0.40533281250000003 0.2165734375 0.43541093750000004 0.24352187500000003 0.423971875 0.22801093749999998 0.3874625 0.2064875 0.3966546875 0.20923124999999998 0.40311874999999997 0.20371562499999998 0.40533281250000003
11 0.0505015625 0.31650625 0.0505921875 0.316746875 0.05812031250000001 0.31353593750000003 0.0580234375 0.313328125 0.059603125 0.312665625 0.048246875 0.285990625 0.0350734375 0.29154843750000003 0.036989062499999996 0.2959453125 0.036589062500000005 0.2961140625 0.043003124999999996 0.3113015625 0.043443749999999996 0.3111140625 0.046426562500000004 0.3182265625 0.0505015625 0.31650625
1 0.060259375000000004 0.31525156249999997 0.047471875000000004 0.32067812500000004 0.047821875 0.3214640625 0.0476875 0.3214828125 0.056703125 0.342953125 0.05689062499999999 0.3428734375 0.05985625 0.3498890625 0.0719203125 0.3447703125 0.069275 0.3385515625 0.070159375 0.33811562500000003 0.06074375 0.3159859375 0.060592187500000005 0.316065625 0.060259375000000004 0.31525156249999997
3 0.1322984375 0.2939671875 0.1159078125 0.25532499999999997 0.09406250000000001 0.264715625 0.1104609375 0.3034015625 0.1322984375 0.2939671875
10 0.2055046875 0.40016406250000003 0.20346875 0.39539375 0.20019843750000002 0.3968125 0.2022484375 0.4015734375 0.2055046875 0.40016406250000003
10 0.1914484375 0.3488953125 0.168228125 0.294196875 0.1609078125 0.2973796875 0.18409375 0.35200156250000003 0.1914484375 0.3488953125
6 0.1813890625 0.3209984375 0.19297031250000002 0.348353125 0.1972 0.3465421875 0.1979765625 0.3483734375 0.2125375 0.34219218749999997 0.200146875 0.31306875 0.1813890625 0.3209984375
10 0.22861875 0.3801 0.22066406249999998 0.3614609375 0.18748125 0.3753609375 0.195421875 0.394190625 0.22861875 0.3801
2 0.104740625 0.330678125 0.106478125 0.33461562499999997 0.1062453125 0.3347140625 0.1108265625 0.345465625 0.1240125 0.33990156250000003 0.118071875 0.3259078125 0.1409390625 0.31626875 0.13232968750000002 0.2962859375 0.1099546875 0.3058078125 0.0927703125 0.2652984375 0.0500046875 0.2832125 0.07553750000000001 0.343346875 0.0775328125 0.34249843750000003 0.077409375 0.3422734375 0.104740625 0.330678125
2 0.20755625000000003 0.2797109375 0.21851250000000003 0.30543593750000003 0.2183890625 0.305503125 0.2296703125 0.33205 0.2703765625 0.3147078125 0.2482078125 0.262378125 0.20755625000000003 0.2797109375