0 0.057637499999999994 0 0 0.46941875 0 0.9413765625 0.473440625 1 0.9421781250000001 1 0.9526046875 0.9165859375000001 1 0.53058125 1 0.058657812499999996 0.5222875 0 0.057637499999999994 0
2 0.40135624999999997 0.501353125 0.2846578125 0.48737031249999996 0.2675703125 0.6272171875 0.3842109375 0.6416546875 0.40135624999999997 0.501353125
8 0.5835656250000001 0.5189796875 0.5943234375 0.4287203125 0.5553125 0.4245078125 0.5513921875000001 0.4591078125 0.3937734375 0.44114531250000005 0.39581093749999996 0.4232171875 0.366090625 0.4193375 0.35735625 0.4917828125 0.405625 0.497246875 0.3874515625 0.6419374999999999 0.53283125 0.6602484375000001 0.5499734375 0.5153187499999999 0.5835656250000001 0.5189796875
7 0.39390625 0.44084843749999997 0.4709546875 0.4499640625 0.48208593750000006 0.356996875 0.5594718750000001 0.36622656249999996 0.574353125 0.24350156250000002 0.49344374999999996 0.2336328125 0.4846390625 0.3076609375 0.41134531250000006 0.2986625 0.39390625 0.44084843749999997
4 0.6298359375 0.5740859375 0.617578125 0.672259375 0.6954140625 0.6818171875 0.707296875 0.5850390625 0.6298359375 0.5740859375
12 0.73809375 0.3358734375 0.6604578125 0.3263421875 0.6312390625 0.5676328125000001 0.7083578125 0.5779124999999999 0.73809375 0.3358734375
6 0.5913875 0.46086875000000005 0.5843421875 0.5190515625 0.6325359374999999 0.5256624999999999 0.6397625 0.46680937499999997 0.5913875 0.46086875000000005
13 0.49705625 0.363371875 0.48701875 0.44591250000000004 0.5491921875 0.45382812499999997 0.5586828125000001 0.37093750000000003 0.49705625 0.363371875
10 0.4851234375 0.3621828125 0.47507343750000003 0.44403125 0.48406093749999995 0.44514062499999996 0.49412031250000005 0.3632875 0.4851234375 0.3621828125
13 0.295434375 0.4099828125 0.286903125 0.4817578125 0.354559375 0.490465625 0.3631390625 0.41829687499999996 0.295434375 0.4099828125
10 0.2983140625 0.382515625 0.296084375 0.40161875 0.3165078125 0.40420625 0.3188421875 0.385196875 0.2983140625 0.382515625
10 0.31727343750000003 0.22953437499999998 0.3112234375 0.28028749999999997 0.3324890625 0.2831859375 0.33892500000000003 0.2324234375 0.31727343750000003 0.22953437499999998
10 0.5876921875 0.671734375 0.5820734375 0.71828125 0.6071953125 0.7216421875 0.6132328125 0.6748703125 0.5876921875 0.671734375
1 0.5259578125 0.736096875 0.5289828125 0.7114609375 0.57849375 0.718040625 0.5842203125000001 0.671396875 0.266728125 0.632246875 0.2612828125 0.6784265625 0.39810625 0.695725 0.39516249999999997 0.7197046874999999 0.5259578125 0.736096875
1 0.5765546875 0.25488125 0.570125 0.31070625 0.65719375 0.32139843749999997 0.6634625 0.2657484375 0.5765546875 0.25488125
1 0.481803125 0.3010015625 0.49036406250000003 0.2329703125 0.419734375 0.224490625 0.41774218750000003 0.24238125 0.3418015625 0.23325468749999997 0.33566093750000003 0.283825 0.481803125 0.3010015625
2 0.5572546875 0.4192234375 0.599053125 0.42470937500000006 0.59525625 0.45629375000000005 0.63919375 0.46168906249999997 0.6430328125 0.4297640625 0.6446390625 0.43007656250000004 0.6572843749999999 0.3253875 0.56935 0.314590625 0.5567421875 0.4193921875 0.5572546875 0.4192234375
2 0.5360890625 0.66011875 0.6145296874999999 0.6698875 0.63195 0.5296203125 0.5527796875 0.5201765625 0.5360890625 0.66011875
2 0.32301875 0.3804765625 0.319625 0.40854999999999997 0.392959375 0.4168890625 0.40822812500000005 0.2963921875 0.3100890625 0.2846734375 0.2988109375 0.37748750000000003 0.32301875 0.3804765625