0 0.2113244484375 0 0.042914784375 0.2916951125 0 0.41632869531249994 0 0.7886755515625 0.2916951125 0.957085215625 0.41632869531249994 1 0.7886755515625 1 0.957085215625 0.7083048875 1 0.5836713046875001 1 0.2113244484375 0.7083048875 0.042914784375 0.5836713046875001 0 0.2113244484375 0
10 0.3264669796875 0.58773299375 0.353668228125 0.5405974015624999 0.3288250234375 0.5265518359375 0.301071746875 0.5747483156250001 0.3264669796875 0.58773299375
10 0.292898325 0.574249178125 0.3173933640625 0.5303560609375 0.3039950375 0.522138475 0.278375865625 0.5656296484375 0.292898325 0.574249178125
10 0.41989219687499996 0.5064588375 0.4277267421875 0.49316988906250003 0.41393882031249996 0.48532548125 0.4061763671875 0.49876980312499997 0.41989219687499996 0.5064588375
5 0.3808245359375 0.36178908593750003 0.3498662953125 0.34350287343749997 0.26451712031249996 0.4915157921875 0.32132313749999997 0.5236464859375001 0.3478937125 0.478030546875 0.3221975359375 0.4631938671875 0.3808245359375 0.36178908593750003
13 0.447709721875 0.45796058281249996 0.47299230000000003 0.41467905937499994 0.4347851828125 0.3924839421875 0.40980449218750004 0.43677004531249997 0.447709721875 0.45796058281249996
3 0.33526334062499996 0.4582816125 0.3581846375 0.47109859375 0.41107010156249996 0.378987115625 0.388591653125 0.3655079203125 0.33526334062499996 0.4582816125
10 0.3284383546875 0.589206659375 0.3421877328125 0.597201396875 0.3698831375 0.5492113875 0.35668856875 0.5414770921875001 0.3284383546875 0.589206659375
13 0.3924441625 0.622206875 0.418451565625 0.5776793859375 0.372526321875 0.5518583203125 0.3473061 0.5952802984375001 0.3924441625 0.622206875
8 0.5003196890625 0.37659815937499996 0.3958753875 0.5588784359375001 0.421330425 0.573815515625 0.5057225703125 0.42559204843750004 0.594707390625 0.4766539734375 0.561037015625 0.5340585156250001 0.5727203359375 0.541161725 0.5755476749999999 0.5365596109374999 0.6570606812500001 0.583620996875 0.6542343109375001 0.588225096875 0.6667067484375 0.5942267671875 0.7211345828125 0.49989159687500007 0.7075982984375 0.491733921875 0.7197817 0.4703263203125 0.629391190625 0.4184515234375 0.6151363937500001 0.44241459531249994 0.5003196890625 0.37659815937499996
2 0.48906095625 0.6599778546875 0.48619807187499997 0.6577626000000001 0.51752005 0.6037947953125 0.5204179375 0.6054668515625 0.5351164890625 0.5802486203125 0.491885746875 0.5550777203124999 0.481669365625 0.572889171875 0.4388261 0.547960759375 0.3934029109375 0.6266022265625 0.47975102343750003 0.67606385 0.48906095625 0.6599778546875
2 0.49174450625 0.54995911875 0.5337474171875 0.5745205046875 0.5549256953125 0.538359434375 0.5583390890625 0.5402189078124999 0.5614900640625 0.5345665015625001 0.5585347875 0.53270116875 0.58974736875 0.47865272968749994 0.5068437234375 0.4306051828125 0.44094651249999994 0.5446438234375 0.48188190468750003 0.567722175 0.49174450625 0.54995911875
2 0.49096912656249997 0.2228972578125 0.47628495624999995 0.21419064843750002 0.392559046875 0.359092228125 0.4793971109375 0.4092282296875 0.562379359375 0.264225925 0.5476914765625 0.2556452828125 0.5449458046875 0.260283778125 0.48849694687499995 0.2274613671875 0.49096912656249997 0.2228972578125
10 0.67875074375 0.26008395625 0.6753174953125 0.2581333671875 0.6299549078125 0.3383457765625 0.6606872421875 0.3559394640625 0.706556253125 0.2763343921875 0.7037063453125 0.2746573734375 0.7013373125 0.2788835265625 0.6762405546875 0.2643937078125 0.67875074375 0.26008395625
7 0.7909884046875 0.3305780859375 0.72781648125 0.293841084375 0.730114484375 0.289902803125 0.709449540625 0.2779718140625 0.6605417109375 0.3620780859375 0.6491013921875 0.3544851203125 0.604405259375 0.4322052875 0.6168022046875 0.43944845624999995 0.6292256125 0.4182556984375 0.7197817 0.4703263203125 0.7081600328125 0.491191965625 0.72151050625 0.49890062031250004 0.8142816453125 0.338398634375 0.7933703984375 0.32629029374999996 0.7909884046875 0.3305780859375
2 0.565281978125 0.26576906093749997 0.5027272609375 0.37392543749999996 0.5710862671875 0.4123956125 0.632974803125 0.3049501421875 0.6072944953125 0.2900577828125 0.605095903125 0.294187284375 0.572853846875 0.27550694062500003 0.5750930750000001 0.27146579531250004 0.565281978125 0.26576906093749997
10 0.6198759109374999 0.33315831875 0.6269112453125001 0.3370250921875 0.6403213953125 0.3140320671875 0.633480090625 0.3100817234375 0.6198759109374999 0.33315831875
6 0.3322995640625 0.5202572875 0.3310583375 0.5221583171875 0.3929666890625 0.5577512984374999 0.41266737343750004 0.523208259375 0.410530559375 0.5220758875 0.417744028125 0.5097843921874999 0.358317721875 0.475290621875 0.3504059390625 0.48899585312499994 0.347864659375 0.48779031406250006 0.3302757609375 0.5190894640625 0.3322995640625 0.5202572875
10 0.5736070015625 0.4141311515625 0.5999155375 0.42875398281250005 0.64445996875 0.3516855578125 0.6183455015625 0.3367246796875 0.5736070015625 0.4141311515625
10 0.432262034375 0.391043375 0.4137749640625 0.38013991406250003 0.36091982031250003 0.47228331562500003 0.40391090468749996 0.497103984375 0.4136883171875 0.480313028125 0.42974327343749996 0.48946354375 0.447139509375 0.4589111015625 0.40650060000000005 0.4356819984375 0.432262034375 0.391043375
11 0.65365155625 0.28426916874999997 0.670243015625 0.25545405625 0.64381040625 0.2399341421875 0.61517640625 0.289752565625 0.6298932421875 0.2981531359375 0.6320564515625 0.294404753125 0.641096978125 0.2996229828125 0.6507989046875 0.282720103125 0.65365155625 0.28426916874999997