10 0.2796140625 0.166453125 0.2889296875 0.166790625 0.28978125 0.116203125 0.2804796875 0.11596875 0.2796140625 0.166453125
2 0.6974140625 0.17058125 0.6997109375 0.170534375 0.6999703125 0.16213125 0.697528125 0.1620015625 0.6983171875 0.1145 0.7007203125 0.1147953125 0.7014546875 0.07494375 0.6565531250000001 0.07463906249999999 0.654825 0.1693140625 0.6974140625 0.17058125
3 0.341146875 0.783971875 0.34183281249999997 0.738621875 0.31304375 0.7378390625 0.31248906249999997 0.7724125 0.3140390625 0.7721875 0.313921875 0.7834359375 0.341146875 0.783971875
7 0.6273453124999999 0.20686875 0.6257859375 0.2809671875 0.637796875 0.280996875 0.6373421875 0.2991296875 0.63960625 0.298834375 0.6396953125 0.293734375 0.6539906249999999 0.293753125 0.6538609375 0.29936250000000003 0.659653125 0.29943906249999996 0.6613859375 0.207246875 0.6273453124999999 0.20686875
10 0.3123203125 0.10581718749999999 0.311971875 0.12076875000000001 0.3227609375 0.1205296875 0.323015625 0.105934375 0.3123203125 0.10581718749999999
2 0.27271718749999996 0.2045609375 0.271309375 0.292515625 0.30318125 0.29278593750000004 0.3048875 0.204928125 0.27271718749999996 0.2045609375
10 0.6085890625 0.2089890625 0.6073171875 0.2808765625 0.6235375000000001 0.2810890625 0.6246078125000001 0.2093390625 0.6085890625 0.2089890625
13 0.31219687500000004 0.1235015625 0.311640625 0.1642765625 0.337134375 0.164721875 0.33755625 0.123903125 0.31219687500000004 0.1235015625
5 0.2565984375 0.0620234375 0.255778125 0.10903125 0.3082109375 0.1100625 0.30898125 0.063053125 0.2565984375 0.0620234375
10 0.5786484375 0.95120625 0.5784359375 0.963565625 0.5876984375000001 0.9638375 0.5879140625 0.9512609375000001 0.5786484375 0.95120625
7 0.611178125 0.94845 0.6129781249999999 0.8398468749999999 0.5846921875 0.8394515625000001 0.5839421875 0.8767906249999999 0.5759000000000001 0.87665 0.5747687499999999 0.947284375 0.611178125 0.94845
2 0.649709375 1 0.6504125000000001 0.9545125000000001 0.6077609374999999 0.95410625 0.606859375 1 0.649709375 1
5 0.59853125 0.6270359375 0.5973265624999999 0.6889890624999999 0.6173703125000001 0.688928125 0.6183453125 0.62718125 0.59853125 0.6270359375
11 0.4108546875 0.1076671875 0.4250671875 0.107915625 0.4255890625 0.07671875 0.4114890625 0.0763859375 0.4108546875 0.1076671875
10 0.32126875 0.09923125000000001 0.322196875 0.043289062499999996 0.31040625 0.0430578125 0.31059375 0.035734375 0.309928125 0.035723437499999997 0.3086453125 0.1098375 0.309240625 0.10987499999999999 0.3094296875 0.0990734375 0.32126875 0.09923125000000001
1 0.6668203125 1 0.667590625 0.9535265624999999 0.671378125 0.9536468749999999 0.676384375 0.66766875 0.6635828125 0.66755625 0.663196875 0.6867109375 0.6614453124999999 0.6867375 0.6606156249999999 0.7338421875 0.6624265625 0.73380625 0.6617328125 0.770046875 0.659925 0.770015625 0.6589765625 0.817709375 0.6609625 0.81774375 0.6603734375 0.8462265625000001 0.6587125 0.846265625 0.6570625 0.9329609375000001 0.6588984375 0.9329921875 0.6584828125 0.9568421875 0.655021875 0.9569703125 0.6545875 0.9721375 0.6527515625 0.9721046875000001 0.6522890625 1 0.6668203125 1
1 0.3218921875 0.94235 0.3220421875 0.9385999999999999 0.3007140625 0.938228125 0.30060625 0.941978125 0.2888125 0.9416828125000001 0.288878125 0.937928125 0.2679515625 0.9375796875000001 0.2678859375 0.9417 0.25849375 0.9414046875000001 0.258290625 0.9597828125 0.325753125 0.9605921875 0.325178125 0.997025 0.370859375 0.997821875 0.371046875 0.9832515624999999 0.3774734375 0.9831749999999999 0.3779109375 0.9557781249999999 0.3339046875 0.9554796874999999 0.334065625 0.9426593750000001 0.3218921875 0.94235
3 0.32558750000000003 0.1090546875 0.3253140625 0.12022031250000001 0.325309375 0.1204796875 0.3671578125 0.12134062500000001 0.36795625 0.0756625 0.3246125 0.0741375 0.32402031249999996 0.10915468749999999 0.32558750000000003 0.1090546875
10 0.7032 0.07572812500000001 0.7025453125000001 0.10985937500000001 0.7161015625 0.11016875 0.7166125 0.07582968749999999 0.7032 0.07572812500000001
10 0.5612734374999999 0.8322140625 0.561078125 0.8434109375000001 0.57033125 0.84364375 0.570503125 0.83244375 0.5612734374999999 0.8322140625
5 0.24434218749999997 0.77211875 0.2964140625 0.7728625 0.2973953125 0.7260578125 0.24512343749999999 0.7254171875 0.24434218749999997 0.77211875
2 0.26782343750000004 0.9310328125 0.2890921875 0.9314328125 0.2890453125 0.9367859375 0.29202343750000004 0.9367640625 0.2931703125 0.868059375 0.259740625 0.8674937500000001 0.2586765625 0.935809375 0.2676546875 0.9359375 0.26782343750000004 0.9310328125
2 0.63015625 0.752603125 0.6289390625 0.8237406249999999 0.656225 0.8244140625 0.657453125 0.7531328125 0.63015625 0.752603125
10 0.583521875 0.7961421875 0.5825703125 0.8369234375 0.6118859375000001 0.837328125 0.6125078125 0.796978125 0.583521875 0.7961421875
2 0.585009375 0.1147328125 0.5864109375 0.0344203125 0.560628125 0.034440625 0.5601359375 0.0698125 0.531671875 0.069409375 0.5307640625000001 0.1141609375 0.585009375 0.1147328125
13 0.3544015625 0.8283671874999999 0.3550375 0.787484375 0.32737656249999997 0.7872671875 0.326821875 0.8146703125 0.33750468749999996 0.8150265624999999 0.33735312500000003 0.8280578125 0.3544015625 0.8283671874999999
1 0.3974734375 0.950646875 0.41035468750000004 0.9505609375 0.4135171875 0.7742515625 0.3988359375 0.7743 0.39807187499999996 0.816190625 0.3998046875 0.8163828125 0.3992765625 0.8512484375 0.397259375 0.8513078125 0.3960625 0.9299531249999999 0.3978125 0.929909375 0.3974734375 0.950646875
10 0.5653140624999999 0.751228125 0.5646656250000001 0.7868890625 0.5773406249999999 0.7871109374999999 0.5780703125 0.75115625 0.5653140624999999 0.751228125
2 0.6316437500000001 0.6664453124999999 0.630265625 0.7495765624999999 0.6575078125 0.7499890625 0.6589734375 0.666921875 0.6316437500000001 0.6664453124999999
10 0.300728125 0.7689953125 0.30034218749999997 0.783803125 0.311221875 0.7837515625 0.31139375 0.7691109375 0.300728125 0.7689953125
13 0.5913359375 0.1272734375 0.59055 0.170921875 0.617275 0.1713359375 0.6179140624999999 0.127790625 0.5913359375 0.1272734375
13 0.5864984375 0.746853125 0.585803125 0.7908140625 0.6123796875 0.791109375 0.6132500000000001 0.7473984375 0.5864984375 0.746853125
10 0.585940625 0.0863640625 0.585509375 0.1148484375 0.6218171875 0.115690625 0.6222859374999999 0.0871046875 0.585940625 0.0863640625
10 0.38380312499999997 0.3230984375 0.3832625 0.348553125 0.38872968750000003 0.348684375 0.3892015625 0.323103125 0.38380312499999997 0.3230984375
13 0.60550625 0.9945562499999999 0.606321875 0.95385625 0.589175 0.95390625 0.5890109375 0.9667171874999999 0.5784046875 0.966696875 0.577903125 0.9940765624999999 0.60550625 0.9945562499999999
1 0.41110625 0.164059375 0.42408437499999996 0.16420625 0.42500937499999997 0.111196875 0.4103625 0.111175 0.40959531250000003 0.1531734375 0.411396875 0.1534453125 0.41110625 0.164059375
10 0.586778125 0.034967187500000003 0.586040625 0.0808453125 0.6224578125 0.081359375 0.6232296875000001 0.034993750000000004 0.586778125 0.034967187500000003
1 0.5346328125 0.28500312499999997 0.534284375 0.302984375 0.6234921875 0.3046953125 0.6226625 0.35231406249999997 0.6796140625 0.3533078125 0.6806671875 0.3050703125 0.6702046875 0.3050421875 0.6702281250000001 0.29964843750000003 0.659796875 0.2997765625 0.6597078125 0.30485937500000004 0.6349078125000001 0.3041921875 0.6353234375000001 0.28644375 0.6029609375 0.2860375 0.6030734375 0.2815796875 0.5817953124999999 0.281678125 0.5817625 0.2855875 0.5642671874999999 0.285440625 0.564303125 0.2812953125 0.5431453125 0.2806140625 0.54306875 0.2849921875 0.5346328125 0.28500312499999997
10 0.3913625 0.3334015625 0.4027953125 0.333734375 0.4034453125 0.2931890625 0.389675 0.29295 0.3893484375 0.316721875 0.3917703125 0.3168328125 0.3913625 0.3334015625
10 0.33842343750000003 0.1545375 0.3382796875 0.164703125 0.34761406250000004 0.164865625 0.3477265625 0.15462499999999998 0.33842343750000003 0.1545375
0 0.227434375 0 0.21006718750000003 0.995015625 0.4956359375 1 0.772565625 1 0.7899328125 0.004984375 0.5043640625 0 0.227434375 0
10 0.6349046875 0.169103125 0.6352 0.158940625 0.624559375 0.1587546875 0.625140625 0.1254609375 0.619278125 0.1254234375 0.618446875 0.1714203125 0.6242359375000001 0.171396875 0.6243453125 0.1688796875 0.6349046875 0.169103125
10 0.6813953125000001 0.33965 0.681084375 0.35333281250000004 0.6952515625 0.35365625 0.6954578125 0.33981875 0.6813953125000001 0.33965
2 0.573890625 0.28041875 0.5816 0.280625 0.5817593750000001 0.2752296875 0.6031046875 0.27574375 0.603015625 0.28085468750000003 0.6059640625 0.2808390625 0.6072203125 0.20931875 0.5753515625000001 0.20902500000000002 0.5740203125 0.27528125000000003 0.573890625 0.28041875
2 0.3061578125 0.20510781250000001 0.3046671875 0.2928375 0.336609375 0.29341249999999997 0.338140625 0.20511718750000002 0.3061578125 0.20510781250000001
1 0.5822234374999999 0.7338218750000001 0.5827140625 0.7101390624999999 0.5801859375 0.7100953125 0.5803281250000001 0.6957 0.5661546875 0.695653125 0.5654859375 0.7461234375 0.5795859375 0.746340625 0.5798046875 0.7338609375 0.5822234374999999 0.7338218750000001
10 0.32682656250000003 0.8177 0.32666249999999997 0.8279578125 0.3359921875 0.8279921874999999 0.336171875 0.8177203125 0.32682656250000003 0.8177
8 0.421484375 0.18776718750000002 0.42361562499999994 0.1877421875 0.42399375 0.16698437500000002 0.2812015625 0.16964218749999999 0.280578125 0.20125625 0.3644125 0.20263749999999997 0.3629078125 0.2822703125 0.38825937499999996 0.28251875000000004 0.388121875 0.28775 0.42184687500000007 0.2884265625 0.42222031250000003 0.2670203125 0.420128125 0.26699687499999997 0.421484375 0.18776718750000002
8 0.36083906250000003 0.9497453124999999 0.3949453125 0.9505921875000001 0.395284375 0.9298921874999999 0.39296406250000004 0.92995625 0.39439531250000004 0.8507281250000001 0.39666875 0.850609375 0.396965625 0.8347734375 0.2679390625 0.8325734375 0.267340625 0.8644984375 0.36189218749999996 0.8664531249999999 0.36083906250000003 0.9497453124999999
4 0.24413437500000001 0.7780578125 0.242928125 0.8406390625 0.2648796875 0.8411515625 0.266034375 0.7783109375 0.24413437500000001 0.7780578125
8 0.656090625 0.8300671875000001 0.6273171875 0.829890625 0.6296046875 0.695784375 0.6154953125 0.6960921875 0.611178125 0.94845 0.6541578125 0.9492499999999999 0.656090625 0.8300671875000001
6 0.294615625 0.7796453125 0.2946859375 0.7756968750000001 0.27825781250000003 0.7754640625 0.27812187499999996 0.7832515625 0.2793640625 0.7833671875 0.27850625 0.8325421875 0.297303125 0.8330062500000001 0.298334375 0.779728125 0.294615625 0.7796453125
8 0.6979062500000001 0.2798171875 0.6955578124999999 0.27987656250000004 0.69694375 0.1927046875 0.6992953125 0.192540625 0.6996781249999999 0.1756984375 0.5601281250000001 0.1736640625 0.5584546875 0.1739359375 0.557959375 0.2052640625 0.5593171875 0.20528749999999998 0.5593281250000001 0.20595 0.6613859375 0.207246875 0.6598546875 0.2939359375 0.6710078125 0.29438593750000003 0.670865625 0.29993125 0.697546875 0.300396875 0.6979062500000001 0.2798171875
1 0.38201874999999996 0.34336875 0.38244531249999997 0.3198015625 0.3877 0.31973281249999996 0.3881984375 0.28611875000000003 0.364265625 0.2857015625 0.36329218750000003 0.343153125 0.38201874999999996 0.34336875
11 0.399453125 0.770575 0.4134875 0.771 0.4140046875 0.73988125 0.4000109375 0.7395453125 0.399453125 0.770575
10 0.26796875 0.8299109375 0.27734375 0.8300468750000001 0.27820625 0.77939375 0.26890000000000003 0.7793578125 0.26796875 0.8299109375
2 0.3221703125 0.931996875 0.3220765625 0.9366359375 0.325428125 0.9367234375000001 0.32650625 0.868515625 0.2944953125 0.8681546875 0.29329375 0.936503125 0.300740625 0.9363390624999999 0.30082343749999996 0.9315796875 0.3221703125 0.931996875
1 0.3364640625 0.9369703125 0.336265625 0.9446875 0.3608015625 0.944990625 0.36189218749999996 0.8664531249999999 0.329078125 0.8655015625000001 0.3279125 0.9368546875 0.3364640625 0.9369703125
10 0.58454375 0.7902640625 0.5852968749999999 0.7471375 0.5840171875 0.74711875 0.5838875 0.75141875 0.5811265624999999 0.75144375 0.5805390625 0.7902671875 0.58454375 0.7902640625
10 0.3805546875 0.9564187499999999 0.37983125 0.9965437500000001 0.39117812500000004 0.9966859375 0.3919296875 0.9563453125000001 0.3805546875 0.9564187499999999
13 0.300725 0.7864421875 0.300059375 0.8273296875 0.325403125 0.827553125 0.32606406250000003 0.7869421875 0.300725 0.7864421875
10 0.37229999999999996 0.98625625 0.3720984375 0.99784375 0.3771859375 0.9979328125 0.3774015625 0.98625625 0.37229999999999996 0.98625625
6 0.3062328125 0.116471875 0.306284375 0.11261406249999999 0.289859375 0.11260937499999998 0.289753125 0.1200625 0.29086406249999996 0.1201453125 0.290125 0.16957968750000002 0.309 0.170021875 0.31017968749999997 0.11659375000000001 0.3062328125 0.116471875
2 0.39488124999999996 0.8166015625 0.3957875 0.7743156250000001 0.397953125 0.774478125 0.3985953125 0.7393296874999999 0.3575390625 0.7388203125 0.3557578125 0.828634375 0.39704843749999996 0.8294984375000001 0.3972203125 0.8165203125 0.39488124999999996 0.8166015625
2 0.4065609375 0.15344375 0.4073203125 0.1111609375 0.4098 0.11120468750000001 0.41041249999999996 0.0761203125 0.3689859375 0.075746875 0.367478125 0.165434375 0.40883125 0.1666828125 0.4090625 0.15343281250000002 0.4065609375 0.15344375
11 0.6821375 0.3051625 0.6816015625 0.3363 0.6954859375 0.33661093750000004 0.6960140625 0.305459375 0.6821375 0.3051625
6 0.6117953125 0.7003609375 0.6120625000000001 0.692125 0.598828125 0.691853125 0.5986390625 0.700359375 0.5959203125 0.7003125 0.595175 0.7442015625 0.61456875 0.7443562499999999 0.6154203125000001 0.700425 0.6117953125 0.7003609375
1 0.5734203124999999 1 0.5742375 0.9578890624999999 0.5696765625 0.9578093750000001 0.5713843749999999 0.8658875 0.5827578124999999 0.865971875 0.583121875 0.8421625 0.5801015625 0.842109375 0.580671875 0.797571875 0.5787765625 0.7975390625000001 0.5788296875000001 0.7915875 0.562021875 0.7916375 0.561321875 0.8289578125 0.572075 0.829259375 0.5717125000000001 0.8471171875 0.5610078125 0.8469296875 0.5583359375 1 0.5734203124999999 1
13 0.636478125 0.15591875 0.6362125 0.169228125 0.6533453125 0.16940312500000002 0.65395625 0.12862656249999999 0.626321875 0.1279125 0.6258703125 0.15574375000000001 0.636478125 0.15591875
3 0.3429125 0.73868125 0.34211874999999997 0.7839390625 0.3555875 0.784265625 0.35638593749999997 0.7389249999999999 0.3429125 0.73868125
1 0.700140625 0.28007031250000003 0.6998359375 0.2994640625 0.71271875 0.2997484375 0.716046875 0.11454843750000002 0.701246875 0.11444531250000001 0.7005234375 0.161984375 0.702134375 0.161853125 0.7016984374999999 0.19281874999999998 0.6998796875 0.1927875 0.6983937499999999 0.2799625 0.700140625 0.28007031250000003
6 0.569284375 0.12120781249999998 0.5692078125 0.1249390625 0.5704046875000001 0.12493281249999999 0.5696343749999999 0.1720140625 0.589121875 0.172159375 0.5900796875000001 0.12183437500000001 0.5851796874999999 0.121696875 0.58521875 0.11753593749999999 0.5705328125 0.117459375 0.5689109375 0.1174109375 0.5688375 0.12118124999999999 0.569284375 0.12120781249999998
10 0.5850171875 0.6953640625 0.5841406250000001 0.7438046875000001 0.5939578125 0.7439109375 0.59479375 0.695534375 0.5850171875 0.6953640625
3 0.6256 0.07361875 0.62468125 0.12490468749999999 0.655634375 0.12530625 0.6565531250000001 0.07463906249999999 0.6256 0.07361875
2 0.5356671875 0.20505 0.534390625 0.27956875000000003 0.54305625 0.279665625 0.5432109374999999 0.27454375 0.5644609375 0.274796875 0.564365625 0.2801890625 0.57160625 0.28037812500000003 0.5727078125 0.20821874999999998 0.5592859375 0.2084046875 0.5593078125 0.20531875 0.5356671875 0.20505
10 0.5585718749999999 0.1714109375 0.5684390625 0.1713671875 0.5692671875 0.1212609375 0.5594484375000001 0.12108125 0.55945 0.12477968749999999 0.5585718749999999 0.1714109375
10 0.3096609375 0.762346875 0.31069843750000004 0.7063015625 0.2988828125 0.7061140625 0.299009375 0.6989140625 0.29835 0.69904375 0.29708437499999996 0.7729421875 0.2977296875 0.77306875 0.297921875 0.76211875 0.3096609375 0.762346875
13 0.3488296875 0.16492656249999998 0.365928125 0.16526093749999998 0.3666390625 0.1245125 0.33900625 0.1240828125 0.33842500000000003 0.15151874999999998 0.34907656249999997 0.15174062500000002 0.3488296875 0.16492656249999998
4 0.2556125 0.114946875 0.2545203125 0.17750468749999998 0.2764625 0.177996875 0.2776046875 0.11521875 0.2556125 0.114946875
7 0.36155624999999997 0.34269531249999996 0.3643390625 0.202725 0.3408203125 0.202559375 0.3391765625 0.29371562500000004 0.333246875 0.293396875 0.33315937500000004 0.2984265625 0.33668125 0.2984875 0.335865625 0.34790625 0.3467140625 0.34800156250000003 0.346796875 0.342490625 0.36155624999999997 0.34269531249999996