0 0.4650359375 0 0.15189999999999998 0.0440078125 0.28625625 1 0.5349640625000001 1 0.8481 0.9559921875 0.71374375 0 0.4650359375 0
10 0.4167828125 0.302834375 0.42710468749999997 0.3014234375 0.41640156250000004 0.22526875 0.393240625 0.22855468750000002 0.4041890625 0.30641875 0.4170421875 0.3046796875 0.4167828125 0.302834375
10 0.4625515625 0.5649124999999999 0.45932812500000003 0.565365625 0.46335625 0.5946046875000001 0.5161 0.5872640625 0.4969328125 0.4501875 0.4441625 0.4575671875 0.4488765625 0.4918125 0.45222656250000004 0.4914484375 0.4625515625 0.5649124999999999
2 0.5528796875 0.20614218750000002 0.498853125 0.21375000000000002 0.523046875 0.3869765625 0.5871906250000001 0.3778171875 0.58168125 0.338284375 0.578565625 0.3387953125 0.5652671875 0.24430000000000002 0.5684375 0.2439265625 0.5628296875000001 0.20427499999999998 0.552840625 0.2058578125 0.5528796875 0.20614218750000002
13 0.505928125 0.3013390625 0.4936359375 0.2144421875 0.4406 0.22189687500000002 0.4528046875 0.30851562499999996 0.505928125 0.3013390625
10 0.42957812500000003 0.5929562500000001 0.4244875 0.557209375 0.3824859375 0.5631125 0.38750625 0.598834375 0.42957812500000003 0.5929562500000001
2 0.552934375 0.837140625 0.55390625 0.8440578125 0.5537171875 0.8440625 0.56693125 0.937615625 0.5363703125 0.942059375 0.5443625 0.9986796874999999 0.6721874999999999 0.9807140625 0.668221875 0.9524265625 0.6647875 0.9528718749999999 0.650134375 0.8481515625 0.653453125 0.847684375 0.6500234375 0.8231703125 0.552934375 0.837140625
10 0.393715625 0.13902187500000002 0.3934875 0.13739218749999998 0.38073125 0.1391140625 0.391653125 0.21694062500000003 0.41476875 0.2138359375 0.40412499999999996 0.137634375 0.393715625 0.13902187500000002
3 0.5349640625000001 1 0.5413390625 0.9991046875 0.5333593750000001 0.942359375 0.487225 0.9486984375 0.49443593750000003 1 0.5349640625000001 1
4 0.274034375 0.1406234375 0.334503125 0.1321609375 0.326003125 0.0716796875 0.265621875 0.0802015625 0.274034375 0.1406234375
7 0.4314671875 0.5993078125 0.4480640625 0.7164203125 0.45125937499999996 0.7158953125 0.462275 0.7946187499999999 0.45909374999999997 0.7951343750000001 0.4607875 0.8068328125 0.469553125 0.8055328125000001 0.4686421875 0.7991484375 0.49180624999999994 0.7958171875 0.49881093749999994 0.8455328124999999 0.54084375 0.8395921875000001 0.538621875 0.8238046875 0.549734375 0.8226515624999999 0.5170046875 0.59346875 0.4671671875 0.6005203125 0.46630000000000005 0.5942999999999999 0.4314671875 0.5993078125
10 0.4144265625 0.44574375 0.4364265625 0.4425515625 0.43243124999999993 0.4144640625 0.41045 0.417446875 0.4144265625 0.44574375
10 0.496075 0.8467171875 0.4899265625 0.8028265625 0.466921875 0.8059734375 0.473084375 0.8498171875 0.496075 0.8467171875
2 0.5881640625 0.3846265625 0.523946875 0.3935890625 0.5483328125 0.5663125 0.557365625 0.56504375 0.55748125 0.5659453125 0.6125734375 0.5580796875 0.607009375 0.5185296875 0.603896875 0.5190750000000001 0.5905734375 0.4245109375 0.593775 0.42413437500000006 0.5881640625 0.3846265625
5 0.38568125000000003 0.44970781249999997 0.413821875 0.445753125 0.409684375 0.41659375 0.43230312499999995 0.4134578125 0.41713750000000005 0.3055453125 0.4038734375 0.3072796875 0.3928890625 0.2287 0.39226875 0.2287859375 0.390615625 0.21717187500000001 0.391275 0.2170796875 0.380171875 0.1382109375 0.393359375 0.1363578125 0.3832453125 0.06410468750000001 0.332390625 0.0708125 0.34293125 0.1453875 0.2757203125 0.1546140625 0.282959375 0.20640624999999999 0.2833671875 0.20634999999999998 0.288584375 0.24358749999999998 0.3555171875 0.2339984375 0.38568125000000003 0.44970781249999997
1 0.45867812499999994 0.8135656250000001 0.4561296875 0.7955453125 0.45596718750000004 0.79560625 0.4448890625 0.7167875 0.4450359375 0.71673125 0.428459375 0.5990031250000001 0.3883390625 0.6047359375 0.3942640625 0.6459718750000001 0.39385781249999996 0.6460656250000001 0.41144687500000005 0.77168125 0.4118234375 0.7715921875 0.41759531250000004 0.8127656249999999 0.4245875 0.8117109375 0.45050625 0.9962624999999999 0.49000625 0.9907484375 0.46497656249999997 0.812534375 0.45867812499999994 0.8135656250000001
1 0.6882046875000001 0.8429375 0.6793812499999999 0.780021875 0.6796734375 0.7800234374999999 0.6532421875 0.5914015625 0.6528609375000001 0.5914546875 0.6475578125 0.5534375 0.640571875 0.5544625 0.6348953125000001 0.51463125 0.6351312499999999 0.5146421875 0.62189375 0.42018281249999995 0.621665625 0.42021406250000004 0.6096296875 0.3344390625 0.6098328125 0.334496875 0.5965578125000001 0.23991406249999997 0.5963671875000001 0.23994062500000002 0.5908640625 0.20077812499999997 0.5656953125 0.20427343750000002 0.5712296875 0.24351562499999999 0.5716109375 0.2434625 0.5848921875 0.337959375 0.5845046875000001 0.3379703125 0.5965625 0.4239140625 0.5970156249999999 0.42380781250000005 0.6102578125 0.5181796875 0.6098140625 0.5182 0.620734375 0.5963171875 0.621153125 0.5962578125 0.6476953125 0.7846921874999999 0.647284375 0.7846625 0.651784375 0.8171062499999999 0.6540375 0.8168328125000001 0.6583234375 0.8471796875000001 0.6565453125 0.8473875 0.671253125 0.9521890624999999 0.6730578125 0.9518906250000001 0.6769890625 0.9800390625000001 0.7072265625 0.9757906249999999 0.7072125 0.975696875 0.7069015624999999 0.975696875 0.702965625 0.9476875 0.7032703125 0.9476453125000001 0.6885671875 0.8428875 0.6882046875000001 0.8429375
1 0.44215 0.4647953125 0.43773906250000005 0.46530781250000003 0.436140625 0.45428125 0.41329062499999997 0.45755468749999995 0.417246875 0.48528125 0.41704375000000005 0.48527812499999995 0.42437031249999996 0.5378203125 0.4246546875 0.5377796874999999 0.43219843750000003 0.59175 0.45952656249999996 0.5880890625 0.4564109375 0.56591875 0.456209375 0.5659500000000001 0.445865625 0.492353125 0.44604687500000006 0.49228281249999994 0.44215 0.4647953125
13 0.5626546875 0.9306703125 0.5507453124999999 0.84581875 0.47964375 0.8556781250000001 0.49162968749999997 0.9407328125 0.5626546875 0.9306703125
10 0.431790625 0.22313437500000002 0.431734375 0.2227453125 0.421634375 0.22401875000000002 0.43385625 0.311215625 0.4503015625 0.308903125 0.4381609375 0.222275 0.431790625 0.22313437500000002
12 0.3120984375 0.411234375 0.3725203125 0.40277812500000004 0.34914375 0.236559375 0.2888296875 0.24532500000000002 0.3120984375 0.411234375
8 0.5482546875 0.5891484375 0.5091234375 0.309209375 0.507059375 0.3095 0.5067890625 0.3076921875 0.48038437500000003 0.31136718750000003 0.4835953125 0.33431875 0.48410937499999995 0.334284375 0.49252343749999994 0.39416093750000003 0.49202500000000005 0.39419375 0.5533671874999999 0.830425 0.6489328125 0.81666875 0.6445109375 0.7849875 0.6413640625 0.78539375 0.6148703125 0.5971124999999999 0.618003125 0.5966 0.6135171875000001 0.564675 0.5583734375 0.5725703125 0.5604734375 0.5873953125 0.5482546875 0.5891484375
6 0.43643124999999994 0.4040109375 0.4429671875 0.450775 0.492834375 0.44360156249999994 0.48675781249999994 0.4002515625 0.47411875 0.40190468749999997 0.47337656250000004 0.39661875 0.492321875 0.3937765625 0.4839609375 0.3343984375 0.48071562500000004 0.3349046875 0.4774359375 0.3117734375 0.43605312500000004 0.31764375 0.4354453125 0.31330625 0.42388281250000004 0.3150359375 0.4273203125 0.3391515625 0.4249296875 0.33952187500000003 0.4339015625 0.4044390625 0.43643124999999994 0.4040109375