0 0.48253961562500003 0 0 0.0337424578125 0 0.517460384375 0.0337424578125 1 0.517460384375 1 1 0.9662575421874999 1 0.48253961562500003 0.9662575421874999 0 0.48253961562500003 0
10 0.661237759375 0.30209710312500004 0.6621901265625 0.31372305312500004 0.6786565828125 0.3124431671875 0.68127584375 0.3488475734375 0.69670619375 0.34780303749999997 0.6933055953125 0.29982180937499997 0.661237759375 0.30209710312500004
10 0.3566822421875 0.439904075 0.2831684546875 0.44489429375 0.28355254531249996 0.45240297968750004 0.3571618609375 0.447255715625 0.3566822421875 0.439904075
8 0.253791246875 0.5557573515625001 0.3029711125 0.5516009875 0.3003731625 0.5217955453124999 0.2569450078125 0.5250140296875 0.2473873484375 0.38806432343749997 0.227767109375 0.3895569109375 0.22805441875 0.3936656265625 0.22722235937500002 0.39390706875000003 0.2366963765625 0.526412721875 0.1788788515625 0.5305324671875 0.18767170625000001 0.6508778890625 0.1989001875 0.6501772984375 0.19847720625 0.6458979421875 0.2513211234375 0.6423750296875 0.25147707812500003 0.6463300359375 0.2600828671875 0.6456421125 0.253791246875 0.5557573515625001
13 0.7813620859375 0.3942546453125 0.8119480296875 0.3920218890625 0.8075993671875 0.329833121875 0.7770001265625 0.33187571875 0.7813620859375 0.3942546453125
7 0.8550916609374999 0.38923680625 0.814019871875 0.3919490625 0.8167936515625 0.4280544609375 0.8190429234375 0.42792067187500005 0.8198194781250001 0.438376346875 0.85836855 0.43544891874999997 0.8550916609374999 0.38923680625
2 0.303095153125 0.55545798125 0.2563265015625 0.5584589578125 0.26256806718750003 0.6454103765625 0.2712036015625 0.6448566437500001 0.2709335140625 0.6409942 0.3002011078125 0.6389476109375 0.30053600625 0.6430201078125 0.309139221875 0.6425641796875 0.303095153125 0.55545798125
10 0.7754354609375 0.33843991562500003 0.7746990203124999 0.32698995937499997 0.758267509375 0.3280528140625 0.7591596984375 0.33964694687499997 0.7754354609375 0.33843991562500003
10 0.3346684828125 0.3203030234375 0.321494959375 0.32107540625 0.323799221875 0.35454306875 0.3370118640625 0.353814940625 0.3346684828125 0.3203030234375
2 0.6823513453125 0.5496946171875 0.69380324375 0.54885153125 0.6935002390625 0.5445183625000001 0.7286591171875 0.5420739109375 0.728957096875 0.5462680296875 0.7377510734375 0.545695384375 0.7306029546875 0.4461828546875 0.675418959375 0.4500416953125 0.6823513453125 0.5496946171875
5 0.28281233125 0.4416158375 0.391597378125 0.43377233281249994 0.3889450484375 0.39342312343749997 0.32238510625 0.3979568421875 0.32195319843750003 0.3899659421875 0.27947603593750003 0.392695021875 0.28281233125 0.4416158375
2 0.8585679640625001 0.43870387343750006 0.8178686484375 0.4415012921875 0.8170595578125001 0.430916321875 0.7996309296875 0.43212251874999996 0.8051446828125 0.5126528171875 0.810378809375 0.5122648828125 0.810066746875 0.507958975 0.83956373125 0.5059449 0.8398605218749999 0.5101892234375 0.8634404421875 0.5085403546875 0.8585679640625001 0.43870387343750006
11 0.8465843796874999 0.539751578125 0.86556493125 0.5384963796875 0.8638264359375001 0.514105109375 0.8448454796875 0.51533214375 0.8465843796874999 0.539751578125
13 0.31881682968749997 0.47231970937499995 0.27585299375 0.4753240328125 0.27861653125 0.5170171953125 0.32185924374999997 0.51363311875 0.31881682968749997 0.47231970937499995
10 0.3219389390625 0.4749019609375 0.357876521875 0.4724610109375 0.35655589062500004 0.4532391234375 0.28022496406249997 0.4588883984375 0.2809868203125 0.47083623281250003 0.3214854125 0.4684162359375 0.3219389390625 0.4749019609375
13 0.6595922843750001 0.30723690625 0.631170353125 0.3091021890625 0.63405799375 0.35230130000000004 0.679057778125 0.348957253125 0.6766399828125 0.3154787328125 0.6602879328125 0.31678194375 0.6595922843750001 0.30723690625
7 0.7561932515625001 0.3304878140625 0.7582507281249999 0.330343940625 0.7558481203125 0.29526828437499997 0.6954315890625 0.29949301875 0.7028743890625 0.4052580359375 0.7156894796875 0.404242878125 0.7159747859375 0.40760616875 0.7795893765625 0.4030403296875 0.775572996875 0.341459553125 0.75715403125 0.34281645 0.7561932515625001 0.3304878140625
2 0.6701696578125 0.4511981859375 0.6753571328125 0.4508150796875 0.67527855625 0.44998259531249996 0.6775447781249999 0.44975520781249995 0.6773247828125 0.44678832812499997 0.7034930390625 0.4449490671875 0.6969075921875 0.3507727859375 0.6307403421875 0.35534482968750003 0.6376211328125 0.45354311875000003 0.6408599781250001 0.45324771875 0.6405941312500001 0.4491547296875 0.669911603125 0.447104653125 0.6701696578125 0.4511981859375
6 0.274597934375 0.38636989375 0.24940082968750002 0.38823209062499997 0.252810015625 0.43344660625 0.27775976406249997 0.432101359375 0.274597934375 0.38636989375
11 0.2600493234375 0.3509469015625 0.22731987031249998 0.35323556875 0.2296150640625 0.38666314218750003 0.26249773906249996 0.38412411562500004 0.2600493234375 0.3509469015625
8 0.7056526046875 0.44487637187500007 0.732651875 0.4428255015625 0.7398745046874999 0.5454419578125 0.745265765625 0.5450164078124999 0.7449425296875 0.5408867078124999 0.79769160625 0.53728428125 0.798017240625 0.541448271875 0.8066328609375001 0.54081135 0.8045850671875 0.5094434109375 0.8017411156250001 0.5097190281249999 0.7958953171875 0.42916652656250004 0.816690559375 0.4280585375 0.8141694421875 0.3949615921875 0.779317865625 0.39729840781250003 0.7796876171875 0.4030788828125 0.70299213125 0.4084873765625 0.7056526046875 0.44487637187500007
7 0.1786671078125 0.5242788796875 0.2339067484375 0.52065579375 0.229670484375 0.45886484375 0.21734945625000002 0.4600240125 0.21607845781249999 0.4424526828125 0.1730032671875 0.44570130781249995 0.1786671078125 0.5242788796875
10 0.22831555781250001 0.44143721718749995 0.21796809687500002 0.44250693906249994 0.2191566671875 0.456905978125 0.22935662968749998 0.45628044062499995 0.22831555781250001 0.44143721718749995
4 0.31706596875000004 0.3212848671875 0.2746129265625 0.3243364875 0.279005503125 0.3868620734375 0.321531053125 0.3836377875 0.31706596875000004 0.3212848671875
2 0.223496321875 0.3288178046875 0.21204482656249998 0.32968905625 0.21223829843750003 0.3338669875 0.177073915625 0.3361207328125 0.1769430421875 0.3321436125 0.1652427796875 0.33261561875 0.17266864843750002 0.43950486718750004 0.20627864375 0.43708570937499996 0.20515681875 0.42070687968750003 0.207454453125 0.42061513125000005 0.20856272968749998 0.43682261406249995 0.22821570000000002 0.435551721875 0.225228615625 0.393640809375 0.22796670625 0.3935088640625 0.223496321875 0.3288178046875
2 0.32591298125 0.520040953125 0.30300070625000003 0.5215162640625 0.311475759375 0.6422895843750001 0.3198161546875 0.6417486578125 0.319503559375 0.6372783234375 0.3604088296875 0.63462626875 0.3606067046875 0.638687984375 0.3695019953125 0.6381082546875 0.3637910140625 0.558968540625 0.32729345625 0.5616444375 0.3261852140625 0.54496705625 0.32813733125 0.5447052453125 0.32591298125 0.520040953125
10 0.3372770390625 0.35709192500000003 0.3240182328125 0.358167871875 0.326496959375 0.39162176875 0.33934200312499996 0.3906765671875 0.3372770390625 0.35709192500000003
10 0.2721173953125 0.350403753125 0.26241994375 0.35095812656250003 0.26474915625 0.38426741249999996 0.2745812671875 0.38321963281250004 0.2721173953125 0.350403753125
10 0.39233390625000003 0.4448651640625 0.39170421875 0.43729377031250005 0.35900616875 0.439650725 0.359511140625 0.446872153125 0.39233390625000003 0.4448651640625
13 0.3563702546875 0.4762988703125 0.32261499531250004 0.4788581890625 0.329394771875 0.5581628140625 0.361662034375 0.5560067109375 0.3563702546875 0.4762988703125
12 0.38365065625 0.31665700625 0.33688981875 0.320016121875 0.34153076875 0.39073026718750004 0.38847118125 0.3873632921875 0.38365065625 0.31665700625
10 0.2555516515625 0.4725866390625 0.2784554359375 0.47105710156249997 0.2777403234375 0.46083051093750005 0.2798285375 0.4609022078125 0.2780935625 0.43609091875 0.25282583125 0.436495115625 0.2555516515625 0.4725866390625
10 0.27322520156249996 0.47472619531250004 0.25592435468749997 0.475721403125 0.25921801875 0.5184551203125001 0.27620990624999997 0.517409465625 0.27322520156249996 0.47472619531250004