0 0.370690625 0 0 0.205478125 0 0.629309375 0.205478125 1 0.629309375 1 1 0.794521875 1 0.370690625 0.794521875 0 0.370690625 0
1 0.3311453125 0.41743593749999997 0.34995468750000003 0.4504578125 0.32580156250000003 0.4634890625 0.32261875 0.45824687500000005 0.267846875 0.48883593750000004 0.2935421875 0.5348765625 0.41795781249999997 0.46620156250000006 0.4090765625 0.4502578125 0.419084375 0.444225 0.5999015625 0.3452078125 0.5672109375 0.2856140625 0.3311453125 0.41743593749999997
13 0.22509687500000003 0.6872078125 0.24922968750000002 0.7311078125 0.2933984375 0.7071953125 0.269184375 0.6629671874999999 0.2663234375 0.6647515625 0.2261703125 0.5916671874999999 0.2000265625 0.60576875 0.21856874999999998 0.6392203125 0.2029953125 0.6476578125 0.2218671875 0.6821609375000001 0.2446109375 0.6689796875 0.2472359375 0.6740781250000001 0.22509687500000003 0.6872078125
7 0.3809421875 0.5060390625 0.4200453125 0.5778171875 0.5326265625 0.5153453125 0.48416249999999994 0.426065625 0.4264640625 0.458775 0.43482656249999996 0.474478125 0.3809421875 0.5060390625
3 0.6047296875 0.36053437499999996 0.5473453125 0.391165625 0.56054375 0.41467187499999997 0.5739328125000001 0.407015625 0.6085421875 0.4706546875 0.6514921874999999 0.44519843750000004 0.6047296875 0.36053437499999996
2 0.45493750000000005 0.74504375 0.40249218750000004 0.6522328125 0.3317921875 0.690953125 0.3839265625 0.78440625 0.45493750000000005 0.74504375
10 0.22269999999999998 0.45486875 0.20411875 0.42109375 0.16438906250000002 0.443115625 0.18299375 0.4766828125 0.22269999999999998 0.45486875
1 0.3311078125 0.878975 0.48645468750000004 0.7934609375 0.4770078125 0.776515625 0.49583750000000004 0.76648125 0.5050140625 0.782778125 0.6582359375 0.69764375 0.644059375 0.6718109375 0.6579843750000001 0.6643625 0.6724140625 0.6901859375 0.7134015625 0.66746875 0.686028125 0.6180859375 0.6316171875000001 0.6488484375 0.6335609375 0.6526140625 0.614125 0.6625828125 0.5117890625 0.7201140625 0.5166328124999999 0.7289984375 0.310871875 0.8429828125000001 0.3311078125 0.878975
10 0.226975 0.40862031249999997 0.207084375 0.4196453125 0.274446875 0.5413218750000001 0.2842984375 0.5358609375000001 0.25482031250000003 0.48238125 0.2648125 0.47672968750000005 0.226975 0.40862031249999997
10 0.4176203125 0.578321875 0.3779 0.5068734375 0.303775 0.5477984375 0.344009375 0.6196046875000001 0.4176203125 0.578321875
10 0.31294374999999997 0.42711718750000005 0.3285734375 0.454815625 0.32624375 0.456140625 0.32678281249999996 0.45711250000000003 0.34355 0.44751874999999997 0.3276265625 0.41879218749999997 0.31294374999999997 0.42711718750000005
10 0.4219203125 0.6799328124999999 0.45650312499999995 0.7429281249999999 0.49936406250000004 0.7205953125 0.44519062500000006 0.6228625 0.4163203125 0.638628125 0.435190625 0.6726765625 0.4219203125 0.6799328124999999
13 0.6038812499999999 0.46946093749999995 0.572653125 0.41431250000000003 0.5154421874999999 0.44555625 0.546459375 0.5016499999999999 0.6038812499999999 0.46946093749999995
10 0.27376093749999997 0.5609734375000001 0.2832515625 0.5788484375 0.28116875 0.5805890625 0.3024765625 0.6184499999999999 0.331396875 0.6027125 0.2997140625 0.54501875 0.27376093749999997 0.5609734375000001
11 0.76345 0.6397265625 0.7364843750000001 0.59129375 0.6909078125 0.6167234374999999 0.7175515625 0.6650031249999999 0.76345 0.6397265625
10 0.48936250000000003 0.42871718750000004 0.515634375 0.47611406250000005 0.5234609375 0.47197500000000003 0.507428125 0.4438015625 0.55765 0.4163546875 0.5463546874999999 0.396734375 0.48936250000000003 0.42871718750000004
10 0.343228125 0.619634375 0.334040625 0.6030031250000001 0.303784375 0.6196828125 0.3129953125 0.6363000000000001 0.343228125 0.619634375
2 0.3812078125 0.7851140625 0.3297265625 0.6922390625 0.2518828125 0.736590625 0.3027828125 0.8293156249999999 0.3812078125 0.7851140625
6 0.27104374999999997 0.5614984375 0.2288609375 0.5846843749999999 0.26920625 0.6572218750000001 0.279196875 0.6514875 0.28117187499999996 0.6552828125 0.31190937500000004 0.6376265625 0.27104374999999997 0.5614984375
8 0.29305 0.7067249999999999 0.4484 0.6210828125 0.4975953125 0.709225 0.6225921875 0.639703125 0.549415625 0.507384375 0.26870781250000003 0.6625078125 0.29305 0.7067249999999999
10 0.20024531250000002 0.6440359375 0.2128734375 0.6368 0.1943859375 0.6037546875 0.1814359375 0.6106984375 0.20024531250000002 0.6440359375
10 0.2209890625 0.5707203125 0.212159375 0.5555328125 0.16257656250000002 0.583134375 0.17116875 0.5983359375 0.2209890625 0.5707203125
2 0.726878125 0.581325 0.6532140625 0.44894999999999996 0.5517390625 0.5060234375 0.6248890625 0.6374500000000001 0.726878125 0.581325
10 0.513846875 0.479 0.5336937500000001 0.5144484375 0.5473453125 0.5064703125000001 0.5121484374999999 0.44297343749999996 0.5096625 0.4446296875 0.525015625 0.472675 0.513846875 0.479
5 0.22727031250000002 0.458553125 0.1822546875 0.4832640625 0.1412421875 0.4093265625 0.148628125 0.4053046875 0.1625890625 0.43049218749999996 0.221015625 0.3978625 0.1889875 0.34008125 0.06600937500000001 0.40849375 0.12490468749999999 0.5150546874999999 0.09842656250000001 0.529971875 0.13497187500000002 0.5959015625 0.21243125 0.55345 0.22168749999999998 0.5710765624999999 0.2733625 0.5417046875 0.22727031250000002 0.458553125
10 0.43344062499999997 0.6716921874999999 0.4158609375 0.6399812500000001 0.4014390625 0.64843125 0.418775 0.67970625 0.43344062499999997 0.6716921874999999