0 0.22284547500000002 0 0 0.3566273078125 0 0.777154525 0.3566273078125 1 0.777154525 1 1 0.6433726921875 1 0.22284547500000002 0.6433726921875 0 0.22284547500000002 0
11 0.45136556875 0.8359308171875 0.4737268296875 0.8000686578125 0.44031979843749997 0.7784990171875 0.41757845312499997 0.814630353125 0.45136556875 0.8359308171875
2 0.311982396875 0.748751634375 0.3156057203125 0.74295310625 0.361706409375 0.7717600140624999 0.358038034375 0.777530390625 0.3723215234375 0.7865459859375 0.4017473671875 0.7386321453125 0.39864221093749996 0.7366162890625 0.4662662046875 0.62841296875 0.391115509375 0.58091191875 0.30050925156249997 0.7259122421875001 0.29673859375 0.7236463546875 0.2896500859375 0.7348871390625 0.311982396875 0.748751634375
2 0.21847536875 0.3400249046875 0.19347609375000002 0.3800055703125 0.215464871875 0.3935706484375 0.211997384375 0.3991846578125 0.19013677499999998 0.3853495984375 0.099372540625 0.5306676046875001 0.138390859375 0.55495130625 0.1426095140625 0.5482000484375 0.18869098125 0.5768991359375 0.18439268281250001 0.5838898953125 0.20114228750000002 0.5942604 0.292105484375 0.4494554796875 0.23353883125000002 0.41298794687499996 0.2620292875 0.3674909890625 0.21847536875 0.3400249046875
10 0.553907484375 0.545480603125 0.526938740625 0.5887133296875 0.537300653125 0.59509420625 0.5642122953125 0.5522624625 0.553907484375 0.545480603125
12 0.6116583109375 0.43431005312500004 0.6760520265625 0.474883040625 0.7736697609375 0.318470353125 0.7092911421875 0.278159215625 0.6116583109375 0.43431005312500004
1 0.165113465625 0.6454789078125 0.193839546875 0.5993719328125 0.095171921875 0.5372366734375 0.066338696875 0.5835180624999999 0.165113465625 0.6454789078125
1 0.377685278125 0.7900689812499999 0.4131793765625 0.8119459906250001 0.43559695937500004 0.776185353125 0.40028204062499995 0.75401865 0.377685278125 0.7900689812499999
10 0.686575528125 0.5846148546875 0.6861942203125 0.570090103125 0.6407193296875 0.5420243078125 0.6208884109375 0.5736011890625 0.6731097828125 0.6061645515625 0.686575528125 0.5846148546875
10 0.736295396875 0.6146533390625 0.744265725 0.6196337515625 0.78416200625 0.5556241843749999 0.7760818859375 0.550816528125 0.736295396875 0.6146533390625
10 0.5140225093749999 0.4759847609375 0.52867300625 0.48480223593750005 0.5684185890625 0.42100435156250005 0.5541654015625 0.41192846406249994 0.5140225093749999 0.4759847609375
4 0.6836824078125 0.478965634375 0.745644246875 0.5176836890625001 0.7958522625 0.437195484375 0.7337819546875 0.398651015625 0.6836824078125 0.478965634375
13 0.60379325625 0.5872837234375 0.5634801546875 0.561993809375 0.512250615625 0.644771371875 0.5521044125000001 0.669776125 0.60379325625 0.5872837234375
13 0.2439314984375 0.40646682343749996 0.284245096875 0.4317588921875 0.31765285312499997 0.3781803125 0.2942286609375 0.36344191875 0.29535556875 0.361638490625 0.3047884375 0.367433309375 0.32405002031249996 0.3367203796875 0.29775901875 0.3200947953125 0.2439314984375 0.40646682343749996
10 0.6360681375 0.538979734375 0.592910440625 0.5120118125 0.5798725 0.5176593484375 0.566243459375 0.539317046875 0.6162057546875 0.57060696875 0.6360681375 0.538979734375
6 0.5556613625 0.516349046875 0.5592707796874999 0.510622896875 0.5272849515625 0.4905825015625 0.522138953125 0.498979990625 0.52411894375 0.5001840609375 0.5116541 0.5203029984375 0.5076682734375 0.517812378125 0.521951575 0.4948481703125 0.5037677390625 0.48353539375 0.4634862828125 0.548273415625 0.4815268546875 0.5595943203125 0.48979637968749995 0.5460330234375 0.493946340625 0.548532240625 0.481678203125 0.5680592171875001 0.5205562031250001 0.5919659687500001 0.5493183828125 0.5457746875 0.55146285625 0.5471607640625 0.566490703125 0.5230993875000001 0.5556613625 0.516349046875
2 0.5473132828125 0.679239209375 0.4726480515625 0.63191069375 0.401486971875 0.745338146875 0.406112809375 0.7482286921875 0.41053781718750004 0.7413152671875001 0.441352784375 0.7607143093750001 0.4370375703125 0.7674549749999999 0.47687230625000004 0.7922985765624999 0.5473132828125 0.679239209375
3 0.313884353125 0.2719711984375 0.290611053125 0.2573068234375 0.2943983203125 0.2512459296875 0.27969560625 0.24193705156249998 0.22190377031250003 0.334423321875 0.26590116875 0.361212125 0.296464434375 0.312380284375 0.30001696093749997 0.31460015 0.32684941093750003 0.271523621875 0.317780915625 0.26573539375 0.313884353125 0.2719711984375
8 0.3588616859375 0.5801033890625 0.3711053046875 0.5605095015625 0.5054754499999999 0.6452379109375 0.5333649140625 0.60036955625 0.297715496875 0.452699375 0.2101775171875 0.5932788875 0.20680950468749998 0.5911411546875 0.1653378296875 0.6572119046875 0.1711181453125 0.6608938609375 0.1747074984375 0.654913809375 0.2662993421875 0.712146746875 0.26250229062499997 0.7180670250000001 0.2657947640625 0.7200543781250001 0.2701747046875 0.7129653968749999 0.293949203125 0.7278213515624999 0.3785309421875 0.592462275 0.3588616859375 0.5801033890625
10 0.31014630468750004 0.3664662203125 0.3218067625 0.3733489828125 0.3388744265625 0.34558388125 0.32778899375 0.33845610625 0.31014630468750004 0.3664662203125
7 0.46106599531250003 0.3259949015625 0.4572002421875 0.332275753125 0.42637501875000006 0.313014015625 0.43023081718749995 0.30655743750000003 0.40608563750000004 0.29155460781250003 0.3855151390625 0.3241912265625 0.37043211875000004 0.3480430921875 0.37379118437500003 0.35014206875 0.3689226921875 0.35767381249999997 0.3693712359375 0.358020421875 0.366923503125 0.36190223125 0.3671713046875 0.3621897328125 0.3654845015625 0.3648537984375 0.3438390609375 0.351243471875 0.2912617875 0.43529034375000003 0.3123130984375 0.44852757499999996 0.30642521562499997 0.4581418109375 0.3801704828125 0.504560140625 0.45677946562500005 0.3824319109375 0.460096128125 0.3845043921875 0.48627952499999993 0.3417500640625 0.46106599531250003 0.3259949015625
2 0.5045836484375 0.46988403593749994 0.5068230265625 0.471283353125 0.5352664203125 0.42552852343750003 0.527442659375 0.4204314953125 0.52377264375 0.4263666703125 0.4828654296875 0.4009100265625 0.48643159375 0.394908115625 0.46552271718749993 0.3816346 0.391629615625 0.4998882828125 0.459165421875 0.5425094203125 0.5045836484375 0.46988403593749994
1 0.3650013 0.34467165 0.38704261875 0.309280225 0.3323709984375 0.2749738921875 0.31064534843749997 0.310234609375 0.3650013 0.34467165
10 0.4685186453125 0.3775094359375 0.479355109375 0.3842808109375 0.5006563359375 0.34978482187500004 0.49012596249999996 0.343204715625 0.4685186453125 0.3775094359375
5 0.569095928125 0.4220816765625 0.529553534375 0.4855219578125 0.5787638375 0.5162019546875001 0.593333571875 0.5098367890625 0.687762403125 0.568842471875 0.6885322281249999 0.5847210015625001 0.735202546875 0.6140257234375001 0.7748794234374999 0.5505294484375 0.569095928125 0.4220816765625