10 0.667022909375 0.30303191875 0.68096723125 0.2767398984375 0.68405951875 0.2784159515625 0.691154946875 0.2651346296875 0.7053964203125 0.27277066250000004 0.713110215625 0.258243153125 0.71338308125 0.2583723109375 0.715351 0.25473443281249997 0.6752434015625 0.233424771875 0.6732073515625 0.23718746093749998 0.673271559375 0.23730300468749999 0.6478704093750001 0.285012384375 0.6477349718750001 0.28511733437500003 0.6445337624999999 0.291137934375 0.667022909375 0.30303191875
10 0.764528721875 0.327470253125 0.76439448125 0.3277227203125 0.774008953125 0.332834825 0.78404573125 0.3138052921875 0.7747602859375 0.30889644843749997 0.7648129203125 0.3276213640625 0.764528721875 0.327470253125
1 0.6031137296875 0.758305140625 0.59932541875 0.7654399015625 0.6371220359375 0.785554415625 0.6544768515625 0.7529513671875 0.613558953125 0.7312020140625 0.5999798578125 0.756670684375 0.6031137296875 0.758305140625
13 0.2660949375 0.5980743093750001 0.2540130515625 0.6207537671875001 0.2770999640625 0.63306115 0.2960248484375 0.597578446875 0.2687100375 0.5830549031250001 0.261875215625 0.5957828625 0.2660949375 0.5980743093750001
2 0.22164640000000002 0.6807712328125 0.263668890625 0.7030990609375001 0.29430044375 0.6454894906249999 0.2525140671875 0.6230836984375 0.224311921875 0.6761841265624999 0.223880790625 0.6765689546875 0.22164640000000002 0.6807712328125
13 0.6814364671875001 0.27988452812500003 0.670325590625 0.3007178109375 0.6859617046875 0.3091290109375 0.70415193125 0.2748749046875 0.6915685484375 0.2681842 0.6844969234375 0.281464021875 0.6814364671875001 0.27988452812500003
2 0.7972550921875 0.3702336625 0.8270330484375 0.314359271875 0.7946268125 0.29710025624999997 0.7742655640625 0.3350081234375 0.763560328125 0.3293514421875 0.7541149859375 0.347205409375 0.7972550921875 0.3702336625
10 0.8273383328125 0.2887503171875 0.82651711875 0.2883278265625 0.8204928078125 0.299701175 0.8212521828125 0.3001367953125 0.8199287390625001 0.302602534375 0.8302712046874999 0.3081194171875 0.8389813687500001 0.29173797968750004 0.8286429 0.2862568453125 0.8273383328125 0.2887503171875
10 0.7842529484375 0.3711633484375 0.78447738125 0.3707146265625 0.7629006656249999 0.35920138125 0.762648325 0.35967596562500004 0.7421280703125 0.348765153125 0.7423665078125 0.34834334375 0.71445763125 0.3334260671875 0.7142076125 0.3339195828125 0.70062125625 0.32669558906249996 0.70082955 0.32627721875 0.6854565046875 0.318023590625 0.685218134375 0.318498525 0.6407084968750001 0.29478101093750003 0.6147162875000001 0.343818346875 0.76825535625 0.4254565171875 0.7943223609375 0.37647487812499997 0.7842529484375 0.3711633484375
13 0.41009335 0.104671975 0.3884889921875 0.14468481718749998 0.4129692453125 0.1575401625 0.43423250468749997 0.117443284375 0.41009335 0.104671975
7 0.37383315 0.2609652171875 0.41310346875 0.1874246671875 0.37854000781249997 0.16888768125 0.3392223296875 0.24270035 0.37383315 0.2609652171875
1 0.3545147265625 0.07140228125 0.366153375 0.0776065875 0.3811543984375 0.04956350625 0.3693908375 0.0432113796875 0.3545147265625 0.07140228125
10 0.41430975 0.18810145 0.405504734375 0.2045581 0.43734603281249995 0.2214884171875 0.44612588437499995 0.20497591874999999 0.41430975 0.18810145
10 0.42967984687499994 0.1685966953125 0.438756246875 0.15146323281250001 0.42281332968749996 0.14304993906250002 0.413667315625 0.1602277921875 0.42967984687499994 0.1685966953125
2 0.48886696093750004 0.16658367031250002 0.4753352984375 0.192056325 0.51437885625 0.2127312109375 0.5410515640625 0.162590440625 0.502163396875 0.1419627859375 0.48899772812500003 0.1666372734375 0.48886696093750004 0.16658367031250002
10 0.4065364296875 0.20977674375 0.4040991421875 0.2143772578125 0.4072167875 0.21604555625000002 0.4096296265625 0.21144443124999998 0.4065364296875 0.20977674375
2 0.3954625921875 0.097731471875 0.3899894390625 0.1080582578125 0.4026119546875 0.11480516249999999 0.40974939062500004 0.10138159843750001 0.4316295640625 0.1130862796875 0.4417415015625 0.0938188765625 0.42026098906250003 0.08242756875 0.4409296828125 0.043575378125 0.4000939625 0.021614890625 0.369427671875 0.07929978125 0.37134394375 0.08031868125 0.3714428171875 0.080082803125 0.3976538578125 0.0940229984375 0.3956847078125 0.0978495734375 0.3954625921875 0.097731471875
2 0.43876193125 0.2221403953125 0.418474353125 0.2602325453125 0.4512326390625 0.27758495625 0.48013343124999996 0.22327040937499998 0.44732227187499995 0.20582440468750002 0.43866565625 0.22210513125000003 0.43876193125 0.2221403953125
0 0.19956969062500002 0 0 0.3753359984375 0 0.800430309375 0.3753359984375 1 0.800430309375 1 1 0.6246640015625 1 0.19956969062500002 0.6246640015625 0 0.19956969062500002 0
10 0.43867126875 0.10303784062500002 0.43293257812499997 0.113724246875 0.4357376125 0.11523163593750001 0.44145669375 0.104518878125 0.43867126875 0.10303784062500002
10 0.45888090468750004 0.1168892140625 0.43110718593749997 0.169210515625 0.43808355624999995 0.172903990625 0.4658712125 0.12055647656249999 0.45888090468750004 0.1168892140625
1 0.3236537140625 0.2234187453125 0.31911645 0.23196208281250003 0.3375130796875 0.2415650125 0.35082502187500003 0.21663206562499998 0.328264121875 0.20461675625 0.319479465625 0.2211815609375 0.3236537140625 0.2234187453125
6 0.4533392703125 0.1476968015625 0.43940906718750006 0.17381582499999998 0.4434758484375 0.17596224375 0.44254204062499997 0.17771848125 0.4565091671875 0.1851449359375 0.471353271875 0.15722723593750002 0.47042259687500004 0.156737696875 0.472085553125 0.1536101296875 0.46171346875 0.1480757296875 0.46002175 0.1512074671875 0.4533392703125 0.1476968015625
10 0.44807314531250003 0.6435761953125 0.4409417140625 0.657094971875 0.451595325 0.6627755234375 0.45881524687499997 0.649240090625 0.44807314531250003 0.6435761953125
7 0.48293463125 0.713585915625 0.48976711875 0.7007558453125 0.4961824265625 0.7041333015625 0.497068728125 0.7024597531250001 0.439479528125 0.6720195343750001 0.418379715625 0.7117025109374999 0.42549065312499995 0.715548940625 0.4245941484375 0.7172949296875 0.468741528125 0.7407685078124999 0.46955670937500005 0.7392553421875 0.47555479843750004 0.742462278125 0.4891905515625 0.71688039375 0.48293463125 0.713585915625
3 0.6794471296875 0.850549909375 0.6987166625000001 0.8143957234375 0.6854260328125 0.8072811906249999 0.6808751671875 0.8157535906250001 0.6742915484374999 0.8122866406249999 0.6595394203125 0.8399647937499999 0.6794471296875 0.850549909375
1 0.5804867609375 0.8547672984375 0.563213840625 0.887226309375 0.588514778125 0.9006649 0.6057679796875 0.8682396453125 0.5804867609375 0.8547672984375
10 0.6381872453125 0.8283054921874999 0.6491285359375001 0.8076846484375 0.6553910703125 0.8110498890625 0.6591714343749999 0.8039533734375001 0.6515354578125 0.7998596296875 0.6368048796875 0.8275704765624999 0.6381872453125 0.8283054921874999
8 0.4150252109375 0.712430009375 0.41359447187500004 0.7116728109375 0.3909178578125 0.7543645859375 0.3907849375 0.7544248640625 0.3890590921875 0.7576074734375 0.38893336562499997 0.757687503125 0.385111903125 0.7649178953125 0.441707915625 0.79507600625 0.46063209531249993 0.7593982671874999 0.5896061203125 0.8282174140624999 0.5897901203125 0.8278480625 0.592274284375 0.8291335234374999 0.5921702421874999 0.8293524968750001 0.6248239718749999 0.8466652437500001 0.639618565625 0.81877076875 0.6061998875 0.8010495234375 0.60068179375 0.8111612921875 0.5001613328125 0.75778263125 0.5002273515625 0.7576584656249999 0.47733003749999997 0.7454837484375 0.47713405781249996 0.7458290328125 0.474491171875 0.7444060890624999 0.47468336093749997 0.7440446328125 0.41741610781249994 0.7135880140624999 0.41721382343749996 0.7139618 0.414879234375 0.71270455 0.4150252109375 0.712430009375
1 0.4994324609375 0.8321677125000001 0.4909345671875 0.8482231453125 0.5608543734375 0.8854833375 0.569442628125 0.8693644640624999 0.4994324609375 0.8321677125000001
1 0.46149908125000005 0.7668670296875 0.434006265625 0.8185501984375 0.488057240625 0.8472577578125 0.515553603125 0.795544621875 0.46149908125000005 0.7668670296875
10 0.6072619718750001 0.8690110093750001 0.5898142921875 0.9018053531250001 0.5928447953125 0.9034644796875 0.6102360515624999 0.8706065125 0.6072619718750001 0.8690110093750001
1 0.5002980578125 0.6984697265625 0.504830046875 0.6899695921875 0.4978277609375 0.686278265625 0.50461415625 0.6735581796875 0.460281909375 0.64998630625 0.45198286093749995 0.6656378109375 0.4384401015625 0.6582918875 0.4421746 0.6512683140625 0.40033037499999996 0.6290511984375 0.3939798296875 0.6409748671875 0.41392173281250005 0.6515622390625 0.407110115625 0.6643963265624999 0.43079656406250005 0.676990634375 0.43712370937499995 0.665024440625 0.5002980578125 0.6984697265625
10 0.5733118421875 0.7939557390624999 0.588329796875 0.7657110734375 0.5932001015624999 0.7683165875 0.59694834375 0.76133040625 0.540824903125 0.7315049703125001 0.5352329359375 0.741998634375 0.558982846875 0.7546266859374999 0.545846653125 0.7793522390625001 0.5733118421875 0.7939557390624999
10 0.5097783046875 0.739662453125 0.52911116875 0.750007396875 0.5392224125 0.7309909125 0.51680614375 0.7190896671875 0.5066650328125 0.7381822921875 0.5096908046874999 0.73980705 0.5097783046875 0.739662453125
13 0.544446771875 0.7782840656250001 0.5562769171874999 0.7559715625 0.5344267234375 0.7443536078124999 0.529667125 0.7532618421875 0.517010328125 0.7465161765625 0.5098973078125 0.7599137890625001 0.544446771875 0.7782840656250001
1 0.5923942 0.8349220718750001 0.5834925796875 0.8516635859375 0.6110831578125 0.8662842062499999 0.6199331328125 0.8496231812499999 0.5923942 0.8349220718750001
10 0.49012157187499994 0.7034041125 0.4853627078125 0.7123109671875001 0.4902743 0.7148588 0.49036672656249997 0.71468496875 0.492905496875 0.7160507843749999 0.49284420781250005 0.71620931875 0.4955529671875 0.71768144375 0.4996806484375 0.709918403125 0.49451767343749997 0.7072209796875 0.49512431875 0.706080046875 0.49012157187499994 0.7034041125
10 0.6571191953125 0.7568515203125 0.6529550109375 0.76467655625 0.6703796921875 0.77393080625 0.67457066875 0.7660686953125 0.6571191953125 0.7568515203125
1 0.6047749140625001 0.8872343 0.5958276921875 0.9040382796875001 0.6401623484375001 0.9276255921875001 0.6490991796875 0.9108178562499999 0.6047749140625001 0.8872343
2 0.5816205 0.8430764249999999 0.581613521875 0.842936453125 0.5885201171875 0.8299104249999999 0.5572066375 0.8131722703125 0.5390259265624999 0.847465059375 0.570610065625 0.8641135343749999 0.579047075 0.8481726078125 0.578997328125 0.8480098953124999 0.5816205 0.8430764249999999
13 0.6533277749999999 0.767849525 0.6408429609375 0.7912668093749999 0.680513184375 0.8124571703125 0.6930809640625 0.7887973171875 0.6533277749999999 0.767849525
11 0.3461850890625 0.737936146875 0.3360859328125 0.7569165859375 0.3562370515625 0.767523178125 0.3661353234375 0.748860640625 0.3461850890625 0.737936146875
1 0.6001390828125001 0.8074060015625 0.6147819703125 0.780489109375 0.59915960625 0.772338278125 0.5982944890625 0.7739753125 0.588741278125 0.7689010890625 0.5752017406250001 0.794325315625 0.6001390828125001 0.8074060015625
10 0.5101266078125 0.742388853125 0.5026332671875 0.756375275 0.508305909375 0.7593755453125001 0.5157485 0.7453780671875 0.5101266078125 0.742388853125
1 0.7023289296875 0.8105774546875001 0.7112018546875001 0.7938932390625 0.7053769187500001 0.790750053125 0.70562905 0.7902558921875 0.6982235359375 0.7863377765624999 0.68908151875 0.803551378125 0.7023289296875 0.8105774546875001
1 0.44064356406250005 0.800006584375 0.3797977203125 0.7675870296875 0.3839411640625 0.759641246875 0.367035146875 0.7506096875 0.35769504531249996 0.7683921984375 0.376589753125 0.7785094781249999 0.3729146171875 0.7854513578125 0.43162808124999996 0.8166893265624999 0.44064356406250005 0.800006584375
10 0.41801156875 0.6796319953125 0.413270584375 0.6885784421875 0.42457231406249996 0.694587678125 0.4313656609375 0.6818412046875 0.4036382265625 0.6670752609374999 0.40158570156250006 0.670965453125 0.41801156875 0.6796319953125
2 0.3883796265625 0.7530609953125 0.38831866718749997 0.7528993984375 0.4110828421875 0.7102559515625 0.3702939203125 0.688743290625 0.346236175 0.733999315625 0.386978546875 0.755696040625 0.3883796265625 0.7530609953125
1 0.6399413546875 0.8133910375 0.6460635578125 0.8018768484375001 0.633068265625 0.7949989828125 0.6360682734374999 0.7893368187500001 0.618659225 0.78001655625 0.6094695140625 0.7972366515625 0.6399413546875 0.8133910375
10 0.5059063671875 0.6743762156249999 0.5002630515625001 0.6849664515625 0.505937915625 0.687905965625 0.5115489546875 0.67737643125 0.5059063671875 0.6743762156249999
3 0.3930265609375 0.64601936875 0.370512915625 0.688427940625 0.386046528125 0.6966059046875 0.40855707656250007 0.6542930171875 0.3930265609375 0.64601936875
1 0.32440278437500003 0.5722008890625 0.3245348765625 0.5719225046874999 0.3165522703125 0.5676586109375 0.31639969218749997 0.56794556875 0.2987142453125 0.558609296875 0.2902100125 0.5746666671875 0.3055088765625 0.58284015 0.304330271875 0.585076753125 0.3138598 0.5901755468750001 0.3150138671875 0.5879418234375 0.3227270203125 0.591940340625 0.3312735296875 0.575953228125 0.32440278437500003 0.5722008890625
6 0.4962519484375 0.7553801296875 0.49701683125 0.753921625 0.5011244078125 0.7560578812500001 0.50897181875 0.7412191734375 0.5047859 0.7390571875 0.515523803125 0.7188820984375 0.51238195 0.717259325 0.5146717609375 0.71290955 0.5042563640625 0.7074299828124999 0.5019724953125 0.7116820484375 0.5009236984375 0.7111084671875 0.49592581874999997 0.72048814375 0.491770009375 0.71829615625 0.47820043125 0.743803509375 0.482042928125 0.745862528125 0.48124262656249994 0.747367678125 0.4962519484375 0.7553801296875
2 0.6083112500000001 0.8834057421875 0.6501131515624999 0.90580563125 0.6784823375 0.8523710765624999 0.6573289859375 0.8410900171875 0.67299656875 0.8116069375 0.6604822203125 0.8049228562499999 0.65573456875 0.8138285937499999 0.649402090625 0.8104650953125001 0.6384615328125001 0.831084559375 0.6367853125 0.830193296875 0.6083112500000001 0.8834057421875
13 0.4160397171875 0.710019440625 0.42317421718750003 0.696601396875 0.4105534640625 0.6898678171875 0.415281378125 0.6810524546875001 0.4007309265625 0.6732220515625 0.3888709015625 0.6955275140625 0.4160397171875 0.710019440625
2 0.5031944125 0.8283175453125 0.5376834703125 0.846671628125 0.5558600140625 0.8125730546875 0.521267628125 0.7941304062500001 0.5031944125 0.8283175453125
7 0.2154693703125 0.540555590625 0.1888698640625 0.5905087671875 0.23058947968750002 0.6128171265625 0.2571788328125 0.5626833546875 0.2154693703125 0.540555590625
13 0.1694143421875 0.510528721875 0.151332021875 0.544493353125 0.16705345625 0.552707478125 0.185035078125 0.5187724765625 0.1694143421875 0.510528721875
2 0.20361847656249998 0.5559112203125001 0.2056429375 0.551997259375 0.20582405 0.5517431703125 0.20592112031249998 0.5516072015625 0.177713428125 0.53653635 0.157962290625 0.5734997859375001 0.18606191562500002 0.5885875031250001 0.2032857609375 0.5561342515625001 0.20361847656249998 0.5559112203125001
10 0.12983916874999998 0.5883702125 0.1109552890625 0.6238623296875 0.12993787343750002 0.633987403125 0.14884230781250002 0.5985398375 0.12983916874999998 0.5883702125
6 0.134918540625 0.52592871875 0.1193045390625 0.55533765 0.1337100453125 0.5630945234375 0.134527096875 0.5615345734375 0.1389721875 0.56389806875 0.15360024375 0.53601060625 0.148325325 0.53331736875 0.1526392078125 0.5251808390625 0.1388017640625 0.5178233390625 0.13458045000000002 0.525752490625 0.134918540625 0.52592871875
10 0.24640620468750002 0.5865049078125 0.2336372234375 0.6105231953125 0.24297076093749997 0.6155213171875 0.25578843125 0.5914846765624999 0.24640620468750002 0.5865049078125
3 0.29891578124999996 0.5960753390625 0.27752667343750004 0.636229178125 0.29440113437500004 0.64523688125 0.3204115359375 0.5963384015625001 0.286384 0.57822794375 0.28181192187500004 0.5869332765624999 0.29891578124999996 0.5960753390625
1 0.15508496875 0.5208839000000001 0.15732641249999998 0.5167349203125 0.1625316640625 0.5195026015625 0.169632959375 0.50621024375 0.16431730625000002 0.503357315625 0.16453595781250002 0.5029161375 0.15654328906249998 0.49869113593750003 0.1563086953125 0.4990990609375 0.1495522078125 0.4955012640625 0.1402002625 0.513003184375 0.1426711359375 0.5143169703125 0.14146077968749998 0.5165933203125 0.15096466718749998 0.5217669625 0.1522249046875 0.5193968 0.15508496875 0.5208839000000001
10 0.2170349140625 0.520946884375 0.212871496875 0.528797103125 0.218252590625 0.531576878125 0.22239347656250003 0.5237890046875 0.2170349140625 0.520946884375
8 0.18492296875 0.59085935 0.185139978125 0.5904279171875 0.133971678125 0.5632814171875 0.133700090625 0.56379885625 0.1186422734375 0.5557411531249999 0.109432078125 0.5729698234375 0.1113696359375 0.5740318953125 0.111442990625 0.573893934375 0.18604348906249998 0.6135437953125 0.1675690828125 0.648315725 0.1674609828125 0.648306028125 0.16516456875000002 0.6526682203124999 0.21845370625 0.6809547765625 0.2214709171875 0.6753035281249999 0.2214330546875 0.6749453953125 0.24980109687500002 0.6216960453125 0.24529668437500002 0.61930100625 0.24524187656250002 0.619424053125 0.241819075 0.6176041171875 0.24197711718749998 0.6173501484374999 0.23133568124999998 0.611630059375 0.22989486874999998 0.6143165359375 0.18810504687500001 0.5920203984375 0.187877646875 0.5924480765625 0.18492296875 0.59085935
10 0.29076204375 0.5543314859375 0.283956503125 0.5671741140625 0.29038778593750003 0.570611384375 0.2972072640625 0.55774254375 0.29076204375 0.5543314859375
1 0.2777256359375 0.5531689328125 0.2779332296875 0.5527785046875 0.2698457734375 0.5484588625 0.26965443906250003 0.548842009375 0.2460410015625 0.5363466890625 0.24625299687500002 0.5359479828125 0.23083625312499997 0.5277365984375 0.23064332968749998 0.528099434375 0.22385128281250002 0.5245818296875 0.21858293125 0.5344901578125001 0.2093983046875 0.5295747515625 0.21030895625 0.5278221265624999 0.208562375 0.526893453125 0.2087790015625 0.5264494296875 0.1933591484375 0.5182505484375 0.193153021875 0.5186382171874999 0.18840850468749998 0.5161455968750001 0.1799364265625 0.5321191953125 0.184391590625 0.5345269796875 0.183981603125 0.5353513046875 0.19986320625 0.5437567703124999 0.2002600234375 0.5429838421875 0.207956809375 0.5470497515625 0.21456841718750003 0.5344986375 0.22520283437500002 0.5401919890625 0.22478623281250001 0.54094555 0.240756425 0.5494140468750001 0.24116941406249998 0.5486373296875 0.2625712890625 0.559986825 0.2483717671875 0.5866722734375001 0.261237221875 0.5934315531250001 0.2683535796875 0.579984396875 0.280140478125 0.586186125 0.2876903171875 0.5718138781250001 0.281398528125 0.5685003281250001 0.286931865625 0.558086978125 0.2777256359375 0.5531689328125
10 0.149787996875 0.54652858125 0.1403348671875 0.564330628125 0.15662944375 0.5729645234375 0.1660463125 0.5552706109375001 0.149787996875 0.54652858125
10 0.1577874265625 0.5191195421875 0.150912271875 0.5320065578125 0.1548036484375 0.5341234203125 0.1616776171875 0.521172065625 0.1577874265625 0.5191195421875
2 0.092952553125 0.5686776171875 0.0740191078125 0.6042230140625 0.1094509265625 0.6230305921875 0.12836387968750002 0.5876335671875 0.092952553125 0.5686776171875
10 0.252374509375 0.6203674203125 0.26357140625 0.5993091203125 0.25929738750000003 0.597036584375 0.2609798671875 0.593938865625 0.259293046875 0.5930242703124999 0.24644220468750003 0.6172131578125 0.252374509375 0.6203674203125
2 0.1626659625 0.651373309375 0.16500085 0.646982025 0.164956446875 0.64682923125 0.181487028125 0.6158495625 0.1501342515625 0.5991453718749999 0.1312892953125 0.6346741140625001 0.1626659625 0.651373309375
1 0.0720554140625 0.6292899484375 0.071852309375 0.62966860625 0.090379328125 0.639535525 0.09059939375 0.63912164375 0.10353240781249999 0.646030103125 0.1033172703125 0.64641475 0.1155168265625 0.6528854421875 0.115737625 0.65247018125 0.1269671765625 0.6584587359375 0.12674405625000001 0.6588550671875 0.1452790578125 0.6687103015625 0.14549252031249998 0.6683088374999999 0.16075371875 0.676423359375 0.16054025624999999 0.676824825 0.2010816953125 0.698366934375 0.2013100390625 0.697957453125 0.2164489890625 0.7060689140624999 0.2162347921875 0.7064717578125 0.2315654078125 0.7146054953125 0.23181177968750002 0.714062259375 0.23207853437499998 0.714156315625 0.2417250921875 0.6960270937499999 0.22589499218750003 0.6875746875 0.22544511875 0.688400809375 0.22004312812500001 0.6854506546875 0.21921987656250003 0.6869789953125001 0.21000203125 0.6821060953125 0.21042614375 0.681331753125 0.1693569609375 0.6595108078125 0.16897857031250002 0.660245753125 0.154295878125 0.6525043046875 0.1547176703125 0.65171103125 0.135701865625 0.6416284625 0.13530480625000002 0.6423552531250001 0.1245172328125 0.63663709375 0.1249250859375 0.635870034375 0.11218284062499999 0.6290753953125 0.11176691718750001 0.6298576312499999 0.09943631875 0.623260634375 0.09983446093750001 0.62251849375 0.0807507265625 0.6123573359375001 0.080330840625 0.6131303859375 0.07169636093750001 0.6085481984375 0.0632399296875 0.624538965625 0.0720554140625 0.6292899484375
11 0.243455003125 0.6964213203125 0.23361274375000002 0.7149685296875 0.2521075953125 0.724836040625 0.26196555625 0.7062759437499999 0.243455003125 0.6964213203125
3 0.44233305781250004 0.0442808640625 0.42258786875 0.08136956875 0.442693278125 0.0920987375 0.4625030203125 0.0548886265625 0.44233305781250004 0.0442808640625
11 0.3843254171875 0.01539310625 0.370650140625 0.041045998437499995 0.38330133125 0.047792221875 0.39695541093750003 0.0220926671875 0.3843254171875 0.01539310625
13 0.4308465328125 0.145824153125 0.4314907109375 0.1446359296875 0.43975236874999996 0.1489774109375 0.457104665625 0.11641903437500001 0.44156670625 0.1082192921875 0.42353048437499996 0.1419341421875 0.4308465328125 0.145824153125
8 0.3727046203125 0.140992284375 0.3434087828125 0.125411871875 0.34356165625 0.12514099843749998 0.3310075421875 0.11848178281249999 0.295784690625 0.18464312656249998 0.353461190625 0.2151421484375 0.37908846875 0.166944246875 0.4810759078125 0.221391365625 0.49068639375 0.20344647187499998 0.38495560625 0.147502709375 0.3870666390625 0.14350913437499999 0.3873088578125 0.14360607187500002 0.40168073125000003 0.11656985312499998 0.3889680625 0.10990596718750001 0.374352684375 0.1374267765625 0.374569665625 0.1375545359375 0.3727046203125 0.140992284375
10 0.3174626984375 0.23154110625 0.32112457656250004 0.22465411406250002 0.3169747234375 0.2224475984375 0.3268653640625 0.203782771875 0.3227549265625 0.20156536093750002 0.3091599359375 0.22711052187499997 0.3174626984375 0.23154110625
10 0.47305751875 0.1564416234375 0.45874897968750006 0.18326553750000002 0.4739855515625 0.1913864328125 0.488263234375 0.1645107203125 0.47305751875 0.1564416234375
2 0.34518779374999997 0.12211596093749999 0.34539835625 0.12174657656250001 0.37325355625 0.136518515625 0.3941667921875 0.097056640625 0.3539443578125 0.07528067187500001 0.3326018609375 0.11544336718749999 0.34518779374999997 0.12211596093749999
10 0.735311640625 0.22673590312499997 0.7224824625 0.2507575765625 0.7457588734375 0.2631179359375 0.742553128125 0.26904056249999997 0.78053154375 0.28915264218750003 0.78364451875 0.28327801875 0.8173392187499999 0.30122566093750003 0.8258732109375 0.2851522609375 0.800088678125 0.2714583078125 0.8043253281249999 0.263447059375 0.735311640625 0.22673590312499997
8 0.7375915484375 0.27434813125 0.735313265625 0.27865625625 0.7353678171875 0.2787666640625 0.72064373125 0.3065252046875 0.6963334046874999 0.2935832484375 0.68682933125 0.311437840625 0.75207088125 0.34612738906249996 0.762457953125 0.3263125765625 0.7621999671874999 0.32617540312500004 0.7758803328125 0.3004031125 0.7760678984375 0.3003099515625 0.778362440625 0.2959945453125 0.7375915484375 0.27434813125
10 0.77850893125 0.301866240625 0.7758419421875 0.30681888281249997 0.7850383921875 0.311708721875 0.7941166578125001 0.294668271875 0.7849366609375 0.289707546875 0.7784611781249999 0.30167981093749996 0.77850893125 0.301866240625
10 0.7135972749999999 0.263634084375 0.6975456421875 0.293882725 0.7186949953124999 0.30512803593750004 0.734742403125 0.2748806875 0.7135972749999999 0.263634084375
10 0.718561371875 0.25443110625 0.714866484375 0.2613801796875 0.73702803125 0.2731813796875 0.7407399125 0.2662236453125 0.718561371875 0.25443110625