10 0.123204746875 0.8043430203125 0.116827325 0.8007026390625 0.11405827187499999 0.8055145609375 0.1203976703125 0.80923644375 0.123204746875 0.8043430203125
13 0.1540199671875 0.7823070859375 0.13616404843750002 0.7718906375000001 0.12047878281249999 0.7990590140625 0.13826495625 0.80951400625 0.1540199671875 0.7823070859375
10 0.1395656203125 0.81052634375 0.1490376046875 0.8160142703125001 0.16503490468749998 0.7881617109375 0.155560859375 0.782754421875 0.1395656203125 0.81052634375
8 0.17734201875 0.7919491015625 0.2383874671875 0.68628251875 0.2284644890625 0.6806284015624999 0.128166978125 0.8547104578125 0.13867787812500001 0.8615363171875 0.1784589953125 0.7926074046875 0.17734201875 0.7919491015625
1 0.23452375 0.7457222531250001 0.2347638796875 0.7458688796875 0.22737480625 0.7586987046875 0.23628452968749997 0.7639221015625 0.27040860625 0.7048173875 0.26142423593749997 0.6996572999999999 0.253993034375 0.7126237171875001 0.253753228125 0.712467984375 0.25320831093749996 0.713427575 0.25300900625 0.7133242281250001 0.235137728125 0.7443436078125 0.235273025 0.74442215625 0.23452375 0.7457222531250001
13 0.137334934375 0.8338770125 0.146501771875 0.8180600796874999 0.1243729015625 0.8053643218750001 0.1047091 0.839476734375 0.120525903125 0.8497482859375 0.131620284375 0.8305701609374999 0.137334934375 0.8338770125
6 0.1790913265625 0.7638945703125 0.18005845468749998 0.7644536984375 0.194119884375 0.74009851875 0.1786634171875 0.7312458828125 0.17774218749999998 0.7328423234375 0.176040490625 0.7317819421875 0.16550799375 0.7500059078125 0.1672379078125 0.7510343109375001 0.1605619609375 0.762585278125 0.1750104671875 0.7709789578125 0.1790913265625 0.7638945703125
1 0.195440084375 0.7955549265624999 0.1970166796875 0.7964837640625 0.19157183125 0.8058980203124999 0.20755368437500002 0.8148682781250001 0.233561521875 0.7698221453125 0.2142959359375 0.7586989140625 0.193511296875 0.7946749718749999 0.19533416875 0.7957208921875 0.195440084375 0.7955549265624999
7 0.17182159375 0.8042281156250001 0.13873946875 0.8615763140625001 0.170386178125 0.882127928125 0.2044790921875 0.8230625953124999 0.17182159375 0.8042281156250001
1 0.587979375 0.1197141375 0.572370053125 0.1467827859375 0.5719101249999999 0.146558628125 0.555977709375 0.174185040625 0.5563753625000001 0.174456321875 0.541545084375 0.2001417375 0.541113715625 0.19991376875 0.5061441484375 0.26049829375 0.5065411375 0.2607505125 0.49726678281250003 0.27681620625000003 0.49292239687499995 0.27429115625 0.47574485937500005 0.304041446875 0.48534166250000005 0.30945765937499997 0.500918015625 0.2824942890625 0.500667740625 0.2823690203125 0.504188771875 0.27630160937500003 0.5081878390625 0.2785465140625 0.51578573125 0.2653865296875 0.5159432234375 0.265436640625 0.550345409375 0.20581760937500002 0.550176771875 0.20574163125 0.5654945734375 0.17922516718749998 0.5656617125000001 0.1793206671875 0.5812124 0.1523853421875 0.58103215625 0.1522813328125 0.5972056078125 0.12430097031250001 0.5973587921875 0.1243892703125 0.6128192203125 0.0976244890625 0.6126688453125 0.09751751875 0.6206152921875 0.0837548234375 0.6117235546875001 0.0786213578125 0.60404015625 0.091878584375 0.6036175 0.0916544109375 0.5875573671875001 0.1194717546875 0.587979375 0.1197141375
10 0.5384715921875001 0.1307772609375 0.5264896828125 0.1238009640625 0.5186436390625 0.1373717578125 0.53065914375 0.144330746875 0.5384715921875001 0.1307772609375
1 0.43611749531250005 0.224570675 0.4417487234375 0.227787953125 0.4329296734375 0.2430463890625 0.43195364375 0.2425038390625 0.4300152234375 0.2458616953125 0.42978714218749997 0.24570798906250002 0.41430303593750006 0.27255799999999997 0.41452953593749997 0.2726883234375 0.4058990015625 0.2876220453125 0.4056800921875 0.2874742953125 0.39760010625 0.3014483609375 0.397822675 0.3015761296875 0.39210509375 0.311519375 0.3982132484375 0.315040784375 0.42282062812500004 0.2722114109375 0.42330827812500005 0.2724703390625 0.4393213203125 0.2446652640625 0.438851284375 0.24439355468750001 0.45336757499999997 0.21926622812500002 0.453849215625 0.21956596875 0.4698859796875 0.19178747812500002 0.4694006796875 0.19150771875 0.49086449062500004 0.15434812343749998 0.49383636875 0.1560489265625 0.512527759375 0.12363758437500001 0.49897832343750004 0.115801684375 0.48891333281250005 0.13325985 0.4886225015625 0.133113834375 0.480547621875 0.14708003593750002 0.4807964 0.1472248265625 0.45813388125000004 0.186439696875 0.4579158234375 0.1862906359375 0.442452653125 0.21307972031250003 0.44267306093750003 0.21320795 0.43611749531250005 0.224570675
10 0.4391222359375 0.22968360312499997 0.434679025 0.22704966249999997 0.4296080578125 0.23580499531250002 0.43406221250000004 0.23844790625 0.4391222359375 0.22968360312499997
6 0.54447500625 0.0927867109375 0.5274444109374999 0.122107040625 0.5403582390625 0.12956184531249998 0.553371465625 0.10705600156249999 0.5526204359375 0.10666329375000001 0.5566101859375 0.099750759375 0.54447500625 0.0927867109375
11 0.48339433437499996 0.312183740625 0.47357309843750006 0.306413115625 0.45392902812499997 0.340400475 0.46380782187499997 0.346128365625 0.48339433437499996 0.312183740625
13 0.4468804515625 0.26614061875 0.441982434375 0.2633119296875 0.42723495937499995 0.2888554953125 0.4395467234375 0.295943534375 0.46694641406250004 0.248470115625 0.459574434375 0.24415218906249997 0.4468804515625 0.26614061875
10 0.5804319984374999 0.060569598437500004 0.5642204859375 0.08870037343750001 0.5740887140625001 0.094378553125 0.5902996609375 0.06630889375 0.5804319984374999 0.060569598437500004
2 0.5582785984374999 0.12406296718750001 0.5298162078125 0.17333345625000002 0.5477550390625 0.183868953125 0.5762802 0.13448459375 0.5582785984374999 0.12406296718750001
13 0.578734553125 0.0604379234375 0.5608543625 0.050093278124999994 0.5452734828125 0.0770406671875 0.5631152312500001 0.0877199203125 0.578734553125 0.0604379234375
10 0.5192175578125 0.12914081875 0.5148245328125001 0.12653574375 0.49522833750000006 0.1605038890625 0.49932808125 0.1629036015625 0.5140030656250001 0.1375663359375 0.514265796875 0.137718325 0.5192175578125 0.12914081875
3 0.4545001671875 0.23838463124999998 0.44782545156250003 0.2344934296875 0.40154105781249994 0.314664390625 0.4232293484375 0.3271951328125 0.439099625 0.299627109375 0.42421964531249995 0.2910687359375 0.45351333125000004 0.24036324531250003 0.45353965625 0.240030084375 0.4545001671875 0.23838463124999998
10 0.5405292140625 0.082731025 0.5475370484375001 0.0868609125 0.5458006390625 0.0898990953125 0.5579137109375 0.0969344875 0.5617073546875 0.09036409375 0.5425270671875 0.07927017187499999 0.5405292140625 0.082731025
2 0.591294021875 0.06682608749999999 0.5596915078125 0.12154875000000001 0.5777785484375 0.1318675015625 0.60943724375 0.07709562187499999 0.591294021875 0.06682608749999999
10 0.5280534 0.1488481625 0.51376214375 0.1405566015625 0.500467878125 0.1636214375 0.5147595093749999 0.1718722546875 0.5280534 0.1488481625
8 0.5316441578125 0.14489962812499999 0.5317702140625 0.144966584375 0.5144914359375 0.1746231828125 0.5124977140625 0.17353338125 0.47145929999999997 0.2447627078125 0.47109731562499996 0.244574209375 0.4685781015625 0.24893542812499997 0.46841240937500006 0.2488520453125 0.466956271875 0.25137545 0.49134759843750003 0.2658832703125 0.49129336874999996 0.2660585796875 0.4939942609375 0.267605759375 0.4939516359375 0.2678090984375 0.497965540625 0.27013443593750003 0.545345025 0.188084971875 0.5427852828125 0.18667044375 0.542638353125 0.1868134984375 0.52600941875 0.17712120468749998 0.538823715625 0.1549389 0.5390244656250001 0.1550543640625 0.5729209281250001 0.0964464578125 0.5629398796875 0.09086455 0.5576089750000001 0.10020375781249999 0.55747020625 0.10012481875000001 0.5316441578125 0.14489962812499999
10 0.45848280468749997 0.24333149375000002 0.45453343437499993 0.24103875000000002 0.4432492609375 0.26061528125 0.447159453125 0.2628937609375 0.45848280468749997 0.24333149375000002
7 0.5126849390625 0.1731016359375 0.4903397734375 0.1608709109375 0.44912914062500003 0.23223059531249998 0.4557554546875 0.2361332140625 0.45596007031249997 0.23577797031249997 0.47145489375 0.244720721875 0.5126849390625 0.1731016359375
2 0.48863747343749997 0.27047821875 0.464029790625 0.25628634687499996 0.42325666406250007 0.327196103125 0.45016099687500005 0.342728528125 0.49117166093750003 0.2717140640625 0.48879199531250006 0.2703177359375 0.48863747343749997 0.27047821875
1 0.2233445609375 0.668083159375 0.223746709375 0.668295878125 0.221948771875 0.6714431484375 0.230314540625 0.6761586609375 0.2323615640625 0.6726421734375 0.23264349218749997 0.6728047671875 0.24808181718750003 0.6459678765625 0.2478675546875 0.6458101015625 0.2505357453125 0.6411879218750001 0.2421890609375 0.636365565625 0.239789890625 0.6405103765625 0.2394138828125 0.6403090437500001 0.2233445609375 0.668083159375
1 0.753407240625 0.3921673296875 0.7376613453124999 0.41955529687500004 0.7476633406250001 0.4252570015625 0.769769065625 0.3869511578125 0.760407646875 0.3816114203125 0.75407710625 0.3925501796875 0.753407240625 0.3921673296875
2 0.8764296437500001 0.20013311093750003 0.8459069875 0.18244654062500001 0.8143303265625 0.23712078593750002 0.8351050796875 0.2491160265625 0.8348017484374999 0.24962327968750003 0.8446094937499999 0.2552454140625 0.8764296437500001 0.20013311093750003
7 0.784623296875 0.2594814203125 0.74910649375 0.23872115156249998 0.7017114875 0.3207773046875 0.7374123 0.341558325 0.7778711140625 0.27168339218750004 0.77766760625 0.2715549578125 0.784623296875 0.2594814203125
13 0.397475565625 0.9229949062499999 0.37956756875000003 0.9125725859375 0.3639772390625 0.9396349374999999 0.3817205546875 0.9502018281250001 0.397475565625 0.9229949062499999
10 0.7199016734375 0.334658153125 0.7149714375 0.33185325468750004 0.704953696875 0.3492042390625 0.7097518125 0.3520146296875 0.7128148359375001 0.34670986875 0.7129010671875 0.3467807734375 0.7199016734375 0.334658153125
2 0.87772024375 0.19789903749999999 0.8982157640624999 0.16242269375 0.8686015203125 0.1431909796875 0.847277184375 0.1802362125 0.87772024375 0.19789903749999999
10 0.760479115625 0.230194159375 0.7546988921875 0.2268763953125 0.7496480234375 0.23560938281250002 0.755349496875 0.2390455453125 0.760479115625 0.230194159375
10 0.6850859296875 0.369980634375 0.66996144375 0.361308190625 0.664204565625 0.371263178125 0.679323909375 0.38001239375 0.6850859296875 0.369980634375
6 0.848464028125 0.1489137546875 0.8305478765625001 0.13856997499999998 0.8125141093750001 0.169808009375 0.8311633203125 0.1804918375 0.8450864265625 0.1563467859375 0.8443637671875001 0.1559706390625 0.848464028125 0.1489137546875
10 0.828771940625 0.1358796390625 0.8365472687500001 0.1223747046875 0.83303009375 0.120090625 0.8251045296875 0.13382403125 0.828771940625 0.1358796390625
3 0.6777678078125 0.38236841250000003 0.6661792828124999 0.3756326765625 0.6451595578125 0.412096965625 0.6700798015625 0.42654770781250007 0.6869124640625001 0.39727396718749997 0.673578940625 0.3896248578125 0.6777678078125 0.38236841250000003
10 0.860306765625 0.1526473625 0.8665389140625 0.1418515078125 0.857157596875 0.135759209375 0.8507116765625 0.1469416234375 0.860306765625 0.1526473625
10 0.7354466921875 0.343018690625 0.7212848453125 0.334820484375 0.714150715625 0.3471917453125 0.7283658515625 0.3553165 0.7354466921875 0.343018690625
13 0.69100769375 0.37389520625 0.6860682171875 0.37107871718749996 0.6765778453125 0.38748852500000003 0.7010295671875 0.4016853078125 0.723258821875 0.36320071875000004 0.7035685140625 0.352077403125 0.69100769375 0.37389520625
2 0.7577167734375 0.380212340625 0.7561190234375 0.379290259375 0.75590225 0.3793916828125 0.725783709375 0.362081196875 0.724838259375 0.3637178 0.7247264453125 0.36371784687500003 0.700730740625 0.405301221875 0.687629928125 0.39775852343749996 0.6706982531250001 0.42694374531249996 0.715752625 0.45291594531249996 0.7577167734375 0.380212340625
13 0.8496119249999999 0.145806384375 0.8559074546875 0.13494735625 0.8377698921875 0.12316868750000001 0.8311148968750001 0.1346959984375 0.8496119249999999 0.145806384375
11 0.7461062359375 0.4280334234375 0.7357934296875001 0.4221820421875 0.717501503125 0.453863509375 0.7277361203125 0.4597721734375 0.7461062359375 0.4280334234375
8 0.7925526703125 0.270460353125 0.80985928125 0.24063179843750002 0.809586525 0.24047516249999998 0.8589641875 0.1549557390625 0.8493125828125001 0.149127596875 0.778415978125 0.27201487343749997 0.777933028125 0.2717142828125 0.7291804749999999 0.35584366093750003 0.7293379671875 0.35589377031249997 0.7286230546875 0.35713234531250004 0.7587736234375 0.374907040625 0.758760596875 0.3750848875 0.7712039765625 0.3823776359375 0.8250358828125 0.28918165 0.7925526703125 0.270460353125
10 0.8293280234375 0.182012609375 0.8114506421875 0.17164929375 0.798972525 0.193245071875 0.8168696687500001 0.2035578765625 0.8293280234375 0.182012609375
2 0.81539371875 0.20569580156249997 0.785803325 0.1888400828125 0.7573026031250001 0.23823845000000002 0.7698376828125 0.24551622499999998 0.7701059875 0.24505143125 0.787021775 0.2547753765625 0.81539371875 0.20569580156249997
10 0.842463665625 0.25901445624999997 0.8114502234375 0.2415643625 0.7957444453125 0.2688647359375 0.8264852796875 0.2866743609375 0.842463665625 0.25901445624999997
1 0.7063615484375 0.3276312828125 0.6946554390624999 0.32088439375 0.6726292921875 0.3588525359375 0.6914748109375 0.369678753125 0.7137917859375 0.3310648234375 0.7067504234374999 0.32695787656249997 0.7063615484375 0.3276312828125
7 0.437477546875 1 0.45583105625 0.9681387390625 0.41534846875 0.9444647859374999 0.3831996296875 1 0.437477546875 1
10 0.4525172421875 0.8519427625 0.438405959375 0.8437326781250001 0.4231589109375 0.870114371875 0.43730629062500004 0.8783348562500001 0.4525172421875 0.8519427625
6 0.43762093125 0.8806016015625 0.4221808359375 0.8717409671875 0.4040616984375 0.9030875093749999 0.418509353125 0.9114825015625 0.4225910625 0.9043968031249999 0.42356035312499996 0.9049554703125 0.43762093125 0.8806016015625
10 0.4170290171875 0.9139398890624999 0.388078784375 0.8972316125 0.381019303125 0.909539565625 0.4099259671875 0.9262288640625 0.4170290171875 0.9139398890624999
10 0.43638872656250005 0.9396785296875001 0.4338524890625 0.938236415625 0.43069856093750003 0.943729928125 0.4332479546875 0.9451489140625 0.43638872656250005 0.9396785296875001
3 0.33119631875 0.9798913359375 0.351819921875 0.9440025953125 0.3313814046875 0.9321809953125 0.31072839218750004 0.9680748578125 0.33119631875 0.9798913359375
1 0.4370238234375 0.9353755421875001 0.4404436625 0.9373504875 0.43510487031249995 0.94646659375 0.451116503125 0.9555344390625 0.47713834843749997 0.9104638671874999 0.45780410937499993 0.8993258609374999 0.4370238234375 0.9353755421875001
10 0.3831233921875 0.9510252765624999 0.392321575 0.9565217 0.4084318953125 0.9287332234375001 0.399095684375 0.923363278125 0.3831233921875 0.9510252765624999
13 0.36622263906249997 1 0.3898905328125 0.958847953125 0.36773919843749997 0.9461581000000001 0.3440228765625 0.9872969171875001 0.366026159375 1 0.36622263906249997 1
2 0.512992675 0.84485911875 0.48295829531249995 0.8275194484374999 0.4499536625 0.8847167593749999 0.4589357515625 0.8899033125000001 0.4590144875 0.88974764375 0.48001255625 0.9019326187500001 0.512992675 0.84485911875
2 0.4931778953125 0.7813381671874999 0.4655275921875 0.7652933578125001 0.42628160312499996 0.8333494781249999 0.4399304640625 0.84116424375 0.4398143515625 0.8413832046874999 0.4538752796875 0.8494786140624999 0.4931778953125 0.7813381671874999
10 0.45767144374999996 0.892197309375 0.44776510937499997 0.8865577281249999 0.4157019703125 0.9418978875 0.42561440624999997 0.9477202874999999 0.45767144374999996 0.892197309375
10 0.36676198437499996 0.9449776109375 0.360834925 0.941558903125 0.357978121875 0.9464256203125 0.36392635156250003 0.9498748453125 0.36676198437499996 0.9449776109375
8 0.381978775 1 0.48192776875 0.8269862218749999 0.47206414218750004 0.8211862046875 0.3690342765625 1 0.381978775 1
10 0.19281120000000002 0.79908665625 0.190796125 0.7978432578125 0.1876002265625 0.8033784484375 0.18966484687500001 0.8045254703125 0.19281120000000002 0.79908665625
2 0.2397999140625 0.6350096578125 0.222029646875 0.6246879578125 0.18276509218749998 0.6926779921875 0.21032882812499998 0.7089479062499999 0.2279371796875 0.678407990625 0.218065396875 0.6726865140625 0.2397999140625 0.6350096578125
3 0.0878303421875 0.791591403125 0.0829751890625 0.7999857234375 0.08306404218749999 0.8000583296875 0.0724045578125 0.8184979203125 0.0922469796875 0.8313837390625001 0.1083897640625 0.8033760078125001 0.0878303421875 0.791591403125
10 0.1311582640625 0.8341303984374999 0.12169086874999999 0.8505048234375 0.12617382500000002 0.8534160890625 0.1357518875 0.8368024000000001 0.1311582640625 0.8341303984374999
10 0.2091384734375 0.71108499375 0.1942080125 0.7025814015625 0.1788530453125 0.7290346046875 0.1937849984375 0.737662128125 0.2091384734375 0.71108499375
10 0.17350829843749999 0.77338676875 0.15889964375 0.7650101859375 0.1447056578125 0.7565544984375 0.13750028593750002 0.7689838250000001 0.1664043984375 0.7856770546875 0.17350829843749999 0.77338676875
0 0.4639152453125 0 0.0134565 0.780216603125 0.2386605140625 0.9264658000000001 0.366025396875 1 0.5360847546875 1 0.9865435 0.21978339687499998 0.7613394859375 0.07353420000000001 0.633974603125 0 0.4639152453125 0
2 0.2591493359375 0.69832341875 0.2394268203125 0.6869369890625 0.2066111109375 0.7438433859375 0.226209453125 0.75528331875 0.2591493359375 0.69832341875
1 0.21241428125 0.756802521875 0.20368547499999998 0.7518829218749999 0.2010830671875 0.7563894609374999 0.20080403125 0.756251103125 0.2000823109375 0.7575001609375 0.199893353125 0.75739235625 0.18011672343750001 0.7917444921875 0.1802553046875 0.791843803125 0.1795390828125 0.7930815265625 0.179771146875 0.7932061484374999 0.177176346875 0.7977325328125 0.18576968437500002 0.802631228125 0.1911566125 0.7933377171875 0.191505184375 0.7935640828125 0.212423484375 0.75735065 0.21219730781249999 0.757211221875 0.21241428125 0.756802521875