10 0.1298640625 0.549396875 0.12911875 0.5505734375 0.121828125 0.545865625 0.1226515625 0.5446093750000001 0.12174375 0.5440343750000001 0.10692968750000001 0.5667203125 0.11612031249999999 0.5727156250000001 0.130803125 0.549978125 0.1298640625 0.549396875
3 0.11766406250000001 0.5414890625 0.1168765625 0.54265 0.1113796875 0.5391046875 0.112171875 0.5378000000000001 0.108171875 0.5352765625 0.093315625 0.5580765624999999 0.10608124999999999 0.56624375 0.12085781250000001 0.5435156250000001 0.11766406250000001 0.5414890625
7 0.22227031249999998 0.61854375 0.21715625 0.626540625 0.22347812500000003 0.6306203125 0.2233203125 0.6308640624999999 0.2275171875 0.6336515625 0.2266671875 0.6349609375 0.22315468749999998 0.6327359375 0.2075578125 0.6566875 0.2111046875 0.65901875 0.21021718749999999 0.66045 0.22993437499999997 0.6732921875 0.2568015625 0.6317703125 0.251809375 0.628559375 0.251021875 0.6297390625 0.2366640625 0.6202953124999999 0.23742187499999998 0.6191578125 0.22984062500000002 0.614203125 0.22559999999999997 0.6207625 0.22227031249999998 0.61854375
2 0.1579515625 0.6817375 0.1572125 0.68309375 0.1596671875 0.6846890625000001 0.1785546875 0.6557046875 0.1609171875 0.644246875 0.1420765625 0.673265625 0.14458125 0.674859375 0.145378125 0.6736328125 0.1579515625 0.6817375
10 0.177609375 0.6184624999999999 0.1745953125 0.6231390625000001 0.18414999999999998 0.6294484375 0.18719687499999998 0.624759375 0.177609375 0.6184624999999999
13 0.1742296875 0.6249296875 0.1621890625 0.6433625000000001 0.1712109375 0.64911875 0.1830953125 0.63070625 0.1742296875 0.6249296875
10 0.5334203125 0.838559375 0.5317015625 0.841203125 0.5366890625 0.8445031249999999 0.5384234375 0.8418078124999999 0.5334203125 0.838559375
2 0.501028125 0.80105 0.5017578125 0.7998921875 0.49319375 0.7943875 0.49234062500000003 0.7956375 0.483903125 0.790153125 0.484671875 0.788915625 0.4838828125 0.788403125 0.466721875 0.8150015625 0.4818140625 0.82474375 0.47876874999999997 0.8294 0.4840109375 0.8328625000000001 0.5035453125 0.8026859375000001 0.501765625 0.8015281249999999 0.501028125 0.80105
10 0.46054375 0.7689046875 0.4539046875 0.779053125 0.4564375 0.780628125 0.463040625 0.770459375 0.46054375 0.7689046875
10 0.527290625 0.8346265624999999 0.525621875 0.8372609375 0.530878125 0.8406953125 0.5325765625 0.8380593749999999 0.527290625 0.8346265624999999
10 0.46415468750000005 0.808684375 0.4616234375 0.8125359375000001 0.46487187499999993 0.814665625 0.4673953125 0.8108046874999999 0.46415468750000005 0.808684375
10 0.4201671875 0.759028125 0.4184609375 0.7616562499999999 0.4237609375 0.7651796875 0.42545781250000003 0.7625234375 0.4201671875 0.759028125
7 0.548246875 0.874421875 0.5473874999999999 0.875784375 0.561703125 0.885203125 0.57470625 0.8650921874999999 0.5716593750000001 0.8630531250000001 0.5795874999999999 0.8508437499999999 0.5863984375 0.8552046875 0.597390625 0.83825625 0.5910921874999999 0.8339609375 0.59020625 0.8353265625 0.5793546875 0.828278125 0.5801578125 0.8270421875 0.578471875 0.8259859374999999 0.56794375 0.8421515625 0.5646328125 0.84005625 0.54463125 0.8721343750000001 0.548246875 0.874421875
10 0.5796109375 0.8522718749999999 0.5729703125000001 0.86241875 0.5755046875 0.8639921875000001 0.58210625 0.853825 0.5796109375 0.8522718749999999
10 0.40818750000000004 0.7512515625 0.40651875000000004 0.7538843749999999 0.411775 0.75731875 0.41347187500000004 0.7546828125 0.40818750000000004 0.7512515625
10 0.385534375 0.7202468750000001 0.378896875 0.73039375 0.3814296875 0.7319671875 0.3880328125 0.7218 0.385534375 0.7202468750000001
2 0.33523593749999997 0.78594375 0.33442343750000003 0.7871937499999999 0.33866406250000003 0.7899484375 0.35751875 0.7609453125 0.33713906250000003 0.7478234375 0.3183640625 0.7767328124999999 0.3236671875 0.7801234375 0.3244 0.7789328125 0.33523593749999997 0.78594375
10 0.34700156249999997 0.7327343749999999 0.34446875 0.7365875 0.34771562500000003 0.738715625 0.35023593750000004 0.7348578125 0.34700156249999997 0.7327343749999999
10 0.5391781250000001 0.8422984375 0.5374703125 0.844928125 0.54276875 0.8484515625 0.5444656250000001 0.84579375 0.5391781250000001 0.8422984375
13 0.3450265625 0.7388640625 0.33944843750000003 0.7473640625 0.344871875 0.750828125 0.350346875 0.7424203125 0.3450265625 0.7388640625
6 0.39396718750000004 0.74879375 0.3850078125 0.7626796875 0.3937921875 0.7682218749999999 0.40271718749999996 0.754371875 0.39396718750000004 0.74879375
8 0.4801796875 0.8878078125 0.49970625 0.8577078124999999 0.5059890625000001 0.861815625 0.5119453125 0.8526765624999999 0.47805 0.8305484375000001 0.4720640625 0.8397 0.4786171875 0.8438359375 0.4589796875 0.8740109374999999 0.4614671875 0.8755640625 0.46229375 0.87435625 0.47843125000000003 0.88489375 0.477640625 0.88613125 0.4801796875 0.8878078125
8 0.361090625 0.8045562500000001 0.3806125 0.774459375 0.3868984375 0.7785656249999999 0.39285312499999997 0.769425 0.35895625 0.747296875 0.3529734375 0.756446875 0.3595234375 0.760584375 0.3398875 0.790759375 0.34237656250000004 0.7923140625 0.3432 0.7911046875000001 0.359384375 0.801671875 0.3585640625 0.8029578125000001 0.361090625 0.8045562500000001
6 0.42495781250000003 0.7687734374999999 0.4159984375 0.7826578125 0.4247859375 0.788203125 0.43370781249999996 0.7743515624999999 0.42495781250000003 0.7687734374999999
11 0.4790078125 0.7553625 0.46879687499999995 0.7710125 0.4753140625 0.775384375 0.48558593749999995 0.7595296874999999 0.4790078125 0.7553625
2 0.505934375 0.8633734375 0.5027203124999999 0.8683859375 0.50208125 0.867971875 0.50535 0.8629390625 0.49988593750000004 0.8591578125 0.481003125 0.88833125 0.4835625 0.8899374999999999 0.4843984375 0.8886765625 0.4952109375 0.8957265624999999 0.49442812500000005 0.896965625 0.49692968750000005 0.8985609374999999 0.5157171875000001 0.8697265625 0.505934375 0.8633734375
7 0.4292296875 0.791053125 0.428371875 0.7924171875 0.4426875 0.8018328125 0.45569218749999996 0.7817234375 0.45264375 0.77968125 0.460571875 0.7674734375 0.4673859375 0.7718359375 0.478378125 0.7548859375 0.472078125 0.75059375 0.47119218749999997 0.75195625 0.4603390625 0.744909375 0.46114375 0.743671875 0.45945625 0.7426171874999999 0.4489296875 0.75878125 0.4456171875 0.7566890625 0.42561406249999995 0.7887671875 0.4292296875 0.791053125
13 0.5763671875 0.8949843749999999 0.5774703125 0.8932015625 0.579884375 0.8948171874999999 0.581921875 0.8916546875 0.5720125 0.88531875 0.5633734375 0.8986218750000001 0.5702984375 0.9031671875 0.5758375 0.8946640625000001 0.5763671875 0.8949843749999999
10 0.44767343750000005 0.7520453125000001 0.446334375 0.7541156250000001 0.44879375 0.755821875 0.45023749999999996 0.7536875000000001 0.44767343750000005 0.7520453125000001
4 0.5685171875 0.8091781250000001 0.5573390625 0.8263640625 0.5706265625 0.83496875 0.581790625 0.8177515625 0.5685171875 0.8091781250000001
10 0.5668359374999999 0.8353093749999999 0.5654328125 0.8374703125 0.567971875 0.8390171875 0.5692609375 0.83694375 0.5668359374999999 0.8353093749999999
2 0.3619015625 0.8049593749999999 0.364446875 0.8066359375 0.36524531250000003 0.8054328125 0.37611249999999996 0.8125125000000001 0.37529375 0.8137984375 0.3777890625 0.815371875 0.396528125 0.7864078125 0.3863109375 0.7797031249999999 0.3806671875 0.7760625 0.3619015625 0.8049593749999999
13 0.350734375 0.7425015625 0.34521718749999997 0.7511078125 0.3522390625 0.7556265625 0.360925 0.7422093750000001 0.3510953125 0.73580625 0.34904375 0.7389203125 0.3514359375 0.7404734375 0.3503015625 0.7422625 0.350734375 0.7425015625
13 0.5763 0.8949468749999999 0.5707187499999999 0.9034515624999999 0.5761437500000001 0.9069109375 0.58161875 0.8985046875 0.5763 0.8949468749999999
13 0.531115625 0.8503812500000001 0.5191078124999999 0.8688703125 0.52794375 0.8745609375000001 0.539884375 0.856146875 0.531115625 0.8503812500000001
2 0.5533406249999999 0.933521875 0.5525578125 0.9348593749999999 0.5577687499999999 0.938196875 0.576584375 0.9092234375 0.5563265625 0.8960203124999999 0.5374749999999999 0.9249859375 0.5417234375 0.927778125 0.5424859375 0.9265125 0.5533406249999999 0.933521875
13 0.5196734375000001 0.8429890625 0.507665625 0.861478125 0.5165062500000001 0.8671671875 0.528446875 0.8487562499999999 0.5196734375000001 0.8429890625
4 0.4494546875 0.72579375 0.43827812499999996 0.7429765625 0.4515640625 0.7515828124999999 0.4627296875 0.7343640625 0.4494546875 0.72579375
10 0.5046203125 0.8035390625 0.49798125000000004 0.813684375 0.5005109375 0.8152609375000001 0.507115625 0.8050906250000001 0.5046203125 0.8035390625
2 0.43426875000000004 0.8502734375 0.4334859375 0.8516125000000001 0.43869375 0.854953125 0.4575125 0.8259765625 0.43725312499999996 0.8127765625000001 0.4184015625 0.8417390625 0.42264843750000003 0.8445328125 0.42341249999999997 0.8432671875000001 0.43426875000000004 0.8502734375
7 0.38935 0.7212953125 0.381459375 0.7335812500000001 0.378403125 0.7314984375 0.3654421875 0.75146875 0.3796765625 0.760796875 0.380484375 0.759528125 0.38414375 0.7617328125 0.3926046875 0.748678125 0.393221875 0.7491 0.40527968750000004 0.730475 0.40199843749999997 0.7282968750000001 0.41255625 0.7120390624999999 0.41089374999999995 0.7110093749999999 0.4100625 0.7122375 0.39921093750000003 0.705240625 0.400065625 0.7039515625 0.39366406249999997 0.69986875 0.38263125 0.7168578125 0.38935 0.7212953125
13 0.45718437500000003 0.81161875 0.45160625000000004 0.8201218750000001 0.45703125 0.823584375 0.462503125 0.8151765624999999 0.45718437500000003 0.81161875
5 0.5248015625 0.8366906249999999 0.527296875 0.8329281249999999 0.5460828125 0.84508125 0.543590625 0.84896875 0.5528171875 0.8550093750000001 0.5659578125 0.8348015625 0.5560328125 0.8283578125 0.5533203125 0.8326125 0.5490625 0.8298484374999999 0.56575 0.8042093749999999 0.5686546875 0.806071875 0.5778921875 0.7917953125 0.5481859375 0.7724578125 0.538859375 0.78679375 0.5587796875000001 0.7997078125 0.5421125 0.8254515625 0.525884375 0.8147718749999999 0.5154796875 0.8306890625 0.5248015625 0.8366906249999999
10 0.53355 0.8453390625000001 0.5313890625 0.848684375 0.5410375000000001 0.8549296875 0.5431578125 0.8516421875000001 0.53355 0.8453390625000001
13 0.40058125 0.759653125 0.388575 0.7781421875000001 0.3974109375 0.783834375 0.40935156250000004 0.765421875 0.40058125 0.759653125
10 0.26594531250000003 0.637684375 0.2650953125 0.63895 0.25780625 0.634178125 0.25859062499999996 0.6329484375 0.2576578125 0.6324046875 0.242965625 0.6551171874999999 0.252134375 0.66093125 0.2668484375 0.6382531250000001 0.26594531250000003 0.637684375
13 0.103153125 0.5661921875 0.09833906249999999 0.5735703125 0.10691874999999999 0.5790828125 0.11169375 0.57179375 0.103153125 0.5661921875
11 0.2170828125 0.605828125 0.2083421875 0.6193109375 0.21705468749999998 0.6249281250000001 0.22571875000000002 0.6115390625 0.2170828125 0.605828125
10 0.177409375 0.605234375 0.17279843749999999 0.6123703125 0.1778171875 0.615596875 0.18239375 0.608471875 0.177409375 0.605234375
2 0.1765109375 0.693859375 0.17575000000000002 0.6951421875 0.17825156250000002 0.6967453124999999 0.197071875 0.66769375 0.1792953125 0.6562328125 0.1605125 0.6852390625 0.16310625 0.6869109375 0.16387968749999998 0.685615625 0.1765109375 0.693859375
7 0.508484375 0.8046109375 0.5005921875 0.8168984375000001 0.49753749999999997 0.8148156249999999 0.48459062499999994 0.8346734375 0.4988125 0.8441124999999999 0.49961874999999994 0.8428421875 0.503278125 0.8450484375 0.5117406250000001 0.8319921875 0.5123578125 0.8324171874999999 0.5244171875 0.813790625 0.521134375 0.8116109375 0.531690625 0.79535625 0.5300296875 0.7943265625 0.529196875 0.79555625 0.5183453124999999 0.78855625 0.5191984374999999 0.78726875 0.5127984375 0.783184375 0.5017640625 0.800175 0.508484375 0.8046109375
13 0.46977343749999995 0.825778125 0.46425625000000004 0.834384375 0.47127968750000004 0.8389046875 0.479965625 0.8254859375000001 0.4701328125 0.8190828124999999 0.468084375 0.822196875 0.470475 0.8237500000000001 0.46934375 0.8255390625000001 0.46977343749999995 0.825778125
11 0.50543125 0.778371875 0.49521875 0.7940203125 0.5017359375 0.7983921875 0.51200625 0.782540625 0.50543125 0.778371875
13 0.4572953125 0.811690625 0.4584 0.8099093749999999 0.46081562500000006 0.8115249999999999 0.462853125 0.8083625 0.4529421875 0.8020234374999999 0.4443015625 0.815328125 0.451228125 0.8198718749999999 0.45676562499999995 0.81136875 0.4572953125 0.811690625
12 0.418825 0.7058484375 0.4049125 0.727159375 0.42441874999999996 0.7399296875 0.43829531250000003 0.718525 0.418825 0.7058484375
10 0.5831296874999999 0.8921296875 0.5805984375000001 0.89598125 0.583846875 0.8981125000000001 0.586365625 0.8942515625 0.5831296874999999 0.8921296875
11 0.3863421875 0.6951015625 0.37613281249999997 0.71075 0.382646875 0.715121875 0.392921875 0.6992671875 0.3863421875 0.6951015625
2 0.483621875 0.7840703125 0.475184375 0.7786234375000001 0.47604375 0.7773 0.467528125 0.77163125 0.4667171875 0.77291875 0.4642328125 0.7712687500000001 0.4445546875 0.8013046875000001 0.44984999999999997 0.8047453125 0.45279687500000004 0.8000562499999999 0.4680375 0.809778125 0.48526406250000004 0.7832874999999999 0.4843828125 0.7827843750000001 0.483621875 0.7840703125
6 0.5439578125 0.8519890625000001 0.5349984375 0.8658734375 0.5437859375 0.8714203125 0.5527062500000001 0.8575687500000001 0.5439578125 0.8519890625000001
10 0.403396875 0.75493125 0.4012421875 0.7582234375 0.41091718750000006 0.764425 0.413021875 0.761140625 0.403396875 0.75493125
6 0.513115625 0.832084375 0.5041546875 0.8459687499999999 0.5129406249999999 0.8515140625000001 0.5218625 0.837665625 0.513115625 0.832084375
10 0.522428125 0.83821875 0.5202765625 0.841509375 0.5299515625 0.8477109374999999 0.532053125 0.8444296874999999 0.522428125 0.83821875
10 0.5651515625 0.8069421875 0.55126875 0.8282640625000001 0.55315 0.8294859375 0.567009375 0.8081703125 0.5651515625 0.8069421875
13 0.41212031250000003 0.767190625 0.4001125 0.7856796875 0.40895000000000004 0.7913703125 0.4208890625 0.7729578125 0.41212031250000003 0.767190625
2 0.40845000000000004 0.7940625 0.405196875 0.7990734374999999 0.40424375 0.7984890625000001 0.40739843750000004 0.7935171875 0.398109375 0.7874796875000001 0.37927343750000003 0.8163031249999999 0.3817828125 0.8179828125 0.3826015625 0.8166968750000001 0.39343125 0.8237296875 0.392634375 0.82495625 0.39514218749999996 0.826584375 0.4138921875 0.797696875 0.40845000000000004 0.7940625
2 0.38190625 0.7178171875 0.3826359375 0.7166625 0.3740703125 0.7111562499999999 0.37321875000000004 0.71240625 0.3647796875 0.706921875 0.3655484375 0.70568125 0.3647609375 0.7051703125000001 0.3476015625 0.7317703125 0.36269375 0.7415109375 0.3596453125 0.74616875 0.36488906249999997 0.7496296874999999 0.3844234375 0.7194515625 0.3826421875 0.7182953125 0.38190625 0.7178171875
10 0.4461734375 0.7235671875 0.432290625 0.7448921875 0.434171875 0.7461140625 0.44803125 0.7247984375 0.4461734375 0.7235671875
10 0.4660125 0.81603125 0.4634828125 0.819884375 0.4667296875 0.8220140625000001 0.4692484375 0.8181546875000001 0.4660125 0.81603125
2 0.602746875 0.8672640625 0.594309375 0.8618171875 0.595171875 0.8604906250000001 0.58665625 0.8548234375 0.58584375 0.8561125 0.5833609375 0.8544640625 0.5636828125 0.8844984374999999 0.568978125 0.8879374999999999 0.571925 0.8832484375 0.5870875 0.893121875 0.6043937500000001 0.8664781250000001 0.603509375 0.865975 0.602746875 0.8672640625
8 0.5361359375 0.9242984375000001 0.5556625000000001 0.8941984375 0.56194375 0.8983062500000001 0.5679000000000001 0.8891671875 0.5340046875 0.8670390625 0.5280203125 0.8761906249999999 0.5345718749999999 0.8803265625 0.5149359375 0.9104984375 0.517534375 0.9122187500000001 0.518475 0.9107703125000001 0.5346984375 0.9213859375 0.533853125 0.922775 0.5361359375 0.9242984375000001
8 0.4173125 0.841021875 0.43683750000000005 0.8109234375 0.44312031249999995 0.81503125 0.44898437500000005 0.8060640625 0.41518125 0.7837609375000001 0.409196875 0.7929140625 0.4157484375 0.79705 0.3961125 0.8272234375 0.3985984375 0.8287828125000001 0.39942500000000003 0.827571875 0.41556249999999995 0.8381093749999999 0.4147390625 0.8394390625 0.4173125 0.841021875
12 0.5377953125 0.7890875 0.5238796875 0.8103999999999999 0.5433859375 0.8231734375 0.5572609374999999 0.801765625 0.5377953125 0.7890875
2 0.52749375 0.8773828124999999 0.5242390625 0.88239375 0.5232859375000001 0.8818078125 0.5264390624999999 0.8768375 0.5171515624999999 0.8707984375000001 0.4983171875 0.8996234375000001 0.5008250000000001 0.9013046875 0.50164375 0.9000171874999999 0.5124734375 0.9070499999999999 0.511678125 0.908275 0.5141843749999999 0.9099031249999999 0.532934375 0.8810171875 0.52749375 0.8773828124999999
11 0.5982265625000001 0.8386625000000001 0.5880140625 0.854309375 0.59453125 0.8586828125 0.6048015625 0.8428265625 0.5982265625000001 0.8386625000000001
5 0.433865625 0.771775 0.44700468750000005 0.75156875 0.43708125000000003 0.745125 0.4343703125 0.7493796875000001 0.4301125 0.7466140625000001 0.445259375 0.723071875 0.438353125 0.718484375 0.423159375 0.7422187499999999 0.4069359375 0.7315359375 0.3965296875 0.747453125 0.40585000000000004 0.7534578125 0.40834374999999995 0.7496953125 0.4271296875 0.7618437499999999 0.424640625 0.765734375 0.433865625 0.771775
10 0.4143171875 0.755240625 0.4126 0.7578859375 0.4175859375 0.7611859375 0.41932187499999996 0.7584906250000001 0.4143171875 0.755240625
13 0.46401250000000005 0.82210625 0.45843437500000006 0.83060625 0.46385624999999997 0.834071875 0.4693328125 0.8256625 0.46401250000000005 0.82210625
2 0.45435625 0.8691109375 0.45354374999999997 0.8703609374999999 0.457784375 0.8731140625 0.4766390625 0.8441109375 0.45625937499999997 0.8309890624999999 0.4374828125 0.859903125 0.4427890625 0.863290625 0.4435203125 0.8621000000000001 0.45435625 0.8691109375
10 0.41449375 0.7620796875 0.41234374999999995 0.76536875 0.42201562499999995 0.771571875 0.42412031250000004 0.768290625 0.41449375 0.7620796875
7 0.14551562499999998 0.5819109375 0.1385296875 0.5926515625000001 0.153725 0.6025390625 0.1607921875 0.5916109374999999 0.14551562499999998 0.5819109375
7 0.20744375 0.622109375 0.20041875 0.6327375 0.2156015625 0.6427359375 0.22239218749999998 0.6321296875 0.20744375 0.622109375
13 0.162753125 0.6175265624999999 0.15065937499999998 0.6358625 0.15959375 0.6416390625 0.17154375 0.623184375 0.162753125 0.6175265624999999
7 0.12895 0.605709375 0.1445515625 0.5817078125 0.140921875 0.5793734374999999 0.1418859375 0.57795625 0.1525578125 0.5848859375 0.1578453125 0.57668125 0.1543109375 0.5744640624999999 0.15860000000000002 0.5679937500000001 0.1511828125 0.56315625 0.15033125 0.5644218750000001 0.1358921875 0.555065625 0.1368 0.55375625 0.13175781250000002 0.5505625000000001 0.1048875 0.5919828125000001 0.12444531249999999 0.6047671875 0.1253875 0.603315625 0.12895 0.605709375
6 0.156225 0.6046296875 0.14759843749999998 0.618 0.1567953125 0.6239734375 0.1654921875 0.610646875 0.156225 0.6046296875
5 0.195775 0.6153671875 0.190303125 0.6237921875 0.199503125 0.6296625 0.2128390625 0.609128125 0.1982515625 0.5996546875 0.1965359375 0.6022093749999999 0.1949546875 0.6011828125 0.21163906250000003 0.5754890625 0.22416874999999997 0.583584375 0.2349171875 0.5669453125 0.21563906249999998 0.5542515625 0.1881078125 0.5967625 0.16865312500000001 0.5841015625 0.1569765625 0.6020828125000001 0.166109375 0.6080140625 0.1714984375 0.5996015625 0.195775 0.6153671875
11 0.1628296875 0.5707203125 0.1540859375 0.5842031249999999 0.1627984375 0.5898203125 0.1714640625 0.5764296875 0.1628296875 0.5707203125
12 0.183925 0.560559375 0.17005625 0.5818890624999999 0.1894515625 0.5945171874999999 0.203403125 0.5731453125 0.183925 0.560559375
10 0.16649375 0.61128125 0.16341875 0.6160593750000001 0.1730859375 0.622196875 0.1761015625 0.6175531249999999 0.16649375 0.61128125
13 0.098071875 0.5739515625 0.09324687499999999 0.581409375 0.1018703125 0.5869515625 0.106671875 0.5796218750000001 0.098071875 0.5739515625
6 0.1378375 0.5937812499999999 0.1295296875 0.6065109375 0.14669375 0.6176578125 0.15495781250000001 0.6049562500000001 0.1378375 0.5937812499999999
8 0.1034890625 0.6482359375 0.12301718749999999 0.6181671875 0.1497390625 0.6354062500000001 0.1561 0.62548125 0.10484843749999999 0.592 0.08153906250000001 0.627896875 0.08065625 0.6273234375000001 0.077915625 0.6315125 0.0822578125 0.634390625 0.0830671875 0.6330843749999999 0.10098125 0.64471875 0.10017499999999999 0.6460250000000001 0.1034890625 0.6482359375
6 0.1981390625 0.6318078125000001 0.1893921875 0.6453656249999999 0.20656875000000002 0.6566015625 0.214828125 0.6437968749999999 0.1981390625 0.6318078125000001
4 0.2118046875 0.5786203125 0.1995296875 0.597565625 0.21425 0.60704375 0.2264515625 0.5881890624999999 0.2118046875 0.5786203125
10 0.18913125 0.612846875 0.18448437499999998 0.6199265625 0.189503125 0.6231859375 0.19413125 0.61609375 0.18913125 0.612846875
3 0.2763609375 0.6444484375 0.2755859375 0.6456921875 0.2700609375 0.6420578124999999 0.2708140625 0.6408984375 0.2677375 0.638846875 0.2529265625 0.6616796875000001 0.2656 0.6698125 0.28037812500000003 0.64708125 0.2763609375 0.6444484375
6 0.188221875 0.6254078125 0.17959843749999999 0.638621875 0.18874375000000002 0.6446015625 0.19742500000000002 0.6313234375000001 0.188221875 0.6254078125
13 0.093596875 0.5597000000000001 0.083496875 0.5751765625 0.0928078125 0.58129375 0.10285781249999999 0.5658171875 0.093596875 0.5597000000000001
2 0.226165625 0.721078125 0.22545937500000002 0.7222203125 0.22976562500000003 0.7250171875 0.25406875 0.6876187500000001 0.2321359375 0.67313125 0.20775312499999998 0.7105984375000001 0.2129390625 0.7139656249999999 0.21362343749999999 0.7128859375000001 0.226165625 0.721078125
13 0.25461875 0.6643015625 0.24451874999999998 0.6798296875000001 0.2548328125 0.6864312499999999 0.264840625 0.67098125 0.25461875 0.6643015625
10 0.22647656249999998 0.6121546875 0.2229375 0.617534375 0.22551875 0.6191718749999999 0.2290359375 0.6137765625 0.22647656249999998 0.6121546875
2 0.1388171875 0.669303125 0.138059375 0.6706531250000001 0.14054375 0.672265625 0.159353125 0.6433015625 0.1416953125 0.6317125 0.12285468749999999 0.6608015625 0.125446875 0.662484375 0.1262421875 0.6612078125 0.1388171875 0.669303125
2 0.120390625 0.657290625 0.1195171875 0.6586375 0.122103125 0.6603171875 0.14097500000000002 0.6313046875 0.12312343750000002 0.6197984375 0.10429531249999999 0.6487921875 0.1069390625 0.6504296875 0.10773593749999999 0.649159375 0.120390625 0.657290625
6 0.46054218750000003 0.2060734375 0.45191875000000004 0.21928593749999997 0.4610625 0.22526562499999997 0.46974375 0.2119875 0.46054218750000003 0.2060734375
5 0.44097187499999996 0.1647671875 0.4292953125 0.182746875 0.43842968750000005 0.188678125 0.4438171875 0.18026718749999998 0.46809375 0.1960328125 0.4626234375 0.2044578125 0.4718234375 0.2103265625 0.48515781249999995 0.1897921875 0.47057031250000003 0.18031875 0.46889531250000005 0.1829 0.44097187499999996 0.1647671875
13 0.44654999999999995 0.20559375000000002 0.43450937500000003 0.22402656250000003 0.44353125000000004 0.22978281250000002 0.455415625 0.2113703125 0.44654999999999995 0.20559375000000002
2 0.49848593750000003 0.30174375000000003 0.4977796875 0.30288593750000004 0.5020859375 0.30568125 0.5263890625000001 0.26828281249999997 0.5044546875 0.2537953125 0.480071875 0.2912640625 0.4852578125 0.29463125 0.48594375 0.29355000000000003 0.49848593750000003 0.30174375000000003
4 0.48412499999999997 0.15928437499999998 0.4718484375 0.17822968749999998 0.48657031249999994 0.1877078125 0.49877031250000003 0.168853125 0.48412499999999997 0.15928437499999998
10 0.449928125 0.1991265625 0.44691562500000004 0.2038046875 0.45647031250000003 0.21011406250000003 0.459515625 0.2054234375 0.449928125 0.1991265625
10 0.46144999999999997 0.19351093749999998 0.45680468750000003 0.20059062499999997 0.4618234375 0.20385 0.46645000000000003 0.19675937500000001 0.46144999999999997 0.19351093749999998
0 0.22852187499999999 0 0 0.35189375 0 0.771478125 0.35189375 1 0.771478125 1 1 0.64810625 1 0.22852187499999999 0.64810625 0 0.22852187499999999 0
2 0.347515625 0.2037484375 0.34683593749999997 0.20488749999999997 0.352025 0.20808749999999998 0.3763078125 0.170725 0.35417031250000003 0.156434375 0.32991875 0.19390156249999999 0.334225 0.1966140625 0.334934375 0.1955203125 0.347515625 0.2037484375
3 0.5486796875 0.2251125 0.54790625 0.2263578125 0.5423796875 0.222721875 0.5431328125 0.22156250000000002 0.54005625 0.2195125 0.5252453125 0.2423453125 0.53791875 0.2504765625 0.552696875 0.22774531250000002 0.5486796875 0.2251125
13 0.512815625 0.247090625 0.5080421875 0.25444218749999997 0.5166546875 0.26008125 0.5215 0.2527296875 0.512815625 0.247090625
10 0.4987953125 0.1928203125 0.49525781249999995 0.1982 0.4978375 0.1998359375 0.5013546875 0.19444062499999998 0.4987953125 0.1928203125
10 0.443884375 0.1819890625 0.43929375000000004 0.18913437500000002 0.44428124999999996 0.1924421875 0.44887499999999997 0.1853328125 0.443884375 0.1819890625
10 0.4021828125 0.1300625 0.4014375 0.1312375 0.3941484375 0.1265296875 0.39497187500000003 0.1252734375 0.3940625 0.12469843750000001 0.3792484375 0.14738437499999998 0.3884390625 0.15338125 0.4031234375 0.1306421875 0.4021828125 0.1300625
7 0.49458906249999995 0.1992078125 0.4894765625 0.20720468749999998 0.495796875 0.21128437500000002 0.4956390625 0.21152812499999998 0.49983750000000005 0.214315625 0.4989859375 0.2156265625 0.4954734375 0.2134015625 0.4798765625 0.2373515625 0.483425 0.23968281249999998 0.48253593749999996 0.241115625 0.5022546875 0.2539578125 0.5291203125 0.212434375 0.5241296875 0.209225 0.5233421875000001 0.21040312499999997 0.508984375 0.200959375 0.5097421875 0.19982187499999998 0.502159375 0.19486874999999998 0.49791875 0.20142812499999999 0.49458906249999995 0.1992078125
10 0.3851078125 0.1527578125 0.37495 0.16833437499999998 0.3771015625 0.1696890625 0.38713125000000004 0.154175 0.3851078125 0.1527578125
13 0.3659171875 0.1403640625 0.355815625 0.155840625 0.36512656250000003 0.16195781250000002 0.3751765625 0.1464828125 0.3659171875 0.1403640625
10 0.4388140625 0.1919453125 0.4357390625 0.19672343750000001 0.44540468750000006 0.20286093749999998 0.4484203125 0.19821875 0.4388140625 0.1919453125
10 0.45564218749999996 0.1896015625 0.4509890625 0.1968484375 0.45598906250000004 0.2000953125 0.4606 0.192959375 0.45564218749999996 0.1896015625
6 0.4704578125 0.212471875 0.46171093750000003 0.2260296875 0.47888906249999996 0.2372671875 0.487146875 0.2244609375 0.4704578125 0.212471875
2 0.3927109375 0.23795625 0.3918359375 0.23930156249999998 0.39442343750000003 0.24098125 0.41329374999999996 0.2119703125 0.39544375 0.2004625 0.37661406249999996 0.22945781250000002 0.3792578125 0.2310953125 0.38005625 0.22982343749999998 0.3927109375 0.23795625
10 0.81039375 0.43575468749999996 0.8073703125 0.43379218750000004 0.8047656249999999 0.43778125 0.8078796875 0.43976249999999995 0.81039375 0.43575468749999996
10 0.7590984375 0.3641359375 0.756240625 0.368425 0.76865625 0.37652968750000004 0.7714562500000001 0.3721140625 0.7590984375 0.3641359375
4 0.7737796875 0.32117968750000003 0.7602515624999999 0.3123234375 0.748021875 0.3312703125 0.7616203125000001 0.340134375 0.7737796875 0.32117968750000003
10 0.6748125 0.3477375 0.6718171875000001 0.3457515625 0.6692125 0.349740625 0.6722859375 0.3516953125 0.6748125 0.3477375
10 0.7731984375 0.4016703125 0.7815109375 0.3888859375 0.77821875 0.3867875 0.7788328124999999 0.3857921875 0.7759859375 0.3840359375 0.7670328125 0.39764374999999996 0.7731984375 0.4016703125
10 0.818571875 0.3603296875 0.8108203125 0.3723546875 0.8125828125 0.3735984375 0.8204015625000001 0.36155781249999996 0.818571875 0.3603296875
10 0.7945781249999999 0.42554375 0.7916921875 0.42363125 0.78913125 0.42765312499999997 0.7920328125 0.4295 0.7945781249999999 0.42554375
5 0.7867171875000001 0.32647499999999996 0.7958234375 0.3324640625 0.8066078125 0.3156359375 0.787178125 0.30307968750000003 0.7763656250000001 0.31978125 0.7798203125 0.3219859375 0.7632 0.3477328125 0.7584859374999999 0.3446703125 0.7602234375 0.34209375 0.7572593750000001 0.3401234375 0.7585484375 0.338096875 0.75258125 0.33425937499999997 0.7513203125000001 0.3362671875 0.74671875 0.33334375 0.733609375 0.3536578125 0.742090625 0.3594 0.7458171874999999 0.353678125 0.7731234375 0.3713875 0.7695359374999999 0.376896875 0.77808125 0.3825796875 0.7897015625 0.364796875 0.7700437499999999 0.3522046875 0.7867171875000001 0.32647499999999996
13 0.6966234375 0.34891875 0.70140625 0.3412921875 0.692671875 0.3355796875 0.6875375 0.34321875 0.6966234375 0.34891875
13 0.7493125 0.3751703125 0.7404890625 0.3694890625 0.7280656249999999 0.387853125 0.7374984375 0.394103125 0.7493125 0.3751703125
8 0.7549718750000001 0.45656093750000004 0.7574921875 0.45817500000000005 0.780775 0.422040625 0.7884 0.42706406250000006 0.7948999999999999 0.41713125 0.7561578124999999 0.39199687499999997 0.7497625 0.4019796875 0.756025 0.4060765625 0.73275 0.4420703125 0.7351953124999999 0.443784375 0.7360359375 0.44246718749999997 0.7557296874999999 0.45539375 0.7549718750000001 0.45656093750000004
13 0.8061578125000001 0.42071718750000003 0.797453125 0.41498749999999995 0.7926453125 0.42247031249999994 0.8013390625 0.4281390625 0.8061578125000001 0.42071718750000003
3 0.7102859375 0.30753906249999996 0.7006328125 0.30143125 0.683334375 0.3280609375 0.6929203125 0.33422968750000004 0.7102859375 0.30753906249999996
6 0.766375 0.39697031250000003 0.7752625 0.38337187500000003 0.7655828125 0.3771265625 0.75685 0.390784375 0.766375 0.39697031250000003
10 0.718240625 0.365884375 0.724340625 0.3700359375 0.7332765625000001 0.356225 0.7303453125 0.3544453125 0.72978125 0.35527031249999996 0.7265046875000001 0.3531015625 0.718240625 0.365884375
10 0.77755 0.323478125 0.77524375 0.32208749999999997 0.768528125 0.3323921875 0.7709890625 0.3339203125 0.77755 0.323478125
2 0.6943406249999999 0.3672640625 0.683775 0.36066875 0.6870859375 0.3555703125 0.6822984375 0.352409375 0.6789562499999999 0.3576390625 0.6685265625000001 0.3507796875 0.645734375 0.3858140625 0.6510015625000001 0.38927812500000003 0.65191875 0.387865625 0.66796875 0.398309375 0.6671609375 0.39961718749999997 0.6715390625000001 0.4022859375 0.6943406249999999 0.3672640625
11 0.8474296875 0.3789890625 0.8386796875 0.3733265625 0.8315671874999999 0.3840203125 0.8403625 0.389884375 0.8474296875 0.3789890625
10 0.7357046875 0.306521875 0.728034375 0.3183140625 0.729796875 0.3195578125 0.7375093749999999 0.307646875 0.7357046875 0.306521875
10 0.7703218749999999 0.33485624999999997 0.7680281250000001 0.3333046875 0.7613140625 0.3435359375 0.7637328125 0.345025 0.7703218749999999 0.33485624999999997
13 0.8064171874999999 0.42033906249999997 0.8112703124999999 0.412778125 0.8024609375 0.40693124999999997 0.7974296875 0.4146421875 0.8064171874999999 0.42033906249999997
13 0.69599375 0.3492828125 0.6873781250000001 0.34360625 0.6824796875 0.3509734375 0.6911484375 0.3567859375 0.69599375 0.3492828125
12 0.8049156249999999 0.34129375 0.785434375 0.32868437500000003 0.7716031250000001 0.3501671875 0.7910203124999999 0.36269062500000004 0.8049156249999999 0.34129375
11 0.7174484375 0.2944421875 0.7088171875 0.2888671875 0.701703125 0.2995578125 0.7104984375 0.3054234375 0.7174484375 0.2944421875
2 0.75455625 0.40658593749999994 0.7488953125 0.403009375 0.74563125 0.4082078125 0.744996875 0.407734375 0.748315625 0.402534375 0.7386390625 0.3963109375 0.7158671875 0.43131718750000003 0.7184484375 0.43299374999999996 0.719325 0.431603125 0.730059375 0.4386140625 0.7292953125 0.43987499999999996 0.7319671875 0.44156874999999995 0.75455625 0.40658593749999994
3 0.7976171875 0.4345296875 0.8035343749999999 0.4383109375 0.807409375 0.4323203125 0.8111625 0.4346375 0.8213781250000001 0.4190828125 0.8116765625 0.41314531250000003 0.7976171875 0.4345296875
8 0.69525625 0.41772968749999995 0.697825 0.419396875 0.7211234375 0.3833328125 0.7274812500000001 0.3874953125 0.7339781249999999 0.3776421875 0.6951515625 0.352428125 0.688690625 0.36240937500000003 0.6964453125000001 0.3671625 0.6730343750000001 0.403365625 0.6754625 0.40498124999999996 0.676375 0.40361562500000003 0.6959859374999999 0.41649062499999995 0.69525625 0.41772968749999995
6 0.7324859375 0.374834375 0.7322375 0.375196875 0.7345843750000001 0.37661875 0.7435968749999999 0.362828125 0.7339609375 0.3566125 0.7252421874999999 0.37015 0.7324859375 0.374834375
3 0.6724671875 0.3447171875 0.6763343749999999 0.3471515625 0.6723453125 0.3532515625 0.6782328125 0.3571171875 0.6921406250000001 0.33549375000000003 0.6826749999999999 0.3291734375 0.6724671875 0.3447171875
10 0.74413125 0.3633359375 0.7411203125 0.3679703125 0.75084375 0.3743859375 0.7539265625 0.369615625 0.74413125 0.3633359375
13 0.760971875 0.38258125 0.75210625 0.3767359375 0.7399015624999999 0.3954734375 0.7490609375 0.40131875 0.760971875 0.38258125
3 0.8391671875 0.3913484375 0.8295171874999999 0.3852375 0.8122171874999999 0.41186718750000006 0.8218015624999999 0.4180359375 0.8391671875 0.3913484375
10 0.7553875 0.3705671875 0.7522546875 0.3752625 0.76195625 0.3816859375 0.7650453125000001 0.3768390625 0.7553875 0.3705671875
10 0.6905671875 0.35795937499999997 0.6877625 0.356096875 0.685146875 0.36007812499999997 0.6880515625 0.361921875 0.6905671875 0.35795937499999997
2 0.8072359375 0.44084531250000003 0.7966984375 0.43407343750000005 0.7999421875 0.42897656250000005 0.7954234375 0.426165625 0.7922765625 0.43095937500000003 0.781684375 0.423959375 0.7588078125 0.459184375 0.76319375 0.46217031249999996 0.764134375 0.46074843750000005 0.7801625 0.47118281250000005 0.779353125 0.47240312500000003 0.7845500000000001 0.475778125 0.8072359375 0.44084531250000003
7 0.8077593750000001 0.35057187500000003 0.8030375 0.3476078125 0.7785484375 0.3852921875 0.7829531249999999 0.38821249999999996 0.77339375 0.403015625 0.78736875 0.4121953125 0.796265625 0.3984421875 0.7886 0.3935875 0.7893515625 0.3922359375 0.792765625 0.394634375 0.8083515625000001 0.37065625 0.81030625 0.3718046875 0.8175156250000001 0.36065 0.8181109375 0.361075 0.818571875 0.3603296875 0.8188000000000001 0.3604328125 0.8201140625000001 0.358515625 0.8138734375000001 0.3544640625 0.81310625 0.3556234375 0.8070765625 0.3516640625 0.8077593750000001 0.35057187500000003
7 0.7447265625 0.3095671875 0.7385015625 0.30564375 0.7373109375 0.3074765625 0.7375093749999999 0.307646875 0.736959375 0.30848125 0.7375703125 0.3088171875 0.7303328125 0.3199609375 0.7322453125 0.3210421875 0.716596875 0.34509375000000003 0.7201203125 0.347321875 0.719315625 0.3484953125 0.71180625 0.3435609375 0.702925 0.3571703125 0.7168171875 0.36655625000000003 0.7264640625000001 0.3517234375 0.73084375 0.3545265625 0.755384375 0.3166484375 0.7508874999999999 0.31358437499999997 0.7499875 0.3148796875 0.7437968749999999 0.31108281249999997 0.7447265625 0.3095671875
2 0.7372093750000001 0.3953015625 0.727646875 0.3890125 0.72428125 0.3942203125 0.723465625 0.39369062499999996 0.726828125 0.3885390625 0.721265625 0.3850015625 0.6986 0.41986718749999996 0.7010671875 0.42156562500000005 0.70183125 0.420328125 0.71279375 0.42729999999999996 0.71195625 0.42863281249999996 0.7144999999999999 0.430284375 0.7372093750000001 0.3953015625
10 0.7458640625 0.35551093749999996 0.7429921875 0.359890625 0.7553828125 0.3679171875 0.7582890625 0.36341718749999996 0.7458640625 0.35551093749999996
2 0.7941421875 0.3956234375 0.7977078125 0.397971875 0.7887421875 0.41173125 0.7955859375000001 0.41612968749999996 0.802403125 0.40553906250000005 0.811615625 0.41160312499999996 0.8304484375 0.3825296875 0.8314421875000001 0.3831125 0.837871875 0.372925 0.8344843750000001 0.37063437499999996 0.833715625 0.371953125 0.8228140625 0.3648921875 0.8236453125000001 0.363634375 0.8210312500000001 0.3619171875 0.8128187499999999 0.37467812500000003 0.8092390625 0.3724296875 0.7941421875 0.3956234375
2 0.693553125 0.3348375 0.7027859375000001 0.34077812500000004 0.6958796875 0.3513515625 0.7024703125 0.35588593749999997 0.7115984375 0.34203125 0.7152875 0.34436875 0.7301484375 0.321128125 0.7266859375 0.31882968749999996 0.734878125 0.3060125 0.7324265624999999 0.304440625 0.731703125 0.3056875 0.720746875 0.2986703125 0.7215890625 0.29741875 0.718125 0.29500625 0.71164375 0.3051625 0.7125046875 0.305659375 0.693553125 0.3348375
2 0.4111375 0.24996718750000002 0.4103796875 0.2513171875 0.4128640625 0.25293125 0.43167343750000003 0.2239671875 0.4140140625 0.212378125 0.395175 0.24146562500000002 0.3977671875 0.2431484375 0.39856250000000004 0.24187187500000001 0.4111375 0.24996718750000002
13 0.37039062500000003 0.15461562499999998 0.3655671875 0.162075 0.374190625 0.16761718750000001 0.378990625 0.1602859375 0.37039062500000003 0.15461562499999998
8 0.47702968749999997 0.29464531250000003 0.47980625000000005 0.2903265625 0.478871875 0.289740625 0.5022078125 0.25398437500000004 0.4508 0.22050156250000003 0.4442828125 0.230534375 0.47087500000000004 0.24784531250000003 0.45133437499999995 0.277959375 0.45475937499999997 0.2801828125 0.45559062499999997 0.278840625 0.473478125 0.290521875 0.47270625 0.29175625 0.47702968749999997 0.29464531250000003
6 0.41015781249999994 0.1744453125 0.40185000000000004 0.187175 0.41901406249999995 0.198321875 0.4272765625 0.1856203125 0.41015781249999994 0.1744453125
13 0.5269375000000001 0.244965625 0.5168390625 0.26049375 0.527153125 0.2670953125 0.5371609375 0.2516453125 0.5269375000000001 0.244965625
12 0.45624374999999995 0.1412234375 0.44237656249999996 0.16255312500000002 0.4687859375 0.179728125 0.4827296875 0.1582046875 0.45624374999999995 0.1412234375
13 0.517834375 0.2393984375 0.5130828125 0.246740625 0.521728125 0.25233125 0.5264593750000001 0.2450703125 0.517834375 0.2393984375
7 0.41783593750000003 0.16257656250000002 0.41085000000000005 0.1733171875 0.42604375 0.18320468750000002 0.4331125 0.172275 0.41783593750000003 0.16257656250000002
11 0.48940312500000005 0.18649218750000002 0.4806609375 0.19997499999999999 0.4893734375 0.20559218750000002 0.4980390625 0.192203125 0.48940312500000005 0.18649218750000002
11 0.43515 0.151384375 0.42640625 0.16486875 0.43511875 0.170484375 0.443784375 0.1570953125 0.43515 0.151384375
2 0.430271875 0.26240312499999996 0.42953125 0.263759375 0.43198749999999997 0.2653546875 0.45087343750000003 0.23636875000000002 0.4332375 0.2249125 0.414396875 0.2539296875 0.41689999999999994 0.255525 0.417696875 0.25429843750000003 0.430271875 0.26240312499999996
13 0.43507187500000005 0.198190625 0.4229796875 0.2165265625 0.4319125 0.22230468750000001 0.4438640625 0.20385 0.43507187500000005 0.198190625
13 0.375471875 0.14685625 0.3706578125 0.1542359375 0.3792390625 0.159746875 0.3840125 0.152459375 0.375471875 0.14685625
7 0.4797625 0.20277343750000001 0.47273750000000003 0.213403125 0.48792187499999995 0.2234015625 0.4947125 0.2127953125 0.4797625 0.20277343750000001
3 0.3899828125 0.1221546875 0.3891953125 0.12331406250000002 0.38370000000000004 0.11976875000000001 0.38449218749999997 0.11846562499999999 0.380490625 0.1159421875 0.365634375 0.138740625 0.3784015625 0.1469078125 0.393178125 0.1241796875 0.3899828125 0.1221546875
8 0.375809375 0.22890156250000002 0.39533593749999996 0.1988328125 0.422059375 0.2160703125 0.4284203125 0.206146875 0.37716875 0.1726640625 0.3538578125 0.20856093750000002 0.3529765625 0.2079890625 0.35023593750000004 0.21217812500000002 0.354578125 0.21505625 0.3553875 0.21375000000000002 0.3733 0.2253828125 0.37249374999999996 0.22669062499999998 0.375809375 0.22890156250000002
10 0.538265625 0.2183484375 0.5374156250000001 0.219615625 0.5301265625 0.2148421875 0.530909375 0.21361249999999998 0.5299765625 0.21306875 0.5152859375000001 0.23578125 0.5244546875 0.24159531250000002 0.53916875 0.2189171875 0.538265625 0.2183484375
10 0.515084375 0.2372671875 0.5049328125 0.2527828125 0.5070140624999999 0.2540671875 0.51704375 0.23850781250000003 0.515084375 0.2372671875
10 0.44972812500000003 0.1859 0.44511874999999995 0.1930359375 0.4501375 0.1962609375 0.4547125 0.1891359375 0.44972812500000003 0.1859
7 0.40126875 0.1863734375 0.41687031250000006 0.162371875 0.413240625 0.1600375 0.41420625 0.1586203125 0.4248765625 0.16555 0.4301640625 0.1573453125 0.42663124999999996 0.1551296875 0.43091875 0.14865781250000001 0.4235015625 0.14382187500000002 0.42264999999999997 0.1450859375 0.4082109375 0.1357296875 0.40911875000000003 0.1344203125 0.404078125 0.1312265625 0.37720625 0.1726484375 0.396765625 0.18543125 0.3977078125 0.18398125 0.40126875 0.1863734375
6 0.4285453125 0.18529374999999998 0.4199171875 0.198665625 0.42911406249999995 0.20463749999999997 0.4378109375 0.1913125 0.4285453125 0.18529374999999998
2 0.44883125 0.27452343749999997 0.44807031249999996 0.27580781249999997 0.4505703125 0.2774109375 0.46939062500000006 0.24835781250000002 0.45161562499999997 0.236896875 0.43283125 0.2659046875 0.4354265625 0.267575 0.4361984375 0.26627968750000003 0.44883125 0.27452343749999997
10 0.1833234375 0.6089375 0.1786703125 0.6161828125000001 0.18367031250000002 0.61943125 0.1882796875 0.6122953125 0.1833234375 0.6089375
10 0.11278906250000001 0.57209375 0.10263125 0.58766875 0.10478125 0.589025 0.11481250000000001 0.573509375 0.11278906250000001 0.57209375
10 0.1715640625 0.6013234375 0.166975 0.60846875 0.1719625 0.6117765625 0.1765546875 0.6046671875 0.1715640625 0.6013234375
13 0.2455140625 0.658734375 0.2407640625 0.6660765625 0.24940937500000002 0.6716656249999999 0.254140625 0.6644062500000001 0.2455140625 0.658734375
2 0.0751953125 0.623084375 0.074515625 0.6242234375 0.07970468750000001 0.6274234375 0.10398750000000001 0.5900593749999999 0.0818515625 0.5757703125 0.0576 0.6132375 0.0619046875 0.6159484375 0.0626140625 0.61485625 0.0751953125 0.623084375
13 0.240496875 0.6664265625 0.2357234375 0.673778125 0.244334375 0.6794171875 0.2491796875 0.672065625 0.240496875 0.6664265625
8 0.20471093749999997 0.71398125 0.2074859375 0.7096609375 0.20655312499999998 0.7090765625000001 0.2298890625 0.6733203125 0.1784796875 0.6398359375 0.17196406250000001 0.6498703124999999 0.19855625 0.6671796875 0.17901406250000002 0.6972937499999999 0.182440625 0.69951875 0.1832703125 0.6981765625 0.20115937499999997 0.70985625 0.2003875 0.7110921875 0.20471093749999997 0.71398125
10 0.2427640625 0.656603125 0.2326140625 0.67211875 0.23469375 0.673403125 0.244725 0.6578421875 0.2427640625 0.656603125