13 0.30822812499999996 0.1414140625 0.3280796875 0.1449921875 0.329871875 0.13451875 0.3446125 0.13711875 0.348378125 0.11512968750000001 0.31386875000000003 0.1088140625 0.30822812499999996 0.1414140625
1 0.2650734375 0.6017578125 0.2657828125 0.597846875 0.3099421875 0.6057 0.31323124999999996 0.5872546875 0.23510468750000002 0.5735750000000001 0.23246093750000002 0.5885296875 0.2163265625 0.58565625 0.2131875 0.6034515625 0.24591249999999998 0.6092640625 0.24846249999999998 0.5947625000000001 0.2542546875 0.5957796875 0.25356718749999996 0.5997359375 0.2650734375 0.6017578125
2 0.2217015625 0.6924703125 0.18212343749999998 0.6853859375 0.1740671875 0.7312421875 0.2135796875 0.7381890624999999 0.2217015625 0.6924703125
2 0.1365984375 0.677046875 0.12845 0.723259375 0.17234375 0.7309375 0.180446875 0.6849921875 0.1365984375 0.677046875
3 0.361696875 0.628459375 0.333596875 0.6235046875 0.323871875 0.6780703124999999 0.3520375 0.6831390625 0.361696875 0.628459375
1 0.12706562500000002 0.7310828125 0.1230796875 0.7536859375 0.310659375 0.7868859375 0.314690625 0.7641171875 0.12706562500000002 0.7310828125
8 0.22531875 0.69034375 0.21680000000000002 0.73880625 0.282534375 0.75043125 0.29565312499999996 0.6765875 0.1686640625 0.6547265624999999 0.16425625 0.679721875 0.22531875 0.69034375
1 0.3357265625 0.5966390625 0.33254375 0.6150921874999999 0.365534375 0.6208875 0.3697125 0.5972953125 0.33735781249999997 0.5915890625 0.336465625 0.5967421875000001 0.3357265625 0.5966390625
10 0.21348906250000002 0.6117484375 0.20513906249999997 0.65910625 0.22754218750000002 0.6630796875 0.236015625 0.6157203124999999 0.21348906250000002 0.6117484375
10 0.30374218750000004 0.6411890625 0.3049984375 0.6414109375 0.3046703125 0.6433687499999999 0.31041093750000004 0.64438125 0.3136953125 0.6259718750000001 0.30667187500000004 0.624671875 0.30374218750000004 0.6411890625
13 0.17078437500000002 0.63275625 0.146565625 0.6284859375 0.138346875 0.6751968749999999 0.162578125 0.6794921875 0.17078437500000002 0.63275625
10 0.3344578125 0.590771875 0.3162765625 0.587625 0.31113749999999996 0.616778125 0.329303125 0.620009375 0.3344578125 0.590771875
10 0.172603125 0.62231875 0.1469953125 0.6178703125 0.14558125 0.626021875 0.17118125 0.6305031249999999 0.172603125 0.62231875
10 0.215709375 0.5701421875 0.21008593750000001 0.5691234374999999 0.2026953125 0.6109234375 0.208321875 0.611915625 0.215709375 0.5701421875
13 0.31161249999999996 0.6469109375000001 0.30427499999999996 0.6456375000000001 0.299340625 0.6737140625 0.3221625 0.6777734375 0.33076875 0.6289765625 0.31524687500000004 0.626234375 0.31161249999999996 0.6469109375000001
7 0.2500484375 0.618059375 0.23909843749999998 0.616221875 0.23090625 0.6633828125 0.29586250000000003 0.6747203125000001 0.30666875 0.613446875 0.2525828125 0.6039109375 0.2500484375 0.618059375
11 0.3167953125 0.762246875 0.3124125 0.78705 0.335503125 0.79115 0.33992187500000004 0.7662796875 0.3167953125 0.762246875
2 0.2988921875 0.67618125 0.2857171875 0.750890625 0.3384015625 0.760240625 0.3515953125 0.6854140625 0.2988921875 0.67618125
10 0.21063749999999998 0.6196265624999999 0.20176875 0.6180390625000001 0.19484218749999999 0.6573218749999999 0.203703125 0.658865625 0.21063749999999998 0.6196265624999999
7 0.573303125 0.70159375 0.6115546875 0.7084484375 0.6229843749999999 0.64276875 0.598034375 0.6384765625 0.5987703125 0.6343015624999999 0.58573125 0.6319640625 0.573303125 0.70159375
10 0.6966234375 0.756271875 0.6589375000000001 0.749628125 0.6558453125 0.767346875 0.6935156250000001 0.7740734375 0.6966234375 0.756271875
1 0.491925 0.735959375 0.5067406250000001 0.738571875 0.507421875 0.7349187500000001 0.508484375 0.7351062500000001 0.5255 0.6386093749999999 0.5095859375 0.635803125 0.491925 0.735959375
2 0.6563749999999999 0.7136171874999999 0.6723015625000001 0.716425 0.6732703124999999 0.7109296875 0.688203125 0.7135625 0.6949015625 0.6755734375 0.6640625 0.67016875 0.6563749999999999 0.7136171874999999
10 0.5504078125 0.600634375 0.5372546875 0.5983515625 0.53076875 0.634775 0.5439046875 0.63704375 0.5504078125 0.600634375
1 0.6776500000000001 0.71964375 0.6725953125 0.7475125 0.6974171874999999 0.7519203125 0.7157328125 0.6476531249999999 0.6307140625 0.6325953125 0.6267359375 0.655153125 0.7021625 0.668484375 0.6926046875 0.7222796875 0.6776500000000001 0.71964375
10 0.56384375 0.6032078125 0.5536796875000001 0.6014890625 0.5506671875 0.618621875 0.5608546875 0.6204031249999999 0.56384375 0.6032078125
10 0.6047875 0.8371281249999999 0.601159375 0.8365343749999999 0.5933109375 0.8803078125000001 0.6060484374999999 0.8826546875 0.6214593749999999 0.7947328125 0.612584375 0.7930828125 0.6047875 0.8371281249999999
10 0.6292578125 0.739571875 0.61593125 0.737196875 0.6106796875 0.7669796875 0.624053125 0.7692890625000001 0.6292578125 0.739571875
6 0.6495968750000001 0.7738078125000001 0.65485625 0.7437218750000001 0.648690625 0.742634375 0.6489984375 0.7408890625 0.6313484375 0.7377765625 0.6256828125 0.7696531249999999 0.6495968750000001 0.7738078125000001
10 0.6369687500000001 0.61619375 0.6299734375 0.614959375 0.6277671875 0.6273421875 0.6348046875 0.6285828125 0.6369687500000001 0.61619375
3 0.60725 0.7867890625 0.5810140625 0.7822109375 0.573765625 0.8229046875 0.600096875 0.827546875 0.60725 0.7867890625
2 0.558540625 0.7960140625000001 0.52343125 0.7898140625 0.5103328125 0.86421875 0.5633421875 0.8736062499999999 0.584553125 0.75315 0.5666984375 0.750040625 0.558540625 0.7960140625000001
9 0.531565625 0.7438046875000001 0.5238546875 0.7873046875 0.5574578125 0.7932296875 0.5650453125 0.749653125 0.531565625 0.7438046875000001
13 0.5647828125000001 0.873821875 0.5803328125 0.8765984375 0.58393125 0.8560265625 0.59129375 0.857378125 0.5962421875 0.8291000000000001 0.5733296875 0.8251625 0.5647828125000001 0.873821875
12 0.6927171875 0.7784 0.6551421875 0.77181875 0.6378468749999999 0.8697046875 0.6753765625 0.8763890625 0.6927171875 0.7784
2 0.66240625 0.669778125 0.6228671875 0.6628375 0.6150984375 0.7062406250000001 0.6547265624999999 0.7133265625 0.66240625 0.669778125
10 0.6072234375 0.7841015625 0.6095125 0.7845046875 0.6093 0.786009375 0.6185890625 0.787578125 0.6214125 0.77141875 0.609828125 0.7694828125 0.6072234375 0.7841015625
11 0.5111078124999999 0.8357578125 0.4936046875 0.832640625 0.4890125 0.8578906249999999 0.5064062500000001 0.8609578125 0.5111078124999999 0.8357578125
8 0.5142625 0.7360734375 0.5853484375 0.7485015625 0.5885421875 0.730225 0.6675390625000001 0.74391875 0.6719390625 0.7185421875 0.573303125 0.70159375 0.5820921875 0.6522203125 0.530646875 0.64315 0.5142625 0.7360734375
10 0.5922375 0.8597140624999999 0.5851984375 0.8585046875 0.5819453125 0.8768343749999999 0.589015625 0.8781125 0.5922375 0.8597140624999999
13 0.6140156250000001 0.7372390625 0.5897125 0.7328812499999999 0.5814 0.7795828124999999 0.6057484375 0.7838406250000001 0.6140156250000001 0.7372390625
1 0.5252625 0.7463921874999999 0.5091609375 0.7434359374999999 0.49381718750000003 0.830453125 0.5098609374999999 0.83328125 0.5252625 0.7463921874999999
1 0.6244562499999999 0.6349953125 0.62816875 0.61458125 0.5653859375 0.6035109375000001 0.5618921875 0.623175 0.5493796875 0.62105 0.5464671875 0.6375734375000001 0.57784375 0.6430281250000001 0.5805921875 0.6273015625 0.6244562499999999 0.6349953125
10 0.2335125 0.5732890625 0.2189640625 0.5707453124999999 0.2167328125 0.583490625 0.23124531250000002 0.58605 0.2335125 0.5732890625
6 0.1919375 0.656778125 0.193215625 0.6569734375 0.2001265625 0.61778125 0.19885312500000002 0.61755625 0.1994578125 0.6141328125000001 0.1832484375 0.6113062499999999 0.182675 0.614675 0.175928125 0.6134859374999999 0.1690484375 0.6527421875 0.17536093749999998 0.6538828125 0.1750125 0.6558578125000001 0.1916 0.6588109375 0.1919375 0.656778125
2 0.675875 0.264984375 0.636296875 0.2579 0.6282390625 0.30375625 0.6677531250000001 0.31070312499999997 0.675875 0.264984375
2 0.5907703125 0.2495609375 0.582621875 0.295771875 0.626515625 0.3034515625 0.63461875 0.25750625 0.5907703125 0.2495609375
3 0.8158687499999999 0.200975 0.7877703125 0.19602031250000002 0.7780421875 0.25058437499999997 0.8062109375000001 0.255653125 0.8158687499999999 0.200975
1 0.5812359375 0.303596875 0.57725 0.3262 0.7648296875 0.3594 0.7688625 0.33663125 0.5812359375 0.303596875
8 0.6794921875 0.2628578125 0.670971875 0.31131875 0.7367046875 0.3229453125 0.749825 0.24910312499999998 0.6228359375 0.22723906249999998 0.618428125 0.252234375 0.6794921875 0.2628578125
1 0.7898984375 0.169153125 0.7867171875000001 0.18760625 0.8197046875 0.1934 0.8238843749999999 0.16980781250000002 0.7915296875 0.164103125 0.7906390625 0.16925625 0.7898984375 0.169153125
10 0.6876859375000001 0.1458015625 0.6731374999999999 0.14325937500000002 0.67090625 0.15600468750000002 0.6854171874999999 0.1585640625 0.6876859375000001 0.1458015625
10 0.667659375 0.1842640625 0.6593093750000001 0.23161874999999998 0.681715625 0.23559375 0.6901875000000001 0.1882359375 0.667659375 0.1842640625
10 0.7579125 0.2137015625 0.759171875 0.2139234375 0.7588421875 0.2158828125 0.7645828125 0.2168953125 0.7678671875 0.19848593750000001 0.7608406249999999 0.1971859375 0.7579125 0.2137015625
13 0.62495625 0.205271875 0.6007390625 0.20100156249999998 0.5925203125 0.2477109375 0.6167515625 0.25200625 0.62495625 0.205271875
10 0.78863125 0.1632859375 0.7704484375 0.1601390625 0.7653078125 0.18929218750000001 0.7834749999999999 0.192525 0.78863125 0.1632859375
10 0.6267750000000001 0.194834375 0.60116875 0.190384375 0.599753125 0.1985359375 0.6253546875 0.20301874999999997 0.6267750000000001 0.194834375
10 0.66988125 0.14265624999999998 0.6642578125 0.1416359375 0.6568671875 0.1834375 0.6624953125 0.1844296875 0.66988125 0.14265624999999998
13 0.7657859375 0.21942656249999998 0.75844375 0.21815156249999998 0.7535140625000001 0.24622812500000002 0.7763359375000001 0.2502875 0.7849406250000001 0.201490625 0.76941875 0.19874843749999999 0.7657859375 0.21942656249999998
7 0.7042203125000001 0.1905734375 0.693271875 0.1887359375 0.6850765625 0.2358984375 0.7500312499999999 0.2472359375 0.7608421875 0.1859609375 0.70675625 0.176425 0.7042203125000001 0.1905734375
11 0.7709671874999999 0.3347609375 0.766584375 0.3595640625 0.789675 0.3636640625 0.79409375 0.33879375 0.7709671874999999 0.3347609375
2 0.7530625 0.2486953125 0.7398890625 0.3234046875 0.7925734375 0.33275625 0.80576875 0.257928125 0.7530625 0.2486953125
10 0.664809375 0.192140625 0.655940625 0.1905546875 0.649015625 0.2298359375 0.657875 0.2313796875 0.664809375 0.192140625
6 0.646109375 0.22929218750000002 0.6473859375 0.22948437500000002 0.6542953125000001 0.1902953125 0.653025 0.190071875 0.653628125 0.1866484375 0.637421875 0.183821875 0.6368484375000001 0.1871890625 0.6300984374999999 0.1859984375 0.6232203125 0.22525625 0.6295328125 0.22639843750000002 0.629184375 0.22837187499999997 0.645771875 0.231325 0.646109375 0.22929218750000002
1 0.719246875 0.17427187500000002 0.7199546875 0.1703609375 0.764115625 0.1782140625 0.767403125 0.15976875 0.6892765625 0.1460890625 0.686634375 0.16104374999999999 0.6705 0.1581703125 0.6673609375 0.175965625 0.700084375 0.18177812499999998 0.7026343749999999 0.1672765625 0.7084265624999999 0.16829531250000002 0.7077390625 0.1722515625 0.719246875 0.17427187500000002
1 0.2597265625 0.0900921875 0.24380312499999998 0.087284375 0.2174125 0.2361984375 0.2334078125 0.2390546875 0.2597265625 0.0900921875
7 0.2916375 0.2455703125 0.31634843749999997 0.25001875 0.3200015625 0.23004531250000002 0.3302859375 0.23176718749999997 0.33876093749999997 0.1837015625 0.30357500000000004 0.1774984375 0.2916375 0.2455703125
8 0.239759375 0.23660625 0.2916375 0.2455703125 0.30357500000000004 0.1774984375 0.40128281250000003 0.194746875 0.4057234375 0.1695671875 0.3410375 0.1582703125 0.3425359375 0.1497734375 0.30784375 0.14365624999999999 0.30636406250000003 0.152046875 0.2561703125 0.1435296875 0.239759375 0.23660625
2 0.4265578125 0.2016203125 0.38270468750000003 0.194071875 0.37466093749999996 0.23968906250000002 0.41847812500000003 0.24744375000000002 0.4265578125 0.2016203125
6 0.3862453125 0.1260015625 0.37019531250000004 0.12317031249999999 0.36937031249999996 0.128003125 0.3685546875 0.1278578125 0.3625359375 0.1619875 0.3799953125 0.16517500000000002 0.3803203125 0.1631890625 0.38668125 0.16419999999999998 0.39235625 0.13201875000000002 0.38543906250000004 0.1307265625 0.3862453125 0.1260015625
1 0.254996875 0.24744531250000001 0.251425 0.2683109375 0.26525781249999997 0.2708203125 0.2623546875 0.286959375 0.3211953125 0.29740937500000003 0.328496875 0.2566296875 0.414190625 0.2717390625 0.417115625 0.25515 0.32411875 0.2388296875 0.3205484375 0.2590796875 0.254996875 0.24744531250000001
10 0.2522625 0.24695781249999998 0.2372359375 0.244309375 0.23058125000000002 0.2817609375 0.24554375 0.28440781249999997 0.2522625 0.24695781249999998
3 0.3198859375 0.07349531249999999 0.3142125 0.10679687499999999 0.353059375 0.11373906250000002 0.3589734375 0.0802015625 0.3198859375 0.07349531249999999
10 0.40985781250000003 0.145853125 0.39230624999999997 0.1428328125 0.388525 0.1642765625 0.40618437500000004 0.167315625 0.40985781250000003 0.145853125
10 0.26327500000000004 0.2727671875 0.25118125 0.2707234375 0.2486953125 0.2846421875 0.2608109375 0.2867359375 0.26327500000000004 0.2727671875
0 0.08045 0 0 0.45625625000000003 0 0.9195499999999999 0.45625625000000003 1 0.9195499999999999 1 1 0.54374375 1 0.08045 0.54374375 0 0.08045 0
11 0.2665796875 0.061259375000000005 0.248778125 0.058253124999999996 0.244109375 0.0851875 0.2618625 0.08831875 0.2665796875 0.061259375000000005
10 0.3669796875 0.1275671875 0.348640625 0.12420625 0.342975 0.15633906250000001 0.3612359375 0.159621875 0.3669796875 0.1275671875
2 0.318628125 0.073134375 0.27004375 0.0646234375 0.2569765625 0.1389375 0.305415625 0.1474609375 0.318628125 0.073134375
10 0.34408125 0.13948906249999998 0.3311203125 0.137165625 0.3296953125 0.1453859375 0.342678125 0.14745312500000002 0.34408125 0.13948906249999998
13 0.43531875 0.1523171875 0.410971875 0.14802500000000002 0.40279999999999994 0.19496875 0.4269640625 0.1991703125 0.43531875 0.1523171875
2 0.38091875000000003 0.1937203125 0.341496875 0.1868546875 0.3335109375 0.232421875 0.3728703125 0.2393609375 0.38091875000000003 0.1937203125