2 0.8397671875 0.18045781249999998 0.816040625 0.1692890625 0.7903171875 0.2275171875 0.8139328125 0.23803281250000002 0.8397671875 0.18045781249999998
8 0.82871875 0.0990359375 0.7777515625 0.21325781250000003 0.7538484375000001 0.201990625 0.705240625 0.3117875 0.7438828125 0.328059375 0.8430171874999999 0.105403125 0.82871875 0.0990359375
2 0.8154484375 0.1249921875 0.8272609375 0.0983875 0.80464375 0.0883171875 0.7925640625 0.11545000000000001 0.8154484375 0.1249921875
2 0.721440625 0.3794203125 0.7416640625 0.3343125 0.7030703125 0.3164015625 0.6771625 0.3742765625 0.743659375 0.4038828125 0.7491125000000001 0.391740625 0.721440625 0.3794203125
6 0.3022859375 0.5661484375 0.32001875 0.5750234375 0.325909375 0.5622765625 0.32892968749999996 0.563621875 0.3404 0.538159375 0.319134375 0.528090625 0.3022859375 0.5661484375
12 0.44943125000000006 0.5471078125 0.47646718750000006 0.48586406249999997 0.42917812499999997 0.464809375 0.401371875 0.5272625 0.44943125000000006 0.5471078125
10 0.2713578125 0.6585640625 0.2631578125 0.6549171874999999 0.2439796875 0.69840625 0.2520671875 0.7018890625 0.2713578125 0.6585640625
2 0.273521875 0.5891171875000001 0.2374984375 0.57243125 0.20099999999999998 0.6545484375 0.2377640625 0.669434375 0.273521875 0.5891171875000001
11 0.5947625000000001 0.029148437500000002 0.5861671875 0.025140625 0.5716015624999999 0.0578546875 0.58013125 0.0618328125 0.5947625000000001 0.029148437500000002
10 0.5502890625 0.0570515625 0.5328390625 0.0491015625 0.5095109375 0.10183281250000001 0.5268375 0.10972656249999999 0.5502890625 0.0570515625
1 0.4847859375 0.21381875 0.504746875 0.2230171875 0.5583171874999999 0.102384375 0.5613328125 0.1040375 0.5780734375 0.065503125 0.55498125 0.055840625 0.4847859375 0.21381875
10 0.5625218750000001 0.0283953125 0.5455703125 0.0207625 0.5413218750000001 0.030443750000000002 0.5583453125 0.038178125 0.5625218750000001 0.0283953125
10 0.3986140625 0.23958906249999998 0.3861890625 0.2342390625 0.3721578125 0.2655734375 0.38465 0.2711359375 0.3986140625 0.23958906249999998
10 0.45689375 0.2242453125 0.47204375 0.2305625 0.46113906250000003 0.255053125 0.463315625 0.256021875 0.479671875 0.2192828125 0.46258906250000004 0.2121078125 0.45689375 0.2242453125
2 0.47043749999999995 0.1905390625 0.4315546875 0.1734109375 0.387725 0.2720390625 0.42647500000000005 0.28946875 0.47043749999999995 0.1905390625
10 0.5555046875 0.054796875 0.5665703125 0.05946875 0.5678468750000001 0.0564421875 0.569096875 0.057076562500000004 0.57785625 0.037284374999999995 0.5660453125 0.0317328125 0.5555046875 0.054796875
4 0.6465765625000001 0.0420375 0.6555593749999999 0.021942187499999998 0.6297406249999999 0.010446875 0.6207874999999999 0.03055625 0.6465765625000001 0.0420375
1 0.43961249999999996 0.30451562499999996 0.382515625 0.27909375000000003 0.370878125 0.30448906249999996 0.4282515625 0.33040625 0.43961249999999996 0.30451562499999996
10 0.5826015625000001 0.023640625000000002 0.571415625 0.0188015625 0.5670109375 0.028535937500000004 0.5781468750000001 0.0333453125 0.5826015625000001 0.023640625000000002
10 0.55706875 0.0405375 0.54020625 0.0330703125 0.534475 0.0459609375 0.5512140624999999 0.05333281250000001 0.55706875 0.0405375
13 0.5554640625 0 0.547603125 0.0177140625 0.563453125 0.0253140625 0.5747234375 0 0.5554640625 0
2 0.508496875 0 0.484425 0.054260937499999995 0.5075375 0.063734375 0.5358625 0 0.508496875 0
13 0.4301328125 0.28589375 0.44641562500000004 0.2923078125 0.46134062499999995 0.259059375 0.45822343749999994 0.2576921875 0.46905937499999995 0.233434375 0.455934375 0.2277046875 0.4301328125 0.28589375
7 0.47227968750000004 0.1851140625 0.47437500000000005 0.1858296875 0.46539374999999994 0.2062171875 0.4808671875 0.21310625 0.524965625 0.11362968749999999 0.5067515625000001 0.1048734375 0.499134375 0.12176093750000001 0.5000265625 0.1225828125 0.47227968750000004 0.1851140625
10 0.582065625 0 0.5770765625000001 0.0110953125 0.605946875 0.023875 0.61480625 0.003915625 0.6060046875 0 0.582065625 0
8 0.53796875 0 0.5062828125000001 0.071065625 0.482265625 0.05951093750000001 0.4339984375 0.167921875 0.4713109375 0.1841015625 0.55314375 0 0.53796875 0
1 0.49050781250000003 0 0.3871984375 0.2315234375 0.399771875 0.236859375 0.5050734375 0 0.49050781250000003 0
10 0.6170921875000001 0.029212500000000002 0.6261187500000001 0.008832812499999999 0.617253125 0.0048859375 0.6083062499999999 0.0249984375 0.6170921875000001 0.029212500000000002
10 0.3254859375 0.51115625 0.3128375 0.505525 0.30676875 0.5191546875 0.3193625 0.5247609375 0.3254859375 0.51115625
10 0.1164140625 0.840015625 0.1027953125 0.870471875 0.11533125 0.876053125 0.1289484375 0.8457546875 0.1164140625 0.840015625
5 0.4037796875 0.5873734374999999 0.4222953125 0.5455625000000001 0.3947328125 0.5328593749999999 0.4150203125 0.4868671875 0.3960796875 0.47886875 0.3707421875 0.535340625 0.3483390625 0.5251515625 0.32949843749999996 0.5674703125 0.36100781249999997 0.5817171875 0.37428125 0.57445625 0.4037796875 0.5873734374999999
8 0.31801406249999997 0.52834375 0.3054234375 0.5219859375 0.236546875 0.6766828125 0.198771875 0.6597125 0.15049531249999998 0.7676875 0.20455625 0.7920609375 0.19570625 0.8123906249999999 0.2152359375 0.8206390625 0.2633390625 0.7103390625 0.241403125 0.701321875 0.31801406249999997 0.52834375
10 0.28712343749999997 0.6465484375 0.27040625 0.6391265625 0.2647640625 0.6517546875 0.281575 0.658953125 0.28712343749999997 0.6465484375
10 0.292846875 0.6342265625 0.27592343750000003 0.6265109375 0.2715796875 0.6362687499999999 0.2886359375 0.643503125 0.292846875 0.6342265625
2 0.31110000000000004 0.5049 0.275075 0.4882140625 0.2389125 0.5694343749999999 0.275340625 0.58521875 0.31110000000000004 0.5049
10 0.3428671875 0.5774796875 0.32811875 0.570696875 0.307190625 0.6174828125 0.3359625 0.629859375 0.34526406249999997 0.6096171874999999 0.331240625 0.6033734374999999 0.3428671875 0.5774796875
10 0.3722640625 0.578778125 0.35865625 0.585484375 0.3382796875 0.631253125 0.3474078125 0.634784375 0.3722640625 0.578778125
1 0.1175875 0.8376265625 0.1300671875 0.8425828125000001 0.1360234375 0.82935 0.136809375 0.8298484374999999 0.1585234375 0.7800265625 0.14592812500000002 0.7741203125 0.1175875 0.8376265625
10 0.28526250000000003 0.6615734375 0.29629062500000003 0.6663328125 0.2981859375 0.661928125 0.29952812500000003 0.6626765625 0.3082171875 0.643315625 0.29601875 0.637728125 0.28526250000000003 0.6615734375
10 0.3449609375 0.5192281249999999 0.32689218750000004 0.511471875 0.3205953125 0.52575 0.3386703125 0.5335062500000001 0.3449609375 0.5192281249999999
10 0.3083765625 0.639340625 0.312884375 0.6292125000000001 0.3015828125 0.6246265625 0.29729218749999997 0.6342609375 0.3083765625 0.639340625
11 0.3248625 0.634721875 0.31654375 0.6311234375 0.30185 0.6637109375 0.31036406250000004 0.6676015625 0.3248625 0.634721875
2 0.200696875 0.7965718749999999 0.162015625 0.77916875 0.1235953125 0.8656390625 0.16207812500000002 0.8833125000000001 0.200696875 0.7965718749999999
13 0.16062343750000002 0.8913390625 0.17674218749999998 0.898365625 0.19155625 0.8649484375000001 0.1884671875 0.8634359375 0.199221875 0.8392984374999999 0.1864015625 0.8334390624999999 0.16062343750000002 0.8913390625
7 0.21544375 0.82011875 0.2331390625 0.82748125 0.28840781249999997 0.7038984375 0.29126875 0.7053484375 0.30502656250000004 0.6746046875 0.283753125 0.6651328125 0.21544375 0.82011875
10 0.3475875 0.6043984375 0.3557640625 0.5858140625 0.34440312500000003 0.58031875 0.3359828125 0.59923125 0.3475875 0.6043984375
13 0.317834375 0.577740625 0.30138125 0.5700546875 0.276925 0.6240828125 0.293646875 0.631703125 0.317834375 0.577740625
10 0.1875140625 0.829884375 0.2024 0.8366671875 0.19154218750000002 0.8609031249999999 0.193559375 0.8614984375000001 0.210153125 0.8246796875 0.1928 0.817715625 0.1875140625 0.829884375
4 0.40103437499999994 0.5939687499999999 0.37501875 0.5823875000000001 0.350871875 0.636625 0.3769796875 0.647475 0.40103437499999994 0.5939687499999999
10 0.2829515625 0.663628125 0.273084375 0.659103125 0.2536875 0.7024546875000001 0.2635125 0.7069468750000001 0.2829515625 0.663628125
10 0.42551249999999996 0.46361718749999997 0.406753125 0.45526406250000007 0.3975140625 0.47575781250000004 0.41627656249999995 0.48436406249999997 0.42551249999999996 0.46361718749999997
1 0.6744609374999999 0.372490625 0.8013828125 0.086865625 0.789225 0.081453125 0.661809375 0.3670734375 0.6744609374999999 0.372490625
1 0.7365578125 0.43897812500000005 0.7475765625 0.41422968750000005 0.6724359375 0.3806890625 0.6612890625000001 0.40555312499999996 0.7365578125 0.43897812500000005
7 0.8152484375 0.2427578125 0.787765625 0.23030625 0.7445484375 0.327375 0.7720312500000001 0.3402578125 0.797046875 0.28385625000000003 0.8152484375 0.2427578125
10 0.7423656249999999 0.33635468749999997 0.7593875 0.344059375 0.7561453124999999 0.3512265625 0.765515625 0.3554015625 0.7698765625 0.3456109375 0.7435234375 0.333996875 0.7423656249999999 0.33635468749999997
10 0.8568234374999999 0.1249609375 0.85275 0.133934375 0.8608390625 0.137696875 0.862246875 0.134546875 0.8648890625 0.135253125 0.867534375 0.129440625 0.8568234374999999 0.1249609375
10 0.8686921875 0.12596093749999998 0.8720734374999999 0.1183390625 0.86164375 0.113696875 0.858153125 0.1215140625 0.8686921875 0.12596093749999998
6 0.8513234375 0.1329625 0.8601531250000001 0.1130328125 0.8430359375 0.1054109375 0.8341140625 0.1253 0.8513234375 0.1329625
11 0.7454031249999999 0.4088078125 0.7492078125 0.410353125 0.7578921875 0.390846875 0.7745171875 0.39809375 0.7869859375 0.36993437500000004 0.766559375 0.3606859375 0.7454031249999999 0.4088078125
2 0.8138140625 0.12825625000000002 0.791246875 0.11820937499999999 0.75605 0.1974828125 0.7788546875 0.20699062499999998 0.8138140625 0.12825625000000002
12 0.9178703125000001 0.155984375 0.9242609375 0.141575 0.8771625000000001 0.12060625 0.8706781250000001 0.13523125 0.9178703125000001 0.155984375
13 0.857634375 0.14099062499999998 0.83408125 0.1303984375 0.8181125 0.16636875 0.841896875 0.1763359375 0.857634375 0.14099062499999998
1 0.8567031249999999 0.183240625 0.8458609375 0.1788296875 0.8442390625 0.18226718749999998 0.8430328125000001 0.1818359375 0.819253125 0.234934375 0.8221671875000001 0.23644062500000002 0.76830625 0.3572078125 0.7885921875 0.3661359375 0.8407218750000001 0.24913593750000002 0.829553125 0.24424218749999999 0.8567031249999999 0.183240625
0 0.4147484375 0 0.039696875 0.842378125 0.393721875 1 0.5852515625 1 0.960303125 0.157621875 0.606278125 0 0.4147484375 0
13 0.4862875 0.9530734375 0.4712203125 0.9461875 0.4554 0.9812875 0.48121093750000005 0.9932984375 0.494003125 0.964621875 0.48324999999999996 0.9597 0.4862875 0.9530734375
5 0.672371875 0.6387859375 0.642846875 0.6252671875 0.6466062499999999 0.6168234375 0.5884984375 0.5908249999999999 0.5688703125 0.6349109375 0.5982062499999999 0.6482218750000001 0.5924703124999999 0.6708953125 0.6111703125 0.6792203125 0.6173875 0.6651281250000001 0.6536265625000001 0.6808890625 0.672371875 0.6387859375
10 0.6274703125000001 0.6713703125 0.6172578125 0.66665 0.611584375 0.6792125 0.6220609375 0.6837 0.6274703125000001 0.6713703125
10 0.5870656249999999 0.7307750000000001 0.5831125 0.739653125 0.5912296875 0.743415625 0.5926203125 0.740290625 0.5953062499999999 0.741034375 0.5976453125 0.7357828125 0.5870656249999999 0.7307750000000001
7 0.5042828125 0.946409375 0.49692499999999995 0.9630671875000001 0.5077499999999999 0.9675750000000001 0.5094624999999999 0.9635890625 0.518671875 0.9671984374999999 0.5672703125 0.8583500000000001 0.5184109375 0.8359765625 0.47476874999999996 0.9336874999999999 0.5042828125 0.946409375
10 0.6035421875 0.7523828124999999 0.59251875 0.7474406250000001 0.577175 0.7817671875000001 0.5881234375 0.7866421875 0.6035421875 0.7523828124999999
2 0.5440640625000001 0.7341390624999999 0.50753125 0.7180500000000001 0.4725890625 0.7970765625 0.509053125 0.8131328124999999 0.5440640625000001 0.7341390624999999
13 0.5887015625 0.7461562500000001 0.5645781249999999 0.73496875 0.5480984375 0.7719828125 0.57210625 0.7828234375 0.5887015625 0.7461562500000001
10 0.5059234375 0.9711265625 0.49556875 0.9661406250000001 0.48280781250000004 0.9945515625000001 0.4934890625 0.9990546874999999 0.5059234375 0.9711265625
10 0.6446953125 0.5864734375 0.633121875 0.5817640625 0.62505 0.599815625 0.6364515625 0.6047374999999999 0.6446953125 0.5864734375
4 0.6990484375 0.57889375 0.6735156250000001 0.56690625 0.6495015625 0.6208437499999999 0.6752625 0.6320015625 0.6990484375 0.57889375
10 0.6157984375 0.6935890625 0.6052562499999999 0.689075 0.5882859375 0.7277296875 0.598828125 0.7322484375 0.6157984375 0.6935890625
11 0.5063828125 1 0.5172546875 0.975796875 0.508534375 0.9719140625 0.49597499999999994 1 0.5063828125 1
10 0.6691328125 0.5656890625 0.6590734375 0.5609515625 0.6381 0.608321875 0.648446875 0.6129296875 0.6691328125 0.5656890625
2 0.4451953125 1 0.47186562500000007 0.9396390625000001 0.4335046875 0.9216953125 0.39837656250000003 1 0.4451953125 1
10 0.5971828125 0.649246875 0.589084375 0.6455625 0.5801921875 0.6652750000000001 0.5918203125 0.6704515625 0.5971828125 0.649246875
6 0.5869953125 0.6807328125 0.5642203125 0.731671875 0.581659375 0.738853125 0.604040625 0.6884328125 0.6020265625000001 0.6873843749999999 0.6049765625 0.6806078125 0.593225 0.6756734375 0.5903453125 0.68224375 0.5869953125 0.6807328125
10 0.5762546875 0.8430796875000001 0.5668515625 0.8387437500000001 0.56273125 0.8475468749999999 0.5724125 0.8517078124999999 0.5762546875 0.8430796875000001
3 0.484909375 1 0.4849546875 0.9998984375 0.453 0.9858203124999999 0.44666249999999996 1 0.484909375 1
2 0.58374375 0.7920046875 0.5461921875 0.775584375 0.5207484375 0.8331859375 0.557909375 0.8498812499999999 0.58374375 0.7920046875
8 0.5077484375 0.81998125 0.47049375 0.801840625 0.42211718749999994 0.91080625 0.47364375000000003 0.9337484375 0.5866765625 0.680184375 0.57251875 0.6738796875 0.5077484375 0.81998125
10 0.6260875 0.54578125 0.6047796875 0.593640625 0.62163125 0.6009703125 0.63305625 0.5749609375 0.6472953125 0.5809359374999999 0.6567828125 0.55944375 0.6260875 0.54578125
2 0.580734375 0.652353125 0.5442671875 0.635940625 0.50905625 0.7153859375 0.5453187500000001 0.73153125 0.580734375 0.652353125
10 0.4725890625 0.9423515625000001 0.48965781249999996 0.9497937500000001 0.4863765625 0.9571640625000001 0.495778125 0.9610625 0.5001187500000001 0.951590625 0.473878125 0.9394562499999999 0.4725890625 0.9423515625000001
12 0.6754125 0.7006828125 0.6286203125000001 0.6794765625 0.6012578125 0.740834375 0.6482578125 0.7616734375 0.6754125 0.7006828125
1 0.4289484375 0.9232781250000001 0.416746875 0.9176968750000001 0.392246875 0.9728734375 0.40439218749999994 0.9784312500000001 0.4289484375 0.9232781250000001
13 0.7530046875 0.353934375 0.756034375 0.3470328125 0.740753125 0.3402375 0.7248218750000001 0.3756671875 0.750853125 0.38751250000000004 0.763715625 0.3588515625 0.7530046875 0.353934375
10 0.84600625 0.2372828125 0.8364687500000001 0.23291562500000002 0.8325078124999999 0.241690625 0.84218125 0.24587656249999998 0.84600625 0.2372828125
10 0.7727015625 0.4018265625 0.7579328125 0.39504375 0.75209375 0.40805468749999996 0.766978125 0.4147875 0.7727015625 0.4018265625
10 0.873296875 0.1464859375 0.8624921875 0.14146875 0.8469078124999999 0.17615625 0.8581015624999999 0.1805109375 0.873296875 0.1464859375