0 0.41183650937499994 0 0.31668729687499997 0.03463148125 0 0.1690568265625 0 0.5881634906250001 0.03463148125 0.683312703125 0.1690568265625 1 0.5881634906250001 1 0.683312703125 0.9653685187500001 1 0.8309431734375 1 0.41183650937499994 0.9653685187500001 0.31668729687499997 0.8309431734375 0 0.41183650937499994 0
13 0.6623335015625 0.393828896875 0.5989641406249999 0.4208259265625 0.6071610453125 0.4407838421875 0.6709529984375 0.41362302343749996 0.6623335015625 0.393828896875
2 0.6140078359375 0.059271598437499996 0.5436529703125 0.089228503125 0.556015753125 0.118069175 0.560261378125 0.11626616249999999 0.56289110625 0.122746625 0.5536413203125 0.1267218484375 0.5972021468750001 0.2292634328125 0.6729039593749999 0.1975050609375 0.6289589921875 0.09423698593749999 0.5855271140625 0.11256067968750001 0.5828390437500001 0.10651382031250001 0.6259547046875 0.0878329921875 0.6140078359375 0.059271598437499996
8 0.5786709515624999 0.551024809375 0.5738639984375 0.5528708390625 0.5694272953125 0.5427414671874999 0.5027594875 0.571238334375 0.5072325359375001 0.5819381124999999 0.50284515625 0.5837993703125 0.5020251828125 0.58179320625 0.36619976875 0.6396532453125 0.3522893078125 0.6068847203125001 0.257271353125 0.647534240625 0.3355025265625 0.8324031234374999 0.4332240359375 0.790551765625 0.38525831718750003 0.6775616171875 0.4384268859375 0.654992365625 0.487108109375 0.7688245125 0.5227042203125001 0.7533128984374999 0.4713783546875 0.6313146734374999 0.719650315625 0.5267958421875 0.687026771875 0.45063573437500004 0.692163296875 0.44826070781249994 0.6943160703125 0.453439884375 0.7154534171875 0.44394240468749996 0.6234253390625 0.2261555828125 0.6002394015625 0.2360960640625 0.6776789953125 0.4183698015625 0.5743264078125 0.46273129375 0.571598225 0.4564645828125 0.5432887265625 0.46838628125000004 0.5786709515624999 0.551024809375
10 0.567514815625 0.280868315625 0.6076364859375001 0.26444614375 0.5641299046875 0.1616104578125 0.536161540625 0.1732816203125 0.5072458453124999 0.104147378125 0.495238415625 0.10924435937500002 0.567514815625 0.280868315625
13 0.18287684375 0.3415439375 0.135555125 0.3613050328125 0.1932183140625 0.49730685 0.24026814375 0.4772190421875 0.18287684375 0.3415439375
13 0.5382945453125 0.166195028125 0.5615339890625 0.1561685640625 0.5469074109375 0.1218482546875 0.551158425 0.120206234375 0.5383577421875 0.09031776875 0.511188840625 0.1023397828125 0.5382945453125 0.166195028125
10 0.37705186875 0.5188383937500001 0.49326185625 0.4698969578125 0.5286130703125 0.5523954609375 0.5669621265625 0.5365852125 0.5371815734375 0.46579203593749996 0.5260539343749999 0.47067022812500003 0.49487956562499996 0.39758257812500003 0.350399846875 0.459756471875 0.28221845156250003 0.29932406093749997 0.210977846875 0.3301504015625 0.26999264218749996 0.470176378125 0.2951274875 0.459002778125 0.3682313015625 0.6311503187499999 0.4160831296875 0.6105112140625 0.37705186875 0.5188383937500001
1 0.13105288125 0.3638648953125 0.110065540625 0.372774025 0.16754414374999999 0.5079900187499999 0.1887406421875 0.49899312343749996 0.13105288125 0.3638648953125
1 0.3267763203125 0.883528725 0.49894963125 0.8104454625 0.48450812499999996 0.7772001203125 0.33388262343749997 0.8411370046875 0.25233066875 0.6494788265625 0.23117344687500002 0.6585744953125 0.3267763203125 0.883528725
2 0.71667628125 0.3010937046875 0.6687411984375 0.32098326875 0.716820221875 0.43522581875000005 0.7646568609375 0.41422975624999997 0.71667628125 0.3010937046875
2 0.2932412828125 0.46734306718749996 0.2684123765625 0.477972990625 0.206238775 0.33221947812499997 0.18766263125 0.3403524328125 0.2473081546875 0.4816453421875 0.1957834546875 0.503865690625 0.25400409375 0.640713825 0.3502354265625 0.600711790625 0.2932412828125 0.46734306718749996
1 0.5037448015625 0.8080234125000001 0.569712665625 0.7803034156249999 0.5039522671875 0.6247181046875 0.47794796249999993 0.6358373609375 0.52986410625 0.7581827624999999 0.489672640625 0.775125846875 0.5037448015625 0.8080234125000001
13 0.6099287484375 0.270497390625 0.5703840078125 0.2868143328125 0.59605379375 0.3472863453125 0.6353586734375 0.3306027671875 0.6099287484375 0.270497390625
1 0.19133810625 0.5056133625 0.1701249875 0.51438185625 0.228356525 0.651972609375 0.2497147265625 0.6431230421875 0.19133810625 0.5056133625
1 0.769744609375 0.4125841515625 0.7917612234375 0.40290299375 0.74386899375 0.28923761406250004 0.721086575 0.29907612031249997 0.769744609375 0.4125841515625
1 0.677083 0.196250059375 0.6999660609375 0.186368271875 0.6411304640625 0.0483239515625 0.61865250625 0.058035015625 0.677083 0.196250059375
10 0.592969878125 0.447058078125 0.603328009375 0.442454975 0.592136390625 0.4164254625 0.6604682828125 0.38822913125 0.6382529328125 0.3369054703125 0.56002531875 0.370111921875 0.592969878125 0.447058078125
10 0.4366707734375 0.6631190265625 0.3928264515625 0.6820683921875 0.43794703281249997 0.7891968828125 0.48219300625 0.770601825 0.4366707734375 0.6631190265625
10 0.76720894375 0.42132377656250003 0.6940879859375 0.4536309796875 0.7243558765625 0.5238078078124999 0.7983140171875001 0.49346724843749995 0.76720894375 0.42132377656250003
2 0.674975178125 0.20362512187499998 0.6278192765624999 0.22480573750000002 0.6662028265625 0.3146624375 0.7136655921874999 0.29425639375 0.674975178125 0.20362512187499998
7 0.423605165625 0.615320765625 0.502093121875 0.5817651515625 0.49510821875 0.5659320921875 0.52421748125 0.5535763046875 0.49185282187499996 0.4780086984375 0.3840060765625 0.5233807265625 0.423605165625 0.615320765625
1 0.7181336015625 0.2923973828125 0.740672340625 0.2828304734375 0.7028383984375 0.1925742 0.6798552328125 0.2025007375 0.7181336015625 0.2923973828125
1 0.5232468296875 0.6585465828125 0.842772265625 0.5229306828125 0.79472649375 0.409181515625 0.771572559375 0.4190089171875 0.8053754140624999 0.4979888578125 0.5083050828125 0.624251196875 0.5232468296875 0.6585465828125
6 0.5278373546874999 0.4618967828125 0.5391114046875 0.45781830625 0.5435784875 0.467757040625 0.5885281953125 0.4485599859375 0.5556490703125 0.3716931078125 0.49996276406250006 0.395444784375 0.5278373546874999 0.4618967828125