10 0.679828125 0.7333796875 0.6808046875 0.71835 0.664621875 0.7163609375 0.6646140625 0.7315015625 0.679828125 0.7333796875
10 0.6860609375 0.71670625 0.6872171875 0.6943890625 0.667821875 0.69203125 0.6664046875 0.714178125 0.6860609375 0.71670625
1 0.79775 0.8149765625000001 0.77793125 0.812975 0.7766859375 0.832421875 0.796534375 0.8350234375 0.79775 0.8149765625000001
1 0.5595015625 0.816790625 0.5594828125 0.7858015625 0.5309265625 0.7858015625 0.5309265625 0.8167796875000001 0.5595015625 0.816790625
2 0.599625 0.8142546875000001 0.5996265625 0.754403125 0.5639031250000001 0.7544625 0.56393125 0.8144109374999999 0.599625 0.8142546875000001
7 0.22045468750000002 0.7646078125 0.22039218749999998 0.8482421875 0.259528125 0.84811875 0.259675 0.7647515625 0.22045468750000002 0.7646078125
10 0.31520000000000004 0.7397328125 0.31523124999999996 0.7107125 0.2980921875 0.7106874999999999 0.298065625 0.7397750000000001 0.31520000000000004 0.7397328125
6 0.2766578125 0.7105953125 0.27663125 0.7402984375 0.28123125 0.7402859375 0.28123125 0.7422734375 0.29705 0.7422734375 0.2970234375 0.7106234375 0.2766578125 0.7105953125
10 0.2750171875 0.7402062500000001 0.275015625 0.68078125 0.267034375 0.6808515625 0.267034375 0.740190625 0.2750171875 0.7402062500000001
10 0.267925 0.7928890625 0.2679140625 0.787703125 0.26435 0.78773125 0.26437656249999997 0.792915625 0.267925 0.7928890625
3 0.24203281250000003 0.66653125 0.24204374999999997 0.62455625 0.218265625 0.6246640625000001 0.21824375 0.6666828125 0.24203281250000003 0.66653125
1 0.167403125 0.6579734375 0.1535125 0.6579734375 0.153528125 0.658834375 0.15339687500000002 0.6588 0.15330625 0.6820859375 0.153509375 0.6820859375 0.1534984375 0.6897015625 0.16660312500000002 0.6897031250000001 0.1665984375 0.6829468750000001 0.1675828125 0.6828890624999999 0.1675625 0.6588390625 0.1673921875 0.6588546875 0.167403125 0.6579734375
11 0.15793125 0.6553171875 0.1579203125 0.6555734375 0.16610468750000001 0.6555609375 0.166096875 0.6553328125 0.16780937499999998 0.6553375 0.1677796875 0.6263468750000001 0.15348124999999999 0.6263140625 0.15352656250000002 0.6311109375 0.1530921875 0.6311109375 0.1530625 0.647596875 0.15354062500000001 0.647596875 0.1535078125 0.6553093750000001 0.15793125 0.6553171875
1 0.2642578125 0.7969484375 0.2643421875 0.8296578125 0.2936171875 0.8296578125 0.2936046875 0.7899921875 0.2702 0.7900421875 0.2702 0.7970640625 0.2642578125 0.7969484375
10 0.24741718750000002 0.72096875 0.24732656249999999 0.7400171875 0.26539375 0.7401171875 0.265384375 0.72096875 0.24741718750000002 0.72096875
13 0.245509375 0.7383421875 0.2454609375 0.69295625 0.21815 0.6930125 0.21786093750000002 0.738484375 0.245509375 0.7383421875
2 0.2985125 0.76491875 0.2985125 0.7833578125 0.2986125 0.7833421875 0.29858125 0.8265 0.335659375 0.8265437500000001 0.335659375 0.7648906249999999 0.2985125 0.76491875
2 0.316878125 0.6828125 0.3169109375 0.710775 0.31677187500000004 0.7107890625 0.3167828125 0.7396328125 0.3610296875 0.739575 0.3610703125 0.6827421874999999 0.316878125 0.6828125
10 0.297040625 0.7834515625 0.2970015625 0.7631859375000001 0.261025 0.7630140625 0.2609765625 0.7834515625 0.297040625 0.7834515625
10 0.2457609375 0.6904015625000001 0.245759375 0.6782390625 0.242584375 0.6781671874999999 0.24257656249999998 0.6903875 0.2457609375 0.6904015625000001
13 0.26510781250000004 0.7181515625 0.2651484375 0.6813140625 0.24757968749999998 0.6813671875 0.2474234375 0.7180765625000001 0.26510781250000004 0.7181515625
1 0.192890625 0.8199203125000001 0.1929140625 0.8386687500000001 0.19765 0.8386859375 0.19765468749999998 0.8483578125 0.2184046875 0.8482015625000001 0.218453125 0.8199375 0.192890625 0.8199203125000001
8 0.20191875 0.7389 0.2021703125 0.7389109375 0.2021390625 0.74281875 0.16895625 0.74281875 0.168965625 0.7425078125 0.15475468750000002 0.742521875 0.15471718750000002 0.817475 0.2199578125 0.8173265625000001 0.2199578125 0.7627359375 0.3356296875 0.7628296875 0.3356796875 0.7424875 0.21601093750000003 0.74281875 0.21600000000000003 0.7383015625 0.21626093750000003 0.7382703125 0.2162578125 0.7076546875 0.20190625 0.7077390625 0.20191875 0.7389
10 0.1854359375 0.819809375 0.185415625 0.8502640625 0.1959515625 0.8502796874999999 0.19588125 0.8409718749999999 0.19118125 0.8409718749999999 0.1912015625 0.81979375 0.1854359375 0.819809375
2 0.15482968749999998 0.6934765625 0.1548421875 0.7389578125 0.1690875 0.7389390625 0.1691 0.7385125 0.200628125 0.738478125 0.20056875000000002 0.6938156249999999 0.15482968749999998 0.6934765625
2 0.20232187499999998 0.68955625 0.20238125 0.6938578125 0.2021296875 0.6938578125 0.20214531249999998 0.7055453125 0.21645625000000002 0.7055765625 0.21645625000000002 0.6903734375 0.24127187499999997 0.6904359375 0.2411546875 0.668678125 0.21683906249999998 0.6687015625 0.2168484375 0.6246968749999999 0.1704828125 0.6244765625 0.1704890625 0.68980625 0.1726578125 0.68980625 0.1726328125 0.68955 0.20232187499999998 0.68955625
1 0.6866234375 0.198675 0.6866187499999999 0.18051250000000002 0.6646062500000001 0.1805328125 0.6646015625 0.1986578125 0.6866234375 0.198675
10 0.6111328125 0.182165625 0.6111187499999999 0.1826984375 0.6427625 0.182678125 0.6427625 0.1821921875 0.64871875 0.1821890625 0.6487140625000001 0.1755234375 0.6869015625 0.17550625 0.6868937500000001 0.15735 0.6576890625 0.157346875 0.6576593749999999 0.14828125 0.5794406249999999 0.14830156249999998 0.5794359375 0.17548125 0.6057609375 0.17549375 0.605746875 0.18212343749999998 0.6111328125 0.182165625
10 0.6515875 0.1873125 0.6515875 0.18824687499999998 0.6528046875 0.18824687499999998 0.65278125 0.1994890625 0.6629734375 0.19951875 0.6629796875 0.18053593750000002 0.65166875 0.18053593750000002 0.6516984375 0.1871984375 0.6515875 0.1873125
8 0.6499843750000001 0.208509375 0.6500140625 0.20369375 0.6038640625 0.20370781249999997 0.6038640625 0.20859531250000002 0.6039656250000001 0.20859531250000002 0.6039546875 0.225528125 0.5764359375 0.2255578125 0.5764359375 0.2457859375 0.6503062500000001 0.24581406249999999 0.65020625 0.2234828125 0.649903125 0.22346875000000002 0.649875 0.2085515625 0.6499843750000001 0.208509375
13 0.556878125 0.2204703125 0.5568609375 0.24398124999999998 0.5745375 0.244109375 0.5745859375 0.20537187499999998 0.5603546875000001 0.20538281249999998 0.5603343749999999 0.22042812500000003 0.556878125 0.2204703125
10 0.23348593750000002 0.23858281250000002 0.23349531250000002 0.2291359375 0.21794843749999998 0.22910781249999998 0.217959375 0.23861249999999998 0.23348593750000002 0.23858281250000002
10 0.26790625 0.29290625000000003 0.26794531250000003 0.2887015625 0.26435 0.2887015625 0.26437187500000003 0.2928984375 0.26790625 0.29290625000000003
1 0.361059375 0.241425 0.3610625 0.22428906249999997 0.35836718749999996 0.22427812500000002 0.358359375 0.22351875 0.3403109375 0.22346875000000002 0.3403203125 0.22427812500000002 0.33828125 0.22430625 0.3383375 0.2413765625 0.3406265625 0.24140156250000003 0.3406265625 0.2419828125 0.3580421875 0.2418984375 0.3580578125 0.241425 0.361059375 0.241425
2 0.3169171875 0.18285625 0.31674375 0.23975156250000002 0.336571875 0.2397171875 0.3365828125 0.21943281250000002 0.36105 0.21940468750000003 0.3610796875 0.18286875 0.3169171875 0.18285625
0 0 0 0 1 1 1 1 0 0 0
10 0.27496875 0.2104046875 0.2750953125 0.18103750000000002 0.26701406250000004 0.18099218749999998 0.2670125 0.24033125000000002 0.274996875 0.24034375 0.27496875 0.2104046875
2 0.16970000000000002 0.1936421875 0.1697484375 0.2387375 0.1733140625 0.2387265625 0.17334531250000002 0.23855624999999997 0.2004609375 0.238540625 0.2004921875 0.193978125 0.16970000000000002 0.1936421875
10 0.1853359375 0.319809375 0.1853984375 0.35029374999999996 0.1959015625 0.3503078125 0.19593125 0.3410171875 0.19116093750000002 0.3409609375 0.1912015625 0.31979375 0.1853359375 0.319809375
10 0.31536718750000003 0.23982031250000002 0.3153109375 0.2092765625 0.29810625 0.20914843749999998 0.2981015625 0.23980625 0.31536718750000003 0.23982031250000002
3 0.218259375 0.1247703125 0.2182484375 0.166803125 0.2420734375 0.1667453125 0.24203125 0.12461718749999999 0.23657656249999998 0.124603125 0.2365671875 0.1248015625 0.218259375 0.1247703125
1 0.2702421875 0.2852484375 0.2702296875 0.2859875 0.293753125 0.2860015625 0.2937578125 0.28553125 0.2940171875 0.285503125 0.29395937499999997 0.2676890625 0.29103124999999996 0.2676890625 0.291021875 0.26713593750000003 0.290209375 0.26713593750000003 0.290209375 0.2667515625 0.2679125 0.2668375 0.267903125 0.26713593750000003 0.2670984375 0.26713593750000003 0.267103125 0.267603125 0.26416875 0.26763125 0.2641984375 0.28521718749999997 0.2702421875 0.2852484375
11 0.1578484375 0.1554859375 0.1578578125 0.1557 0.166084375 0.1557 0.1660953125 0.15547187499999998 0.1677921875 0.1554578125 0.16778125 0.126409375 0.1534984375 0.1264328125 0.15351874999999998 0.1309921875 0.15339843749999998 0.131009375 0.15340937500000001 0.14792812500000002 0.1535203125 0.14792812500000002 0.153509375 0.15544375 0.1578484375 0.1554859375
2 0.33565 0.3054734375 0.33565 0.2649890625 0.2986984375 0.265046875 0.2986375 0.30539218749999997 0.33565 0.3054734375
10 0.24576875 0.1904125 0.2457484375 0.1773578125 0.242625 0.177371875 0.2425953125 0.1904421875 0.24576875 0.1904125
1 0.197559375 0.3385609375 0.1975625 0.35031093750000003 0.26065625 0.35020625 0.2607234375 0.3371109375 0.247446875 0.3371671875 0.2474328125 0.3366140625 0.2466734375 0.336628125 0.2466734375 0.3363140625 0.23036875 0.33626093749999997 0.23036249999999997 0.336571875 0.2295390625 0.336571875 0.2295453125 0.3370984375 0.21695156249999997 0.3370765625 0.21695000000000003 0.3267421875 0.2184828125 0.32671875 0.2184421875 0.31125156249999997 0.2169265625 0.311265625 0.2169078125 0.30630625 0.1662265625 0.3062984375 0.166215625 0.3012796875 0.16662656250000002 0.3012796875 0.166625 0.2507640625 0.16621406249999998 0.25074843750000003 0.1662078125 0.2289609375 0.1666484375 0.2289609375 0.166609375 0.20355625000000002 0.1662078125 0.2035421875 0.1661875 0.18878124999999998 0.167028125 0.1887890625 0.1669796875 0.18323125 0.167390625 0.1832140625 0.167378125 0.1821609375 0.1675234375 0.1821609375 0.167528125 0.159 0.1673859375 0.1590140625 0.1673765625 0.15813125 0.166884375 0.15813125 0.166884375 0.15834375 0.1663140625 0.1583296875 0.166303125 0.1580734375 0.1533875 0.1581359375 0.1534078125 0.15825 0.15305625 0.15824375 0.1530609375 0.1828421875 0.15337343750000001 0.18285625 0.15335937500000002 0.2038984375 0.15305625 0.2038984375 0.1530421875 0.22851875000000002 0.15339375 0.22850625 0.15336875 0.2552265625 0.15305625 0.2552265625 0.15305625 0.30493281250000004 0.1533765625 0.30493281250000004 0.15335625 0.3194734375 0.1828671875 0.319571875 0.18284375 0.3174265625 0.1929203125 0.31746093750000004 0.19295 0.3385890625 0.197559375 0.3385609375
13 0.2651703125 0.2182703125 0.265221875 0.18151875 0.2475765625 0.18151875 0.24748593749999998 0.21819687499999998 0.2651703125 0.2182703125
10 0.2473578125 0.22109687500000003 0.2473484375 0.2405578125 0.26541562500000004 0.24043125 0.2653859375 0.2210390625 0.2473578125 0.22109687500000003
8 0.2670328125 0.262746875 0.3356765625 0.26280468749999997 0.3356390625 0.2425015625 0.21606874999999998 0.24284374999999997 0.21606874999999998 0.23866874999999999 0.2162703125 0.2383953125 0.21624218750000002 0.20771250000000002 0.21343593749999998 0.20769218750000001 0.21343593749999998 0.20591875 0.20202499999999998 0.20591875 0.2021734375 0.24285 0.1731109375 0.24281562499999998 0.1730921875 0.24265937499999998 0.16807031249999999 0.2426875 0.1680390625 0.25055625 0.16986718750000002 0.2505703125 0.169896875 0.30143593750000003 0.16793125 0.3014703125 0.16793125 0.303884375 0.220359375 0.3038421875 0.220378125 0.2650765625 0.2670265625 0.26505 0.2670328125 0.262746875
1 0.3266203125 0.3097515625 0.32661562499999997 0.309353125 0.306478125 0.3094109375 0.306478125 0.3096921875 0.305634375 0.3096921875 0.3056296875 0.310190625 0.2973015625 0.31021875 0.2972640625 0.32858125 0.3356515625 0.32858125 0.3356390625 0.3101625 0.3272328125 0.3102484375 0.3272421875 0.3097375 0.3266203125 0.3097515625
13 0.218290625 0.193178125 0.21828906250000002 0.2266375 0.23535937499999998 0.2266828125 0.23535625 0.23841874999999998 0.2456390625 0.238475 0.24559999999999998 0.1931203125 0.218290625 0.193178125
6 0.2841359375 0.20724375 0.28412187499999997 0.2108234375 0.2766171875 0.21081249999999999 0.27659218750000003 0.240515625 0.28119062499999997 0.2405015625 0.28119062499999997 0.24248750000000002 0.297009375 0.24248750000000002 0.296975 0.2108234375 0.2959375 0.2108234375 0.29597656250000004 0.2072609375 0.2841359375 0.20724375
1 0.29362343750000003 0.3296328125 0.29362343750000003 0.2900828125 0.27025156250000004 0.2900625 0.27025625 0.2937984375 0.2703671875 0.2938125 0.27035624999999996 0.2970671875 0.2642390625 0.29705312500000003 0.2643640625 0.3296328125 0.29362343750000003 0.3296328125
2 0.17046406249999999 0.12456875 0.1704515625 0.182234375 0.170584375 0.182234375 0.170596875 0.1834625 0.17046406249999999 0.1834625 0.170475 0.18988906249999998 0.173815625 0.1899 0.173815625 0.189671875 0.20223125 0.189575 0.202240625 0.193978125 0.2019984375 0.193978125 0.202009375 0.20566874999999998 0.216290625 0.2056828125 0.2163203125 0.1904421875 0.241128125 0.1904703125 0.24113437499999998 0.1687546875 0.216821875 0.1688 0.2168328125 0.12479375 0.17046406249999999 0.12456875
7 0.2204515625 0.26520625 0.22042968749999997 0.332196875 0.2595078125 0.33218281250000004 0.2594984375 0.2651609375 0.2204515625 0.26520625
10 0.701853125 0.3082109375 0.7018796875 0.2527875 0.6905015624999999 0.2527640625 0.6905015624999999 0.25229375 0.665996875 0.2523078125 0.665996875 0.2527921875 0.6428140625000001 0.2528078125 0.6428140625000001 0.2523375 0.61116875 0.2523171875 0.61116875 0.2527890625 0.59576875 0.25282187500000003 0.59575625 0.2523171875 0.57829375 0.25230312499999996 0.5783078125000001 0.2527890625 0.5293125 0.2526984375 0.5293125 0.3081875 0.701853125 0.3082109375
10 0.60281875 0.188453125 0.602809375 0.18058125 0.57768125 0.1805671875 0.5777015624999999 0.188353125 0.60281875 0.188453125
10 0.6016296875 0.22524687499999999 0.6016343749999999 0.19101718750000002 0.5776671875 0.19106875 0.5776296875 0.22526875 0.6016296875 0.22524687499999999
2 0.6526562499999999 0.24581406249999999 0.7015296875 0.24585625000000003 0.7016 0.1805390625 0.6884828125 0.1806234375 0.6884421875 0.20133593749999998 0.65280625 0.2016359375 0.652796875 0.20842343749999998 0.6528578125 0.20852343750000002 0.6528671875 0.22345312499999997 0.6525953125 0.2234828125 0.6526562499999999 0.24581406249999999
1 0.65000625 0.198796875 0.65004375 0.1874296875 0.6427906250000001 0.18740625 0.64278125 0.186953125 0.61114375 0.186925 0.6111359375000001 0.1873578125 0.6069109375 0.18734062499999998 0.6068734375 0.19879375 0.65000625 0.198796875
10 0.574978125 0.18649218750000002 0.5750296875 0.18222812500000002 0.5296406250000001 0.182271875 0.5296609375 0.24774531249999998 0.555021875 0.247675 0.5550015625 0.21795625 0.55850625 0.217971875 0.5585578124999999 0.2028421875 0.574696875 0.202884375 0.57465625 0.18650625 0.574978125 0.18649218750000002
10 0.70155 0.1569453125 0.689846875 0.1570015625 0.689828125 0.159771875 0.6887624999999999 0.1598015625 0.68884375 0.172628125 0.689828125 0.1726703125 0.68985625 0.17545468749999998 0.7015390625 0.175496875 0.70155 0.1569453125
11 0.820628125 0.8379453124999999 0.8219749999999999 0.8167109375000001 0.7995703125 0.8139109375 0.7982828125 0.8351218749999999 0.820628125 0.8379453124999999
13 0.6628609375 0.7293875 0.662890625 0.7042265624999999 0.627346875 0.70426875 0.627334375 0.7293734374999999 0.6628609375 0.7293875
10 0.537709375 0.6675328125 0.5377171875 0.66006875 0.5241265625 0.6600265624999999 0.5241171875 0.6675265625 0.537709375 0.6675328125
10 0.779353125 0.714003125 0.779034375 0.7216734375 0.78821875 0.72288125 0.78850625 0.7179109375 0.8070499999999999 0.7201390625 0.807221875 0.717378125 0.779353125 0.714003125
8 0.648946875 0.732040625 0.562221875 0.7321609375 0.5622125 0.699603125 0.5242078125 0.6995890625000001 0.5244109375 0.7745562500000001 0.5243203125 0.7746421875 0.5242890625000001 0.7794296875 0.5611265624999999 0.7794984375 0.561134375 0.774528125 0.561015625 0.77436875 0.561028125 0.7523625 0.6500421875 0.7522140625 0.71419375 0.76035625 0.7102859375 0.8223078125000001 0.7742453125 0.8302359375 0.77921875 0.7471015624999999 0.7749359375 0.74685625 0.7101609375 0.73945625 0.7100906250000001 0.73988125 0.7072468749999999 0.7395125 0.7072375 0.7391421874999999 0.648946875 0.732040625
7 0.7215515625 0.6693640624999999 0.7207015625000001 0.6811234374999999 0.7136109375 0.6802671874999999 0.7127703125 0.6942625 0.7199718749999999 0.6952015625 0.7190890624999999 0.7096218750000001 0.7119984374999999 0.7087890625 0.7102703125 0.7377343749999999 0.7750874999999999 0.745828125 0.7774828125 0.70483125 0.769625 0.7036859375 0.7715156249999999 0.6750499999999999 0.7215515625 0.6693640624999999
13 0.7790765625 0.7241234375000001 0.7777390625 0.7442234375 0.80476875 0.747671875 0.8066546875 0.7224515625000001 0.7899812500000001 0.7204078125 0.7896671875 0.725440625 0.7790765625 0.7241234375000001
3 0.47419062500000003 0.6679390625 0.4741890625 0.72989375 0.496721875 0.7299234375 0.496759375 0.698603125 0.4890875 0.6986171875 0.48908593749999996 0.6679109375000001 0.47419062500000003 0.6679390625
10 0.7067765625 0.696571875 0.7062015625 0.7058359375000001 0.717721875 0.7072421875 0.7182765625 0.6972046875 0.7124078125 0.69636875 0.7124078125 0.6971875 0.7067765625 0.696571875
10 0.5141046874999999 0.6993046875 0.5140765625 0.7061015625 0.521196875 0.7060734375 0.521215625 0.7293624999999999 0.5224703125 0.7293624999999999 0.52245 0.6992625 0.5141046874999999 0.6993046875
10 0.5293609375 0.8173609374999999 0.5292609374999999 0.7858171875 0.52590625 0.7858015625 0.525928125 0.817321875 0.5293609375 0.8173609374999999
10 0.773059375 0.6748984375 0.7723390625000001 0.68604375 0.7844234375 0.6875484375 0.7845921875 0.6838953125 0.77914375 0.6832609374999999 0.7795687499999999 0.67573125 0.773059375 0.6748984375
2 0.8245250000000001 0.7528328125 0.7820828125 0.7473578125 0.7781671875 0.807640625 0.8208359375000001 0.8129984374999999 0.8245250000000001 0.7528328125
1 0.5811015625 0.6924187500000001 0.5811499999999999 0.68434375 0.59674375 0.684303125 0.596784375 0.649553125 0.5634750000000001 0.6495953125 0.5634453125000001 0.6579390625 0.542015625 0.65796875 0.5419765625 0.692428125 0.5811015625 0.6924187500000001
1 0.644625 0.7582765625000001 0.64466875 0.8167828125 0.6474046875 0.8167828125 0.7059124999999999 0.82414375 0.7094984375 0.7657390625 0.6489765625 0.75835 0.644625 0.7582765625000001
1 0.564190625 0.6987625000000001 0.5643421875 0.7292078125 0.5926796875 0.7294234375 0.59265625 0.7003984375 0.5818484374999999 0.7003984375 0.5818375 0.6986515625 0.564190625 0.6987625000000001
10 0.7146859375 0.659159375 0.7137515624999999 0.6754546875 0.719221875 0.6761890625 0.71975625 0.666240625 0.7388953125 0.668796875 0.7393890625 0.6622171875 0.7146859375 0.659159375
3 0.8247203125 0.7502390625 0.8284 0.6896015625 0.8106328125 0.6874578125 0.8068937500000001 0.7482421875 0.8247203125 0.7502390625
2 0.5215609375 0.7747328125 0.521634375 0.7319671875 0.5195046875 0.731975 0.5194593750000001 0.7086718750000001 0.5124265625 0.7086890625 0.512375 0.699603125 0.49819531250000004 0.6995750000000001 0.49821875000000004 0.7320031250000001 0.47418281249999994 0.73199375 0.47420156249999995 0.8143968750000001 0.5216265625000001 0.8143968750000001 0.5216624999999999 0.7747765625 0.5215609375 0.7747328125
2 0.6403828125000001 0.8144390625 0.6403625 0.7544203125 0.6012125 0.754534375 0.6011828125 0.8144546874999999 0.6403828125000001 0.8144390625
10 0.666125 0.6915046874999999 0.65143125 0.68964375 0.6018046874999999 0.6896296875 0.601815625 0.690228125 0.5859765625 0.690228125 0.58600625 0.69754375 0.5945234375 0.6975718750000001 0.5945234375 0.7298171875 0.625609375 0.7298312499999999 0.6255890625 0.7017890625 0.6654828125 0.7017890625 0.666125 0.6915046874999999
6 0.7073343750000001 0.7374140625 0.7092671875 0.7083078125 0.7046421875 0.7077171875 0.7051640625 0.6970531249999999 0.6890031249999999 0.695109375 0.68710625 0.7186125 0.6824984374999999 0.71790625 0.6814671875 0.7341671875 0.6860968749999999 0.7347515625 0.6860062499999999 0.73636875 0.70289375 0.7384609375 0.7029640625 0.7367609374999999 0.7073343750000001 0.7374140625
13 0.53601875 0.696634375 0.5359890625 0.670196875 0.49108437499999996 0.6700140625000001 0.4911140625 0.696790625 0.53601875 0.696634375
10 0.7863249999999999 0.6841671875 0.785903125 0.6898609375 0.7722 0.688225 0.77133125 0.7023906249999999 0.7775765625 0.70310625 0.7776125 0.7027125 0.7801921875 0.7029687499999999 0.7798171875000001 0.7100265625 0.8073078125 0.7133515625 0.8089968750000001 0.6869625 0.7863249999999999 0.6841671875