0 0.23414528437499998 0 0.0536255671875 0.2676314875 0 0.407331428125 0 0.765854715625 0.2676314875 0.9463744328124999 0.407331428125 1 0.765854715625 1 0.9463744328124999 0.7323685125 1 0.592668571875 1 0.23414528437499998 0.7323685125 0.0536255671875 0.592668571875 0 0.23414528437499998 0
6 0.726092078125 0.5431988390625 0.752636096875 0.55338698125 0.7681401375 0.5129403046875 0.7880567890625 0.5207069171875001 0.79864180625 0.4932978796875 0.801278028125 0.49424864375000005 0.8087033984374999 0.474846284375 0.7861316015625001 0.46618211093750006 0.7878577484375 0.46168660937499995 0.76147565625 0.451526646875 0.7597393859375 0.45605112812500004 0.75076655 0.4526054359375 0.71870006875 0.536085021875 0.7275118515625 0.539501240625 0.726092078125 0.5431988390625
2 0.607359059375 0.6866585171875 0.6091867468750001 0.6818979125 0.6494290484375 0.69736964375 0.6476004875 0.7021315453125 0.6607217203125 0.70713899375 0.70682235 0.5872025796875 0.6405012906249999 0.561654865625 0.594290671875 0.681575515625 0.607359059375 0.6866585171875
10 0.408095553125 0.34732469374999997 0.3964936625 0.3429651125 0.40028179374999995 0.3330961953125 0.3881417203125 0.32840564375 0.35865294062499997 0.405308546875 0.38226250624999997 0.41423922031249993 0.408095553125 0.34732469374999997
10 0.4581546109375 0.3711801203125 0.43815010625 0.3634711046875 0.4396812109375 0.359541390625 0.4104213578125 0.3482187421875 0.3849879921875 0.414711165625 0.4449899109375 0.43773804375 0.470738778125 0.371403771875 0.45974063281250005 0.36727237343749997 0.4581546109375 0.3711801203125
9 0.573170834375 0.3404864046875 0.5503371593749999 0.3316851703125 0.538657028125 0.36197796718749997 0.5892082265624999 0.3814573265625 0.6105822671875 0.3257779578125 0.582902 0.315262546875 0.573170834375 0.3404864046875
3 0.33179309218749997 0.3412664875 0.27051108749999997 0.317664540625 0.25249140937500003 0.3646713359375 0.3138359375 0.38809117187500003 0.33179309218749997 0.3412664875
2 0.1904367765625 0.5265206671875 0.20124104843750001 0.5308416984375001 0.20306874531250002 0.5259190140625 0.2833951 0.5567953171875 0.28154584374999997 0.561537603125 0.2901294234375 0.5649205203125 0.33582785312499996 0.44571171875 0.332620525 0.44434746875000003 0.34716824218750003 0.4058019953125 0.25431397968749997 0.370069665625 0.2434647390625 0.39825603125 0.24010532968749998 0.39696636406249997 0.1904367765625 0.5265206671875
10 0.4184376109375 0.29392929218749997 0.4402428734375 0.302176321875 0.4486727484375 0.2802173375 0.426840740625 0.2718674546875 0.4184376109375 0.29392929218749997
10 0.8024427515625 0.492035678125 0.7911811984375 0.5217777640625 0.81179478125 0.529690290625 0.8231780687500001 0.50003596875 0.8024427515625 0.492035678125
3 0.414473971875 0.2671050390625 0.41264628437499995 0.27186564375 0.39250651406250003 0.26416716406249996 0.394384878125 0.2593314265625 0.370654334375 0.2502531875 0.3483840109375 0.3088316921875 0.4017760078125 0.3294167671875 0.42424455781250003 0.270885271875 0.414473971875 0.2671050390625
2 0.49829614375000003 0.30810244375 0.4944529765625 0.31789089062500003 0.4979009796875 0.31930628125 0.45161283750000003 0.4403393953125 0.5223390359375 0.46733367968749995 0.5568312984375 0.377642346875 0.532568778125 0.3682071703125 0.5486316140625 0.327485296875 0.534735353125 0.3220285890625 0.5328833125 0.32696500781250004 0.5103899140625 0.31814827968750004 0.5122058765624999 0.3134721171875 0.49829614375000003 0.30810244375
10 0.7154149734375 0.5349170984375 0.7466591046875 0.4538079078125 0.749351875 0.4547195421875 0.759512065625 0.42757429374999995 0.7462218203125001 0.42216636718749995 0.7444065328125 0.427118153125 0.7086241015625 0.41322979843749996 0.710466271875 0.4085958140625 0.6991838453125 0.4041426203125 0.657880684375 0.5129232781249999 0.7154149734375 0.5349170984375
8 0.6488519593750001 0.5207707984375001 0.3509866453125 0.4072410578125 0.3345606171875 0.4492502296875 0.3792764703125 0.4662599078125 0.38107691875 0.46156762812499996 0.48116036093750003 0.4999860625 0.479375634375 0.5047360656250001 0.523824959375 0.5217469015625 0.47951823750000006 0.6375595749999999 0.491528890625 0.6422212578125001 0.493314165625 0.63736985 0.5800719765625 0.670673121875 0.5782557078125 0.6754056203125 0.5893727234374999 0.6796737390625001 0.6379945625000001 0.5522272984375001 0.7383041875 0.5907323296875 0.752636096875 0.55338698125 0.6512665656250001 0.514542090625 0.6488519593750001 0.5207707984375001
10 0.365858915625 0.2535793328125 0.329549325 0.2398857390625 0.33141334375 0.23513833125 0.30589053437499997 0.22555419375 0.272081571875 0.31366526875 0.33332369375000004 0.3371894265625 0.365858915625 0.2535793328125
10 0.5251552078125 0.46914651406249996 0.534286140625 0.47268753593749996 0.5690631703125 0.38226665625 0.5598162531249999 0.3786964046875 0.5251552078125 0.46914651406249996
10 0.5718521937500001 0.335422325 0.580052646875 0.3141359828125 0.559241171875 0.306114478125 0.55096374375 0.327450675 0.5718521937500001 0.335422325
13 0.3827177953125 0.32662810625 0.3468322015625 0.3129038703125 0.3177195296875 0.388614884375 0.3534652125 0.40240683437499997 0.3827177953125 0.32662810625
7 0.6488519593750001 0.5207707984375001 0.6931376015625 0.40581087499999996 0.6965097874999999 0.4070620421875 0.7127242671875 0.3650647265625 0.689388521875 0.35606619375 0.687503665625 0.36114067968749997 0.6473444453125 0.34577210625 0.6493365437499999 0.3408208421875 0.6133080328125 0.327079365625 0.60272560625 0.35449015 0.6055853640625 0.3554559921875 0.594640290625 0.384133709375 0.591277803125 0.38293243125 0.588745040625 0.3896939734375 0.5742464625 0.3843059453125 0.539453065625 0.47534905 0.5564276765625 0.4818191515625 0.5551499203125 0.48497927812499997 0.6488519593750001 0.5207707984375001
2 0.67714964375 0.7134080890625001 0.67897733125 0.7086474843749999 0.7192178859375 0.72412180625 0.717389325 0.72888370625 0.7330378109375 0.7348777328125 0.7791092859375001 0.6148029171875 0.710290128125 0.588407028125 0.6640808046875 0.7083285515625 0.67714964375 0.7134080890625001
13 0.7422555656250001 0.59122260625 0.7774736265625 0.604894259375 0.8052051171875 0.53287671875 0.7698624515625 0.5192472953125 0.7422555656250001 0.59122260625
5 0.8329150125 0.493932678125 0.8003585671875 0.5787422140625 0.8282896078125 0.589204378125 0.8910139656249999 0.42556020156249996 0.830026915625 0.402149665625 0.8415425234375 0.3719079828125 0.80460368125 0.35781445624999997 0.79292545625 0.3879954546875 0.783404246875 0.3843400796875 0.7598855953125 0.4456858078125 0.8180877578124999 0.468069803125 0.8182851015624999 0.4687607890625 0.839161196875 0.476773109375 0.8327796578125 0.49339847187499997 0.8329150125 0.493932678125
10 0.8375414359375 0.47770475 0.8178767515625 0.47006474374999996 0.8120046671875001 0.48536199687500003 0.8317397953125001 0.49287800937500004 0.8375414359375 0.47770475
9 0.46772350625000003 0.36561936093749997 0.483843140625 0.32377104375 0.4172746359375 0.29806207812499996 0.4011257671875 0.34010742031249996 0.46772350625000003 0.36561936093749997