0 0.3753359375 0 0.0169359375 0.19056562500000002 0.44731875 1 0.6246640625000001 1 0.9830640624999999 0.809434375 0.55268125 0 0.3753359375 0
7 0.472834375 0.5916078125 0.46742656250000003 0.5815390625 0.5177562499999999 0.554740625 0.409621875 0.35242968750000003 0.3361328125 0.391140625 0.44950156249999995 0.6040140625 0.472834375 0.5916078125
13 0.521971875 0.6535562500000001 0.5596296875 0.63349375 0.5206125 0.5605234375 0.4727 0.58575625 0.513309375 0.6623 0.523765625 0.6568609375000001 0.521971875 0.6535562500000001
10 0.5959234375 0.7871406249999999 0.6152328125000001 0.8236921875000001 0.6333609375 0.8137296875000001 0.6141390624999999 0.7773765625 0.5959234375 0.7871406249999999
10 0.626959375 0.526128125 0.63519375 0.5415484375 0.6719328124999999 0.52241875 0.663284375 0.5063265625 0.626959375 0.526128125
1 0.5288671875000001 0.2820078125 0.54075 0.27597187500000003 0.4668140625 0.13702343749999998 0.44114531250000005 0.150671875 0.50053125 0.2623375 0.5144562500000001 0.25485156249999996 0.5288671875000001 0.2820078125
10 0.5151640625 0.28924062500000003 0.5263375 0.283221875 0.5148921875 0.2617703125 0.503653125 0.26759218749999997 0.5151640625 0.28924062500000003
2 0.5601921875 0.5607765625 0.632546875 0.697403125 0.6965859375 0.6626265625000001 0.6242359375000001 0.526846875 0.5601921875 0.5607765625
10 0.511334375 0.663675 0.47555625 0.5964890625 0.4523359375 0.609240625 0.46657187499999997 0.6362375 0.45590156249999997 0.641990625 0.4772359375 0.6821296875 0.511334375 0.663675
10 0.46420625 0.13187500000000002 0.43015781249999996 0.0681140625 0.41351250000000006 0.07704375 0.42369218750000004 0.09605312499999999 0.41473125 0.10081875 0.4385671875 0.14575312499999998 0.46420625 0.13187500000000002
2 0.635153125 0.70230625 0.7171515625 0.8558734375 0.78106875 0.8215640625 0.6997390625000001 0.6685734375 0.635153125 0.70230625
1 0.5178796875 0.2947875 0.6348234374999999 0.5144890625 0.6602640625 0.5008953125 0.5433078124999999 0.281053125 0.5178796875 0.2947875
3 0.2985328125 0.1383421875 0.3382734375 0.21280937500000002 0.339378125 0.2123484375 0.342534375 0.218090625 0.3277890625 0.2259140625 0.362590625 0.291265625 0.402396875 0.27002031249999997 0.367565625 0.20444062500000001 0.3579484375 0.209940625 0.354903125 0.204215625 0.364659375 0.1990078125 0.3250796875 0.12447187500000001 0.2985328125 0.1383421875
10 0.2187015625 0.19782968750000002 0.225371875 0.1943078125 0.21845937499999998 0.181246875 0.21178906249999999 0.18475312500000002 0.2187015625 0.19782968750000002
2 0.3276484375 0.1231875 0.43716875 0.329303125 0.5125578125 0.2904765625 0.40264375 0.08335000000000001 0.3276484375 0.1231875
13 0.2347296875 0.172146875 0.27478437499999997 0.247290625 0.3361921875 0.21467187499999998 0.2961515625 0.139365625 0.2347296875 0.172146875
10 0.4049921875 0.081903125 0.41199375 0.09494843750000001 0.41824843749999996 0.0916875 0.4113125 0.0786375 0.4049921875 0.081903125
10 0.260596875 0.2549015625 0.272415625 0.2486234375 0.2325609375 0.1732578125 0.22049531249999998 0.17963281250000002 0.260596875 0.2549015625
8 0.3798828125 0.2895734375 0.41245937499999996 0.3510015625 0.409765625 0.3523921875 0.504246875 0.5293078125 0.5063578125 0.52790625 0.6301921875 0.7610109375 0.65625625 0.74761875 0.5548890625 0.5568546875 0.63210625 0.51551875 0.515240625 0.29590625 0.4381453125 0.33753125 0.4053859375 0.276153125 0.3798828125 0.2895734375
1 0.228646875 0.1999921875 0.21935781250000003 0.20478437500000002 0.2092734375 0.18568281250000002 0.191884375 0.19499687500000001 0.2984796875 0.3944046875 0.311615625 0.3871765625 0.3019734375 0.369178125 0.314753125 0.3623015625 0.228646875 0.1999921875
2 0.40690781249999997 0.346609375 0.37698906249999997 0.29050937499999996 0.36311875 0.29816875 0.32528125 0.227246875 0.2631515625 0.259959375 0.3308203125 0.3871484375 0.40690781249999997 0.346609375
1 0.4131890625 0.5772999999999999 0.42815000000000003 0.5695625 0.40324687499999995 0.5229640625 0.363978125 0.5439265625 0.4220328125 0.653346875 0.44683124999999996 0.6400796875 0.4131890625 0.5772999999999999
10 0.307540625 0.3733984375 0.3184703125 0.3937140625 0.328378125 0.388203125 0.317484375 0.36774687500000003 0.307540625 0.3733984375
10 0.31930625 0.434034375 0.33302187499999997 0.42674531250000003 0.31449375 0.392178125 0.3008765625 0.39925625 0.31930625 0.434034375
8 0.40040312499999997 0.5176703125000001 0.33380624999999997 0.3924203125 0.3212703125 0.3995296875 0.337984375 0.4309265625 0.3223828125 0.4396640625 0.372190625 0.5331953125 0.40040312499999997 0.5176703125000001
10 0.44915625 0.6388843750000001 0.46133125 0.6324890625 0.4528671875 0.6165 0.44070312500000003 0.6229015625 0.44915625 0.6388843750000001
10 0.4378421875 0.6180234375 0.45036718750000004 0.6112437500000001 0.43084375 0.5744203125 0.41828281250000005 0.5810578125 0.4378421875 0.6180234375
6 0.6285000000000001 0.7628828125 0.6061453125 0.720771875 0.596128125 0.7259765625 0.5934265625 0.7209625 0.6053296875 0.7145937499999999 0.5753203124999999 0.6580515625000001 0.573171875 0.65903125 0.5625453125 0.63908125 0.5264484375 0.65770625 0.5677640625 0.7346890625 0.5777859375000001 0.729090625 0.5806625000000001 0.7344999999999999 0.5706546875 0.7396843750000001 0.593 0.78188125 0.6285000000000001 0.7628828125
10 0.664859375 0.796940625 0.7008375 0.8644671875000001 0.7146234375 0.8570953125 0.659440625 0.753109375 0.61634375 0.7761218750000001 0.6355953125 0.8125 0.664859375 0.796940625