0 0.21875 0 0.21875 1 0.78125 1 0.78125 0 0.21875 0
10 0.43206249999999996 0.29496875 0.44503281250000004 0.295034375 0.44503281250000004 0.29317187499999997 0.45545 0.2932109375 0.45545 0.21630781250000003 0.43205781249999997 0.21633906249999998 0.43206249999999996 0.29496875
10 0.45051406250000003 0.4847765625 0.45388124999999996 0.4848828125 0.45388124999999996 0.55906875 0.4506265625 0.55906875 0.450546875 0.588584375 0.5037984375 0.58865625 0.5038953125 0.4502453125 0.45061093750000003 0.450209375 0.45051406250000003 0.4847765625
2 0.603375 0.21589687500000002 0.5932625 0.21607500000000002 0.5932625 0.21636093750000002 0.538703125 0.21637656249999998 0.538553125 0.391284375 0.603346875 0.391140625 0.6033921875 0.3512265625 0.6002359375 0.3512984375 0.60021875 0.255871875 0.603409375 0.25594375 0.603375 0.21589687500000002
13 0.4798828125 0.21633593750000002 0.47991406249999996 0.3038109375 0.53351875 0.30409687500000004 0.5334390625000001 0.21633593750000002 0.4798828125 0.21633593750000002
10 0.3748453125 0.5461437499999999 0.3748453125 0.582215625 0.4173265625 0.5822515625 0.41726093750000004 0.5461437499999999 0.3748453125 0.5461437499999999
2 0.603609375 1 0.60361875 0.9714359375000001 0.6001562500000001 0.9713984375000001 0.6002203125000001 0.8656578125 0.603571875 0.8656578125 0.6035874999999999 0.8409046874999999 0.5054984375 0.8412265624999999 0.5054984375 0.8482125 0.5053093750000001 0.848190625 0.505375 0.9426718749999999 0.47449375 0.94281875 0.47452812499999997 1 0.603609375 1
10 0.45542499999999997 0.204759375 0.4554890625 0.12781718749999998 0.44498906250000003 0.12774375 0.44498906250000003 0.126096875 0.4321171875 0.1260265625 0.43210156250000004 0.20461562500000002 0.45542499999999997 0.204759375
3 0.47147500000000003 1 0.4714703125 0.942696875 0.424903125 0.9425531250000001 0.424903125 1 0.47147500000000003 1
4 0.3873078125 0.0516328125 0.32632812499999997 0.05166875 0.3262484375 0.112671875 0.3873078125 0.11270781249999999 0.3873078125 0.0516328125
7 0.453496875 0.5949718749999999 0.4535046875 0.5886921875 0.41831250000000003 0.588803125 0.41845 0.7070859375 0.4216875 0.7070109375 0.4216390625 0.7865015625 0.41841718749999995 0.78656875 0.41846562499999995 0.7983890625 0.427328125 0.798321875 0.4273140625 0.7918734374999999 0.45071562500000006 0.7917984375 0.450734375 0.8420046875 0.49318437499999995 0.8419718749999999 0.49318125 0.826028125 0.5043453125 0.8264328125 0.50383125 0.594925 0.453496875 0.5949718749999999
10 0.44499374999999997 0.4058921875 0.4228109375 0.4057875 0.4228109375 0.43436250000000004 0.445040625 0.4342625 0.44499374999999997 0.4058921875
10 0.4246609375 0.7983921875 0.4246609375 0.8426671875 0.447859375 0.842796875 0.44787968749999996 0.798478125 0.4246609375 0.7983921875
2 0.6001984375 0.4378515625 0.6034203125000001 0.4379234375 0.6033625 0.39801875 0.5385234375 0.3979578125 0.5386328125000001 0.57239375 0.5477546875 0.57239375 0.54774375 0.573303125 0.6033953125 0.57318125 0.6033890625 0.5332421875 0.60023125 0.5333484375 0.6001984375 0.4378515625
5 0.32632812499999997 0.21665937500000002 0.39394375 0.2164796875 0.39379375 0.43428750000000005 0.42221093749999994 0.43428750000000005 0.422171875 0.4048359375 0.44500624999999994 0.40487812500000003 0.44500624999999994 0.2959046875 0.43163125 0.2957765625 0.4316890625 0.2164328125 0.4310625 0.2164328125 0.4310421875 0.2047015625 0.4317078125 0.2047015625 0.4316890625 0.12505468749999998 0.44500624999999994 0.12505468749999998 0.44504687499999995 0.052098437500000004 0.39375312500000004 0.0516625 0.3938125 0.126978125 0.325971875 0.1267609375 0.32593125 0.1790578125 0.32634375000000004 0.1790578125 0.32632812499999997 0.21665937500000002
1 0.4218046875 0.98458125 0.42182031249999996 0.80461875 0.415440625 0.8047625 0.41542500000000004 0.7865640625 0.41525468749999994 0.7866015625 0.41525468749999994 0.7070078125 0.4154078125 0.706971875 0.4153765625 0.5880828124999999 0.37485 0.5881765624999999 0.374978125 0.6298359375 0.3745625 0.629871875 0.3744984375 0.7567125 0.3748828125 0.7566765625 0.37486875 0.798253125 0.3819390625 0.7981812500000001 0.381921875 0.9845453125000001 0.4218046875 0.98458125
1 0.6389921875 1 0.6389921875 0.9999062500000001 0.638684375 0.9998625000000001 0.638684375 0.971578125 0.6389921875 0.971578125 0.6390109374999999 0.8657937499999999 0.6386453125 0.8657937499999999 0.6386640625 0.8022625 0.638953125 0.8023046875000001 0.6390296875 0.6118390625 0.6386453125 0.6118390625 0.638684375 0.573453125 0.6316234374999999 0.573496875 0.631546875 0.5332625 0.6317781250000001 0.53330625 0.631815625 0.4379234375 0.6315859374999999 0.4379234375 0.6316046875 0.3513078125 0.631796875 0.35139375 0.631815625 0.2558828125 0.6316234374999999 0.2558828125 0.6316234374999999 0.21633593750000002 0.6062125 0.21629375 0.6062328124999999 0.255925 0.6066171875 0.255925 0.6066171875 0.3513515625 0.6062328124999999 0.3513078125 0.6062125 0.43809375 0.606675 0.4380515625 0.6066546875000001 0.5333484375 0.6062125 0.53330625 0.6061546875 0.6121828125000001 0.606578125 0.6121828125000001 0.6066359375 0.8024765625000001 0.6062328124999999 0.8023906249999999 0.606175 0.8351453125000001 0.60844375 0.8351875 0.6084640625 0.8658359375 0.606675 0.8657937499999999 0.6066546875000001 0.971621875 0.6084828124999999 0.971578125 0.6084578125 1 0.6389921875 1
1 0.44745625 0.48489375 0.4476453125 0.4848484375 0.44761249999999997 0.4570875 0.44317343749999993 0.45697968749999995 0.44312500000000005 0.4458390625 0.4200421875 0.44589999999999996 0.4201 0.47390781249999997 0.4199 0.4738765625 0.4198421875 0.5269265625 0.42012968749999996 0.5269265625 0.42008906250000005 0.5814203124999999 0.44766093749999997 0.5815984375000001 0.44766093749999997 0.5592109375 0.44745625 0.5592140624999999 0.44745625 0.48489375
13 0.43034062500000003 0.8493828125 0.4303734375 0.935278125 0.5021078125 0.9351984375000001 0.5021234375 0.8495156250000001 0.43034062500000003 0.8493828125
10 0.47738125 0.30384687499999996 0.4774140625 0.21637187500000002 0.47098593749999995 0.21633593750000002 0.47098593749999995 0.2159421875 0.46080625 0.2157984375 0.4607734375 0.30384687499999996 0.47738125 0.30384687499999996
12 0.387275 0.218128125 0.32632812499999997 0.2184140625 0.32628124999999997 0.385946875 0.3872921875 0.3859828125 0.387275 0.218128125
8 0.54770625 0.5799875 0.5477218749999999 0.5949609375 0.535378125 0.594996875 0.5355875 0.3123359375 0.533503125 0.3123359375 0.5334875 0.310509375 0.506828125 0.3104734375 0.5068125 0.3336484375 0.5073265625000001 0.3336859375 0.5073265625000001 0.39415 0.506828125 0.39411406250000003 0.5068609375 0.8346359375000001 0.6034109375 0.8343140625000001 0.6034421875 0.8023265625 0.60026875 0.802290625 0.6002375 0.6121546875 0.6034109375 0.6120828125 0.6034109375 0.57984375 0.54770625 0.5799875
6 0.44799375 0.3306359375 0.44784375 0.3961703125 0.450409375 0.39609843749999996 0.4503734375 0.44331718750000004 0.500753125 0.443153125 0.50076875 0.3993796875 0.4880234375 0.39925781250000003 0.4880234375 0.39392031250000004 0.5071796875000001 0.3937421875 0.5071640625 0.333778125 0.5038796875 0.33382812500000003 0.5038515625 0.310465625 0.46205468749999995 0.31051875 0.46205625 0.3061390625 0.450365625 0.3062421875 0.4504140625 0.3306015625 0.44799375 0.3306359375