10 0.6362854812500001 0.8920449375 0.6356274796875 0.8985445765625 0.6604820578124999 0.9013878500000001 0.6629449296875001 0.878493309375 0.6129920671875 0.873406446875 0.61126809375 0.8893605156250001 0.6362854812500001 0.8920449375
10 0.5814941453125 0.873484759375 0.5789644546875 0.897418634375 0.5958822031250001 0.8991967609374999 0.5983763093750001 0.875197871875 0.5814941453125 0.873484759375
6 0.603204146875 0.8293387984375 0.58611056875 0.827619175 0.5849468734375 0.8386910015625 0.583955459375 0.8385867984375001 0.5806249203125 0.8702747531249999 0.5987282578124999 0.8722529031249999 0.603204146875 0.8293387984375
10 0.5102019359375001 0.8907208656250001 0.5088819375 0.9032798124999999 0.5159130328125 0.9040533734375 0.5172403812499999 0.8914245 0.5102019359375001 0.8907208656250001
1 0.3681136515625 0.706834684375 0.36802735468750003 0.7077902734375 0.3629926765625 0.7073050984375 0.3463812890625 0.86575549375 0.3429115125 0.8654489375000001 0.3331597296875 0.9586793859375 0.336515265625 0.9590713453124999 0.333793084375 0.9852850890625 0.3461344796875 0.9865822218750001 0.375482421875 0.7075196203125 0.3681136515625 0.706834684375
13 0.2902612375 0.76735341875 0.28405888749999997 0.8265292687500001 0.303501790625 0.8285728000000001 0.30970175 0.7692851515625 0.2902612375 0.76735341875
2 0.3256528328125 0.7816656265625 0.31822412031249997 0.852315203125 0.342943421875 0.8551301203125 0.3503534484375 0.784239771875 0.3256528328125 0.7816656265625
10 0.260163059375 0.8267168781249999 0.2662493640625 0.8274209890625001 0.2692866109375 0.7987925765624999 0.2631858921875 0.797956546875 0.260163059375 0.8267168781249999
10 0.29602340312500003 0.70338185 0.294361759375 0.718877421875 0.3162109 0.7211817140625 0.3178149765625 0.7057555046874999 0.29602340312500003 0.70338185
13 0.274768303125 0.9630261953125 0.2734074734375 0.9759736265625 0.2616452125 0.9747719281249999 0.26134060937500003 0.9776700265624999 0.28900075 0.980577225 0.2906588984375 0.9646963640624999 0.274768303125 0.9630261953125
10 0.2964972984375 0.6645671921875 0.2933378453125 0.694119140625 0.3077842703125 0.695717646875 0.31095384843749996 0.6660693546875 0.2964972984375 0.6645671921875
0 0.2697529140625 0 0.1680264859375 0.9678623171874999 0.4737961109375 1 0.7302470859375 1 0.8319735140625 0.0321376828125 0.5262038890625 0 0.2697529140625 0
10 0.27773759062500003 0.7700026046875 0.28495260624999996 0.7706855203125 0.286304253125 0.757586296875 0.26758214062499996 0.7556656562499999 0.26376574062499997 0.7921855437499999 0.2752071015625 0.7935404765625 0.27773759062500003 0.7700026046875
10 0.26324502031249997 0.9592368640625001 0.2618785859375 0.9719087625 0.272395584375 0.97308955625 0.27371087968749996 0.9602614562499999 0.26324502031249997 0.9592368640625001
1 0.2820006203125 0.8053040984375001 0.27001965625 0.8040307078125 0.2672418125 0.8304601265624999 0.2597812453125 0.8295722968750001 0.2467519140625 0.954434996875 0.2588273609375 0.9558408640625 0.2695745203125 0.8535884734374999 0.2767797265625 0.854304921875 0.2820006203125 0.8053040984375001
10 0.24604704531250002 0.9603939625000001 0.24446170937499997 0.9758959828125 0.25656535156250004 0.9771681265625001 0.2582103859375 0.9616362453124999 0.24604704531250002 0.9603939625000001
6 0.29092590937499996 0.751776628125 0.2896504515625 0.7641360125000001 0.310219234375 0.766349725 0.311377259375 0.7551076234375 0.3126168046875 0.7551829156250001 0.3158695296875 0.7237868656249999 0.2940752859375 0.7216030328125 0.2939742203125 0.7227738828125 0.2920478328125 0.7226264 0.28899968593750003 0.751627590625 0.29092590937499996 0.751776628125
10 0.2838322 0.8292690203124999 0.2805949296875 0.8590830203125 0.3002569390625 0.8611495796874999 0.30331652343750004 0.8315462859375 0.2838322 0.8292690203124999
7 0.2912673375 0.9587131234375 0.3009096875 0.867017140625 0.2707452578125 0.8639001499999999 0.268375775 0.8862200546875 0.27076517031249997 0.886521465625 0.26342593281250004 0.9561403734375 0.2912673375 0.9587131234375
10 0.3193523 0.7052996390625 0.3177081 0.7209431578125 0.33047790625 0.7223795843749999 0.33209598281249997 0.7065212203125 0.3193523 0.7052996390625
10 0.280642640625 0.778626946875 0.2782267734375 0.8019113499999999 0.2852124828125 0.802713134375 0.28765245156249997 0.7792741546874999 0.280642640625 0.778626946875
13 0.35625213906250003 0.3426811984375 0.3605638125 0.3018975359375 0.34457943593749996 0.3003871890625 0.343246978125 0.3132889 0.3313826421875 0.31204190781249996 0.3284402125 0.3398130359375 0.35625213906250003 0.3426811984375
10 0.3276436328125 0.3013518890625 0.3155088234375 0.300032478125 0.31205584218750004 0.332691075 0.3138724734375 0.33283644843750004 0.31340811875 0.3371348953125 0.3237868875 0.33822574843750003 0.3276436328125 0.3013518890625
10 0.35349170937499996 0.1666674953125 0.3504584671875 0.1963191203125 0.3701046984375 0.19843115625000002 0.3731581421875 0.1687816546875 0.35349170937499996 0.1666674953125
10 0.35036745156250004 0.1157479171875 0.3479097265625 0.1391316125 0.3549690546875 0.1400102640625 0.35747051406249997 0.116494478125 0.35036745156250004 0.1157479171875
2 0.3954918328125 0.11889600625 0.38797833593750003 0.18970949374999999 0.4275438109375 0.19402667499999998 0.4350290296875 0.12280958281250001 0.3954918328125 0.11889600625
7 0.328197853125 0.1991405203125 0.31859821250000003 0.2914615796875 0.36131621875 0.29606925624999997 0.3707852640625 0.20436291406249998 0.328197853125 0.1991405203125
10 0.3330350453125 0.2965595046875 0.331625665625 0.30917661406249997 0.34216856406249996 0.3101857375 0.343523065625 0.2975675734375 0.3330350453125 0.2965595046875
11 0.397898790625 0.3656886203125 0.39456223281249997 0.39758332812499997 0.408006346875 0.398957084375 0.41132695 0.36701985000000004 0.397898790625 0.3656886203125
6 0.361088365625 0.059845128125 0.35804217656250004 0.088827671875 0.360724278125 0.089109571875 0.3594230625 0.101489815625 0.380005484375 0.1035887 0.38117571250000004 0.09245471718750001 0.3823774921875 0.0926501578125 0.38566429687500003 0.061094293749999994 0.363926325 0.058943084374999996 0.3638015453125 0.060130295312500005 0.361088365625 0.059845128125
1 0.40503458593749997 0.30932103906249997 0.40340506249999997 0.30906964375 0.3984381078125 0.3564914875 0.4000631140625 0.3566214328125 0.3994189015625 0.362915134375 0.4116590578125 0.36427861093749997 0.41761178593750004 0.3081354703125 0.405295253125 0.30684095 0.40503458593749997 0.30932103906249997
10 0.365885078125 0.0407403 0.3642543859375 0.055956326562500006 0.386030828125 0.058309539062500006 0.3876315828125 0.04307936875 0.365885078125 0.0407403
2 0.40326938125 0.0447481046875 0.3958101921875 0.11558301093750001 0.4353630640625 0.1198407359375 0.44275876875 0.048892321875 0.40326938125 0.0447481046875
3 0.313195615625 0.341653059375 0.3087857328125 0.3840886296875 0.3514771390625 0.3885756765625 0.356063275 0.34565901875 0.313195615625 0.341653059375
2 0.36177011875 0.3022741296875 0.35276811874999997 0.388595103125 0.391670621875 0.392762475 0.40081822031250003 0.3060577453125 0.36177011875 0.3022741296875
1 0.35470864375 0.1425626515625 0.3398367140625 0.141111096875 0.33708079375 0.1675711 0.331656878125 0.16694760625 0.328539815625 0.196141084375 0.3487931578125 0.1983813453125 0.35470864375 0.1425626515625
13 0.3537511828125 0.1638699171875 0.3733822703125 0.16590180625 0.37951181875 0.1066413203125 0.3600159984375 0.1045780875 0.3537511828125 0.1638699171875
10 0.33434344843749997 0.1379036984375 0.33165024062500004 0.16426031562500001 0.3360712015625 0.164724978125 0.33879082656250004 0.13837113750000002 0.33434344843749997 0.1379036984375
10 0.3475704546875 0.10721662812499999 0.35470500625 0.107977496875 0.3560955609375 0.0947472484375 0.3373987828125 0.092705153125 0.333535140625 0.129405465625 0.345078953125 0.130607771875 0.3475704546875 0.10721662812499999
8 0.3625589640625 0.2962187265625 0.41619895468749996 0.3019209328125 0.42694304843750003 0.1994137015625 0.38585649375000003 0.1953529921875 0.3998347671875 0.0626276609375 0.38566429687500003 0.061094293749999994 0.36338676875 0.276294546875 0.36464431249999996 0.2764078671875 0.3625589640625 0.2962187265625
10 0.36319253906250004 0.031289895312499996 0.3776572046875 0.0329091734375 0.3808196625 0.003223996875 0.36630275 0.0016982078125000002 0.36319253906250004 0.031289895312499996
10 0.389018025 0.043221946875 0.3874182109375 0.05820398125 0.40019490625 0.059754251562500006 0.401791415625 0.044564484375000005 0.389018025 0.043221946875
2 0.333446315625 0.7074408453125 0.32599515 0.7783190140625 0.3507423046875 0.780913759375 0.35817957031250003 0.7100482703125001 0.333446315625 0.7074408453125
8 0.3388184015625 0.8606541984374999 0.3160951296875 0.8582658875 0.330151315625 0.7253523562499999 0.3158695296875 0.7237868656249999 0.2912673375 0.9587131234375 0.32810505 0.9625849234375 0.3388184015625 0.8606541984374999
2 0.6799919921875001 0.29862205468749997 0.6733844859375 0.3614882703125 0.715631465625 0.36592860625 0.72560663125 0.2713202078125 0.6572112390625 0.264059290625 0.653951025 0.29567608125 0.6799919921875001 0.29862205468749997
1 0.519479646875 1 0.5207756031249999 0.9875832984375 0.511840696875 0.9866866218749999 0.520093265625 0.9079444562500001 0.5085055828125 0.9065317234375 0.498681671875 1 0.519479646875 1
13 0.578823165625 0.9007659515625001 0.574194615625 0.9444150015625 0.6007170484375 0.9473393078125 0.6052916109375001 0.9036358796874999 0.578823165625 0.9007659515625001
10 0.648380125 0.9083956171875001 0.6470698703125 0.9210262890625 0.6574806234375 0.9221566375 0.6588329046875 0.909454971875 0.648380125 0.9083956171875001
8 0.577506809375 1 0.582929925 0.9481673953125 0.5725443765625 0.94712610625 0.587314134375 0.805360546875 0.5728938328125001 0.803976884375 0.5545399015625 0.9809497281249999 0.5265004140625 0.977854975 0.524172878125 1 0.577506809375 1
10 0.60557008125 0.9009864109375 0.6060020765624999 0.8968762390625 0.6068600015625 0.8968752859375 0.608573559375 0.880213125 0.599392640625 0.8792953046875001 0.5972676140625001 0.9000666531249999 0.60557008125 0.9009864109375
2 0.5436356171875001 0.8328218968750001 0.5361929703125 0.9037983703125001 0.5608374359375 0.9065928515625 0.5683727953125 0.8354218796874999 0.5436356171875001 0.8328218968750001
12 0.6095853109375 0.752676471875 0.6025215109375 0.820123209375 0.658121346875 0.8260282609375 0.6652428953125 0.7586300125000001 0.6095853109375 0.752676471875
13 0.654250296875 0.9529658781249999 0.6572040703125 0.9250419750000001 0.6455163203125001 0.9238638171875 0.6469353359375 0.9106318468750001 0.630868665625 0.9090075875 0.62660586875 0.9501184625000001 0.654250296875 0.9529658781249999
9 0.605135146875 1 0.6066200484375 0.9858721125000001 0.5818590140625 0.983439303125 0.5801268937499999 1 0.605135146875 1
2 0.6493172109375001 1 0.6539997046875 0.955544434375 0.585572925 0.9484027656249999 0.5822256765625 0.980444034375 0.6083360625 0.9832826125 0.6065781343750001 1 0.6493172109375001 1
10 0.5826672281249999 0.20877854999999998 0.5815798515624999 0.218900021875 0.5875320078125 0.21947534218750003 0.588596075 0.20935142031249998 0.5826672281249999 0.20877854999999998
3 0.6071391765625 0.9002730812499999 0.602216825 0.947360253125 0.625326065625 0.9499179640625 0.6302949250000001 0.9026424328125 0.6071391765625 0.9002730812499999
2 0.6084182234375 0.06471858593749999 0.6002417 0.14336505156249998 0.6404148359375 0.1476706875 0.6486607875 0.0689765296875 0.6084182234375 0.06471858593749999
13 0.7258997546875 0.26823236875 0.7288386375 0.2402707640625 0.7171716531250001 0.239044515625 0.7185641671874999 0.22579561875 0.7025930234375 0.2241892546875 0.698378628125 0.2651983828125 0.7258997546875 0.26823236875
8 0.5847909328124999 0.4199841046875 0.6377064640625 0.42564316093750004 0.654568396875 0.263792515625 0.6441696703125 0.2626822828125 0.6642752625 0.0705532609375 0.6500972828125 0.0691212265625 0.6313770843750001 0.2474412890625 0.6301137296875 0.2473085046875 0.6250407828125 0.2962918859375 0.5981728296875 0.29350094375 0.5847909328124999 0.4199841046875
12 0.6811550734375 0.0677146328125 0.674134434375 0.135542971875 0.7297810609375001 0.141511071875 0.7369251343750001 0.073808825 0.6811550734375 0.0677146328125
3 0.6786271078125 0.21501355625000002 0.6736590015624999 0.262909753125 0.69684336875 0.265245978125 0.7018561609375 0.21755243750000003 0.6786271078125 0.21501355625000002
10 0.5696832390625 0.33749993906250003 0.5679661765625 0.353717109375 0.576161490625 0.3545501921875 0.5778481359375001 0.33838324218750004 0.5696832390625 0.33749993906250003
13 0.6504886609375 0.21608911718749998 0.64578240625 0.259670296875 0.672503965625 0.262478846875 0.6770237484375 0.2188780671875 0.6504886609375 0.21608911718749998
10 0.5654162609375 0.361370621875 0.5628931671874999 0.3851370828125 0.5835609109375001 0.38736590937500004 0.5860591421875 0.36359683593750003 0.5654162609375 0.361370621875
6 0.6555524515625 0.1541132921875 0.6523290734375 0.1849012671875 0.6704856078125 0.186597496875 0.6706727234375001 0.1849816421875 0.6725545453125 0.185179428125 0.675604 0.15616580625 0.673722178125 0.15596801875 0.6749334015625 0.144443996875 0.65786370625 0.1427363109375 0.6566519921875 0.15426499375 0.6555524515625 0.1541132921875
2 0.5998324609375 0.1465710875 0.592392975 0.21735307656249997 0.632559484375 0.22164701718750002 0.640063171875 0.1508670640625 0.5998324609375 0.1465710875
1 0.5963400125 0.296005896875 0.5746327625000001 0.293652103125 0.57039688125 0.3342976171875 0.57941750625 0.33524572343750003 0.577017925 0.3580762171875 0.5864438203125 0.3591894640625 0.5868913328125 0.3549316671875 0.59014503125 0.355231225 0.5963400125 0.296005896875
10 0.7079938859375 0.20718407968750002 0.707271696875 0.2137712375 0.73212949375 0.216808096875 0.7345897953125 0.19368390468750002 0.6847063421875 0.18842994375 0.6830003062500001 0.2045571484375 0.7079938859375 0.20718407968750002
9 0.643722234375 0.393340334375 0.6682877546875 0.396003971875 0.6782269140625 0.30125981562500004 0.6536283453125 0.29855185624999997 0.643722234375 0.393340334375
7 0.5821366875 0.2223018625 0.574872403125 0.29111795625000003 0.6250407828125 0.2962918859375 0.632154115625 0.2276264640625 0.5821366875 0.2223018625
1 0.6979740375000001 0.3708143546875 0.6768031515625 0.3685892046875 0.676416396875 0.3722689359375 0.673704925 0.371922675 0.6706786625000001 0.4007156375 0.6945145546875 0.4032208921875 0.6979740375000001 0.3708143546875
10 0.6773216734374999 0.21616308593750003 0.67777061875 0.2121756703125 0.6784294890625 0.2122449203125 0.6801365234375 0.19570461875 0.671048821875 0.1946771921875 0.668875609375 0.215353925 0.6773216734374999 0.21616308593750003
10 0.6532197125 0.1880271140625 0.6505609796875 0.21257586874999998 0.667500171875 0.21444894374999998 0.6701623953125 0.18973244843749998 0.6532197125 0.1880271140625
10 0.6687155515625001 0.0665140203125 0.6616069640625 0.134147725 0.6715731296875 0.13526276875 0.6786812296875 0.0676337265625 0.6687155515625001 0.0665140203125
10 0.7200446828125 0.22347359218750001 0.718728684375 0.2365027203125 0.72913713125 0.23753541875 0.7304654171875 0.22462855781250002 0.7200446828125 0.22347359218750001
11 0.699233984375 0.3721753859375 0.695965184375 0.40327595 0.7101347640625 0.4048626421875 0.7133649546874999 0.3737108859375 0.699233984375 0.3721753859375
7 0.5545399015625 0.9809497281249999 0.561822115625 0.912247065625 0.5244997796875001 0.90859141875 0.51985423125 0.9533588796875 0.5174813640625 0.95310948125 0.5150000078125 0.9765236875 0.5545399015625 0.9809497281249999
10 0.5970166296875 0.751344453125 0.5899055921875 0.8190014671875 0.5999744625 0.8200063296875 0.6071307296875 0.7523524984375001 0.5970166296875 0.751344453125
2 0.5686839296875 0.8324616234375 0.5716891234375 0.80386911875 0.5685688109375 0.8035411609375 0.57138634375 0.7767341328125 0.54980521875 0.7744658656250001 0.5440057125 0.829823846875 0.5686839296875 0.8324616234375
1 0.574026003125 0.7936982968749999 0.589844175 0.7956090890625 0.59454765625 0.7510378203125 0.5353111390625 0.7449343578125001 0.5192304421875 0.8975881578125 0.5320442359374999 0.8989349421874999 0.5462948390625 0.7635139359374999 0.5768477812499999 0.7668508671875001 0.574026003125 0.7936982968749999