12 0.273671875 0.271659375 0.3009921875 0.3362484375 0.35754375 0.31227187500000003 0.3301734375 0.247784375 0.273671875 0.271659375
10 0.3713359375 0.2318484375 0.3788140625 0.2286984375 0.36057656250000003 0.18570625000000002 0.3530703125 0.18886562499999998 0.3713359375 0.2318484375
13 0.4298265625 0.25722812500000003 0.43009531250000005 0.2579765625 0.42228750000000004 0.2612921875 0.43152187499999994 0.283275 0.44647812499999995 0.27692656250000003 0.4252375 0.22677031250000002 0.42457968749999997 0.2270484375 0.42305000000000004 0.22344375 0.4254171875 0.2224515625 0.4133625 0.1939453125 0.4121671875 0.194528125 0.40579375000000006 0.179440625 0.3945140625 0.1844359375 0.412909375 0.227884375 0.41459375 0.22706093749999998 0.416153125 0.230734375 0.40510624999999995 0.2351015625 0.4168 0.2626484375 0.4298265625 0.25722812500000003
5 0.63880625 0.8623687500000001 0.618675 0.8708640624999999 0.6469390625 0.9374687500000001 0.6469484375000001 0.939071875 0.63043125 0.9459234375 0.6016578124999999 0.8780749999999999 0.5728609375 0.8903984375 0.5987218750000001 0.9513703124999999 0.6086453125 0.947159375 0.6117265625 0.9544640624999999 0.601753125 0.95864375 0.616596875 0.9936875000000001 0.6822953125 0.9658 0.66273125 0.9197234375000001 0.662771875 0.9181203124999999 0.6878031250000001 0.9074734375 0.6633421875 0.8498078124999999 0.638071875 0.8606406249999999 0.63880625 0.8623687500000001
13 0.5666562500000001 0.6361421875 0.5791234375000001 0.6654703125 0.5890015625 0.661278125 0.583203125 0.6476671875 0.5834046875000001 0.6474546875 0.594009375 0.6724375 0.60946875 0.6658765625 0.5922046875 0.6252078125 0.5666562500000001 0.6361421875
4 0.6017265625 1 0.6134484375 0.995025 0.5987109375 0.9600296875 0.5706328125 0.9718234375 0.582621875 1 0.6017265625 1
0 0.3982734375 0 0.045742187499999996 0.149640625 0.40669843749999995 1 0.6017265625 1 0.9542578125000001 0.850359375 0.5933015625 0 0.3982734375 0
2 0.5923703125 0.6210546875 0.6114328125 0.6659609375 0.6538203125 0.648346875 0.651596875 0.6429203125 0.6498953125 0.6436421875 0.6341375 0.6063265624999999 0.635634375 0.6056765625 0.614946875 0.5571671874999999 0.5728515625 0.5751906250000001 0.5923703125 0.6210546875
10 0.594234375 0.6771921875 0.58923125 0.665271875 0.5779828124999999 0.6700468749999999 0.5830328125 0.6820734374999999 0.594234375 0.6771921875
10 0.7092703124999999 0.9492203124999999 0.7235390625 0.9435140625 0.7078375 0.9066296875000001 0.6937515624999999 0.9126203125 0.7092703124999999 0.9492203124999999
3 0.54796875 0.599459375 0.5496140625 0.5986828125 0.558925 0.6207125 0.5572828125 0.621409375 0.562425 0.6335437500000001 0.5911234375000001 0.6214125 0.5716875 0.575778125 0.5429265625 0.58758125 0.54796875 0.599459375
7 0.6039859375 0.723565625 0.602359375 0.7243453125 0.60463125 0.7296 0.6000046875 0.7316421875 0.632403125 0.807940625 0.6676078125 0.7932 0.616140625 0.6717640625 0.5871484375 0.68393125 0.6039859375 0.723565625
6 0.6875328125 0.8979968749999999 0.6925343749999999 0.9095921875 0.711896875 0.9009375000000001 0.7073234375 0.8902515624999999 0.70854375 0.8897328124999999 0.69336875 0.8539953125 0.684778125 0.8576421875 0.68370625 0.855146875 0.690890625 0.8521484375 0.682334375 0.8319468750000001 0.663971875 0.8397406249999999 0.672509375 0.8599078125 0.6748140625 0.858878125 0.6759046875 0.861509375 0.6726578125 0.862809375 0.67396875 0.86595 0.6711984375 0.8671328125000001 0.6848578125 0.8991765624999999 0.6875328125 0.8979968749999999
10 0.60496875 0.8766734375 0.6334515625 0.9437734375 0.64641875 0.9383437499999999 0.64639375 0.9372890625 0.618371875 0.871209375 0.60496875 0.8766734375
10 0.678928125 0.9565265625 0.704109375 0.9458390624999999 0.6881734374999999 0.908396875 0.663409375 0.91889375 0.663340625 0.9197468750000001 0.678928125 0.9565265625
1 0.5740546875 0.7100125 0.63483125 0.8532421875 0.64640625 0.8482843750000001 0.59500625 0.7270546875 0.600775 0.72460625 0.5840796874999999 0.6851359375 0.582896875 0.6856390625000001 0.5625515625 0.637571875 0.5614171875 0.638053125 0.554678125 0.6224515625 0.5559109375 0.6217937499999999 0.5467921875 0.6003078125 0.5456562500000001 0.6009187500000001 0.5405593750000001 0.5887781249999999 0.52995625 0.5932796875 0.552196875 0.6458515625000001 0.547675 0.647871875 0.5662359375 0.6914796875 0.5755343749999999 0.6874328125 0.5834296875 0.7060328124999999 0.5740546875 0.7100125
10 0.5676890625000001 0.6946687500000001 0.572696875 0.7065296875 0.58054375 0.7032609375 0.5753984375 0.6912734375 0.5676890625000001 0.6946687500000001
1 0.72335 0.7729468749999999 0.6497531249999999 0.5996703125 0.64746875 0.60066875 0.6457890625 0.59675 0.6480140624999999 0.5959265625 0.6290875 0.551153125 0.6167609374999999 0.55635 0.6357609375 0.6010703125 0.6374593749999999 0.6003171875 0.639065625 0.604203125 0.6370828125 0.60504375 0.655078125 0.64695625 0.656171875 0.646490625 0.6640859375 0.6652078125 0.662778125 0.6657625 0.704153125 0.7630328125 0.7053890625 0.7625093749999999 0.7119765625000001 0.7779578125 0.72335 0.7729468749999999
1 0.690309375 0.79578125 0.7482609375 0.9324390625 0.78544375 0.9165234375000001 0.7274078125 0.7799890625 0.690309375 0.79578125
8 0.7093703125 0.7791875 0.7029625 0.764159375 0.7014875 0.7648484375 0.65986875 0.6669328125 0.6614625000000001 0.66625625 0.656340625 0.654190625 0.6161765625 0.6718 0.7143921875 0.9034421874999999 0.709125 0.9057031249999999 0.7247078124999999 0.9424125 0.7299390625 0.9400421874999999 0.731928125 0.9447328125000001 0.74705 0.9383140624999999 0.733578125 0.906634375 0.7320546875 0.9073437500000001 0.6969125 0.8244875 0.6984343749999999 0.8239046875 0.6839765625 0.78978125 0.7093703125 0.7791875
4 0.5417640625 0.903540625 0.5677078125 0.9648734375 0.595475 0.9528609375 0.5696546875 0.891765625 0.5417640625 0.903540625
13 0.38487187500000003 0.24015625 0.40751875000000004 0.293509375 0.424640625 0.28630468750000004 0.4020140625 0.233065625 0.4012765625 0.2333796875 0.401028125 0.23279531250000002 0.41104062499999994 0.22854531250000001 0.39270312500000004 0.18534375 0.3756296875 0.1925296875 0.394146875 0.23628593750000002 0.38487187500000003 0.24015625
1 0.41125156250000006 0.41365625 0.42376250000000004 0.44312968750000004 0.45376093749999996 0.430396875 0.441209375 0.40094062499999994 0.41125156250000006 0.41365625
9 0.491696875 0.45294375000000003 0.49524375000000004 0.4514390625 0.46603125 0.3827296875 0.448196875 0.3902453125 0.4773109375 0.4590515625 0.4817125 0.45713125000000004 0.48017031250000003 0.453446875 0.490078125 0.44919062500000007 0.491696875 0.45294375000000003
10 0.352678125 0.18785000000000002 0.37770156250000003 0.17707656249999998 0.36185625 0.1397984375 0.3371953125 0.1503078125 0.33713125 0.1511640625 0.352678125 0.18785000000000002
10 0.2932046875 0.048025 0.30874687500000003 0.0846375 0.33697343750000003 0.07271875 0.3215 0.0362640625 0.2932046875 0.048025
8 0.4300296875 0.2932390625 0.49672031250000004 0.4509171875 0.5043859375 0.4476625 0.50295625 0.4442125 0.52305625 0.43555312500000004 0.5245625 0.439075 0.5330484375 0.4355234375 0.5266359375 0.42059687500000004 0.5257078125 0.4210421875 0.51753125 0.4017046875 0.51846875 0.40127968750000004 0.5144656249999999 0.3917125 0.5135468750000001 0.39215625 0.4216390625 0.175540625 0.42308124999999996 0.17491718750000002 0.407346875 0.13817812499999998 0.40582343749999994 0.1388875 0.3706828125 0.056032812499999994 0.372203125 0.0554484375 0.35774374999999997 0.021321875 0.36884843749999996 0.0165703125 0.3674 0.0131046875 0.3411921875 0.0242296875 0.3869546875 0.132 0.3816296875 0.1340703125 0.3985078125 0.17362968750000002 0.40374687500000006 0.1713515625 0.4515375 0.284015625 0.4300296875 0.2932390625
5 0.28550624999999996 0.18576874999999998 0.2754734375 0.1901203125 0.301475 0.251340625 0.3443671875 0.2335203125 0.34566875 0.2346625 0.3485640625 0.24162499999999998 0.37075468749999996 0.23220625 0.33647499999999997 0.151171875 0.336553125 0.14970937499999998 0.36160312499999997 0.13894375 0.3370453125 0.0812265625 0.31179843749999997 0.09194375 0.312546875 0.09370625 0.292475 0.10235625 0.320728125 0.1687796875 0.320471875 0.170584375 0.30432031249999997 0.17743906250000002 0.2754140625 0.10946249999999999 0.24656250000000002 0.12184375 0.2724890625 0.18286093750000001 0.2823765625 0.17860937500000001 0.28550624999999996 0.18576874999999998
11 0.53923125 0.39245312499999996 0.518859375 0.4010140625 0.5268171875000001 0.41966875000000003 0.52894375 0.41875 0.535596875 0.4344546875 0.5538796875 0.4269640625 0.53923125 0.39245312499999996
3 0.4644609375 0.3786734375 0.442334375 0.32625000000000004 0.410321875 0.3398375 0.4339734375 0.39549218750000004 0.44230468749999996 0.39200625 0.44101875 0.388921875 0.4644609375 0.3786734375
6 0.36139062499999997 0.12948593749999998 0.36593906249999997 0.140490625 0.38536875 0.1319859375 0.38079375 0.1212984375 0.382015625 0.12078124999999999 0.3671078125 0.085346875 0.3584890625 0.0890046875 0.35741875 0.0864859375 0.364640625 0.08351875 0.3560109375 0.063240625 0.337725 0.0711265625 0.34625625000000004 0.0912828125 0.348534375 0.0902734375 0.3496015625 0.0927328125 0.34628281250000004 0.09418593750000001 0.34765 0.09743437499999999 0.3461046875 0.0980171875 0.35971875 0.13016875 0.36139062499999997 0.12948593749999998
10 0.4181125 0.2664046875 0.4263859375 0.285834375 0.43005000000000004 0.2842796875 0.421759375 0.26480000000000004 0.4181125 0.2664046875
10 0.4759390625 0.45962031249999996 0.44684375000000004 0.3910734375 0.4418484375 0.39319375 0.47088906250000007 0.4617640625 0.4759390625 0.45962031249999996
4 0.2154078125 0.135146875 0.24153125000000003 0.19695625 0.2692890625 0.18423125 0.24329687500000002 0.1231796875 0.2154078125 0.135146875
10 0.36642031249999996 0.19024375 0.3856109375 0.235540625 0.3912 0.23333750000000003 0.371984375 0.18788125 0.36642031249999996 0.19024375
2 0.461315625 0.155725 0.4222859375 0.172159375 0.4637875 0.2700109375 0.4965296875 0.2562234375 0.49195312500000005 0.2454421875 0.4982921875 0.2428875 0.49364687500000004 0.23190624999999998 0.49198125 0.23261250000000003 0.4686078125 0.1775546875 0.47026874999999996 0.1768765625 0.461315625 0.155725
10 0.4208 0.288278125 0.42440625 0.2867109375 0.416128125 0.26725 0.4124671875 0.268765625 0.4208 0.288278125
2 0.3431890625 0.3786 0.3486109375 0.39131875 0.36252968750000003 0.3852875 0.3772875 0.4200015625 0.38511093750000003 0.4168046875 0.3835625 0.41320781249999994 0.40145468749999996 0.4055109375 0.40299375 0.4090625 0.41131875000000007 0.40555624999999995 0.409915625 0.40216874999999996 0.427725 0.3944609375 0.429246875 0.398021875 0.4330140625 0.396296875 0.4083265625 0.33808906250000004 0.4415984375 0.324221875 0.4287140625 0.2939421875 0.3828421875 0.31279375 0.381996875 0.3106859375 0.3247953125 0.335084375 0.3306265625 0.34888125 0.33211875 0.3481546875 0.3447703125 0.37799062499999997 0.3431890625 0.3786
10 0.330575 0.24025625 0.3604859375 0.3108546875 0.3748203125 0.3046484375 0.34537968750000003 0.235203125 0.3443796875 0.234228125 0.330575 0.24025625
10 0.27877968750000004 0.10821875 0.3072375 0.1752046875 0.320115625 0.1696484375 0.3200921875 0.1685921875 0.292159375 0.10261875000000001 0.27877968750000004 0.10821875
4 0.24421718750000002 0.2030328125 0.2703390625 0.26484375 0.2981 0.25211875 0.2721078125 0.1910703125 0.24421718750000002 0.2030328125
2 0.53976875 0.345709375 0.5163828125000001 0.2905640625 0.5180796875 0.2899671875 0.50558125 0.260440625 0.46680625 0.2774890625 0.5162390625 0.39411406250000003 0.5552296875 0.377509375 0.5414984375 0.3449765625 0.53976875 0.345709375
1 0.36393906249999997 0.027153125 0.4218890625 0.1638109375 0.4590703125 0.14789531250000001 0.40103437499999994 0.01135625 0.36393906249999997 0.027153125
10 0.33639687500000004 0.068053125 0.3547890625 0.060190625 0.341046875 0.0278296875 0.322675 0.035671875 0.33639687500000004 0.068053125
10 0.38580625 0.24655468749999998 0.38136875 0.23594062500000001 0.3542234375 0.2474796875 0.362221875 0.2662390625 0.3875296875 0.2553796875 0.38409218749999996 0.24728124999999998 0.38580625 0.24655468749999998
10 0.3829625 0.180490625 0.397178125 0.17468125 0.381540625 0.1378171875 0.367515625 0.14409687499999999 0.3829625 0.180490625
3 0.388575 0.25851875 0.36348437499999997 0.2693296875 0.380775 0.3101734375 0.40612031249999997 0.29951875 0.388575 0.25851875