13 0.1934171875 0.3096515625 0.16503125000000002 0.32745625 0.1834390625 0.35691562499999996 0.21184375000000003 0.339109375 0.1934171875 0.3096515625
3 0.0580765625 0.3485484375 0.0377046875 0.361278125 0.0783984375 0.4262765625 0.09880781250000001 0.41335625 0.0580765625 0.3485484375
13 0.10005 0.4121578125 0.1196578125 0.3999453125 0.104525 0.3757703125 0.098321875 0.37961093749999997 0.08721875 0.36179843749999996 0.0738546875 0.37015 0.10005 0.4121578125
7 0.68545 0.494509375 0.6524109375 0.515090625 0.6999703125 0.5910984375 0.7328015625 0.5703625 0.68545 0.494509375
10 0.1797296875 0.30057187500000004 0.1685765625 0.307540625 0.17526250000000002 0.31835 0.1864171875 0.311346875 0.1797296875 0.30057187500000004
10 0.389003125 0.8267671875 0.40003593750000005 0.8444234375 0.4060546875 0.84070625 0.39125624999999997 0.8170234375 0.37053125 0.829934375 0.374275 0.8359703125 0.389003125 0.8267671875
10 0.4482453125 0.74266875 0.4356484375 0.750628125 0.4397234375 0.75721875 0.452359375 0.74929375 0.4482453125 0.74266875
2 0.7706265625000001 0.4615484375 0.7329890625 0.48525156249999996 0.7710140625 0.546190625 0.808734375 0.5225671875 0.7706265625000001 0.4615484375
1 0.47797343750000004 0.2739921875 0.476459375 0.2714875 0.45373125 0.2857265625 0.45528593749999996 0.2881703125 0.4522828125 0.2900828125 0.46385 0.3086734375 0.49083125 0.291921875 0.4791625 0.2732484375 0.47797343750000004 0.2739921875
13 0.4172953125 0.21751718750000001 0.43688125 0.2053296875 0.42167656249999996 0.1811765625 0.4155109375 0.185078125 0.4042734375 0.16709374999999999 0.3909296875 0.1753796875 0.4172953125 0.21751718750000001
6 0.21133125000000003 0.290940625 0.197384375 0.29968125 0.1998171875 0.30358125 0.19389375 0.30734374999999997 0.213428125 0.3385328125 0.21880625 0.33513125 0.2199453125 0.3369546875 0.2438796875 0.322253125 0.223278125 0.288978125 0.21379687500000003 0.29488593750000003 0.21133125000000003 0.290940625
10 0.6910546875 0.48914843750000003 0.686178125 0.49214843750000004 0.6918359374999999 0.5011484375 0.696690625 0.4981140625 0.6910546875 0.48914843750000003
13 0.7552328125 0.5920453125 0.7342046875 0.6049234375 0.7595156249999999 0.64543125 0.7803687499999999 0.6322703125 0.7552328125 0.5920453125
8 0.223865625 0.45106718749999997 0.184859375 0.3888390625 0.24852968749999998 0.349225 0.2351125 0.3276140625 0.1667546875 0.3708625 0.1321375 0.39248125 0.13338125 0.39447343749999997 0.1238046875 0.40037031250000005 0.174640625 0.481825 0.223865625 0.45106718749999997
10 0.32096718750000003 0.721290625 0.3051921875 0.7311109375 0.31007656250000004 0.7389171875 0.3258171875 0.7291328125 0.32096718750000003 0.721290625
10 0.1635375 0.3285359375 0.1494796875 0.3373203125 0.1679703125 0.36701562499999996 0.1821265625 0.35807968749999997 0.1635375 0.3285359375
6 0.7835296875 0.5713390625 0.7687734374999999 0.5805859375 0.7860515625 0.6080140625 0.7868453125 0.60755625 0.788628125 0.6104093749999999 0.8025437500000001 0.6017125 0.8007609375 0.598859375 0.8062890625 0.59540625 0.7900859375 0.5695671875 0.78455625 0.573021875 0.7835296875 0.5713390625
1 0.45330000000000004 0.7515453125 0.429740625 0.7662093750000001 0.4506359375 0.7998125 0.4742 0.7850578125000001 0.45330000000000004 0.7515453125
2 0.43793125 0.207271875 0.396596875 0.2332484375 0.433415625 0.2922578125 0.475040625 0.266321875 0.43793125 0.207271875
0 0.3566265625 0 0 0.2228453125 0 0.6433734375 0.2228453125 1 0.6433734375 1 1 0.7771546875 1 0.3566265625 0.7771546875 0 0.3566265625 0
10 0.06218749999999999 0.3454140625 0.05996875 0.3468 0.069734375 0.36242968750000004 0.0874359375 0.35136875 0.075934375 0.3330015625 0.060482812500000004 0.3426796875 0.06218749999999999 0.3454140625
11 0.43870156250000003 0.9562015625000001 0.42233593750000004 0.966475 0.435603125 0.9877328125 0.4519796875 0.977453125 0.43870156250000003 0.9562015625000001
7 0.1264984375 0.3060921875 0.0822390625 0.3337484375 0.12268593750000001 0.3984375 0.1667546875 0.3708625 0.1264984375 0.3060921875
7 0.47545312500000003 0.7871703125 0.4183390625 0.8231609375 0.4472359375 0.8694625 0.5044203125 0.8336406249999999 0.47545312500000003 0.7871703125
11 0.13254531249999998 0.48366406250000005 0.11727499999999999 0.4931015625 0.130196875 0.51381875 0.1454203125 0.50430625 0.13254531249999998 0.48366406250000005
10 0.0946109375 0.3571796875 0.0885796875 0.3609484375 0.0984796875 0.37687499999999996 0.1046046875 0.373084375 0.0946109375 0.3571796875
1 0.6717562499999999 0.548828125 0.6512203125 0.5158875 0.6317609375 0.528125 0.6403046875 0.5417984375 0.6293546875 0.548640625 0.6382375 0.562984375 0.6402796875 0.5617093750000001 0.6433765625000001 0.5666218749999999 0.6717562499999999 0.548828125
2 0.5756953125 0.1512765625 0.5417046875 0.17248593750000002 0.579134375 0.23249375 0.6131046875 0.21113749999999998 0.5756953125 0.1512765625
10 0.6166671874999999 0.5331015625 0.6052421875 0.5401875 0.6247984375 0.5715453125 0.6362 0.5644218750000001 0.6166671874999999 0.5331015625
12 0.28476093750000003 0.70475625 0.2523125 0.724984375 0.30504375 0.8093734375 0.33744843750000003 0.789075 0.28476093750000003 0.70475625
10 0.41172343749999996 0.1624875 0.405590625 0.1661484375 0.41561250000000005 0.18208437500000002 0.42169375000000003 0.17834531250000002 0.41172343749999996 0.1624875
10 0.5403125 0.09456718750000001 0.5329828125 0.09908281249999999 0.5535875 0.1321234375 0.5608921875 0.127559375 0.5403125 0.09456718750000001
6 0.528396875 0.0961984375 0.51449375 0.1048859375 0.5170359375 0.10895312500000001 0.5110984375000001 0.11266406250000001 0.53061875 0.1438359375 0.535959375 0.1404984375 0.5370703125 0.1423515625 0.552178125 0.13285 0.5315359374999999 0.09995781249999999 0.5309671875 0.1003125 0.528396875 0.0961984375
10 0.1799875 0.2925140625 0.18686875 0.30331562500000003 0.1932390625 0.2993796875 0.17555937500000002 0.2710859375 0.15798281249999999 0.282025 0.1687828125 0.299515625 0.1799875 0.2925140625
7 0.4435734375 0.11115468749999999 0.39939375 0.13897656249999998 0.43981562500000004 0.2037890625 0.4836359375 0.176053125 0.4435734375 0.11115468749999999
10 0.23829531249999997 0.2721265625 0.224059375 0.28094687500000004 0.23776562499999998 0.302884375 0.25198125 0.2940015625 0.23829531249999997 0.2721265625
1 0.49100312500000004 0.1243890625 0.476875 0.101896875 0.46420625 0.1098625 0.459090625 0.1016171875 0.44503906249999997 0.11029375 0.4641828125 0.1410484375 0.49100312500000004 0.1243890625
1 0.44116718749999995 0.9571875000000001 0.45341875 0.976871875 0.4788640625 0.9610359374999999 0.464971875 0.938803125 0.4422046875 0.9530296875 0.4437796875 0.9555890625 0.44116718749999995 0.9571875000000001
1 0.146709375 0.503459375 0.17372343750000002 0.4866765625 0.1620578125 0.467840625 0.16072031250000002 0.4686734375 0.15933906250000002 0.4664453125 0.136515625 0.4806859375 0.13791718749999998 0.482884375 0.1350046875 0.48468437499999995 0.146709375 0.503459375
10 0.3406765625 0.784615625 0.34876874999999996 0.7976046875 0.3707859375 0.7838671875000001 0.3626984375 0.770925 0.3406765625 0.784615625
1 0.7439234375 0.7320140625 0.7238687500000001 0.699921875 0.7221046875 0.701025 0.7195578125 0.6968859375 0.705746875 0.705515625 0.7283265625 0.74165 0.7439234375 0.7320140625
8 0.44098437500000004 0.2056828125 0.49177187499999997 0.287025 0.5409125 0.256259375 0.5018953125000001 0.19409062500000002 0.5655828125 0.15435000000000001 0.552178125 0.13285 0.44929218750000005 0.19785 0.45049062500000003 0.1997484375 0.44098437500000004 0.2056828125
10 0.7816828124999999 0.6314765625 0.7836265625000001 0.630325 0.78425 0.6313234375000001 0.7921515625 0.62631875 0.7835703125 0.6125093749999999 0.7736531249999999 0.61870625 0.7816828124999999 0.6314765625
10 0.815325 0.6724328125000001 0.8121359375000001 0.6743609375 0.835525 0.7122375 0.8466453125 0.7053515625 0.7993953125 0.629725 0.7916484374999999 0.6345421875 0.815325 0.6724328125000001
10 0.4972484375 0.09786249999999999 0.5040015624999999 0.10868125 0.5103484375 0.104715625 0.49266718750000005 0.0763375 0.47505781249999995 0.087328125 0.48599531249999994 0.104821875 0.4972484375 0.09786249999999999
3 0.783403125 0.6328703124999999 0.7604953125 0.647321875 0.7824953125 0.6824234375 0.805371875 0.668128125 0.783403125 0.6328703124999999
12 0.8412734374999999 0.5697015624999999 0.8088468750000001 0.5901921875 0.8615140625000001 0.6746015625 0.894015625 0.654353125 0.8412734374999999 0.5697015624999999
2 0.75331875 0.6728359375 0.723165625 0.6916781249999999 0.763184375 0.7557203125 0.80859375 0.7274125 0.7438328125 0.623696875 0.7287296875 0.6332640625 0.75331875 0.6728359375
10 0.15550625 0.28705156249999997 0.1428796875 0.2949421875 0.14714531250000001 0.3017671875 0.1597546875 0.2938515625 0.15550625 0.28705156249999997
10 0.7684765625 0.5833125 0.7566265624999999 0.59055625 0.7726359375 0.6162765625 0.7845546875 0.6089625 0.7684765625 0.5833125
2 0.7313796875 0.48610625 0.6974296875 0.5073203125 0.7354499999999999 0.5682437499999999 0.7694640625 0.5471234375 0.7313796875 0.48610625
2 0.4224453125 0.8695921875 0.3773890625 0.8981187500000001 0.41780625000000005 0.9626812499999999 0.462746875 0.9340671875 0.4224453125 0.8695921875
8 0.6137515625 0.5881609375 0.663840625 0.6684234375 0.741325 0.6196937499999999 0.7314828125 0.6039234375 0.82355 0.5462078125 0.8100984375 0.5247421875 0.7245874999999999 0.57821875 0.7233906250000001 0.5763046875 0.6999703125 0.5910984375 0.6745078125 0.5503828125 0.6137515625 0.5881609375
13 0.81004375 0.7264390625 0.8234562499999999 0.7180578125 0.8124046875 0.700371875 0.818759375 0.6964 0.8036031250000001 0.6722234375 0.7840265625 0.6846546874999999 0.81004375 0.7264390625
10 0.8294499999999999 0.55089375 0.797009375 0.5711640625000001 0.8064234375 0.5863031249999999 0.8388625 0.5660328125 0.8294499999999999 0.55089375
6 0.3479609375 0.8025656250000001 0.360359375 0.8224 0.36317656249999997 0.8206390625 0.36819375 0.8286671875 0.39041875 0.8148500000000001 0.3854921875 0.8071265625 0.386628125 0.806415625 0.3733296875 0.785053125 0.3500359375 0.799609375 0.3507796875 0.8008 0.3479609375 0.8025656250000001
11 0.7446546875 0.734484375 0.7297374999999999 0.74380625 0.743121875 0.765328125 0.7580218750000001 0.755928125 0.7446546875 0.734484375
10 0.302696875 0.7272359374999999 0.31920000000000004 0.716925 0.30924687500000003 0.7011734374999999 0.3073578125 0.702303125 0.3021015625 0.69389375 0.287625 0.7029390624999999 0.302696875 0.7272359374999999
2 0.12084687499999999 0.401875 0.0792671875 0.42779375000000003 0.11625468750000001 0.486984375 0.1579046875 0.46095781249999995 0.12084687499999999 0.401875
2 0.40771562499999997 0.709759375 0.3660921875 0.735996875 0.39620781250000003 0.7842765625 0.43801562499999996 0.7581921875 0.40771562499999997 0.709759375
13 0.48204843750000004 0.1326578125 0.5006578125 0.162403125 0.5289843750000001 0.1444984375 0.510521875 0.114934375 0.48204843750000004 0.1326578125
10 0.24550156250000002 0.324178125 0.23793281249999998 0.3289078125 0.24994375 0.348271875 0.2575859375 0.3435734375 0.24550156250000002 0.324178125
3 0.37519375 0.1538328125 0.35488906249999996 0.16662656250000002 0.39532968749999997 0.23134375000000001 0.4159890625 0.2185921875 0.37519375 0.1538328125
10 0.629853125 0.5285296875000001 0.6220609375 0.5333703125 0.6298359375 0.5457828124999999 0.637578125 0.54091875 0.629853125 0.5285296875000001
10 0.4282109375 0.766984375 0.3971609375 0.7863875 0.4171921875 0.81836875 0.4483796875 0.7992609374999999 0.4282109375 0.766984375
2 0.3729140625 0.6539796875 0.3311421875 0.6800828125 0.3635203125 0.7319265625 0.40536874999999994 0.70591875 0.3729140625 0.6539796875
10 0.480740625 0.133546875 0.4666015625 0.1425578125 0.48519375 0.1723609375 0.499353125 0.1633828125 0.480740625 0.133546875
10 0.82109375 0.6975203125 0.8148953125 0.7015046875000001 0.8247781249999999 0.7172546875 0.8309421875 0.7133468749999999 0.82109375 0.6975203125
10 0.4726609375 0.092375 0.46009374999999997 0.1003859375 0.46428125 0.1070875 0.47687187499999995 0.0991140625 0.4726609375 0.092375
10 0.4046015625 0.1567484375 0.393121875 0.1383328125 0.37743906250000003 0.1480921875 0.379175 0.1508234375 0.377103125 0.1520953125 0.386934375 0.1678296875 0.4046015625 0.1567484375
2 0.5401453125 0.17352343750000002 0.5061093750000001 0.19464375 0.5435296875 0.25469375 0.5776890625 0.23334843749999998 0.5401453125 0.17352343750000002
11 0.449740625 0.289109375 0.434459375 0.29869375 0.4472078125 0.31905625 0.4624921875 0.30943125 0.449740625 0.289109375
13 0.40171250000000003 0.8798484375 0.42119062500000004 0.8675671875000001 0.406125 0.8434734374999999 0.3998984375 0.8473640625 0.38883125 0.8295671875 0.3755234375 0.837953125 0.40171250000000003 0.8798484375
1 0.1470078125 0.3356515625 0.17390624999999998 0.31919375 0.1596953125 0.2965328125 0.14703125 0.3044453125 0.14199062499999998 0.296378125 0.1278890625 0.3050171875 0.1470078125 0.3356515625
10 0.4968 0.1058390625 0.485584375 0.1128484375 0.49222031250000003 0.12361249999999999 0.5035296875 0.11660937499999999 0.4968 0.1058390625
10 0.5412078124999999 0.086325 0.554871875 0.10829531249999999 0.5691531249999999 0.0994625 0.5554015625 0.0774546875 0.5412078124999999 0.086325
3 0.36817812499999997 0.829334375 0.3437734375 0.844478125 0.3761578125 0.8961062500000001 0.40026406249999996 0.8808015625 0.36817812499999997 0.829334375
9 0.6819203125 0.6625890625 0.7051578125 0.6998656249999999 0.7505859375 0.6714421875000001 0.7273296874999999 0.6340953125000001 0.6819203125 0.6625890625
8 0.3082046875 0.6944421875 0.3303875 0.7298921875 0.3364921875 0.726034375 0.48006875000000004 0.9558031250000001 0.5525359375 0.9104374999999999 0.5044203125 0.8336406249999999 0.447215625 0.8694609375000001 0.32959375 0.6810359375 0.3082046875 0.6944421875
2 0.29615 0.40586406249999996 0.25861093749999997 0.345790625 0.1953015625 0.385446875 0.20190468749999999 0.396015625 0.194684375 0.40053124999999995 0.22557968750000001 0.44999062500000003 0.29615 0.40586406249999996
10 0.56220625 0.129659375 0.5549953125 0.1341109375 0.56701875 0.153575 0.57430625 0.149021875 0.56220625 0.129659375
13 0.3362234375 0.728953125 0.3152859375 0.7419953125000001 0.3404421875 0.782253125 0.3612875 0.7691625 0.3362234375 0.728953125