2 0.372903125 0.5604281249999999 0.4004796875 0.5604281249999999 0.4004796875 0.46010625000000005 0.3715296875 0.46052187499999997 0.371525 0.4843125 0.3467640625 0.48430937500000004 0.34671562499999997 0.560346875 0.350234375 0.5604765625 0.3502140625 0.55800625 0.3729703125 0.5580484375 0.372903125 0.5604281249999999
5 0.6561312499999999 0.44094375 0.656109375 0.4295359375 0.6993968749999999 0.42944375 0.6993328125 0.40543125 0.6258671875 0.40524375 0.625759375 0.441034375 0.6561312499999999 0.44094375
11 0.8996171875 0.40659375000000003 0.899578125 0.3885125 0.8984781249999999 0.3885125 0.8984406249999999 0.38734999999999997 0.8841890625 0.387440625 0.884203125 0.388478125 0.8823171875 0.3885125 0.8823437500000001 0.40650624999999996 0.8996171875 0.40659375000000003
1 0.7341703125000001 0.5612796875 0.7254953125 0.5612250000000001 0.7254437499999999 0.56020625 0.6990671875000001 0.5602421875 0.6990671875000001 0.5612078125 0.683221875 0.5611921875 0.6831953125 0.5601875 0.65680625 0.560171875 0.6567921875 0.5612796875 0.648371875 0.5612796875 0.648334375 0.5848703125 0.7341453125 0.5848328125 0.7341703125000001 0.5612796875
0 0 0 0 1 1 1 1 0 0 0
1 0.777765625 0.44489375000000003 0.7419203125 0.4449921875 0.74195625 0.47001406250000005 0.7778078125000001 0.469996875 0.777765625 0.44489375000000003
10 0.290125 0.392696875 0.2821078125 0.3927125 0.28212031249999997 0.4032484375 0.29014843749999997 0.40326562499999996 0.290125 0.392696875
6 0.181690625 0.43275781249999995 0.18170312500000002 0.43712343750000004 0.17658125 0.43712343750000004 0.17661875 0.46783125 0.2036171875 0.46770625 0.2036546875 0.43710468750000003 0.19840625 0.43710468750000003 0.19840625 0.4328125 0.181690625 0.43275781249999995
1 0.28212031249999997 0.5916328125 0.34779375 0.5915468749999999 0.34780625 0.5980734375 0.37294218749999997 0.59800625 0.37293906250000003 0.5636078125 0.350653125 0.5637390625 0.350653125 0.564721875 0.3477953125 0.5647765625 0.3478203125 0.5669593749999999 0.3384765625 0.566853125 0.3384890625 0.5658703125 0.2882046875 0.5658765625 0.2882 0.5668109375 0.28208125 0.5669906250000001 0.28212031249999997 0.5916328125
10 0.4000390625 0.598025 0.4000265625 0.564853125 0.37656718749999996 0.564728125 0.3765703125 0.5980453125 0.4000390625 0.598025
7 0.8308140625 0.45911875 0.8425234375 0.4590109375 0.842446875 0.42969843750000003 0.8441546875 0.42969843750000003 0.8441546875 0.41984374999999996 0.8264640625 0.41978906250000003 0.82645 0.4222578125 0.7993390625 0.4222578125 0.7993640625 0.41989687499999995 0.7816859375 0.4199140625 0.781584375 0.47727343749999995 0.830621875 0.4770390625 0.8308140625 0.45911875
10 0.34287968750000003 0.4827109375 0.34288124999999997 0.4599796875 0.333475 0.4599828125 0.3334703125 0.48285625000000004 0.34287968750000003 0.4827109375
11 0.40007656249999995 0.406540625 0.4000390625 0.3884578125 0.3989375 0.3884578125 0.3989 0.3872953125 0.3846484375 0.387384375 0.3846625 0.388421875 0.382778125 0.3884578125 0.382803125 0.40644843750000004 0.40007656249999995 0.406540625
2 0.148984375 0.5041781249999999 0.148846875 0.5569109375 0.157146875 0.5568484375 0.1571625 0.5544234375 0.18394531249999999 0.5544421875000001 0.18394531249999999 0.556825 0.190425 0.5568484375 0.1905921875 0.5041359375 0.148984375 0.5041781249999999
2 0.1933484375 0.504140625 0.1933609375 0.5568109375 0.19943125 0.55691875 0.19934375 0.554434375 0.22627812500000002 0.554434375 0.22627812500000002 0.5569015625 0.2348515625 0.5568109375 0.2348140625 0.504103125 0.1933484375 0.504140625
5 0.1566265625 0.44097187499999996 0.15660625 0.4295671875 0.19989375 0.4294734375 0.199828125 0.4054609375 0.1263625 0.40527499999999994 0.1262546875 0.44106249999999997 0.1566265625 0.44097187499999996
1 0.2388015625 0.4054515625 0.20523750000000002 0.4054125 0.20524843750000002 0.431096875 0.20914375000000002 0.43116875 0.20915781249999998 0.4322609375 0.235534375 0.4322234375 0.235534375 0.43113124999999997 0.2388046875 0.43111718750000005 0.2388015625 0.4054515625
1 0.292225 0.40618125000000005 0.28212031249999997 0.4061640625 0.2820953125 0.4154625 0.3000640625 0.41544687500000005 0.30007656250000003 0.41630312500000005 0.3264671875 0.4163234375 0.32645625 0.41548281249999997 0.3478640625 0.41541249999999996 0.34785 0.42601562499999995 0.38075312499999997 0.426053125 0.3807421875 0.3885125 0.3478375 0.3883875 0.3478765625 0.392678125 0.292225 0.39275000000000004 0.292225 0.40618125000000005
10 0.8424343750000001 0.4826671875 0.8424359375 0.4599375 0.8330296875000001 0.4599390625 0.8330265625 0.4828125 0.8424343750000001 0.4826671875
10 0.20882968750000003 0.43564218749999994 0.20623437500000003 0.4356859375 0.206340625 0.473365625 0.2395546875 0.47332343750000005 0.2394140625 0.43560625000000003 0.23572656250000001 0.43547812500000005 0.2357421875 0.43796875 0.208875 0.43798281250000004 0.20882968750000003 0.43564218749999994
8 0.3429578125 0.485825 0.3310078125 0.4857875 0.3310078125 0.477096875 0.28201875 0.4774375 0.2819921875 0.4750421875 0.27880781250000003 0.47509218750000004 0.27881875 0.4777390625 0.267034375 0.47779375 0.2669578125 0.47418125 0.237925 0.474075 0.237975 0.477384375 0.203528125 0.4774015625 0.20354062499999998 0.4705875 0.17669531249999998 0.4707125 0.17668124999999998 0.5003859375 0.23390312500000002 0.50029375 0.233890625 0.5025109375000001 0.238253125 0.5025484375 0.23822656250000002 0.5002765625000001 0.277290625 0.50020625 0.2772765625 0.5023875 0.28200625 0.5025109375000001 0.28206875 0.5625875 0.287759375 0.5626078125 0.287771875 0.56015625 0.3389484375 0.5601734375 0.3389484375 0.5626078125 0.34298281249999996 0.5625875 0.3429578125 0.485825
11 0.8822953124999999 0.42799375 0.8995671875 0.4280828125 0.8995328125000001 0.40893750000000006 0.8820578125 0.409025 0.8822953124999999 0.42799375
2 0.8722640625 0.5603312500000001 0.8998406250000001 0.5603312500000001 0.8998406250000001 0.46000781249999995 0.8708890625000001 0.46042812499999997 0.8708843749999999 0.4842140625 0.8461234375 0.48421250000000005 0.8460765625000001 0.5602515625 0.8495953125 0.560378125 0.849575 0.5579109375 0.87233125 0.5579515625 0.8722640625 0.5603312500000001
10 0.8516578125 0.43188281249999994 0.8461703125 0.4319375 0.846265625 0.44819375 0.8516921875 0.44817656250000004 0.8516578125 0.43188281249999994
1 0.7915703125 0.406321875 0.7814671875 0.406303125 0.781440625 0.41560312499999996 0.7994109375 0.41558593750000006 0.7994234375 0.41644375 0.825815625 0.4164625 0.8258015625 0.415621875 0.8472109375000001 0.41555156249999997 0.8471968750000001 0.42615625 0.8801 0.4261921875 0.8800890625 0.3886515625 0.8471859374999999 0.3885265625 0.8472234375 0.39281875 0.7915703125 0.3928890625 0.7915703125 0.406321875
10 0.7083578125 0.43550000000000005 0.7057625 0.4355421875 0.7058687499999999 0.4732234375 0.7390828125 0.47318125 0.7389421875 0.43546250000000003 0.7352546875 0.4353359375 0.73526875 0.4378265625 0.7084015625 0.4378390625 0.7083578125 0.43550000000000005
12 0.6372390625000001 0.545634375 0.643109375 0.5458015625 0.643234375 0.44828437499999996 0.6413 0.4483390625 0.64135 0.4465484375 0.6260078124999999 0.44674218750000005 0.6255437500000001 0.5458015625 0.6290328125 0.5458140625000001 0.628915625 0.5481046875 0.6370765625 0.5481734375 0.6372390625000001 0.545634375
13 0.3468390625 0.48121093750000005 0.3694203125 0.48126875 0.36953125 0.4319171875 0.3540640625 0.4319171875 0.353996875 0.4508328125 0.3467515625 0.450778125 0.3468390625 0.48121093750000005
1 0.781559375 0.5916421875 0.8472359375 0.59155625 0.8472468750000001 0.5980859374999999 0.872384375 0.5980140625 0.8723812499999999 0.5636171875 0.8500953125 0.563746875 0.8500953125 0.56473125 0.8472375 0.5647859375000001 0.8472625 0.5669671875 0.83791875 0.5668624999999999 0.8379312499999999 0.5658796875000001 0.787646875 0.5658859374999999 0.7876421875 0.56681875 0.7815234375 0.5669984375 0.781559375 0.5916421875
1 0.2347875 0.561228125 0.2261125 0.5611765625 0.2260625 0.56015625 0.199684375 0.5601906249999999 0.199684375 0.5611578125000001 0.183840625 0.5611390625 0.18381406250000001 0.5601390625 0.1574234375 0.56011875 0.1574109375 0.561228125 0.1489890625 0.561228125 0.14895 0.5848187499999999 0.23476249999999999 0.5847859375 0.2347875 0.561228125
13 0.846453125 0.481221875 0.8690328125000001 0.4812796875 0.8691437499999999 0.4319265625 0.8536796875 0.4319265625 0.8536109375 0.45084375000000004 0.846365625 0.4507890625 0.846453125 0.481221875
3 0.8998250000000001 0.43194687500000006 0.87088125 0.43196406249999997 0.8707921875 0.45721875 0.8998390625000001 0.45718125 0.8998250000000001 0.43194687500000006
13 0.6740406250000001 0.4516234375 0.6510875 0.4516046875 0.6510640624999999 0.5011484375 0.6740406250000001 0.5011281249999999 0.6740406250000001 0.4516234375
13 0.17458437499999999 0.4515921875 0.1516328125 0.4515765625 0.15160625 0.5011171875 0.17458437499999999 0.5011 0.17458437499999999 0.4515921875
6 0.6811671875 0.432696875 0.681178125 0.437059375 0.67605625 0.437059375 0.6760953125 0.46776875 0.7030921875 0.46764374999999997 0.70313125 0.4370421875 0.6978828125 0.4370421875 0.6978828125 0.43274999999999997 0.6811671875 0.432696875
10 0.899465625 0.598025 0.8994515625 0.564853125 0.8759921875 0.564728125 0.875996875 0.5980453125 0.899465625 0.598025
2 0.692840625 0.5040890625000001 0.692853125 0.5567624999999999 0.6989234375 0.5568671875 0.6988359375 0.5543828125 0.7257703125 0.5543828125 0.7257703125 0.5568515625 0.7343437500000001 0.5567624999999999 0.73430625 0.504053125 0.692840625 0.5040890625000001
1 0.277015625 0.5059703125 0.23863125 0.50599375 0.2386375 0.5294671875 0.2769875 0.5294671875 0.277015625 0.5059703125
8 0.8424765624999999 0.48579375 0.8305265625 0.48575937500000005 0.8305265625 0.4770671875 0.7815375 0.47740625000000003 0.7815125 0.4750109375 0.7783249999999999 0.4750640625 0.7783375 0.4777125 0.766553125 0.4777625 0.7664765625000001 0.4741515625 0.73744375 0.47404375 0.73749375 0.47735312499999993 0.703046875 0.47736875 0.7030609375 0.47055625 0.6762140624999999 0.47068125 0.6762015625 0.500353125 0.733421875 0.5002640625 0.733409375 0.5024828125 0.737771875 0.5025171875 0.737746875 0.5002453124999999 0.7768078125 0.5001734375 0.7767968749999999 0.50235625 0.781525 0.5024828125 0.7815875 0.562559375 0.787278125 0.5625765625 0.7872921875000001 0.560125 0.8384671875 0.5601421875 0.8384671875 0.5625765625 0.8425 0.562559375 0.8424765624999999 0.48579375
3 0.40049375 0.43206249999999996 0.37155 0.43208125 0.37146093750000003 0.45733281249999996 0.40050625 0.4572984375 0.40049375 0.43206249999999996
10 0.7897015625 0.3927359375 0.781684375 0.392753125 0.781696875 0.4032890625 0.7897265625000001 0.40330625 0.7897015625 0.3927359375
10 0.175203125 0.4371421875 0.16194999999999998 0.43708749999999996 0.1619390625 0.4497140625 0.175228125 0.44976874999999994 0.175203125 0.4371421875
2 0.6486156249999999 0.50404375 0.648478125 0.5567765625 0.6567796875 0.5567109375 0.6567968750000001 0.5542859375 0.683578125 0.554309375 0.683578125 0.5566921875 0.6900578125 0.5567109375 0.6902250000000001 0.5040015624999999 0.6486156249999999 0.50404375
10 0.3520921875 0.43185312500000006 0.346603125 0.431903125 0.3467 0.4481625 0.352125 0.44814218749999996 0.3520921875 0.43185312500000006
12 0.267578125 0.4698015625 0.267534375 0.4733515625 0.27825937500000003 0.473421875 0.2782859375 0.4452640625 0.24244374999999999 0.445221875 0.2424 0.4698171875 0.267578125 0.4698015625
7 0.331234375 0.4591390625 0.34294375 0.459034375 0.34286875 0.4297171875 0.3445765625 0.4297171875 0.3445765625 0.41986249999999997 0.326884375 0.41981250000000003 0.32687343750000003 0.4222796875 0.2997609375 0.4222796875 0.2997859375 0.4199171875 0.2821078125 0.41993437499999997 0.28200625 0.47729218749999996 0.3310453125 0.4770625 0.331234375 0.4591390625
10 0.6746749999999999 0.43711874999999994 0.661421875 0.4370671875 0.6614109375 0.4496921875 0.6747015625 0.44974687500000005 0.6746749999999999 0.43711874999999994
1 0.7382734375 0.4054515625 0.704709375 0.4054125 0.7047203125 0.431096875 0.708615625 0.43116875 0.7086296875 0.4322609375 0.7350078124999999 0.4322234375 0.7350078124999999 0.43113124999999997 0.7382765625000001 0.43111718750000005 0.7382734375 0.4054515625