0 0.1627453125 0 0 0.402809375 0 0.8372546875 0.402809375 1 0.8372546875 1 1 0.597190625 1 0.1627453125 0.597190625 0 0.1627453125 0
2 0.397334375 0.41788437500000003 0.3551265625 0.4007203125 0.3426546875 0.43139843750000006 0.354515625 0.43598125000000004 0.3529921875 0.43971406249999995 0.3411375 0.434678125 0.2949390625 0.5490765625 0.30416875 0.553021875 0.3061796875 0.5484234375 0.3531421875 0.5674875 0.3513703125 0.5720921875 0.3609234375 0.5756125 0.4208625 0.4275015625 0.400059375 0.41865781249999995 0.386246875 0.45284375 0.370996875 0.44695625000000005 0.37251249999999997 0.4429875 0.3848515625 0.44820312500000004 0.397334375 0.41788437500000003
4 0.5623234375 0.1902484375 0.51224375 0.17054375 0.48470625 0.23847187500000003 0.53483125 0.25898750000000004 0.5623234375 0.1902484375
10 0.4160328125 0.2939953125 0.4217359375 0.279121875 0.386346875 0.2648234375 0.38011875 0.279484375 0.4160328125 0.2939953125
10 0.4209546875 0.21743125000000002 0.4437125 0.2259765625 0.4601796875 0.1845359375 0.43844843750000007 0.1754953125 0.4209546875 0.21743125000000002
10 0.46130468750000003 0.1810078125 0.4716046875 0.15483750000000002 0.44992656249999996 0.1463359375 0.4394703125 0.1715375 0.46130468750000003 0.1810078125
10 0.7378640625 0.3245203125 0.7303359375 0.32160781250000003 0.7284203125000001 0.3258921875 0.7016109375 0.315175 0.7034953125000001 0.3104625 0.69950625 0.3087640625 0.6648921875 0.3933015625 0.7035 0.40890000000000004 0.7378640625 0.3245203125
2 0.4663640625 0.44518593749999996 0.42400937499999997 0.4283390625 0.41186875 0.4585328125 0.42284375 0.4629671875 0.42133125 0.46710312500000006 0.40998437499999996 0.46251875 0.3635984375 0.5770625 0.3730421875 0.580909375 0.3750203125 0.5766046874999999 0.42173906250000004 0.5953578125 0.420065625 0.599878125 0.42973906250000005 0.6036937499999999 0.4899140625 0.4548609375 0.469021875 0.44619375000000006 0.4551546875 0.4805171875 0.440278125 0.4743609375 0.44184531250000003 0.4710109375 0.45376093749999996 0.47591875000000006 0.4663640625 0.44518593749999996
8 0.43238281250000005 0.6047921875 0.43930781249999995 0.6075578125 0.4414375 0.6026078125 0.5261250000000001 0.6373484375 0.524553125 0.6421546874999999 0.5380453125 0.6480359375 0.6021140625 0.48929687499999996 0.604753125 0.4902421875 0.6159265625 0.4621046875 0.6127421875 0.46121718749999996 0.6146171875 0.4571171875 0.41060468749999995 0.3747890625 0.39567968750000004 0.41152187500000004 0.49413437499999996 0.45185000000000003 0.43238281250000005 0.6047921875
2 0.5548921874999999 0.250515625 0.54795625 0.247775 0.5379296874999999 0.2725921875 0.512246875 0.2618609375 0.46100312499999996 0.387809375 0.527653125 0.41406406249999994 0.58815625 0.2638921875 0.5819171875 0.2613109375 0.5799796875000001 0.2661265625 0.5529734375 0.255259375 0.5548921874999999 0.250515625
10 0.41317343749999996 0.36798593749999997 0.42164375 0.37130312499999996 0.4435953125 0.31680312499999996 0.396678125 0.2976578125 0.38691718750000004 0.32199374999999997 0.42518124999999996 0.33828125 0.41317343749999996 0.36798593749999997
13 0.358775 0.3964171875 0.392740625 0.41061718750000004 0.4215640625 0.340640625 0.3868359375 0.32651875 0.358775 0.3964171875
5 0.362475 0.2724984375 0.3776421875 0.278625 0.3850078125 0.2602125 0.42627812499999995 0.2767703125 0.4188703125 0.2952828125 0.4513484375 0.3082890625 0.48835937500000004 0.21552968749999998 0.4932765625 0.2176703125 0.5076562499999999 0.18116875 0.5034109375 0.17936093749999998 0.5075671875000001 0.16907343749999998 0.47551249999999995 0.155865625 0.44526875 0.23094375 0.3880578125 0.2085671875 0.362475 0.2724984375
10 0.702528125 0.48371875 0.704259375 0.4793765625 0.7174109375 0.48475156249999996 0.7542359375000001 0.3956515625 0.718725 0.380903125 0.6573781249999999 0.5326859374999999 0.6926203125 0.5464328125 0.7157515625 0.48897031249999995 0.702528125 0.48371875
7 0.6555375 0.356025 0.6729734374999999 0.3634578125 0.6855015625 0.33196875000000003 0.6684609375 0.324946875 0.6784453125 0.2995546875 0.664928125 0.29422187499999997 0.66274375 0.299175 0.6162140625 0.2805046875 0.6178265625 0.27615781250000004 0.5910578125 0.2651578125 0.5278609375000001 0.42200468750000003 0.6302609375 0.46309843749999996 0.6685859375 0.36651875 0.6534671875 0.360471875 0.6555375 0.356025
13 0.65714375 0.5321609375 0.68024375 0.4746625 0.6471296875 0.4609140625 0.6235953125 0.5191671875 0.65714375 0.5321609375
2 0.690875 0.5508625 0.619221875 0.5215734375000001 0.6394140625 0.47224062499999997 0.6183640625 0.46419531249999996 0.5433109375 0.6497953125 0.5522 0.653725 0.5550328125 0.6488125 0.6149671875 0.6736421874999999 0.6132093750000001 0.6779421875 0.63585625 0.6870921875 0.690875 0.5508625
3 0.6796421875 0.470171875 0.7028625 0.414059375 0.6711484375000001 0.40109218750000003 0.6484421874999999 0.457565625 0.6796421875 0.470171875
10 0.6350203125 0.46536406250000006 0.6412984374999999 0.46782500000000005 0.668790625 0.3992296875 0.6627140625 0.3968828125 0.6350203125 0.46536406250000006
11 0.7247874999999999 0.374165625 0.7606859375 0.38820625 0.7800859375 0.3412828125 0.74413125 0.326290625 0.7247874999999999 0.374165625
10 0.6873890625 0.3288578125 0.6942421875 0.3117359375 0.6793921875 0.3058265625 0.67235625 0.3226 0.6873890625 0.3288578125
6 0.45753125 0.307478125 0.45985 0.3084609375 0.45456250000000004 0.32168125000000003 0.4461984375 0.3182125 0.424446875 0.371940625 0.43350156249999994 0.37538593750000004 0.43251875 0.377859375 0.45820156250000005 0.38889687500000003 0.5101984374999999 0.2603328125 0.4835890625 0.249471875 0.4737390625 0.2738390625 0.47130625000000004 0.27290000000000003 0.45753125 0.307478125