0 0.48690715000000007 0 0.192967309375 0.0154040609375 0.24199842500000002 0.950979796875 0.43860772031249995 1 0.5130928499999999 1 0.8070326906249999 0.9845959390625 0.758001575 0.049020203125 0.5613922796875 0 0.48690715000000007 0
1 0.5323274671875 0.268933625 0.5493294109375 0.2680421625 0.5436012328125 0.1563463609375 0.526592175 0.15737615 0.5323274671875 0.268933625
10 0.5425317093750001 0.045968295312500004 0.5466751249999999 0.045722759375 0.54592089375 0.0305924203125 0.5417259234375 0.0308122203125 0.5425317093750001 0.045968295312500004
1 0.6043255796875 0.8959886984375001 0.6196965640625 0.895244546875 0.6148480234375 0.8022257093749999 0.5994443703125001 0.8028489921874999 0.6043255796875 0.8959886984375001
7 0.4833425671875 0.14629006875 0.52002788125 0.1443318828125 0.5190888765625 0.12586073281250001 0.5414174468749999 0.12486737031249999 0.5426660421875 0.14869760468749998 0.5538137328125 0.1483256125 0.552739871875 0.1263457390625 0.5501474125 0.1263773171875 0.5468002734375 0.06384123124999999 0.5493460546875 0.0637062265625 0.54886575625 0.0532771171875 0.539376884375 0.053809876562500004 0.5384085046875 0.034429615625 0.47984570312499997 0.03756770625 0.481211103125 0.062130779687500005 0.478818865625 0.0623668703125 0.4833425671875 0.14629006875
11 0.60590471875 0.960100109375 0.6230146921874999 0.9592468546875 0.619876521875 0.8993603390624999 0.6027078125 0.9002166640624999 0.60590471875 0.960100109375
1 0.54575953125 0.1643081234375 0.575001084375 0.16265023750000002 0.5692203484375 0.0523407109375 0.552253159375 0.0530604828125 0.5576284375 0.155631103125 0.5453178859375 0.1562751671875 0.54575953125 0.1643081234375
4 0.5478027140624999 0 0.550246703125 0.045503732812499996 0.58211938125 0.043833571875 0.5800826921875 0.0046600437500000005 0.5613922796875 0 0.5478027140624999 0
11 0.5479931359375 0.2056499484375 0.5773033375 0.20527973125 0.5752498593750001 0.1665223140625 0.546053040625 0.1682074578125 0.5479931359375 0.2056499484375
8 0.466424365625 0.14716859375 0.46823041875 0.184186353125 0.485243325 0.1832509234375 0.4754960875 0.000598546875 0.45864761718749997 0.0014815750000000002 0.4597651390625 0.022989235937499998 0.4246557734375 0.0247042671875 0.4253882203125 0.040141578125 0.4280052453125 0.0400050125 0.43296744531250003 0.133575546875 0.430309465625 0.1336696953125 0.43115288906250004 0.149017121875 0.466424365625 0.14716859375
8 0.520307646875 0.9418598656249999 0.5220054421875 0.9724849843750001 0.547070609375 0.97106924375 0.545385446875 0.9406453453125 0.520307646875 0.9418598656249999
1 0.46422202031250004 1 0.45429085625 0.8105075453125 0.43735949375 0.8115486531249999 0.4472499609375 1 0.46422202031250004 1
2 0.4377235546875 0.27397795625 0.47105436718749993 0.272130275 0.464807825 0.15333570624999998 0.43141890624999996 0.15498371093750002 0.4327194578125 0.1806723421875 0.43537999843749997 0.1804322921875 0.4386354234375 0.2429616140625 0.4360115453125 0.2430481609375 0.4377235546875 0.27397795625
7 0.5476212921875 0.893868653125 0.5464386828125 0.87131093125 0.5564090640625 0.8705391203125 0.5529700453124999 0.805335959375 0.5133993875 0.8074089015625001 0.5179507562500001 0.8955290843749999 0.5476212921875 0.893868653125
13 0.4902799921875 0.24716801406250002 0.496968359375 0.24667454375000003 0.49380596875 0.187440615625 0.4687790921875 0.1888771765625 0.47283152343749996 0.2640659765625 0.48866446406249997 0.2633226703125 0.48700264375 0.232055946875 0.48950629218749997 0.23181220625 0.4902799921875 0.24716801406250002
5 0.506802065625 0 0.5082571234375 0.02839515 0.5457196375 0.026355373437500003 0.5443100265624999 0 0.506802065625 0
2 0.5009219296875 1 0.497298375 0.92833865625 0.46398486562499996 0.9299813078125 0.4648074796875 0.9453799078125 0.46733126406250003 0.9452168734375 0.47008332812500003 0.997403125 0.46755689375 0.9975703296875 0.4676841734375 1 0.5009219296875 1
10 0.54947633125 0.8939012078124999 0.557673684375 0.8933427375 0.55667294375 0.8749254390625 0.5484792203125 0.87523038125 0.54947633125 0.8939012078124999
10 0.4912481890625 0.27105072343750003 0.49849566718749994 0.270782003125 0.4975329890625 0.2514305390625 0.4902272671875 0.2518811984375 0.4912481890625 0.27105072343750003
2 0.48711797656250005 0.183133775 0.4957364234375 0.18268190625 0.500293396875 0.270676271875 0.5320861171875 0.269010328125 0.5318329375 0.2641677328125 0.5261680234375 0.264463875 0.523663659375 0.21565022968749997 0.5262947437500001 0.21557352968750002 0.5227638953125 0.1501767765625 0.48544271875 0.152192209375 0.48711797656250005 0.183133775
6 0.48691669062500004 0 0.475533603125 0.000596628125 0.4767829703125 0.0238489453125 0.47874208281249997 0.023657846875 0.479365953125 0.037593021875 0.505283803125 0.036206300000000004 0.5033103078125001 0 0.48691669062500004 0
10 0.5495899843750001 0.9843063078125001 0.55807653125 0.9838215531250001 0.556515090625 0.9554784578125 0.548102034375 0.9559203437500001 0.5495899843750001 0.9843063078125001
10 0.522160634375 0.149651159375 0.5409027359375 0.14870402656249998 0.5399309453125001 0.12872387031250002 0.5210350390625 0.1297582625 0.522160634375 0.149651159375
6 0.5846628609375 0.9824211453125 0.60519935625 0.981485003125 0.6028686515625 0.937012634375 0.5822217015625 0.93826906875 0.5846628609375 0.9824211453125
8 0.5131027734375 1 0.5198583718750001 0.999645790625 0.516605190625 0.9370687171875 0.5450768421875 0.9350497890625 0.54599055 0.951872090625 0.5562945640625 0.9513316156249999 0.5554303203125001 0.9354218218750001 0.6026522984375 0.9328748859375 0.6007145765625 0.89499014375 0.5146678671875 0.8998153265625 0.5098131078125 0.8077514765625 0.4577480203125 0.8103405109375 0.4583398953125 0.8222209734374999 0.460837975 0.8221610328125 0.46579972812500003 0.9156235640625001 0.4632213125 0.9156892390625 0.46373071406250005 0.9259951671875 0.49889570625 0.9241539062499999 0.5029666765624999 1 0.5131027734375 1
10 0.6069951125 0.9812580046875 0.6241144515625 0.9802315578125 0.623318871875 0.9632390265625 0.6061122390625 0.9640536890625 0.6069951125 0.9812580046875
1 0.4031504734375 0.004388834375 0.417333790625 0.27502958906249997 0.4342883140625 0.2740570578125 0.420093303125 0.0035019562499999995 0.4031504734375 0.004388834375
13 0.548250778125 0.9981578359375 0.5470830171875 0.9757084875 0.5223917874999999 0.9769678609374999 0.5235883703125 0.9994501609374999 0.548250778125 0.9981578359375
2 0.5941371265625001 0.818613 0.5967787828125 0.8184745234375 0.595891090625 0.8032400546874999 0.556450728125 0.8052037734375 0.5590735734375001 0.8544076765625 0.5683308984375001 0.853873546875 0.568505596875 0.8580621031250001 0.5592922296875 0.858594309375 0.5611069984375 0.893213234375 0.6004779828125 0.8912048421875 0.5998761859374999 0.8810111453125 0.597435371875 0.8811385046875 0.5941371265625001 0.818613
6 0.5597848890625 0.983815925 0.58278415 0.9827095859374999 0.5805352125 0.938096571875 0.55740369375 0.9392037515625 0.5597848890625 0.983815925