1 0.13545278125 0.7063023765625001 0.134724934375 0.709105725 0.13127967499999998 0.7082142640625 0.1255709671875 0.7293519125000001 0.156224378125 0.7376593734375 0.161921934375 0.7163924328125 0.1605676421875 0.7160297765625 0.161367996875 0.713214378125 0.13545278125 0.7063023765625001
10 0.31589219687500003 0.674575859375 0.32421182656249997 0.6768051296875 0.3343057203125 0.6392513234375 0.326005 0.6369709296875 0.31589219687500003 0.674575859375
2 0.2599128578125 0.7617115828125 0.29869536874999997 0.771991496875 0.3169625609375 0.70380705 0.278268096875 0.6934108515624999 0.2599128578125 0.7617115828125
10 0.3117719921875 0.0734803234375 0.3112389953125 0.0756269046875 0.3103925640625 0.07540024375 0.3054602328125 0.09405287812499999 0.3252600234375 0.0994173765625 0.3308672703125 0.0784149765625 0.3117719921875 0.0734803234375
6 0.41933098593749996 0.1822501203125 0.42548330468750006 0.1838544875 0.42494141250000006 0.185992715625 0.4421135125 0.1905086234375 0.452133728125 0.15288042968749999 0.451484578125 0.15274761406249998 0.45234341406249995 0.149421278125 0.4365002234375 0.1451766890625 0.43564119687499997 0.1485014734375 0.4288768125 0.146732975 0.41933098593749996 0.1822501203125
2 0.116821190625 0.695900146875 0.1641768765625 0.7086536921875 0.182053809375 0.6412397359375 0.13486756875 0.628725134375 0.116821190625 0.695900146875
1 0.27121591875 0.5940248 0.2737593015625 0.584660665625 0.257827796875 0.5802994078125 0.2483918734375 0.6152756890625 0.2788671015625 0.623529465625 0.285681284375 0.5978560984375 0.27121591875 0.5940248
13 0.2900649203125 0.6650209421875 0.29909215 0.631357375 0.266712490625 0.6226195828125001 0.257647734375 0.6565160203125 0.2900649203125 0.6650209421875
10 0.2732948046875 0.5921858656250001 0.2877151421875 0.5959581484375 0.289772853125 0.58827983125 0.27534059843750003 0.5845515156250001 0.2732948046875 0.5921858656250001
10 0.30644779375 0.6242611796875 0.315143521875 0.5919748421875 0.2950957046875 0.586590421875 0.289761540625 0.6065218703124999 0.30252663750000003 0.6100062312500001 0.299220390625 0.6223244171875 0.30644779375 0.6242611796875
8 0.2164620796875 0.7499646531249999 0.235319009375 0.6790315984374999 0.3078174296875 0.6985086296875 0.31440009999999996 0.674039640625 0.1966941640625 0.6431242593750001 0.19612332187499998 0.645295953125 0.1853008265625 0.6423885234375 0.1604454125 0.7350095828125001 0.2164620796875 0.7499646531249999
10 0.350395565625 0.663685090625 0.35711113437500003 0.6386188921875 0.34094389999999997 0.6342865765625 0.334197125 0.6592653015625001 0.350395565625 0.663685090625
10 0.3093642125 0.6990286875 0.3176627296875 0.7012526796875 0.3235720890625 0.6791978046875 0.31539783125 0.6769601296875 0.3093642125 0.6990286875
11 0.5134619921875 0.6441022624999999 0.5308309078125 0.6488364375 0.5379341390625 0.6223247187500001 0.5205624453125 0.617708953125 0.5134619921875 0.6441022624999999
3 0.5815474625 0.671935634375 0.61966814375 0.6821204953125 0.6283599890625 0.6493922750000001 0.59017041875 0.6391592 0.5815474625 0.671935634375
10 0.50311715 0.8223368265625 0.505368425 0.8229404015625 0.5097103171875 0.806735784375 0.4926744765625 0.8022141656249999 0.48284280625 0.8387880859375001 0.49768260781249996 0.8426174874999999 0.50311715 0.8223368265625
10 0.5935637375 0.711464296875 0.6062937671874999 0.7148553609375 0.60836024375 0.7069791875 0.595717225 0.7035916078125 0.5935637375 0.711464296875
1 0.52833688125 0.65938463125 0.52665958125 0.6589042125 0.5289052625 0.6504361624999999 0.5129354453125 0.6462244375 0.5003830109375 0.69280766875 0.5163245 0.6972117812499999 0.5169398046875 0.6948252546875 0.5187791015625 0.69531726875 0.52833688125 0.65938463125
2 0.6246273453125 0.8299508375 0.6677008640625 0.841484340625 0.68524200625 0.7760794078125001 0.642150746875 0.7645937359375 0.6246273453125 0.8299508375
10 0.5027741671875 0.8407880343749999 0.513393884375 0.843633778125 0.5162058953125 0.8327521578124999 0.5056952828125 0.829910334375 0.5027741671875 0.8407880343749999
2 0.5215874484375 0.6988167265625 0.569315284375 0.7115497640624999 0.5886105749999999 0.638673803125 0.5411695671875 0.6258535984375 0.5215874484375 0.6988167265625
7 0.5715565078125 0.74340626875 0.5428106421875001 0.8506904390625 0.5703609328125 0.8580723015625 0.5992039046875 0.7507840796874999 0.5715565078125 0.74340626875
13 0.5948073203125 0.70074534375 0.6090260187500001 0.7045549796875 0.6147796546875 0.683078078125 0.581056803125 0.6740423843750001 0.5725209328124999 0.7058997921875 0.5920364046875 0.711089828125 0.5948073203125 0.70074534375
6 0.6348192125 0.6977546421875 0.6337318296875 0.6974631125 0.624742446875 0.7310118343750001 0.641992221875 0.7356346984375 0.6424943843750001 0.733762671875 0.6486079874999999 0.7353466046875 0.6570740390625 0.703689825 0.6506686625 0.7019732750000001 0.6519195921875001 0.697301628125 0.6360685125 0.6930312453125 0.6348192125 0.6977546421875
10 0.6057647312500001 0.7237139890625001 0.62370971875 0.728498646875 0.6321346 0.6970578703125 0.614243240625 0.6922099546875 0.6057647312500001 0.7237139890625001
10 0.6234645624999999 0.687282240625 0.6357738515625 0.6905801359375 0.6465493906249999 0.650256990625 0.6342498703125 0.6469232625 0.6234645624999999 0.687282240625
13 0.6621435265625 0.7673118640625 0.685843953125 0.7736866515624999 0.6981445078124999 0.7277829312499999 0.6743982640625 0.7214452546875 0.6621435265625 0.7673118640625
1 0.54127128125 0.8504103265625 0.5510042656249999 0.8139429765624999 0.5131577843749999 0.8037732484375001 0.50669598125 0.8277393843749999 0.5184943093750001 0.8309016640625 0.5151751609375 0.8434481234375 0.54127128125 0.8504103265625
8 0.4771336703125 0.789508721875 0.5537157015624999 0.8098964359374999 0.5715440484375 0.7433432546875001 0.6605344625 0.7669127984374999 0.66710258125 0.7422740046875 0.6036552953125 0.7253425796874999 0.60588429375 0.7170591890625 0.5721123609375 0.7079571078125 0.5698409984375 0.7162929250000001 0.5053416281249999 0.69861383125 0.503405196875 0.6982281984375 0.5025964453125 0.6981417421875 0.501635328125 0.69807084375 0.49825966718750003 0.7106698953125 0.49882588749999995 0.710794003125 0.48108221718750005 0.7770880578125 0.48048642187499996 0.776928225 0.4771336703125 0.789508721875
2 0.5840477390625 0.819112334375 0.62302383125 0.8294944171875 0.6404673765625 0.7642305546875 0.601704621875 0.7538679296875 0.5840477390625 0.819112334375
10 0.6504921859375 0.7354222296875 0.6677451734375001 0.739994325 0.673350078125 0.719088240625 0.6560926046875 0.7143514015625 0.6504921859375 0.7354222296875
13 0.190053528125 0.6115544828125 0.18299783125 0.6097084078125 0.1884874734375 0.5892226296875 0.17332385156250002 0.5851149921875 0.1604884234375 0.6331371875 0.18275878437499998 0.6391476015625 0.190053528125 0.6115544828125
10 0.7473261859375 0.28471947656249996 0.7534384421875 0.2623169703125 0.7336429765625 0.25701333593750003 0.727633184375 0.2794426171875 0.7473261859375 0.28471947656249996
1 0.6763640171875 0.2105459609375 0.7200318625000001 0.22220169531249997 0.7371113375 0.15822932812499999 0.7213110515625 0.154039290625 0.7104206609375 0.1946835140625 0.6825930984374999 0.1871845703125 0.6763640171875 0.2105459609375
13 0.6681568390625 0.23893905312500002 0.66097019375 0.236975246875 0.6664395078124999 0.21665725781249998 0.6512457656249999 0.212586378125 0.6385142484374999 0.2605060828125 0.6608072203125 0.2663673171875 0.6681568390625 0.23893905312500002
2 0.596361615625 0.3236167390625 0.6481090093749999 0.33748242031250003 0.6661450234374999 0.270171721875 0.6143976296875 0.256306040625 0.596361615625 0.3236167390625
7 0.74975920625 0.1846190203125 0.7428652062500001 0.1827436453125 0.7479585890625 0.163735925 0.741951125 0.1620933078125 0.7232592999999999 0.23152473750000002 0.6756494109375 0.21873943593749998 0.6693600078124999 0.24221213281249998 0.6731958062500001 0.24327131093749998 0.6733190953125 0.24281381406250002 0.676477040625 0.24366026718749997 0.6702027953125 0.2670256296875 0.723810334375 0.2809761859375 0.74975920625 0.1846190203125
10 0.8071448484375001 0.303612428125 0.8170989578125001 0.306229775 0.8272996765625 0.2683023515625 0.8173294078125 0.26563031718749996 0.8071448484375001 0.303612428125
6 0.7989224453125 0.2601987 0.7924419734375 0.258524428125 0.7827968546874999 0.2945150171875 0.7891793781249999 0.296224928125 0.7886565078125 0.2981719125 0.8057907078125 0.3026483953125 0.815816278125 0.265230490625 0.8145060078125 0.2649442890625 0.815760234375 0.26009435000000003 0.8000928625 0.25583289531250003 0.7989224453125 0.2601987
10 0.78439650625 0.2493994078125 0.7887618609375 0.2328345578125 0.7452120703125 0.2211659046875 0.7408248953125 0.2377838078125 0.78439650625 0.2493994078125
1 0.792307515625 0.4084363609375 0.7983168921875 0.3862857703125 0.6117055453125 0.336308575 0.6056952156250001 0.3584514125 0.792307515625 0.4084363609375
4 0.756030209375 0.21931968125 0.7873487703125 0.22762103437499998 0.8012439 0.17552369375000001 0.7701287171875 0.1671863484375 0.756030209375 0.21931968125
5 0.825975803125 0.26057169375 0.85331835 0.1578078640625 0.8123090265625 0.1468158984375 0.784784596875 0.24953436718750002 0.825975803125 0.26057169375
3 0.6496202249999999 0.21165566875000003 0.647565309375 0.21103585468750002 0.6486108859375 0.2071277390625 0.6361061109375 0.203712165625 0.635075009375 0.207558684375 0.62790629375 0.2056383296875 0.61511201875 0.25425210625 0.636609325 0.26006935468750003 0.6496202249999999 0.21165566875000003
8 0.7112424234375 0.35446025625 0.723846459375 0.30714339218750003 0.7991856359375 0.32743498125000003 0.8057907078125 0.3026483953125 0.6702048625 0.2670552859375 0.6511284109375 0.33840570625 0.7112424234375 0.35446025625
10 0.734294903125 0.25463018437499996 0.7540984234375 0.2598840296875 0.7569242046875 0.24890941249999998 0.7372537859375 0.24358570156249998 0.734294903125 0.25463018437499996
2 0.7144680609375 0.3553708125 0.7532017046874999 0.365663021875 0.765200715625 0.32099589375000004 0.7264887296875 0.31063647968749997 0.7144680609375 0.3553708125
2 0.754940875 0.3662114078125 0.7980316171874999 0.3777569640625 0.809943346875 0.33294312812500004 0.7668991843749999 0.321456396875 0.754940875 0.3662114078125
10 0.661209753125 0.1867828625 0.6582553765625 0.1859917015625 0.6595596984375 0.1809215140625 0.6338447890625 0.17387157343749998 0.6277022031249999 0.197206603125 0.6734531734375 0.2096990796875 0.67974304375 0.186012228125 0.6626374375 0.18166604375 0.661209753125 0.1867828625
13 0.7490359234375 0.2849896890625 0.7814322109375 0.293568015625 0.7903714749999999 0.26007267500000003 0.7580626078125 0.25139860468749997 0.7490359234375 0.2849896890625
10 0.800647234375 0.3278253921875 0.8105738062500001 0.330539 0.8164697750000001 0.308669953125 0.806447675 0.3060373421875 0.800647234375 0.3278253921875
10 0.7450463375 0.1810322640625 0.7506543906250001 0.18257594531250002 0.7553441640624999 0.1651274734375 0.7496742640625 0.16368269062500002 0.7450463375 0.1810322640625
10 0.7458545796875 0.218924015625 0.7524303046874999 0.2206432640625 0.7669262078125 0.16624619062499998 0.7604672296875 0.16458029999999998 0.7458545796875 0.218924015625
10 0.6631560609375 0.23513577031250002 0.6692894968750001 0.2367786625 0.6740032 0.21866607343750002 0.667957509375 0.217045465625 0.6631560609375 0.23513577031250002
10 0.6623519921875001 0.266832525 0.666645996875 0.2679566578125 0.6726950234375 0.2454879265625 0.6684351125 0.24428246874999998 0.6623519921875001 0.266832525
2 0.3945199515625 0.2525777234375 0.4332391203125 0.26293153281250004 0.444687128125 0.22022586249999998 0.4059649125 0.2098472390625 0.3945199515625 0.2525777234375
2 0.2445328875 0.2123551734375 0.29191466718750003 0.2250519890625 0.3098916140625 0.15772178125 0.26257026250000004 0.1450427328125 0.2445328875 0.2123551734375
8 0.4354680125 0.2151710875 0.4421135125 0.1905086234375 0.3137295890625 0.1562729375 0.29668677187500003 0.21987715625 0.35237675468749996 0.234799925 0.3628892515625 0.19556538750000002 0.4354680125 0.2151710875
11 0.23428996093749999 0.24084867031249999 0.251629196875 0.24541804687500002 0.25788420625 0.22207551093750003 0.24058858593750002 0.2174126234375 0.23428996093749999 0.24084867031249999
1 0.25334665625 0.2458793671875 0.427793078125 0.292657434375 0.43114904374999996 0.2799364375 0.43062020624999997 0.2798219078125 0.4329233546875 0.27112955781250003 0.3463430875 0.24800870000000003 0.34791376875 0.24201794062499998 0.29696051093750003 0.22845303125 0.2953846390625 0.23424765 0.259069078125 0.2246739171875 0.25334665625 0.2458793671875
13 0.385407403125 0.17283606875 0.41781250468750003 0.181460540625 0.42674164843750007 0.14789560156249998 0.394403234375 0.1392629421875 0.385407403125 0.17283606875
2 0.35397373125 0.2417162296875 0.39271858593750003 0.25202280625 0.4041325546875 0.20937326562499997 0.36553701875 0.199026315625 0.35397373125 0.2417162296875
10 0.416646859375 0.112848990625 0.4195841015625 0.1023077703125 0.403871071875 0.098097575 0.40101820312500003 0.1086079703125 0.416646859375 0.112848990625
10 0.4435095640625 0.191006259375 0.451943740625 0.1932324859375 0.4620742296875 0.1556049203125 0.45362147343750003 0.15327865000000002 0.4435095640625 0.191006259375
13 0.31780440468750004 0.12799525312499999 0.310733309375 0.12610069375 0.3161531875 0.10579034843749999 0.30099701875 0.10173059843750001 0.288192721875 0.1495191328125 0.310453996875 0.1554299109375 0.31780440468750004 0.12799525312499999
1 0.27574548593750003 0.08615910624999999 0.30294422499999996 0.09344717500000001 0.3085402359375 0.07244300625 0.28133771093750004 0.0652907859375 0.27574548593750003 0.08615910624999999
10 0.46186934687500003 0.175603959375 0.4780472171875 0.18003571875 0.4847253453125 0.15507486718750002 0.468601128125 0.150656984375 0.46186934687500003 0.175603959375
0 0.46941869374999995 0 0.10432448593750002 0.04482793125 0 0.4341730109375 0 0.53058130625 0.04482793125 0.8956755140625001 0.4341730109375 1 0.53058130625 1 0.8956755140625001 0.9551720687499999 1 0.5658269890625001 1 0.46941869374999995 0.9551720687499999 0.10432448593750002 0.5658269890625001 0 0.46941869374999995 0
10 0.4340728078125 0.1407410171875 0.4427085421875 0.10841481875 0.4227473796875 0.10310791562499999 0.4173635921875 0.1228659953125 0.4302020140625 0.12640904375 0.426907871875 0.1388642765625 0.4340728078125 0.1407410171875
10 0.3128348875 0.12425425000000001 0.3198559484375 0.1260746671875 0.32465405 0.1080083875 0.317745603125 0.10609228281250001 0.3128348875 0.12425425000000001
1 0.3988310296875 0.11042399375 0.40234472187500003 0.09753880000000001 0.334090565625 0.0794218484375 0.3284243359375 0.100277215625 0.384286896875 0.1152464859375 0.38097651093749996 0.12768482187500002 0.40771823906250004 0.13498177656250002 0.4132695671875 0.11429321875000001 0.3988310296875 0.11042399375
3 0.13539433437499998 0.62650218125 0.158811334375 0.632914915625 0.1783507609375 0.5589117390625 0.1551469 0.5527861046875 0.13539433437499998 0.62650218125
10 0.367539815625 0.168374071875 0.38373262656249996 0.1726198109375 0.3928825109375 0.138967946875 0.376636078125 0.1344265390625 0.367539815625 0.168374071875
7 0.377749525 0.117621834375 0.365563515625 0.1143151 0.3644283109375 0.1184420203125 0.32640443750000003 0.10821221249999999 0.3137295890625 0.1562729375 0.363825746875 0.1697038015625 0.377749525 0.117621834375
10 0.43708741562500003 0.2156287046875 0.4457684765625 0.2178655484375 0.451596509375 0.1958663109375 0.443050646875 0.193576659375 0.43708741562500003 0.2156287046875
3 0.296600465625 0.0958223640625 0.28411 0.0925105078125 0.2830816171875 0.096443275 0.2760618890625 0.0946337140625 0.26303406093750004 0.143255703125 0.2864296234375 0.14954513125 0.299406165625 0.100890084375 0.295544928125 0.09985449375 0.296600465625 0.0958223640625
10 0.40795675937500003 0.140424528125 0.4207701265625 0.14381480468750002 0.42396136249999994 0.1317138171875 0.41122833906249995 0.1283624765625 0.40795675937500003 0.140424528125
10 0.18408051718750001 0.5566387015625 0.183269 0.559773465625 0.1809255734375 0.559124534375 0.1761235296875 0.57704331875 0.19627449218749998 0.582408778125 0.201914196875 0.5614527687499999 0.18408051718750001 0.5566387015625
10 0.2398221296875 0.6519984921875001 0.2560446265625 0.6562295671875 0.265169403125 0.6222706625 0.24893869062500001 0.6180752296875001 0.2398221296875 0.6519984921875001
10 0.2802669390625 0.6238912531249999 0.2930992671875 0.627384675 0.29638524374999997 0.615119353125 0.2836118734375 0.6116958296874999 0.2802669390625 0.6238912531249999
2 0.21939036406249998 0.7508125437500001 0.2582977546875 0.7612376953125 0.276447084375 0.6929779890625001 0.23778867343750001 0.6824907812500001 0.21939036406249998 0.7508125437500001
7 0.185887503125 0.6402432234375001 0.23605873281249998 0.653375209375 0.256198953125 0.5798161859375 0.20572060468750003 0.566477903125 0.185887503125 0.6402432234375001
10 0.18525452343749998 0.60774059375 0.1921385921875 0.609637653125 0.19693484375 0.5915306703125001 0.19007578125 0.589542384375 0.18525452343749998 0.60774059375
11 0.106628165625 0.7242615796874999 0.12409095 0.72887560625 0.13025704062500001 0.705693540625 0.11282532812499999 0.7010505109375 0.106628165625 0.7242615796874999
6 0.3079114875 0.6320407875 0.301146425 0.63022829375 0.2916627671875 0.66576456875 0.29774409999999996 0.6673933937500001 0.2971507875 0.6694718171875 0.31440009999999996 0.674039640625 0.324378821875 0.6365094203125 0.323732665625 0.63633688125 0.32498827812500003 0.631652065625 0.30915303125000004 0.6274080750000001 0.3079114875 0.6320407875