0 0.44744788281250003 0 0.2965405609375 0.032076340625 0 0.2397162640625 0 0.276270996875 0.0395548796875 0.33276174062499997 0.507045146875 1 0.552552121875 1 0.7034594390625 0.967923659375 1 0.7602837359375 1 0.7237292359375 0.4932392140625 0 0.44744788281250003 0
13 0.53387996875 0.5389013593749999 0.48013041718749994 0.576860709375 0.54260461875 0.66649276875 0.59669899375 0.628615071875 0.53387996875 0.5389013593749999
2 0.6982608375 0.7304926328125 0.6941481140625 0.7335616578125 0.7154905265625 0.763920546875 0.748196653125 0.7404243 0.727067284375 0.7102485546875 0.7226416515625 0.713799415625 0.7193131796875 0.7091875375 0.729318634375 0.7017366546875 0.7325811437499999 0.7064440203125 0.7291410671875 0.709002665625 0.750472546875 0.7392424765625 0.782135378125 0.7166772359375 0.7608934374999999 0.6863401203125 0.75669085 0.689504921875 0.7535988640625 0.685088778125 0.757834884375 0.681900896875 0.6335103234374999 0.5043843265625 0.55233685625 0.5612236265625 0.6766093015625 0.73950205625 0.6951071203125 0.725988975 0.6982608375 0.7304926328125
8 0.4204088265625 0.4549446171875 0.43386805781250004 0.47426376875000004 0.40472219843749996 0.4945192890625 0.46511347187499996 0.580567025 0.5329538281249999 0.5335296546875 0.549681696875 0.557479790625 0.6307359906250001 0.5006434578125 0.47097744218750004 0.2720896796875 0.42059814375000004 0.3072144984375 0.49112704531249995 0.40744569531249997 0.4204088265625 0.4549446171875
7 0.380900053125 0.2508761296875 0.3116754078125 0.2996150546875 0.4200856046875 0.45512993125 0.4911746375 0.4075042671875 0.380900053125 0.2508761296875
5 0.6332916703125 0.8217525437500001 0.46753924218750004 0.585035321875 0.41930310625 0.619127934375 0.5845586078125 0.855551428125 0.6332916703125 0.8217525437500001
4 0.599176709375 0.6323582859375 0.53556843125 0.6778651250000001 0.6349228453125 0.8199649656249999 0.6993873140625 0.7754725953125 0.599176709375 0.6323582859375
10 0.29687992812499997 0.2829073546875 0.28962560000000004 0.2882032171875 0.2990102515625 0.3016473875 0.3065654140625 0.2965719203125 0.29687992812499997 0.2829073546875
1 0.49273208906250004 0.25642590468750004 0.47260865937499996 0.27073818437499997 0.7842182984375 0.715910225 0.80444679375 0.7017465359374999 0.49273208906250004 0.25642590468750004
1 0.29948398125 0.22556761875000003 0.19671238124999998 0.29752945 0.232328384375 0.34798005781249997 0.297217421875 0.3028623125 0.2847101125 0.2852034015625 0.2960871 0.2775616265625 0.308401134375 0.295355865625 0.3346680046875 0.2766387890625 0.29948398125 0.22556761875000003
10 0.6917027265625 0.7348178453124999 0.67954285 0.743180328125 0.7013158734375 0.7740770671874999 0.713282115625 0.7655400921875 0.6917027265625 0.7348178453124999
10 0.4781266515625 0.5780677546875 0.4697268015625 0.58394895 0.49954238125000006 0.62665025625 0.50799751875 0.62072855625 0.4781266515625 0.5780677546875
10 0.511041946875 0.62506375625 0.50267445 0.6311121921875 0.5323688343749999 0.673521375 0.5409463703124999 0.66788994375 0.511041946875 0.62506375625
6 0.40466665312499994 0.4943857328125 0.35760719375 0.5270701140625 0.41823794531249997 0.6134854671875 0.4651717640625 0.5806233234375 0.40466665312499994 0.4943857328125
2 0.309869465625 0.30070816875 0.23512252031249997 0.3518892375 0.3545933078125 0.5230063703125001 0.42879796406250004 0.47104761875 0.309869465625 0.30070816875