13 0.129215625 0.2196609375 0.12673125000000002 0.22976562500000003 0.1338890625 0.23718124999999998 0.1363140625 0.22705000000000003 0.129215625 0.2196609375
6 0.1287671875 0.18206875 0.1246890625 0.198634375 0.13894062499999998 0.2135578125 0.1429859375 0.19701249999999998 0.1287671875 0.18206875
1 0.281146875 0.40725468749999993 0.27404843749999996 0.41190156250000004 0.2850875 0.428871875 0.2921578125 0.4242796875 0.281146875 0.40725468749999993
13 0.145340625 0.1341359375 0.13694375 0.1395890625 0.13548125 0.14556093750000001 0.15013749999999998 0.1610171875 0.15095625 0.15780624999999998 0.15836875 0.165590625 0.1617328125 0.1513796875 0.145340625 0.1341359375
6 0.15059375 0.23827343750000002 0.1383703125 0.2255109375 0.133896875 0.2435296875 0.1463 0.256609375 0.15059375 0.23827343750000002
13 0.2430171875 0.4076375 0.23888281249999999 0.410321875 0.24881406250000002 0.42568906249999994 0.25298125 0.4230359375 0.2430171875 0.4076375
4 0.19719375 0.24680156250000002 0.1879296875 0.25272656250000003 0.2039125 0.2773359375 0.21309843750000002 0.2713390625 0.19719375 0.24680156250000002
2 0.09169374999999999 0.16897500000000001 0.09498593749999999 0.1724046875 0.09399062500000001 0.17680625 0.1100640625 0.19344375 0.11597187499999999 0.1686828125 0.10688281250000001 0.1591109375 0.09169374999999999 0.16897500000000001
10 0.1803859375 0.1876859375 0.1825328125 0.178946875 0.183709375 0.1802171875 0.18385 0.17948906250000002 0.1620625 0.15668593749999998 0.15950625000000002 0.1669796875 0.166821875 0.174671875 0.1658828125 0.17851250000000002 0.17390624999999998 0.18691249999999998 0.1748625 0.183065625 0.1813078125 0.18980312500000002 0.181509375 0.1888359375 0.1803859375 0.1876859375
10 0.1283109375 0.25068437499999996 0.1311296875 0.248828125 0.11859375000000001 0.235634375 0.1283109375 0.25068437499999996
1 0.1567375 0.2199765625 0.170459375 0.234328125 0.17299375 0.22425781250000001 0.1592515625 0.209871875 0.1567375 0.2199765625
7 0.15776874999999999 0.2057734375 0.1575125 0.2065515625 0.17329531250000002 0.2231 0.174734375 0.21693125000000002 0.173521875 0.2157109375 0.177203125 0.200671875 0.178496875 0.20206875000000002 0.18016875000000002 0.1946828125 0.1345515625 0.1470390625 0.12789999999999999 0.174553125 0.1301453125 0.1768015625 0.1291109375 0.1812328125 0.14791875000000002 0.2010203125 0.149178125 0.1965703125 0.15776874999999999 0.2057734375
2 0.15541093749999998 0.2792671875 0.150765625 0.2821796875 0.1638984375 0.302403125 0.16848593750000002 0.2994734375 0.15541093749999998 0.2792671875
6 0.188546875 0.3150984375 0.208296875 0.302221875 0.1994109375 0.2885375 0.1886015625 0.2955578125 0.18660625 0.292559375 0.1782578125 0.298084375 0.1810671875 0.3023046875 0.1804640625 0.302721875 0.188546875 0.3150984375
8 0.17352499999999998 0.293725 0.1681 0.29745625000000003 0.19872499999999998 0.34461718750000003 0.17569218749999999 0.35967812499999996 0.177809375 0.3629375 0.1785234375 0.3624734375 0.2048265625 0.40301406249999994 0.20410468750000002 0.40342968749999997 0.20848125 0.41016874999999997 0.2369140625 0.391446875 0.17352499999999998 0.293725
2 0.23815624999999999 0.39425781249999997 0.21004375 0.4125640625 0.212975 0.417115625 0.2136046875 0.41668281250000005 0.2323015625 0.44545781250000005 0.23171875000000003 0.44593906250000004 0.2397125 0.45832187500000005 0.2602609375 0.44497656250000006 0.23695624999999998 0.40905625 0.2445875 0.40417812499999994 0.23815624999999999 0.39425781249999997
5 0.2194453125 0.2663859375 0.221565625 0.2696515625 0.20435468750000002 0.280684375 0.18996249999999998 0.2586484375 0.18448124999999999 0.26220781249999997 0.1551890625 0.23159375 0.1527140625 0.24154375 0.17298906249999998 0.262759375 0.1809046875 0.2750265625 0.17808593749999999 0.27685781249999997 0.1880203125 0.2922046875 0.1988890625 0.285146875 0.2160140625 0.31144375 0.2218625 0.3076453125 0.21242343749999998 0.293109375 0.228796875 0.2824765625 0.2381890625 0.29704375 0.2458125 0.29194375 0.2263734375 0.261959375 0.2194453125 0.2663859375
3 0.8520953125 0.7073750000000001 0.8352546875 0.718421875 0.85465625 0.7482484375 0.8715078125 0.7372671875 0.8520953125 0.7073750000000001
10 0.8629578125 0.6649140625000001 0.8565109375000001 0.669028125 0.8658531249999999 0.6834421875000001 0.8722640625 0.6792453125 0.8629578125 0.6649140625000001
8 0.3988640625 0.060899999999999996 0.38116249999999996 0.0337953125 0.3696703125 0.041031250000000005 0.46472968750000004 0.187409375 0.44377500000000003 0.20124843750000002 0.4512015625 0.2125765625 0.4527875 0.211625 0.498078125 0.281415625 0.49651249999999997 0.2825046875 0.5075453125 0.299234375 0.5399359375 0.2783140625 0.4592328125 0.1541203125 0.460228125 0.1532484375 0.399728125 0.060190625 0.3988640625 0.060899999999999996
13 0.25996874999999997 0.44293281249999994 0.26859062499999997 0.4373078125 0.25773125 0.4205859375 0.24909374999999997 0.426396875 0.25996874999999997 0.44293281249999994
10 0.1360234375 0.2479984375 0.1349609375 0.252075 0.1517703125 0.277853125 0.1596671875 0.272725 0.1360234375 0.2479984375
10 0.15878281249999998 0.1701921875 0.15866249999999998 0.17098437500000002 0.16479375000000002 0.1774125 0.1655671875 0.174475 0.1519109375 0.16015 0.1514140625 0.1623796875 0.15878281249999998 0.1701921875
3 0.1839046875 0.1731296875 0.18551562500000002 0.16670156249999998 0.1866953125 0.1678875 0.187821875 0.16309374999999998 0.16622187500000002 0.1404203125 0.1619421875 0.1556953125 0.1841140625 0.17863437499999998 0.18511249999999999 0.1746578125 0.1839046875 0.1731296875
12 0.2287875 0.2824890625 0.2124265625 0.2931140625 0.221865625 0.30765 0.23818125 0.29708437499999996 0.2287875 0.2824890625
2 0.35189375 0 0.3261546875 0.016714062499999998 0.33892968749999997 0.03641875 0.3374609375 0.037498437499999995 0.34552499999999997 0.049825 0.37774375 0.028634375 0.3591140625 0 0.35189375 0
4 0.48610312499999997 0.138303125 0.516740625 0.18543281250000002 0.541109375 0.169878125 0.5102484375 0.12251562499999999 0.48610312499999997 0.138303125
5 0.7377484375 0.4364703125 0.7149640625 0.451265625 0.6801234375 0.3976671875 0.6605921875 0.41024374999999996 0.66996875 0.42470625 0.675540625 0.42108749999999995 0.7010703125 0.460321875 0.6955203125 0.46400312499999996 0.7156921875 0.49501249999999997 0.7579765625 0.467590625 0.7377484375 0.4364703125
3 0.8789906249999999 0.788390625 0.8550281249999999 0.7513625 0.8375125000000001 0.7628046875 0.8614234375 0.7996703125 0.8789906249999999 0.788390625
2 0.6398421875 0.47545312500000003 0.6175171875000001 0.489921875 0.6236078125 0.4993015625 0.6252078125 0.49826249999999994 0.6541484375 0.54280625 0.6526171875 0.5439140625000001 0.6587375 0.5533375 0.69136875 0.531996875 0.678221875 0.5117328125 0.6678703125000001 0.518634375 0.6398421875 0.47545312500000003
2 0.692971875 0.534625 0.6837093750000001 0.5405640625 0.7100953125 0.581159375 0.7192703125000001 0.5751046875 0.692971875 0.534625
11 0.9019625 0.72493125 0.88761875 0.7342500000000001 0.90981875 0.768434375 0.9240937499999999 0.7591 0.9019625 0.72493125
7 0.840421875 0.6573875 0.8388249999999999 0.6584578125 0.8098796875 0.6138328125 0.811484375 0.6129015625 0.7946421875 0.5870453125 0.7595203125000001 0.6097421875 0.8129875 0.6943671874999999 0.8141343750000001 0.6936609375 0.8233109375 0.7078171875 0.853740625 0.68805625 0.8560828125000001 0.6915078125 0.86056875 0.6885609374999999 0.840421875 0.6573875
2 0.8158546875000001 0.6988390625 0.7719140624999999 0.7276359375 0.7778562499999999 0.7368171875 0.7794328125 0.7357921875 0.8166140625 0.79301875 0.8151187500000001 0.7941640624999999 0.8313843750000001 0.8191515624999999 0.8603703125 0.8004328125000001 0.8138328125 0.7288140624999999 0.828934375 0.71900625 0.8158546875000001 0.6988390625
2 0.650225 0.4688078125 0.6410140625 0.4747890625 0.6672890625 0.5152703125 0.676509375 0.5092828125 0.650225 0.4688078125
10 0.7133234374999999 0.41872031249999997 0.7007875 0.42689374999999996 0.7144671875 0.44793125 0.726915625 0.439775 0.7133234374999999 0.41872031249999997
13 0.6738578125 0.4566890625 0.6530828125 0.47010625 0.6736703125 0.50171875 0.6945578125 0.48840625 0.6738578125 0.4566890625
1 0.8619546874999999 0.6859953125 0.86471875 0.684121875 0.85406875 0.667671875 0.861525 0.6627531249999999 0.7790812500000001 0.535728125 0.7727375000000001 0.5397703125 0.7742265625 0.5420812500000001 0.770234375 0.5447234375 0.8619546874999999 0.6859953125
13 0.8341531249999999 0.719871875 0.825915625 0.725315625 0.845953125 0.7562546875 0.8542875000000001 0.75075 0.8341531249999999 0.719871875
10 0.7225125 0.4128890625 0.7144203124999999 0.41789062499999996 0.7282093749999999 0.4390828125 0.736053125 0.43386718750000003 0.7225125 0.4128890625
0 0.35189375 0 0 0.22852187499999999 0 0.2464640625 0.4893515625 1 0.64810625 1 1 0.771478125 1 0.7535359374999999 0.5106484375 0 0.35189375 0
10 0.4059859375 0.0652046875 0.4225734375 0.0908546875 0.427515625 0.0875984375 0.41089374999999995 0.0619453125 0.4059859375 0.0652046875
12 0.39616406249999997 0 0.4430875 0.07232187500000001 0.4676703125 0.056851562499999994 0.43078593749999994 0 0.39616406249999997 0
1 0.5337546875 0.18129375 0.5797640625 0.2521125 0.5901640625 0.24540156249999998 0.544196875 0.1745921875 0.5337546875 0.18129375
1 0.5052578125 0.300534375 0.3224890625 0.0190953125 0.3121640625 0.0258 0.4949265625 0.30735625 0.5052578125 0.300534375
2 0.3836921875 0.10867656249999999 0.3980390625 0.13089843750000002 0.40190468749999997 0.1281375 0.39374375 0.11561406249999999 0.409615625 0.104990625 0.3685546875 0.04171875 0.348715625 0.054728125 0.35469062500000004 0.0639296875 0.3561375 0.062803125 0.385184375 0.1078359375 0.3836921875 0.10867656249999999
10 0.3787796875 0 0.3660515625 0.0082671875 0.375325 0.022609375 0.3981328125 0.0074890625 0.393228125 0 0.3787796875 0
10 0.510959375 0.19919375 0.509278125 0.19641875 0.5097109375 0.1959953125 0.499103125 0.179659375 0.4838609375 0.18955781249999998 0.49443125 0.20586875 0.4948390625 0.2054953125 0.49681718750000003 0.208628125 0.510959375 0.19919375
5 0.5070046875 0.117396875 0.467690625 0.056895312499999996 0.4410421875 0.073684375 0.42672968750000007 0.0516453125 0.4121265625 0.061010937499999994 0.464084375 0.14105937500000001 0.48074218750000003 0.1302421875 0.48271718750000003 0.1332859375 0.5070046875 0.117396875
10 0.5003124999999999 0.17910781250000002 0.5111140625 0.1957390625 0.5176375 0.1915546875 0.5066734375 0.17466874999999998 0.5003124999999999 0.17910781250000002
13 0.377315625 0.02515625 0.3981015625 0.0571640625 0.41914999999999997 0.043621875 0.3983 0.011340625 0.377315625 0.02515625
6 0.7011484375 0.5151671875 0.7004046875000001 0.51565 0.7166484375 0.5406625 0.75625 0.51494375 0.738203125 0.48711874999999993 0.7165578125 0.501175 0.7127703125 0.495428125 0.6956 0.5066546875 0.7011484375 0.5151671875
10 0.4909625 0.7637375 0.486734375 0.7808390625 0.49609531249999994 0.7905484375 0.5002265625 0.7735078125 0.4909625 0.7637375
2 0.45439687500000003 0.6898109375 0.42060624999999996 0.6542234375 0.41986093750000003 0.6570265625 0.4211125 0.6583921875 0.4173890625 0.673259375 0.4161703125 0.6719453125 0.41561875 0.6749953125 0.4334109375 0.69353125 0.43241562499999997 0.697934375 0.4484875 0.7145703125 0.45439687500000003 0.6898109375
8 0.5119484375 0.8148515625 0.5065234375000001 0.818584375 0.53715 0.86574375 0.51411875 0.8808093749999999 0.516234375 0.8840671875 0.5169484375 0.8836031249999999 0.54325 0.924140625 0.5425296875 0.9245578125 0.5469078125 0.9313 0.5753390625 0.9125765625 0.5119484375 0.8148515625
13 0.581440625 0.9287656249999999 0.57730625 0.9314500000000001 0.587240625 0.94681875 0.59140625 0.9441656249999999 0.581440625 0.9287656249999999
10 0.49688906250000003 0.72905625 0.4882953125 0.7200078125 0.487140625 0.7243031249999999 0.48244999999999993 0.7193734375 0.47837031249999995 0.7357796875 0.49161093749999996 0.749565625 0.49194843749999995 0.7479921875 0.49092812500000005 0.74690625 0.4925515625 0.7402484375 0.4938234375 0.741653125 0.49688906250000003 0.72905625
2 0.49383437499999994 0.8003937499999999 0.48918906250000005 0.8033078124999999 0.5023234375000001 0.8235328125000001 0.5069109375 0.8206 0.49383437499999994 0.8003937499999999
13 0.4676390625 0.7407890625 0.46515781250000005 0.7508953125 0.47231562499999996 0.7583125 0.47473906250000003 0.748178125 0.4676390625 0.7407890625
2 0.4886875 0.8038187499999999 0.4713015625 0.8149765625000001 0.47422812499999994 0.81939375 0.4748859375 0.8190125 0.489475 0.8414515625 0.48877812499999995 0.84185625 0.4917828125 0.8464031249999999 0.51435625 0.8319140624999999 0.5078359375 0.8219312499999999 0.5026140625 0.825321875 0.4886875 0.8038187499999999
10 0.46673749999999997 0.7718140625000001 0.46955625 0.769959375 0.45701875000000003 0.7567625 0.46673749999999997 0.7718140625000001
13 0.455015625 0.7535171875 0.46992500000000004 0.769159375 0.47219375 0.7587203125 0.4573609375 0.7432328125 0.455015625 0.7535171875
10 0.5251484375000001 0.7746375 0.5193640625 0.778359375 0.522390625 0.781584375 0.5274984375 0.7783046875 0.5251484375000001 0.7746375
10 0.501509375 0.7746859374999999 0.4972265625 0.7917671875 0.49877343749999997 0.793409375 0.5113421875 0.7853718749999999 0.5108078125 0.7845296875 0.501509375 0.7746859374999999
6 0.45879843749999993 0.15101875 0.48228125000000005 0.187178125 0.5051187500000001 0.172184375 0.48174374999999997 0.1361171875 0.45879843749999993 0.15101875
7 0.5332656250000001 0.184996875 0.5317109375 0.18260156249999998 0.5169359375 0.1921125 0.518540625 0.1944671875 0.495575 0.20969218750000002 0.539959375 0.27835 0.5777109375 0.2534765625 0.562303125 0.22966875 0.5605875 0.23072656249999998 0.5316765625000001 0.1860859375 0.5332656250000001 0.184996875
10 0.42410312499999997 0.093134375 0.43481875 0.109615625 0.4397828125 0.10633437500000001 0.42909375 0.08989375 0.42410312499999997 0.093134375
2 0.434546875 0.1869875 0.44068125 0.19643125 0.46056093750000004 0.18329375 0.4113703125 0.1073875 0.3961421875 0.11697500000000001 0.404315625 0.129715625 0.3992453125 0.13278125000000002 0.4057453125 0.14289374999999999 0.40736249999999996 0.1416203125 0.4361484375 0.185946875 0.434546875 0.1869875
2 0.75771875 0.517240625 0.71874375 0.5424734375 0.76000625 0.6058203125 0.7930125 0.5844890625 0.788746875 0.5779375 0.7871828125 0.578978125 0.770609375 0.5534734375 0.772171875 0.5524328125 0.764959375 0.541290625 0.7709625 0.53749375 0.75771875 0.517240625
3 0.8583828125 0.69151875 0.8479749999999999 0.698490625 0.8742328125000001 0.7388625 0.8561234375 0.7506906250000001 0.8802390625 0.787540625 0.9085921875 0.7690046875000001 0.8782328125 0.722 0.8766562499999999 0.723084375 0.8599921875 0.6974828125 0.861590625 0.696415625 0.8583828125 0.69151875
13 0.82546875 0.725559375 0.8171484375 0.7310484374999999 0.837178125 0.7617984375 0.84556875 0.75648125 0.82546875 0.725559375
10 0.43640625 0.112128125 0.45788593750000006 0.1451046875 0.4628109375 0.1417234375 0.4414859375 0.10893749999999999 0.43640625 0.112128125
10 0.6760375 0.42436562499999997 0.671615625 0.42723750000000005 0.6938234375000001 0.46137187500000004 0.6982140625000001 0.45849062500000004 0.6760375 0.42436562499999997
8 0.812875 0.69421875 0.7593078125 0.6094453125 0.6867578125 0.497765625 0.675378125 0.5049984375000001 0.7367890625 0.5995265625 0.702975 0.6214328124999999 0.7104812500000001 0.633096875 0.7119875 0.6318578125000001 0.761640625 0.7083171875 0.7600734375 0.7092828124999999 0.768815625 0.7227781249999999 0.812875 0.69421875
1 0.8657109374999999 0.6917625000000001 0.8628296875 0.69373125 0.8871 0.73103125 0.9003 0.7225109375 0.8737828125 0.681590625 0.8634359375 0.6882578125000001 0.8657109374999999 0.6917625000000001
10 0.6979140625 0.49050312500000004 0.688825 0.49629218750000004 0.694028125 0.504253125 0.7112734374999999 0.4931265625 0.68203125 0.448071875 0.6737546875 0.4533734375 0.6979140625 0.49050312500000004
4 0.7610328125 0.47228281250000004 0.7403906250000001 0.48579531249999997 0.77159375 0.5337375 0.792203125 0.5203546875 0.7610328125 0.47228281250000004
2 0.6825796875 0.5411859375 0.660284375 0.55569375 0.6664140625 0.5651531249999999 0.6680171875 0.5641125 0.6968796875 0.6085578125 0.6953171874999999 0.6096609374999999 0.701425 0.6189828125 0.7341140625 0.597815625 0.72098125 0.5775718750000001 0.710609375 0.5844375 0.6825796875 0.5411859375
1 0.619571875 0.9283828125 0.612471875 0.9330265624999999 0.6235109375000001 0.9499984375 0.63058125 0.9454078125 0.619571875 0.9283828125
2 0.1766828125 0.31205937499999997 0.17216562500000002 0.31504374999999996 0.1852578125 0.3352921875 0.18979531249999998 0.33226875 0.1766828125 0.31205937499999997
13 0.1649 0.1392296875 0.1544890625 0.1281953125 0.146128125 0.133625 0.162109375 0.1503890625 0.1649 0.1392296875
10 0.2673875 0.386090625 0.25458125 0.3942234375 0.26664374999999996 0.412721875 0.2710390625 0.40976093750000003 0.272125 0.4114328125 0.2803390625 0.4059859375 0.27706875000000003 0.400975 0.27635 0.40148124999999996 0.267903125 0.388421875 0.26861562499999997 0.387959375 0.2673875 0.386090625
2 0.20905625 0.3034296875 0.1896953125 0.3160796875 0.21030312499999998 0.34755156249999997 0.2328875 0.3329640625 0.2308703125 0.3298765625 0.2301875 0.330346875 0.22176093749999998 0.3173546875 0.2224796875 0.31693906250000003 0.21978749999999997 0.31279218750000004 0.21652187500000003 0.3148875 0.20905625 0.3034296875
13 0.1216515625 0.21175468749999998 0.119246875 0.22187968749999998 0.1263671875 0.22934375 0.1288609375 0.2192671875 0.1216515625 0.21175468749999998
10 0.2537796875 0.3945265625 0.243509375 0.40116874999999996 0.245284375 0.4039046875 0.255484375 0.3971515625 0.2537796875 0.3945265625
7 0.2581203125 0.3897765625 0.262553125 0.38675000000000004 0.257115625 0.37842031249999997 0.26088125 0.37606875 0.256709375 0.3696015625 0.25594375 0.37003906249999996 0.241346875 0.3475421875 0.2420921875 0.34709218750000004 0.2338015625 0.33436875 0.209934375 0.34975 0.2368234375 0.39132500000000003 0.23713437499999998 0.391153125 0.24180625 0.39845312499999996 0.2572671875 0.3885015625 0.2581203125 0.3897765625
13 0.167203125 0.27313437500000004 0.15675 0.27995468749999997 0.16716718749999998 0.29574218750000003 0.1774703125 0.2889625 0.167203125 0.27313437500000004
10 0.1757015625 0.1849859375 0.1749078125 0.18796718750000002 0.180365625 0.19374375 0.1811546875 0.190740625 0.1757015625 0.1849859375
10 0.1584640625 0.20792812500000002 0.1498703125 0.19887656250000002 0.14871718750000001 0.20317500000000002 0.1440265625 0.198246875 0.1399453125 0.2146484375 0.15318437499999998 0.22843593750000002 0.153521875 0.22686250000000002 0.15250468749999999 0.2257796875 0.1541265625 0.21911874999999997 0.1553984375 0.220525 0.1584640625 0.20792812500000002
2 0.17144375 0.3153640625 0.15419375 0.3265828125 0.15721093749999998 0.331290625 0.1578265625 0.330840625 0.17243124999999998 0.3532984375 0.17180625 0.3537546875 0.1747390625 0.358253125 0.197225 0.3436515625 0.1906890625 0.333625 0.1855640625 0.33700312499999996 0.17144375 0.3153640625
2 0.15026250000000002 0.282690625 0.1328765625 0.2938484375 0.135803125 0.298265625 0.1364625 0.29788749999999997 0.15105 0.32032343750000003 0.150353125 0.3207265625 0.1533578125 0.325275 0.17593281249999998 0.3107859375 0.1694109375 0.3008015625 0.1641890625 0.3041921875 0.15026250000000002 0.282690625
2 0.0725890625 0.1813828125 0.10475468750000001 0.21505625 0.109834375 0.1943640625 0.0930828125 0.17674218749999998 0.094171875 0.172503125 0.09113281250000001 0.1693390625 0.0725890625 0.1813828125
3 0.2562734375 0.3984703125 0.247884375 0.4039671875 0.2575703125 0.41881250000000003 0.265909375 0.41334375 0.2562734375 0.3984703125
3 0.271953125 0.41142812500000003 0.258534375 0.4201921875 0.2693859375 0.43686718750000003 0.2826609375 0.42791875 0.271953125 0.41142812500000003
10 0.4744484375 0.7691265625 0.47338593749999996 0.7732015624999999 0.49019375 0.79898125 0.498090625 0.7938531249999999 0.4744484375 0.7691265625
7 0.4961953125 0.726903125 0.4959359375 0.7276796875 0.51171875 0.7442265625 0.5131578125 0.7380578125 0.511946875 0.7368421875 0.5156296874999999 0.7218015624999999 0.516921875 0.723196875 0.51859375 0.7158109375 0.472978125 0.6681703125 0.4663234375 0.6956796875 0.46856875000000003 0.697928125 0.46753437499999995 0.702359375 0.4863453125 0.72215 0.48760312499999997 0.7176984375 0.4961953125 0.726903125
13 0.48095781249999997 0.6366515625 0.4784125 0.6483125000000001 0.500534375 0.6715187499999999 0.503325 0.66035625 0.48095781249999997 0.6366515625
6 0.4890171875 0.7594015625 0.4767953125 0.7466406250000001 0.47232031250000006 0.76465625 0.4847234375 0.7777359374999999 0.4890171875 0.7594015625
2 0.5474828125 0.824559375 0.52811875 0.83720625 0.5487265625 0.8686796875 0.5713109375000001 0.8540906250000001 0.569296875 0.85100625 0.5686125 0.8514765625 0.560184375 0.8384812500000001 0.5609046875 0.8380656249999999 0.5582140625 0.833921875 0.5549484375 0.8360171875000001 0.5474828125 0.824559375
6 0.467190625 0.7031953125 0.4631125 0.7197609375 0.477365625 0.734684375 0.4814109375 0.718140625 0.467190625 0.7031953125
6 0.526971875 0.836225 0.546721875 0.8233499999999999 0.537834375 0.809665625 0.527025 0.8166859375 0.52503125 0.8136859375000001 0.51668125 0.8192109375 0.5194921875 0.82343125 0.5188875000000001 0.8238484375 0.526971875 0.836225
6 0.4754015625 0.7471359375 0.476040625 0.74453125 0.48938750000000003 0.7588109375000001 0.4913578125 0.750465625 0.4622390625 0.7199703125 0.46018593750000003 0.727959375 0.46116875 0.7290203125 0.46062343749999995 0.7316609374999999 0.4754015625 0.7471359375
2 0.5151078124999999 0.8331875 0.5105890625 0.836171875 0.52368125 0.8564203125000001 0.5282218750000001 0.8534 0.5151078124999999 0.8331875
2 0.4325953125 0.6936312499999999 0.41539374999999995 0.6757203125 0.41369375 0.6828703125 0.4148921875 0.6841734374999999 0.41122812499999994 0.6989765625000001 0.4099421875 0.6978015625 0.40926718749999996 0.7006796875 0.44318125 0.7361875 0.44825781249999996 0.7154890625 0.43150625 0.6978703125 0.4325953125 0.6936312499999999
10 0.518809375 0.7088109375 0.520959375 0.7000765624999999 0.522134375 0.7013453125 0.5222765625 0.7006187500000001 0.5004875 0.6778140625 0.49793125 0.6881078125 0.5052484374999999 0.6958031250000001 0.50430625 0.699640625 0.51233125 0.7080421875 0.5132875 0.7041968749999999 0.51973125 0.71093125 0.5199328125 0.7099640625 0.518809375 0.7088109375
3 0.6103765625 0.93255625 0.596959375 0.9413203125 0.6078109375 0.9579953124999999 0.621084375 0.9490453125 0.6103765625 0.93255625
8 0.45273593749999996 0.75223125 0.4729375 0.66814375 0.42857812500000003 0.6215375 0.42780625 0.624325 0.42903906249999996 0.625609375 0.4228203125 0.65095625 0.421678125 0.64979375 0.4208953125 0.6526640625 0.45597343749999997 0.68919375 0.44404062499999997 0.738140625 0.40908125 0.7015875 0.408828125 0.7028453125 0.40987656250000004 0.7039156249999999 0.407828125 0.7126625 0.4065578125 0.711478125 0.40598124999999996 0.71436875 0.41077812500000005 0.7217203125 0.41148125 0.7212640625 0.4363359375 0.7595015625 0.4356453125 0.760103125 0.4371015625 0.76225625 0.45273593749999996 0.75223125
12 0.5672125 0.803615625 0.55085 0.8142421875 0.5602890625 0.8287765625000001 0.5766046874999999 0.8182109375 0.5672125 0.803615625
10 0.600134375 0.8984406249999999 0.59706875 0.9005828125 0.60158125 0.90740625 0.604659375 0.9054593750000001 0.600134375 0.8984406249999999
13 0.505628125 0.7942640625 0.495175 0.8010828125 0.50559375 0.8168734375 0.5158921875 0.8100890625 0.505628125 0.7942640625
3 0.5223296875 0.6942578125 0.5239390625 0.6878296875000001 0.525121875 0.68901875 0.526246875 0.6842203125 0.5046453125 0.6615484375 0.5003671875 0.676821875 0.5225390625 0.6997609375 0.5235375 0.6957859375 0.5223296875 0.6942578125
7 0.596546875 0.91090625 0.6009765625 0.907875 0.5955421875 0.89955 0.5993046875 0.8971953125000001 0.595134375 0.8907281250000001 0.5943671875 0.8911671875 0.5797718749999999 0.8686734375 0.580515625 0.8682203124999999 0.5722265625 0.8554984375 0.5483578125 0.8708750000000001 0.575246875 0.9124515625 0.5755578125 0.9122796875000001 0.5802296874999999 0.9195796875 0.5956921875 0.90963125 0.596546875 0.91090625
3 0.5946984375000001 0.9196 0.5863078125000001 0.9250953125000001 0.5959953125 0.9399390625 0.604334375 0.9344718750000001 0.5946984375000001 0.9196
13 0.5983921875 0.9640609375 0.6070156250000001 0.9584359375 0.59615625 0.9417125000000001 0.58751875 0.9475265625 0.5983921875 0.9640609375
5 0.55786875 0.7875140625 0.559990625 0.7907796874999999 0.542778125 0.8018109375 0.5283859375 0.7797765625 0.52290625 0.783334375 0.493615625 0.7527250000000001 0.49113749999999995 0.762671875 0.5114124999999999 0.7838859375 0.5193296875 0.796153125 0.5165093749999999 0.7979859375 0.5264453125 0.8133328125 0.5373140624999999 0.806275 0.5544390625 0.832571875 0.5602875 0.8287734375 0.5508484375 0.8142390625000001 0.567221875 0.80360625 0.5766140625 0.8181703125 0.5842390625 0.8130734374999999 0.5647984375 0.7830859375 0.55786875 0.7875140625
10 0.5922031249999999 0.9156531250000001 0.5819359375000001 0.9223015625000001 0.583709375 0.92503125 0.593909375 0.9182796874999999 0.5922031249999999 0.9156531250000001
2 0.5098671875 0.836490625 0.49261875 0.847709375 0.4956359375 0.85241875 0.4962515625 0.8519718749999999 0.51085625 0.8744296874999999 0.5102328125 0.874884375 0.5131640625 0.87938125 0.5356515625 0.8647812500000001 0.5291125 0.8547515625000001 0.5239874999999999 0.8581312499999999 0.5098671875 0.836490625
2 0.57658125 0.9153874999999999 0.5484703125 0.9336953125 0.5514 0.93824375 0.552028125 0.937809375 0.5707265625 0.966584375 0.5701421875 0.9670671875 0.5781390625 0.9794515625000001 0.5986875 0.9661078125 0.5753828125 0.9301875000000001 0.5830140625 0.925309375 0.57658125 0.9153874999999999
13 0.585790625 0.925934375 0.5816453125 0.9286265625000001 0.5916375 0.94399375 0.5957859375 0.9413281250000001 0.585790625 0.925934375
10 0.6058125000000001 0.90721875 0.5930046875 0.9153515625 0.60506875 0.93385 0.6094640625000001 0.9308890625 0.6105484375 0.9325578125 0.6187640625 0.9271125 0.6154953125 0.92210625 0.6147765625 0.9226109375 0.606328125 0.9095515625000001 0.6070421875 0.9090875 0.6058125000000001 0.90721875
2 0.4300984375 0.6149375 0.42889687500000007 0.6198078125 0.47269531249999996 0.665584375 0.47995312500000004 0.635675 0.436234375 0.589846875 0.43478125 0.59576875 0.43595625 0.5971390624999999 0.431434375 0.6161546875 0.4300984375 0.6149375
13 0.48856093749999996 0.68214375 0.48938125 0.6789359375 0.49679375 0.6867171875 0.5001562500000001 0.6725078124999999 0.47815312499999996 0.6493625 0.47390625000000003 0.666690625 0.48856093749999996 0.68214375
4 0.5356171875 0.767928125 0.5263546875 0.773853125 0.5423375 0.798465625 0.551525 0.7924703125 0.5356171875 0.767928125
10 0.5123328125 0.7867796874999999 0.51018125 0.7882281250000001 0.51551875 0.79639375 0.5176125 0.7950328125 0.5123328125 0.7867796874999999
10 0.517615625 0.8111328125 0.513084375 0.8139609374999999 0.5157765624999999 0.81803125 0.5242218750000001 0.8124343749999999 0.5097671874999999 0.79015 0.5057546875 0.79279375 0.517615625 0.8111328125
2 0.45454531249999997 0.7544078125 0.4385875 0.7644890625 0.44053906249999997 0.7675671875 0.4412546875 0.7671281249999999 0.46613437500000005 0.8054046874999999 0.465421875 0.8058671875 0.46951875000000004 0.8122453125 0.4887234375 0.7998765624999999 0.47035 0.771496875 0.46700468749999996 0.7734703125 0.45454531249999997 0.7544078125
10 0.514125 0.7061140625 0.51333125 0.70909375 0.5187890625 0.7148703125 0.519578125 0.71186875 0.514125 0.7061140625
13 0.46007499999999996 0.7328828125 0.4576703125 0.74300625 0.464790625 0.750471875 0.46728437500000003 0.74039375 0.46007499999999996 0.7328828125
1 0.4951625 0.741103125 0.5088843749999999 0.7554578125 0.5114171875 0.7453828125 0.4976765625 0.731 0.4951625 0.741103125
10 0.497209375 0.6913218750000001 0.49708593749999996 0.6921109375000001 0.50321875 0.69854375 0.5039906249999999 0.6956015625 0.4903375 0.6812796875 0.48983906250000003 0.68350625 0.497209375 0.6913218750000001
8 0.07305625 0.20013437500000003 0.09791093749999999 0.2383734375 0.097221875 0.238975 0.0986765625 0.241128125 0.11431093750000001 0.23110312500000002 0.134515625 0.14701718749999998 0.1310734375 0.1434015625 0.10815625 0.158284375 0.11755 0.168065625 0.10561562499999999 0.2170125 0.07194062500000001 0.181803125 0.071053125 0.1823796875 0.07145312499999999 0.1827890625 0.069403125 0.19153437499999998 0.0681328125 0.19035156250000002 0.06755781250000001 0.1932421875 0.0723515625 0.2005921875 0.07305625 0.20013437500000003
10 0.179190625 0.29000312500000003 0.174659375 0.29283281250000004 0.1773515625 0.296903125 0.185796875 0.29130625 0.171340625 0.2690203125 0.167328125 0.27166250000000003 0.179190625 0.29000312500000003
10 0.173909375 0.265653125 0.17175625 0.2671 0.1770953125 0.2752671875 0.1791890625 0.27390625 0.173909375 0.265653125
10 0.1867234375 0.25350937500000004 0.1809375 0.2572296875 0.18396718750000002 0.26045625 0.189075 0.257178125 0.1867234375 0.25350937500000004
13 0.2473671875 0.40480937499999997 0.243221875 0.40750000000000003 0.2532140625 0.42286718749999996 0.2573640625 0.42020156249999996 0.2473671875 0.40480937499999997
10 0.1630859375 0.253559375 0.1588 0.270634375 0.1603484375 0.27228281249999997 0.17291875 0.2642453125 0.1723828125 0.26339999999999997 0.1630859375 0.253559375
10 0.1525359375 0.24260781250000002 0.14830937500000002 0.2597109375 0.157671875 0.26942187500000003 0.1618015625 0.2523796875 0.1525359375 0.24260781250000002
13 0.11659062499999999 0.232390625 0.1315 0.24803281250000003 0.13376875 0.2375921875 0.1189375 0.22210625 0.11659062499999999 0.232390625
10 0.261709375 0.3773125 0.2586453125 0.37945625 0.26315625 0.38627968749999997 0.26623437499999997 0.38433125 0.261709375 0.3773125
6 0.1369765625 0.22600625000000002 0.13761718750000002 0.22340624999999997 0.1509625 0.23768281249999998 0.152934375 0.22933750000000003 0.12381249999999999 0.1988390625 0.12176093750000001 0.20683125000000002 0.12274531250000001 0.20789375 0.12219843749999999 0.21053281250000003 0.1369765625 0.22600625000000002
2 0.116121875 0.23328125000000002 0.1001625 0.2433625 0.102115625 0.2464390625 0.10283125 0.246 0.12770781250000002 0.284275 0.126996875 0.2847359375 0.1310953125 0.29111875 0.1503 0.2787484375 0.1319265625 0.25037031249999997 0.12857812500000002 0.25233906250000004 0.116121875 0.23328125000000002