0 0 0 0 1 1 1 1 0 0 0
2 0.4458796875 0.67195 0.499496875 0.6725484374999999 0.499684375 0.5637859375 0.44551718749999997 0.5632843750000001 0.4458796875 0.67195
13 0.5485796875 0.468215625 0.5825703125 0.4674734375 0.5824890625 0.425853125 0.5482578124999999 0.42571250000000005 0.5485796875 0.468215625
7 0.441446875 0.6411625 0.44125312499999997 0.5626734375 0.351178125 0.5636546874999999 0.35259375 0.6709140625 0.3894421875 0.6707234375 0.3892703125 0.6412828125 0.441446875 0.6411625
1 0.5327421875 0.564196875 0.5041703125 0.5640828124999999 0.5043124999999999 0.622434375 0.5557921875 0.622378125 0.5558015625 0.52364375 0.5324796875 0.5237453125 0.5327421875 0.564196875
3 0.2703609375 0.3824125 0.332721875 0.3818125 0.33262187499999996 0.33734375 0.26990156249999997 0.3370578125 0.2703609375 0.3824125
1 0.26594843749999997 0.38232656249999997 0.2657421875 0.3372015625 0.256075 0.3398515625 0.24908281250000003 0.34883125000000004 0.244590625 0.3627140625 0.24398593750000003 0.382040625 0.26594843749999997 0.38232656249999997
6 0.46534375 0.5268531249999999 0.5046953125 0.5273375 0.5047109375 0.4815078125 0.4653703125 0.4815078125 0.46534375 0.5268531249999999
1 0.6915375 0.6330671875 0.7008859375000001 0.62129375 0.705540625 0.611403125 0.705078125 0.548146875 0.7746921875 0.548546875 0.7743703125 0.3187859375 0.7054203125 0.3190703125 0.705259375 0.3601765625 0.644146875 0.3606890625 0.64400625 0.4676453125 0.6688500000000001 0.46758749999999993 0.6689296875 0.6007687500000001 0.6213578125 0.601596875 0.6215453125 0.6378390625 0.6829734375000001 0.637571875 0.6915375 0.6330671875
1 0.32585156249999997 0.6824125000000001 0.348075 0.68266875 0.347903125 0.6486546875 0.31736875000000003 0.648346875 0.317328125 0.68013125 0.32585156249999997 0.6824125000000001
2 0.560084375 0.6223203125000001 0.616784375 0.622634375 0.616521875 0.5238875000000001 0.5602359375 0.5240218750000001 0.560084375 0.6223203125000001
13 0.3371140625 0.5205234375 0.3655046875 0.5206109375 0.365384375 0.4649375 0.3370640625 0.464875 0.3371140625 0.5205234375
13 0.337175 0.44640781250000006 0.3655046875 0.4461234375 0.365525 0.33740000000000003 0.337521875 0.337075 0.337175 0.44640781250000006
8 0.664321875 0.5954015625 0.6646062500000001 0.474503125 0.543965625 0.4743046875 0.543825 0.45387187500000004 0.5093453125 0.45367187500000006 0.509415625 0.527790625 0.332775 0.5268890625 0.3324921875 0.5073578125 0.2255171875 0.5074609375 0.2256578125 0.5453187500000001 0.2342234375 0.5847828125000001 0.24498437499999998 0.6134328124999999 0.260278125 0.639775 0.2752171875 0.6552 0.29454375 0.670425 0.31351874999999996 0.6783359375 0.31288125 0.6418765625 0.351890625 0.642278125 0.3509765625 0.56336875 0.4071828125 0.56315 0.40711250000000004 0.5577390624999999 0.5276125 0.5573406249999999 0.527965625 0.517375 0.6207109375 0.5175734375000001 0.62099375 0.5948 0.664321875 0.5954015625
1 0.393915625 0.6477765625 0.3942171875 0.6798171875000001 0.44125781249999996 0.679640625 0.4413171875 0.6477875 0.393915625 0.6477765625
2 0.58668125 0.468528125 0.6393921875 0.4679015625 0.6394624999999999 0.380946875 0.5867625000000001 0.38047343749999996 0.58668125 0.468528125
2 0.3330296875 0.3889875 0.24374375 0.388853125 0.24425 0.44696875 0.2259625 0.4465515625 0.2258359375 0.50071875 0.3330046875 0.5007406249999999 0.3330296875 0.3889875