12 0.510571875 0.6492125 0.49071875 0.5841984375 0.43719062500000005 0.6005640624999999 0.4570875 0.6655640625 0.510571875 0.6492125
13 0.5008828125 0.70946875 0.48807968749999997 0.6675265625 0.46254531249999997 0.675334375 0.47537031250000006 0.717175 0.5008828125 0.70946875
2 0.5614484375 0.8226515624999999 0.5358484375 0.7389140624999999 0.502959375 0.7489390625000001 0.5285031250000001 0.8327234375 0.5614484375 0.8226515624999999
11 0.3505828125 0.6931125 0.34051875 0.66026875 0.3270328125 0.6643656250000001 0.3371046875 0.6972328125 0.3505828125 0.6931125
10 0.49691875 0.6595187499999999 0.5070328125 0.6926015624999999 0.5170046875 0.6893765625 0.5158859375 0.6856296875 0.5212203125 0.6839984375 0.5123453125 0.6549734375 0.49691875 0.6595187499999999
2 0.526059375 0.8333890625 0.50038125 0.7497734375 0.46975 0.75905625 0.49534218750000003 0.8428359375 0.526059375 0.8333890625
10 0.5041140625 0.691978125 0.494471875 0.6603828125 0.489521875 0.66190625 0.49913281249999997 0.6934218750000001 0.5041140625 0.691978125
10 0.46085312500000003 0.6738921875 0.45260937500000004 0.676371875 0.46608906250000004 0.7205 0.4742984375 0.7179890624999999 0.46085312500000003 0.6738921875
10 0.487384375 0.8211499999999999 0.46835468750000003 0.7589046875000001 0.44807499999999995 0.7651796875 0.46691093749999996 0.8274109375 0.487384375 0.8211499999999999
2 0.4114171875 0.73420625 0.3835296875 0.6435984375 0.3425890625 0.65623125 0.370521875 0.7467312500000001 0.4114171875 0.73420625
8 0.52176875 0.6929093749999999 0.4992859375 0.699828125 0.5030609375 0.712103125 0.35731718749999997 0.7566609375 0.4017921875 0.9020015625 0.4504859375 0.8869140625 0.4153703125 0.772178125 0.5349062499999999 0.7358156250000001 0.52176875 0.6929093749999999
1 0.5025875 0.8712687499999999 0.48818906249999994 0.8240812500000001 0.466859375 0.8304406249999999 0.48132343750000006 0.8777015625000001 0.5025875 0.8712687499999999
10 0.437540625 0.7156875 0.42634218749999997 0.7191109375 0.4299984375 0.7311390624999999 0.44502031249999996 0.726546875 0.432346875 0.6850328125 0.42851249999999996 0.6861546875 0.437540625 0.7156875
13 0.400684375 0.6946953125 0.4127015625 0.7338281249999999 0.42798437500000003 0.729140625 0.424165625 0.71665625 0.43546562499999997 0.713290625 0.42725625 0.6865578125 0.400684375 0.6946953125
7 0.47997187500000005 0.8780078124999999 0.444746875 0.7632828125 0.41537187500000006 0.7722078125 0.4504859375 0.8869140625 0.47997187500000005 0.8780078124999999
3 0.43241874999999996 0.6818890625 0.4175375 0.633046875 0.384809375 0.6432484374999999 0.3997609375 0.6917578125 0.43241874999999996 0.6818890625
10 0.50829375 0.8702953125 0.5005078125 0.8449734375 0.496321875 0.846184375 0.5040890625000001 0.8715437500000001 0.50829375 0.8702953125
6 0.448853125 0.671359375 0.436271875 0.6752109374999999 0.438 0.6808640625 0.4329078125 0.682421875 0.4464796875 0.7269265625 0.4513625 0.725271875 0.4520578125 0.7275453125 0.46561718750000003 0.7234828125 0.451340625 0.6767859374999999 0.45058437500000004 0.6770171875 0.448853125 0.671359375
1 0.3502453125 0.69613125 0.3377515625 0.6998765625 0.3533015625 0.7508375 0.367403125 0.746525 0.3534484375 0.7008828125 0.351821875 0.7013421875 0.3502453125 0.69613125
11 0.27385000000000004 0.31835625 0.260159375 0.3225984375 0.27230937499999996 0.3624796875 0.2860453125 0.3583 0.27385000000000004 0.31835625
8 0.26978125 0.150953125 0.24088437499999998 0.0563734375 0.22724531250000002 0.06054374999999999 0.250065625 0.13498593750000001 0.208853125 0.1474546875 0.24361875 0.26128125 0.2995578125 0.243953125 0.2710109375 0.150603125 0.26978125 0.150953125
10 0.319175 0.24158593750000001 0.31984375 0.2437703125 0.31878125 0.2440953125 0.3218078125 0.25399375 0.3318625 0.25087031249999997 0.328175 0.23879999999999998 0.319175 0.24158593750000001
10 0.3341703125 0.2425515625 0.3450109375 0.27792812499999997 0.35519531249999997 0.2747578125 0.35400468749999997 0.2709015625 0.3598859375 0.26896718750000004 0.350325 0.23769218749999999 0.3341703125 0.2425515625
1 0.243440625 0.2680546875 0.2592890625 0.31959375 0.2717109375 0.31574375 0.2699 0.3098171875 0.27155 0.30931406250000004 0.25759375 0.263784375 0.243440625 0.2680546875
13 0.3213890625 0.2571515625 0.31751874999999996 0.24449375 0.3021796875 0.24914999999999998 0.31425468749999996 0.28859218750000004 0.3409328125 0.28050156249999997 0.3327234375 0.2536515625 0.3213890625 0.2571515625
10 0.2970796875 0.06415156250000001 0.2941078125 0.054485937500000005 0.2712953125 0.061434375 0.274265625 0.07116875 0.2970796875 0.06415156250000001
3 0.3752078125 0.3265609375 0.36033125 0.2779296875 0.3150921875 0.29159687500000003 0.33006875 0.3409375 0.3752078125 0.3265609375
2 0.30086875 0.249603125 0.259959375 0.261953125 0.2878625 0.353271875 0.3285765625 0.3407046875 0.30086875 0.249603125
10 0.30489687499999996 0.095440625 0.2979515625 0.072725 0.29259843750000003 0.0743609375 0.29953281249999997 0.0970421875 0.30489687499999996 0.095440625
10 0.2893296875 0.11840781250000001 0.2774703125 0.0795640625 0.2515625 0.08745937499999999 0.2634390625 0.1261921875 0.2893296875 0.11840781250000001
1 0.29915625 0.1001953125 0.2915078125 0.07523437499999999 0.27885312500000003 0.079103125 0.2972640625 0.139290625 0.3161875 0.13335625 0.3054109375 0.098265625 0.29915625 0.1001953125
2 0.247021875 0.1299046875 0.2261625 0.061640625000000004 0.1863546875 0.0738328125 0.20724843750000002 0.14223593750000002 0.247021875 0.1299046875
6 0.2419890625 0.0560359375 0.24532343750000002 0.066959375 0.2667203125 0.06038125 0.2660765625 0.0582140625 0.26791875 0.0576125 0.2652625 0.0489203125 0.2419890625 0.0560359375
10 0.2723265625 0.07853125 0.2676109375 0.0631078125 0.2461421875 0.0696828125 0.2508265625 0.085046875 0.2723265625 0.07853125
7 0.2969578125 0.1423921875 0.291221875 0.1236546875 0.2652765625 0.13181875 0.2995578125 0.243953125 0.3456984375 0.2300234375 0.3170484375 0.1363859375 0.2969578125 0.1423921875
11 0.7366296875 0.8703546875000001 0.7229375 0.8745984375000001 0.735090625 0.9144781249999999 0.7488265625 0.9102984375000001 0.7366296875 0.8703546875000001
8 0.706396875 0.8132796875 0.7623375 0.7959484375 0.7337906249999999 0.7026015625 0.7325609375 0.7029515625 0.694221875 0.5774703125 0.680546875 0.5816250000000001 0.71284375 0.686984375 0.67163125 0.6994484375 0.706396875 0.8132796875
10 0.781953125 0.79358125 0.782621875 0.7957671875 0.781559375 0.7960906249999999 0.7845859374999999 0.8059921875 0.79464375 0.80286875 0.79095625 0.7908000000000001 0.781953125 0.79358125
10 0.79695 0.794546875 0.807790625 0.8299265625000001 0.817975 0.8267578125 0.8167843749999999 0.8229 0.8226671874999999 0.8209671875 0.8131046874999999 0.7896921875 0.79695 0.794546875
1 0.706221875 0.8200546875000001 0.7220703125 0.8715921874999999 0.7344890625 0.867740625 0.732678125 0.8618171875 0.734328125 0.8613125 0.720375 0.815784375 0.706221875 0.8200546875000001
13 0.78416875 0.8091484375 0.7802984375 0.7964890625 0.764959375 0.8011453124999999 0.777034375 0.8405921875000001 0.8037124999999999 0.8324999999999999 0.795503125 0.80565 0.78416875 0.8091484375
13 0.7051953125 0.570909375 0.692446875 0.5291125 0.6668546875 0.5368703125 0.679675 0.5787125 0.7051953125 0.570909375
10 0.7598609374999999 0.6161515625 0.7568875 0.6064859375 0.734075 0.6134328124999999 0.737046875 0.6231671875 0.7598609374999999 0.6161515625
10 0.6973328125 0.5249312500000001 0.692884375 0.526290625 0.706428125 0.570546875 0.710846875 0.5691296875 0.6973328125 0.5249312500000001
3 0.8379859375 0.878559375 0.8231093749999999 0.8299296875 0.777871875 0.8435921875 0.7928499999999999 0.8929359375000001 0.8379859375 0.878559375
2 0.763646875 0.8015984375 0.7227406249999999 0.8139515625 0.7506437499999999 0.9052718750000001 0.7913578125 0.892703125 0.763646875 0.8015984375
10 0.7676765624999999 0.6474390624999999 0.76073125 0.6247203125 0.7553765625 0.6263578125 0.7623125 0.6490421875 0.7676765624999999 0.6474390624999999
10 0.7521078125 0.67040625 0.7402515625 0.6315640625000001 0.7143390625 0.6394546875 0.7262187499999999 0.6781921875 0.7521078125 0.67040625
1 0.7619359375 0.65219375 0.7542875 0.627234375 0.7416343750000001 0.631103125 0.76004375 0.6912921875 0.77896875 0.68535625 0.7681890625000001 0.6502640625 0.7619359375 0.65219375
2 0.7098015625 0.681903125 0.6889421875 0.6136375000000001 0.6491359375 0.6258328125 0.6700296875 0.6942359375 0.7098015625 0.681903125
2 0.6881453125 0.6107218750000001 0.6649609375 0.534890625 0.62504375 0.5470937499999999 0.6482234375 0.6228640624999999 0.6881453125 0.6107218750000001
6 0.6953406249999999 0.5771453125 0.7081046875 0.6189578124999999 0.7294984375 0.612375 0.72885625 0.6102125 0.7307 0.6096109375000001 0.72209375 0.5814625 0.7202703125000001 0.5820203125 0.716759375 0.5705875 0.6953406249999999 0.5771453125
10 0.7351062500000001 0.6305296874999999 0.730390625 0.6151046874999999 0.7089218749999999 0.6216828125 0.7136046875 0.637046875 0.7351062500000001 0.6305296874999999
7 0.7597375000000001 0.6943890625 0.7540015624999999 0.675653125 0.7280562500000001 0.6838171875 0.7623375 0.7959484375 0.808478125 0.7820218750000001 0.7798296875 0.6883843749999999 0.7597375000000001 0.6943890625
6 0.607996875 0.2178375 0.5994296875 0.189859375 0.5969546875 0.1906078125 0.59328125 0.1786890625 0.5735015625 0.184803125 0.576828125 0.19561875 0.5756734375 0.195971875 0.5901562499999999 0.2437578125 0.6112921874999999 0.237596875 0.60549375 0.218603125 0.607996875 0.2178375
10 0.6019640625 0.16871875 0.59513125 0.17101249999999998 0.5990031250000001 0.1837484375 0.61695 0.1782609375 0.6062109375 0.14306093749999998 0.5950968750000001 0.14625625 0.6019640625 0.16871875
2 0.537125 0.26001093750000004 0.5752312500000001 0.2483609375 0.53635625 0.12136875 0.5296531250000001 0.1234171875 0.525225 0.1089390625 0.4938515625 0.11851562499999999 0.537125 0.26001093750000004
1 0.45549062500000004 0 0.45893281249999995 0.011296875000000001 0.4708984375 0.0078 0.47008124999999995 0.005124999999999999 0.471496875 0.0047078125 0.4700578125 0 0.45549062500000004 0
10 0.573046875 0.1161375 0.5644312499999999 0.08795468749999999 0.545584375 0.09361562500000001 0.554328125 0.1220625 0.573046875 0.1161375
10 0.596028125 0.16218749999999998 0.5891921875 0.139828125 0.582325 0.1418203125 0.5891859375 0.1642078125 0.596028125 0.16218749999999998
13 0.5915171875 0.17620156250000002 0.57406875 0.11924531249999999 0.555384375 0.1249578125 0.572834375 0.18194375000000002 0.5915171875 0.17620156250000002
0 0.42527499999999996 0 0.084853125 0.1040765625 0.35876406250000004 1 0.574725 1 0.9151468749999999 0.8959234374999999 0.6412359375000001 0 0.42527499999999996 0
7 0.5170140625 0 0.5155421875 0.0004515625 0.54258125 0.088825 0.5837 0.0765984375 0.56028125 0 0.5170140625 0
8 0.4927953125 0.115075 0.5322484375000001 0.10282031250000001 0.5711453125 0.2303296875 0.5848687499999999 0.2262734375 0.54258125 0.088825 0.5213734375 0.0194390625 0.520109375 0.019825000000000002 0.5143046874999999 0.0006921875 0.4626265625 0.016393750000000002 0.4927953125 0.115075
10 0.625959375 0.2733875 0.6172890625 0.24490625000000002 0.603375 0.24915781250000002 0.6120875 0.2776578125 0.625959375 0.2733875
10 0.589 0.244771875 0.5843625 0.2296015625 0.5720640625 0.23321718749999998 0.5766921875000001 0.2484796875 0.589 0.244771875
1 0.5652671875 0.085446875 0.581496875 0.139103125 0.5958625 0.13463125 0.5881015625 0.1092453125 0.59321875 0.10768124999999999 0.584703125 0.07954375 0.5652671875 0.085446875
10 0.6021468750000001 0.1354484375 0.5944078125 0.110134375 0.590078125 0.1114578125 0.5978343749999999 0.136765625 0.6021468750000001 0.1354484375