12 0.3997533796875 0.9303091265625 0.41863859843749995 0.7765720140625 0.3807900703125 0.7721261390625 0.361945521875 0.9252817890625 0.3997533796875 0.9303091265625
10 0.407748865625 0.983407746875 0.411196853125 0.954815309375 0.40275863437500004 0.9537779171875 0.3992642296875 0.9822500265624999 0.407748865625 0.983407746875
6 0.5794660265625 0.0223013 0.5775436265625 0.022185507812499998 0.5794710359375 0.0060584171875 0.5564650390625 0.00346755 0.554494971875 0.0199400890625 0.5531556109375 0.01977579375 0.5486882 0.0561569921875 0.54997731875 0.05631522343749999 0.5498492374999999 0.0573484484375 0.5747246859375 0.060508795312499995 0.5794660265625 0.0223013
10 0.5511359671875 0.8938130937500001 0.55351325 0.8743166875 0.5459097953125001 0.8734549578124999 0.543513465625 0.8929879875 0.5511359671875 0.8938130937500001
10 0.5691238281250001 0.0950112171875 0.5397729390625 0.09128953125 0.5315291984375 0.156307465625 0.56113006875 0.159710859375 0.5691238281250001 0.0950112171875
13 0.40948907968750003 0.91011955625 0.40462474375 0.9499088703125 0.4135355859375 0.9509594640625 0.40989876406250003 0.9806810562500001 0.42328423125 0.9822695640625 0.4318925765625 0.9128283984375001 0.40948907968750003 0.91011955625
10 0.495591825 0.286775515625 0.48426838906249997 0.2853166828125 0.4808366015625 0.31302989531250003 0.49223224375 0.31436269375000003 0.495591825 0.286775515625
11 0.44956610937499997 0.800414996875 0.45450316874999996 0.7597085234375001 0.4254625015625 0.7560057109375 0.42047462500000005 0.796868740625 0.44956610937499997 0.800414996875
0 0.49127248593750006 0 0.2771114125 0.00747866875 0.1599116109375 0.961997225 0.4694178296875 1 0.5087275140624999 1 0.7228885875 0.9925213312500001 0.8400883890624999 0.038002775 0.5305821703125 0 0.49127248593750006 0
10 0.529386475 0.2935986921875 0.5222887765625 0.2926692703125 0.518858 0.32121733125 0.525870015625 0.322245115625 0.529386475 0.2935986921875
10 0.592445190625 0.1482703828125 0.5826160921875 0.146981378125 0.581152834375 0.1588943890625 0.59093065 0.1600132046875 0.592445190625 0.1482703828125
2 0.5840719062499999 0.14586895625000001 0.5931208796874999 0.1470695078125 0.5919507171875 0.1573916328125 0.6184299734375001 0.16072267499999998 0.6305815124999999 0.0613411765625 0.5950011203125001 0.056972440624999995 0.5840719062499999 0.14586895625000001
10 0.49804149531249997 0.37698247500000004 0.49184148125 0.4268761203125 0.5296813734375 0.4315224203125 0.53613395 0.378966775 0.5103138546875 0.375797203125 0.5204796015625 0.292393178125 0.5081423796875 0.2910494859375 0.497544059375 0.37675125625 0.49804149531249997 0.37698247500000004
2 0.46011492187499997 0.9122149546875 0.472158075 0.81322185 0.42089363124999996 0.80627078125 0.408721 0.9053168749999999 0.46011492187499997 0.9122149546875
13 0.5307202546875 0.3274055515625 0.5184690359374999 0.3253459203125 0.5126357578125 0.3719966671875 0.534931215625 0.374656125 0.544615734375 0.2952009875 0.531183196875 0.2934734109375 0.5273296671875001 0.32571972968749996 0.5307946390625 0.326222546875 0.5307202546875 0.3274055515625
1 0.5087275234375 1 0.5159694 0.9997471078125001 0.520407703125 0.9637859328125 0.5033357625 0.9632313968749999 0.49882097812500004 1 0.5087275234375 1
1 0.54224170625 0.9659909046875 0.5504711390625 0.8980560671875001 0.5409989859375 0.8968702937499999 0.544447465625 0.8692768843750001 0.5539744671875 0.8702871999999999 0.560694871875 0.8153723328125 0.5353896703125 0.8122176124999999 0.526555884375 0.88415723125 0.53462350625 0.8851481546875 0.5249666546875 0.963962871875 0.54224170625 0.9659909046875
10 0.5728834234375 0.0635671046875 0.549425696875 0.060845046874999996 0.5459760171875 0.0888965890625 0.5694839515625 0.09166848749999999 0.5728834234375 0.0635671046875
2 0.5947528203125 0.3191173609375 0.544403271875 0.31333820156250003 0.52967235 0.43108496875 0.5801294875 0.437482625 0.5947528203125 0.3191173609375
1 0.535760384375 0.08768674843749999 0.5089543875 0.0844906296875 0.484911409375 0.281076034375 0.49659899375 0.282486190625 0.5131562640625 0.1477778515625 0.528276665625 0.1497998265625 0.535760384375 0.08768674843749999
5 0.49127248437500004 0 0.47181929218749996 0.0006793203125 0.4716662171875 0.0019369906249999999 0.47649954531249994 0.0025389890625 0.47538466562500004 0.0122056609375 0.47273245781249995 0.0120543796875 0.4635958984375 0.08611366875000001 0.49812711875 0.0902110421875 0.5073432515625 0.0158784984375 0.49686395 0.014595001562500001 0.4991628296875 0.005434190625 0.5254002 0.00900194375 0.5270546734375 0.014697671875000002 0.5222495921875 0.0546615875 0.543876365625 0.057424131249999996 0.55070331875 0.0024711484375 0.5305807703125 0 0.49127248437500004 0
1 0.4668458390625 0.42837749531249997 0.4869913078125 0.4308509359375 0.5042636875000001 0.28805646406249996 0.49737280312500004 0.28709480468750004 0.493499528125 0.318641384375 0.4804654640625 0.3170421671875 0.4668458390625 0.42837749531249997
1 0.5976124625 0.331118621875 0.5917970609375 0.3794901046875 0.610454225 0.3819217109375 0.6555194546875 0.015341270312499999 0.6406262109374999 0.013511485937500001 0.621382709375 0.17024105 0.619465534375 0.1700062515625 0.6014897 0.31638527031249997 0.6111847984375001 0.3177321109375 0.6107164187499999 0.321511696875 0.600066040625 0.320343615625 0.598788496875 0.33126204062500003 0.5976124625 0.331118621875
11 0.6100421109374999 0.3855664390625 0.59100363125 0.38345302187499997 0.583748825 0.44262975937500004 0.6026230499999999 0.4451882421875 0.6100421109374999 0.3855664390625
10 0.36074203437499996 0.9350078406250001 0.3545203234375 0.985891909375 0.37257904375 0.9881098953125 0.37400815625 0.9857851671875 0.3799328078125 0.937273846875 0.36074203437499996 0.9350078406250001
2 0.6009759296875 0.0086438578125 0.5954708984375 0.053680603125000004 0.6309431609375 0.058042170312499995 0.6364573984375 0.013000414062499998 0.6009759296875 0.0086438578125
8 0.58237255 0.14466346562500002 0.5828923125000001 0.144728178125 0.59938401875 0.00859000625 0.581408084375 0.0065489265625 0.56219119375 0.1630555515625 0.5630814984375 0.163165171875 0.5468163374999999 0.2956275734375 0.5463735265625 0.29557268125 0.545212028125 0.3050236609375 0.595419878125 0.31135654062499996 0.5955207484375 0.31052907812499997 0.5980424453125 0.3108381359375 0.6160255718750001 0.1637725078125 0.5914694484374999 0.16075735468750002 0.591408603125 0.16125353125 0.580575934375 0.159924525 0.58237255 0.14466346562500002
10 0.5412697375 0.078501378125 0.543644503125 0.0591567171875 0.5213756468749999 0.05600540625 0.5263284796875001 0.015661103125 0.5248201421875 0.010568453125 0.51257896875 0.0090650609375 0.50471138125 0.0741542859375 0.5412697375 0.078501378125
2 0.4946785125 1 0.4992406296875 0.9626364515624999 0.474846271875 0.9596422296875 0.46985372812500004 1 0.4946785125 1
7 0.5630629984375 0.1632174125 0.5161681546875 0.15872159218749998 0.5005402609375 0.28315217187499997 0.5477738578125 0.2882599796875 0.5630629984375 0.1632174125
1 0.53269918125 0.8040753 0.5368915421875 0.7696674031249999 0.45636602656249997 0.759731025 0.4514500359375 0.8001006203125 0.4730268296875 0.8030884828125 0.476738921875 0.7731047296875 0.47859496406249996 0.773424525 0.47573609531249994 0.7970386828125 0.53269918125 0.8040753
7 0.46796460937499995 0.999820934375 0.47377861875000005 0.952081134375 0.5212843703125001 0.957460859375 0.5294959140625 0.893804253125 0.5196366343750001 0.892456890625 0.529378171875 0.8131123312499999 0.47639450937500005 0.8064464359375 0.45255171250000004 0.997929559375 0.46796460937499995 0.999820934375
3 0.4511143421875 0.9851985296875 0.46011492187499997 0.9122149546875 0.4343065859375 0.90884485 0.4253483359375 0.98196609375 0.4511143421875 0.9851985296875