10 0.7928328125 0.8390046874999999 0.8076640625 0.8319703125 0.8185671875 0.856459375 0.8207437499999999 0.8554921875 0.8043875 0.8187562500000001 0.7876218749999999 0.8266500000000001 0.7928328125 0.8390046874999999
10 0.75295 0.898234375 0.7664328125 0.9286953125 0.778921875 0.9231343750000001 0.7652390625 0.8925812499999999 0.75295 0.898234375
10 0.7179671875 0.6294593749999999 0.7009531250000001 0.636946875 0.705303125 0.64658125 0.7224406250000001 0.6391046874999999 0.7179671875 0.6294593749999999
1 0.8037484375 0.8112999999999999 0.8239390625 0.8026203125 0.7701359375 0.6820921875 0.773384375 0.6809546875 0.75595 0.642728125 0.73331875 0.653428125 0.8037484375 0.8112999999999999
10 0.7310765625 0.6577234375 0.71349375 0.6653718750000001 0.7370687499999999 0.7179921874999999 0.7545296875 0.7104 0.7310765625 0.6577234375
5 0.7390171875 0.474184375 0.7108171875 0.4864265625 0.6899203125 0.43979999999999997 0.6712343749999999 0.44811875 0.6968687499999999 0.5050656250000001 0.6741234375 0.5148828125 0.6928265625 0.557203125 0.7243906250000001 0.54315 0.7283953125 0.5289265624999999 0.757475 0.5157984375 0.7390171875 0.474184375
10 0.7299515624999999 0.5332874999999999 0.72590625 0.5478921875 0.7460796875 0.5931609375 0.7550890625 0.5894515625000001 0.7299515624999999 0.5332874999999999
10 0.648190625 0.522409375 0.6357375000000001 0.5283296875 0.6417703125 0.541878125 0.6543625 0.5363984375 0.648190625 0.522409375
6 0.673025 0.5775859375 0.6921640625000001 0.5693640624999999 0.686540625 0.556884375 0.6897296875000001 0.5554640625 0.678315625 0.529528125 0.6561546875000001 0.53969375 0.673025 0.5775859375
2 0.6339718750000001 0.528621875 0.611071875 0.5387203125 0.6474593750000001 0.6201546875 0.6700203124999999 0.6097453125000001 0.6339718750000001 0.528621875
1 0.606290625 0.5362265625 0.5942984375 0.5415656249999999 0.7516078125 0.8956671875 0.7639843749999999 0.88989375 0.606290625 0.5362265625
8 0.712046875 0.6998031250000001 0.6873890625 0.7099203125 0.73565625 0.8183296875 0.7726468750000001 0.8014281249999999 0.6559078125 0.5396609375 0.6433375 0.5452578124999999 0.712046875 0.6998031250000001
10 0.352040625 0.3423484375 0.343746875 0.34570625 0.36429374999999997 0.3919640625 0.37240937500000004 0.388225 0.352040625 0.3423484375
2 0.23645156250000002 0.17239374999999998 0.20763906250000003 0.185221875 0.23249218749999997 0.24122499999999997 0.2612390625 0.2280671875 0.23645156250000002 0.17239374999999998
12 0.327825 0.2110265625 0.280846875 0.2317546875 0.308315625 0.2934453125 0.35528125 0.27247499999999997 0.327825 0.2110265625
7 0.249671875 0.16375937499999998 0.21256875000000003 0.0806546875 0.168028125 0.100484375 0.2049484375 0.1827328125 0.249671875 0.16375937499999998
10 0.27773593750000003 0.23311874999999999 0.270284375 0.23665468750000002 0.286753125 0.273715625 0.2943078125 0.270203125 0.27773593750000003 0.23311874999999999
8 0.11519375000000001 0.124009375 0.1541171875 0.2112625 0.1938484375 0.1927078125 0.26208125 0.345528125 0.274975 0.3400015625 0.1677640625 0.10060312499999999 0.11519375000000001 0.124009375
10 0.3433421875 0.3512671875 0.33718593750000003 0.35388125000000004 0.348365625 0.3794953125 0.3546625 0.3766921875 0.3433421875 0.3512671875
10 0.26313125 0.2308859375 0.259584375 0.232590625 0.277215625 0.2721921875 0.2809015625 0.2705515625 0.26313125 0.2308859375
6 0.275734375 0.33923125 0.291309375 0.3330125 0.283365625 0.31461875 0.2859859375 0.31362812500000004 0.2743578125 0.28769999999999996 0.27180468750000003 0.2888359375 0.267059375 0.2781734375 0.25148125 0.2847578125 0.275734375 0.33923125
10 0.732890625 0.6523359375 0.7437671875 0.647240625 0.742371875 0.6442640625 0.743678125 0.6437593749999999 0.7348343749999999 0.6240109375 0.7228046875 0.6290734375 0.732890625 0.6523359375
10 0.596878125 0.9489796875 0.5845281250000001 0.9305953125 0.5763171875 0.93415 0.5851546875 0.95410625 0.596878125 0.9489796875
12 0.627828125 0.9273609374999999 0.65120625 0.979996875 0.6981109375 0.9591140625 0.674984375 0.9071703125000001 0.627828125 0.9273609374999999
2 0.5206953125 0.9614171875 0.4860109375 0.8831484375 0.44999062500000003 0.8977234375 0.4857625 0.9773359375 0.5206953125 0.9614171875
6 0.5266124999999999 0.8924796875000001 0.511090625 0.9001234374999999 0.5276703125 0.9375703124999999 0.5467390625 0.92908125 0.5352703125 0.903421875 0.5322671875 0.9049703125 0.5266124999999999 0.8924796875000001
10 0.6211656249999999 0.9227640625 0.6106906249999999 0.9273890625 0.6163328124999999 0.94009375 0.6267703124999999 0.935434375 0.6211656249999999 0.9227640625
10 0.3284109375 0.6024203124999999 0.315959375 0.6081171875 0.3316296875 0.6434640625 0.344134375 0.6380453125 0.3284109375 0.6024203124999999
13 0.419778125 0.6910093749999999 0.432740625 0.6852390625 0.42210468749999996 0.6612578124999999 0.42503124999999997 0.6595109375 0.4101734375 0.6263124999999999 0.3944140625 0.6338546875 0.419778125 0.6910093749999999
2 0.41026562499999997 0.6737265625 0.37184531249999997 0.587803125 0.3330265625 0.605271875 0.371715625 0.6916203125 0.41026562499999997 0.6737265625
10 0.570515625 0.8207703125 0.560053125 0.825428125 0.5811875 0.8729984375000001 0.5916484375 0.8683406250000001 0.570515625 0.8207703125
7 0.464090625 0.794990625 0.5042765625000001 0.7765515625 0.4622625 0.6818140625 0.46466250000000003 0.6808765625000001 0.45093750000000005 0.6503203125 0.43012656250000003 0.6605000000000001 0.4422765625 0.6877890625 0.42078437500000004 0.6979062500000001 0.464090625 0.794990625
4 0.598340625 0.8733609375 0.624334375 0.8620984375 0.599978125 0.80738125 0.5744421875 0.8190625 0.598340625 0.8733609375
2 0.48412187500000003 0.8792375 0.44909687500000006 0.8005671875000001 0.41373125 0.8156609375 0.44908125 0.8950578124999999 0.48412187500000003 0.8792375
2 0.4946890625 0.7849953125 0.46676875000000007 0.7974218750000001 0.49261875 0.855484375 0.520534375 0.8427484375000001 0.4946890625 0.7849953125
10 0.5258078125 0.847521875 0.5209625 0.8495453124999999 0.53628125 0.8845890624999999 0.5414421875000001 0.8826734374999999 0.5258078125 0.847521875
1 0.345040625 0.6406890625 0.3328171875 0.64613125 0.3553859375 0.6971265625 0.36761093749999996 0.6912281250000001 0.345040625 0.6406890625
10 0.5270609375 0.8398421875000001 0.5485109375 0.88801875 0.564946875 0.8802265625000001 0.5532390625 0.85403125 0.5672703125 0.8479812499999999 0.5576625 0.8264968749999999 0.5270609375 0.8398421875000001
10 0.41885781250000004 0.5709984375 0.4091484375 0.5753250000000001 0.42644374999999995 0.614303125 0.43615624999999997 0.609978125 0.41885781250000004 0.5709984375
10 0.4115125 0.6245625 0.42713124999999996 0.6594781249999999 0.42795937500000003 0.6592421875000001 0.4159390625 0.6324296875 0.42725468749999995 0.6272078125 0.4237390625 0.6193109375 0.4115125 0.6245625
10 0.56968125 0.8533578125 0.5580171875 0.8583359375 0.566390625 0.8770828125 0.577959375 0.8719109375 0.56968125 0.8533578125
10 0.5286906250000001 0.9411671875 0.51610625 0.9465484375000001 0.522353125 0.9607265625 0.534965625 0.9551125 0.5286906250000001 0.9411671875
8 0.41136718749999995 0.8103515625 0.4481296875 0.7933296875 0.5147578125 0.9431984375000001 0.5273656250000001 0.9375843749999999 0.41316875 0.680653125 0.3631484375 0.7020500000000001 0.41136718749999995 0.8103515625
13 0.518415625 0.8487625 0.49470625 0.8590125000000001 0.510715625 0.89511875 0.5341390625 0.8842296875000001 0.518415625 0.8487625
10 0.4296953125 0.6301078125 0.4189953125 0.6349781250000001 0.4290109375 0.657053125 0.43943750000000004 0.651990625 0.4296953125 0.6301078125
10 0.50934375 0.7829046875000001 0.49958437499999997 0.78725 0.503496875 0.7960390625 0.513440625 0.7919890625 0.50934375 0.7829046875000001
10 0.43450937500000003 0.6849578125 0.437634375 0.68360625 0.4387671875 0.6859359375 0.43954843749999994 0.6855484374999999 0.4291484375 0.66215 0.4251625 0.663965625 0.43450937500000003 0.6849578125
10 0.545 0.9337875 0.5300703125 0.940434375 0.536440625 0.9546250000000001 0.55120625 0.947728125 0.545 0.9337875
11 0.43710625 0.6137953125 0.427296875 0.6181625000000001 0.440025 0.6464921875 0.4497375 0.6422953125 0.43710625 0.6137953125
5 0.597503125 0.94888125 0.6158625 0.9402828124999999 0.609775 0.9265015625 0.6242671875 0.9198390625 0.6259406249999999 0.9235234374999999 0.637559375 0.9183515625 0.63595 0.9146296875000001 0.6456999999999999 0.9098609375000001 0.6269140625 0.867675 0.5973421875 0.880840625 0.59325625 0.8718765625 0.5352203125 0.898096875 0.554696875 0.942059375 0.5844046875 0.9289156249999999 0.597503125 0.94888125
3 0.40459531249999997 0.5734078125 0.3732984375 0.5877296875 0.391934375 0.6294296875 0.4232609375 0.61533125 0.40459531249999997 0.5734078125
4 0.3831890625 0.335075 0.35755625 0.3461859375 0.38406093750000003 0.405415625 0.40930156249999994 0.39387656249999997 0.3831890625 0.335075
10 0.34604375 0.3806796875 0.3396078125 0.3835453125 0.3550328125 0.4183390625 0.380665625 0.4063265625 0.373928125 0.39134531250000004 0.36443125 0.39565937500000004 0.35801875 0.381453125 0.348259375 0.3854640625 0.34604375 0.3806796875
2 0.2267953125 0.27082656250000003 0.19504531249999998 0.19951406249999998 0.15636250000000002 0.21587031250000002 0.1885953125 0.288265625 0.2267953125 0.27082656250000003
2 0.22194843749999998 0.363525 0.2603890625 0.34619374999999997 0.22831875 0.273728125 0.1899578125 0.291890625 0.22194843749999998 0.363525
13 0.25836562500000004 0.2340578125 0.23430468750000003 0.243721875 0.25050625000000004 0.280415625 0.274178125 0.269721875 0.25836562500000004 0.2340578125
2 0.45163593750000003 0.08498125 0.42692500000000005 0.0958078125 0.45899531250000003 0.167659375 0.48384218749999997 0.15695625 0.45163593750000003 0.08498125
1 0.4968640625 0.06166875000000001 0.48473750000000004 0.0670671875 0.5058515625 0.1144875 0.5178609375 0.10914062499999999 0.4968640625 0.06166875000000001
10 0.5199984375 0.1163734375 0.5163046875 0.11801718750000001 0.5341546875 0.1580234375 0.537815625 0.156221875 0.5199984375 0.1163734375
5 0.618996875 0.22214687500000002 0.6298250000000001 0.21678906250000002 0.6364390625 0.2133765625 0.6152109375 0.164640625 0.5652453125 0.187784375 0.552415625 0.1589703125 0.5313296875 0.1689015625 0.5523734375 0.2163515625 0.55573125 0.215578125 0.57985 0.269571875 0.600265625 0.2606625 0.5889328125 0.235175 0.589334375 0.23477968749999997 0.618996875 0.22214687500000002
10 0.5111546875 0.054843750000000004 0.4981328125 0.060465625 0.5023859374999999 0.07001874999999999 0.5153078125 0.064265625 0.5111546875 0.054843750000000004
10 0.6212359375000001 0.28131093749999997 0.6150546875 0.2674296875 0.6050953125 0.271265625 0.6027515625000001 0.2663125 0.5962640625 0.2690515625 0.6116859375 0.30369375 0.6373734375 0.2921078125 0.630525 0.276725 0.6212359375000001 0.28131093749999997
12 0.584665625 0.0964234375 0.5377109375 0.11732968749999999 0.565771875 0.17990781250000001 0.6120593750000001 0.15810156250000001 0.584665625 0.0964234375
2 0.492803125 0.24321406250000002 0.5171484375000001 0.2317484375 0.48536718749999996 0.160365625 0.46064531249999996 0.1714921875 0.492803125 0.24321406250000002
10 0.5346234375 0.118853125 0.527146875 0.12218124999999999 0.5436609375 0.15934375 0.55124375 0.1560390625 0.5346234375 0.118853125
1 0.47206562500000004 0 0.49751874999999995 0.0572296875 0.509596875 0.0516 0.48669531250000003 0 0.47206562500000004 0
8 0.393721875 0 0.3858328125 0.0035125000000000004 0.42451875 0.0904046875 0.45097812499999995 0.0784453125 0.5189296875 0.2312421875 0.5308890625 0.2253828125 0.5249953125 0.21190000000000003 0.524390625 0.2122953125 0.5230453125000001 0.209396875 0.524490625 0.20850156250000002 0.43111249999999995 0 0.393721875 0
7 0.43110625 0 0.460553125 0.065571875 0.48995937500000003 0.0522828125 0.47288125000000003 0.013712499999999999 0.4740109375 0.012778125000000001 0.46829687499999995 0 0.43110625 0
0 0.393721875 0 0.039696875 0.157621875 0.4147484375 1 0.606278125 1 0.960303125 0.842378125 0.5852515625 0 0.393721875 0
1 0.4896265625 0.2443609375 0.3827453125 0.0048875 0.37060624999999997 0.0102921875 0.477125 0.249928125 0.4896265625 0.2443609375
6 0.5324718749999999 0.22500312500000003 0.548365625 0.2183734375 0.5405765625 0.200571875 0.5428671875 0.199096875 0.5313421875000001 0.17336093749999998 0.5287109375 0.174378125 0.5238109375 0.163075 0.507915625 0.170753125 0.5324718749999999 0.22500312500000003
10 0.47959218750000004 0.0642078125 0.464478125 0.07073281249999999 0.48910625 0.126259375 0.504340625 0.1195796875 0.47959218750000004 0.0642078125
10 0.6001828125 0.2368875 0.5937484375000001 0.2394546875 0.6052640625000001 0.2650015625 0.6115406250000001 0.2623984375 0.6001828125 0.2368875
13 0.5151390625000001 0.1187828125 0.490790625 0.1293328125 0.5074046875 0.16704531250000001 0.5317828125 0.1558859375 0.5151390625000001 0.1187828125
10 0.6088640625 0.22778281250000001 0.6005859375 0.2313625 0.6211953125 0.2777546875 0.6294734375 0.2740703125 0.6088640625 0.22778281250000001
4 0.6400171875 0.220803125 0.614584375 0.2316078125 0.6406562499999999 0.2909484375 0.6661875 0.279321875 0.6400171875 0.220803125
5 0.274321875 0.283446875 0.2954234375 0.33069375 0.29872343749999997 0.329671875 0.3228328125 0.3836734375 0.34342656250000003 0.37480156249999996 0.3320125 0.349315625 0.3798625 0.32771249999999996 0.3583703125 0.27914062500000003 0.3084515625 0.30181874999999997 0.2957546875 0.2736046875 0.274321875 0.283446875
10 0.67351875 0.5279 0.6674375 0.5140640624999999 0.649775 0.521928125 0.6558546875 0.5355828125000001 0.67351875 0.5279
10 0.720884375 0.5804046875 0.709246875 0.55396875 0.69430625 0.5604703125 0.71485 0.6070656249999999 0.7436640625 0.5941609375 0.7347609375 0.5742234374999999 0.720884375 0.5804046875
7 0.774046875 0.8013843749999999 0.7759828125 0.800309375 0.7851234375 0.8206234374999999 0.8005968749999999 0.8137343749999999 0.756178125 0.7144015625 0.7374828124999999 0.722078125 0.7449375 0.7390375 0.7461453125 0.7389234375 0.774046875 0.8013843749999999
13 0.8207390625000001 0.9001390625000001 0.836403125 0.8923343750000001 0.8216828125 0.8589953124999999 0.8185781249999999 0.8603953125 0.8078015625000001 0.8361109375 0.7947625 0.84203125 0.8207390625000001 0.9001390625000001
2 0.67144375 0.613271875 0.6485453125 0.62336875 0.6849328125 0.7048015624999999 0.7074359375 0.6939656249999999 0.67144375 0.613271875
10 0.7233421875 0.6416359375 0.7065078125 0.6491703125 0.7122531249999999 0.6620515625000001 0.7289328125 0.65455 0.7233421875 0.6416359375
10 0.7278703125 0.611353125 0.7167875 0.616428125 0.7210765625 0.626215625 0.7321015625 0.6211578125 0.7278703125 0.611353125
10 0.67985625 0.41650625 0.6609421875 0.42462343750000003 0.670071875 0.44528125 0.6892125 0.43751093750000003 0.67985625 0.41650625
12 0.7581734375 0.4549703125 0.7307859375 0.3936765625 0.6835921875000001 0.4145625 0.7115328125 0.4773171875 0.7581734375 0.4549703125
4 0.7603765625000001 0.5220640624999999 0.7343453125 0.5332171875 0.7585609375 0.5876046875000001 0.78435 0.576121875 0.7603765625000001 0.5220640624999999
11 0.7401 0.6060015625 0.7313703125 0.609709375 0.7459359375 0.6424218749999999 0.7546 0.638746875 0.7401 0.6060015625
10 0.7241515625 0.550334375 0.7125734375 0.5552921875 0.7208859375000001 0.5739578125 0.732465625 0.5689109375 0.7241515625 0.550334375
13 0.6927828125 0.5738796875000001 0.67653125 0.5807546875 0.7000484375 0.6333968750000001 0.7163 0.6267031249999999 0.6927828125 0.5738796875000001
2 0.7381 0.8238203125 0.7818234375 0.9218421875 0.8206390625 0.9045609375 0.7768453125 0.8063874999999999 0.7381 0.8238203125