1 0.2176674859375 0.40013409375000003 0.169915234375 0.42249443124999997 0.1724331 0.427945771875 0.13845963125 0.443955090625 0.14770664218750001 0.4638778 0.311408853125 0.387580134375 0.305803465625 0.375677653125 0.30532471875 0.3759302046875 0.3015017984375 0.36779108125 0.22031415625 0.40573225468749996 0.2176674859375 0.40013409375000003
13 0.2019199875 0.3230361046875 0.2322872640625 0.308813546875 0.217552559375 0.2773627578125 0.1872313625 0.2915362453125 0.2019199875 0.3230361046875
2 0.22211494687500002 0.396006890625 0.2584204328125 0.37899805937500003 0.2397505078125 0.338989853125 0.203532375 0.35587175000000004 0.22211494687500002 0.396006890625
10 0.1872912890625 0.2570036046875 0.1827660484375 0.247040390625 0.1680229703125 0.2539152015625 0.1725929765625 0.263800646875 0.1872912890625 0.2570036046875
10 0.25810864843750003 0.2996088640625 0.2660009 0.2958924421875 0.24957513750000002 0.260556365625 0.24160427499999998 0.26420772812500004 0.25810864843750003 0.2996088640625
13 0.1057726671875 0.31619259843749997 0.09155213125 0.3228237421875 0.11246116875 0.36766332031250004 0.1333141953125 0.3578825015625 0.12131051562499999 0.332140528125 0.11467464375 0.3352348859375 0.1057726671875 0.31619259843749997
1 0.062198928125 0.32712748125 0.0877185734375 0.3152274765625 0.07850566249999999 0.2955405734375 0.0530683921875 0.3075469859375 0.062198928125 0.32712748125
10 0.2622731 0.27600798437499996 0.2775146171875 0.2690041890625 0.26658464375 0.24559066875000002 0.25139410624999997 0.252570690625 0.2622731 0.27600798437499996
0 0.38915266718749997 0 0 0.18146486875 0 0.6108473328125 0.18146486875 1 0.6108473328125 1 1 0.81853513125 1 0.38915266718749997 0.81853513125 0 0.38915266718749997 0
10 0.185703728125 0.24562053125 0.19428027187500002 0.26421633437500003 0.2063920046875 0.258678878125 0.2118747515625 0.2703368421875 0.21856926406250002 0.267168590625 0.2044060625 0.2368546640625 0.185703728125 0.24562053125
10 0.1150990046875 0.3324699265625 0.1216474765625 0.32935081093749996 0.11370958125 0.31242776562499996 0.1071860734375 0.315400765625 0.1150990046875 0.3324699265625
1 0.16404375468750002 0.2796399078125 0.16950346875 0.29129654375 0.194678675 0.2796967984375 0.185633140625 0.2602801 0.17208525624999998 0.2665975828125 0.1664951328125 0.2544690328125 0.102564221875 0.284463253125 0.11162800937499999 0.3040817703125 0.16404375468750002 0.2796399078125
10 0.081825375 0.2966148125 0.090035909375 0.314074475 0.10865173749999998 0.3054558375 0.0994466625 0.28576355625 0.0816471921875 0.29425840000000003 0.08261839374999999 0.296245021875 0.081825375 0.2966148125
6 0.2381457390625 0.26207415625 0.2232794578125 0.2690064171875 0.2247592109375 0.27210581093749997 0.21844138124999998 0.2750984109375 0.23395899843749998 0.3084425984375 0.23970264375 0.3057160203125 0.2406619515625 0.307703015625 0.256718165625 0.30012450625 0.24020799375 0.2648588234375 0.239625490625 0.26517355 0.2381457390625 0.26207415625
10 0.18536456875 0.331104278125 0.20049842812500002 0.32394725 0.185876396875 0.29228703437500003 0.1705115171875 0.2992518078125 0.18536456875 0.331104278125
7 0.15088545312499999 0.29485273125 0.115181659375 0.3114585828125 0.1363655375 0.356421709375 0.18337364218750002 0.3345100890625 0.16056299062499998 0.285662734375 0.14910226875000002 0.29096213125000003 0.15088545312499999 0.29485273125
10 0.26901524062500004 0.32259883125 0.27710453749999997 0.318731909375 0.26742719375 0.2981340609375 0.25940920312500004 0.30187291250000003 0.26901524062500004 0.32259883125
3 0.0891627734375 0.3790361296875 0.1111266640625 0.3688166109375 0.089792796875 0.32320278281250003 0.08617039843749999 0.32489193437499997 0.08438595 0.32112432968750004 0.07268928125 0.3266165046875 0.0744294859375 0.33028923125 0.0678898859375 0.33341627812499997 0.0891627734375 0.3790361296875
10 0.198360465625 0.28371406875 0.2103554625 0.27807416093750004 0.20502147499999998 0.26675369843749996 0.193112384375 0.2723707890625 0.198360465625 0.28371406875
13 0.44555788749999997 0.15790848125 0.4313032859375 0.1645072390625 0.4523369609375 0.2095438546875 0.4732628375 0.1998342296875 0.461114665625 0.1740079203125 0.45452069687499996 0.1771292875 0.44555788749999997 0.15790848125
10 0.42041808593749996 0.13971085781249998 0.428258975 0.1565257 0.44714521406249996 0.1476809734375 0.437994978125 0.1280027734375 0.42123924687500003 0.1357781703125 0.42263013125000004 0.1387017765625 0.42041808593749996 0.13971085781249998
10 0.5252329921875 0.172998590625 0.540380925 0.1658125875 0.5255440234375001 0.1339318984375 0.5104119390624999 0.14115188750000002 0.5252329921875 0.172998590625
10 0.5381487890625001 0.12546988125 0.5502272109375 0.1198979625 0.544859959375 0.10838785312500002 0.5328740390625 0.11397697968750001 0.5381487890625001 0.12546988125
2 0.573100659375 0.261827340625 0.6096064546875 0.244804409375 0.5796338578125 0.180849621875 0.5432777390625 0.1976648375 0.573100659375 0.261827340625
7 0.4763628953125 0.1986627703125 0.523236665625 0.176474159375 0.491382859375 0.10717630156249999 0.444140940625 0.12940728125 0.4763628953125 0.1986627703125
10 0.454985328125 0.17416969843750002 0.46147730625000005 0.17119933125 0.45351440624999995 0.1542448453125 0.446979975 0.157131565625 0.454985328125 0.17416969843750002
11 0.4696529703125 0.3139707125 0.4859967421875 0.30628052656250004 0.4758167984375 0.2845567859375 0.4594804015625 0.29220732968749996 0.4696529703125 0.3139707125
6 0.5800539437500001 0.10678258125 0.579446434375 0.1070658671875 0.5773960765624999 0.10266885781249999 0.5625382921875001 0.10959715625 0.5645655390625001 0.1139446015625 0.55821996875 0.116903590625 0.57379630625 0.15022211875 0.5795032140624999 0.1475609453125 0.580380403125 0.1495345125 0.5965333734375 0.141945365625 0.5800539437500001 0.10678258125
1 0.5162580203125 0.29235565625 0.5069524953125 0.272399890625 0.5056808312500001 0.2729928765625 0.5044836640625 0.270322021875 0.48018941249999997 0.281685096875 0.481434265625 0.2842992359375 0.47822158281249993 0.28583181562500004 0.48743670781250004 0.3056935375 0.5162580203125 0.29235565625
10 0.598020525 0.14139671250000002 0.6058275171874999 0.137756253125 0.589421175 0.1025024953125 0.5815967359374999 0.10609074999999998 0.598020525 0.14139671250000002
2 0.6111459375 0.24413136093749999 0.6474653125 0.22707467499999998 0.617630253125 0.1631005796875 0.5813072406249999 0.18000897031250002 0.6111459375 0.24413136093749999
3 0.42885034375000003 0.220590665625 0.4509105875 0.21045207187499998 0.418310959375 0.14120374062500002 0.396598628125 0.1514266359375 0.42885034375000003 0.220590665625
2 0.4592299125 0.2856917984375 0.503705059375 0.26502165781250003 0.47406788593750004 0.201889709375 0.42987589843749996 0.22263469374999997 0.4592299125 0.2856917984375
1 0.492941978125 0.10650099375 0.5081946796875 0.1393584078125 0.53684625 0.12609278125 0.525563809375 0.10204539531250001 0.5120195921875 0.108407715625 0.5079457796875 0.0996011515625 0.492941978125 0.10650099375
13 0.57209283125 0.150680278125 0.5573711 0.11908724062500001 0.52694929375 0.13320765 0.5417949046875 0.1649998 0.57209283125 0.150680278125
10 0.5124308265625 0.10566266875000001 0.5259000046875 0.09928361718749999 0.5225415109375 0.092081303125 0.50909148125 0.0985014203125 0.5124308265625 0.10566266875000001
10 0.5255350046875 0.0873649359375 0.5342598125 0.10606055625 0.54627715 0.1005240171875 0.55166185 0.11208633125 0.558444996875 0.10892329687499999 0.5443525953125 0.0786022171875 0.5255350046875 0.0873649359375
8 0.48649277812499997 0.1939218875 0.4874516015625 0.195952209375 0.477293309375 0.2006839265625 0.5177878484375 0.2876097828125 0.5703113281250001 0.2630625140625 0.5391615265625 0.1966016890625 0.6072188046875 0.1649195046875 0.5965333734375 0.141945365625 0.48649277812499997 0.1939218875
10 0.617451484375 0.1108752078125 0.6064845390625 0.08735652031249999 0.5913152125 0.09443009375 0.6022002359374999 0.11790250312499999 0.617451484375 0.1108752078125
10 0.6087379703125 0.1643248921875 0.6165251375 0.1606936765625 0.6068755734375 0.1400001203125 0.599175465625 0.14354074375 0.6087379703125 0.1643248921875
2 0.26015731249999996 0.378263996875 0.2964739203125 0.36130859531250004 0.2777924984375 0.321235065625 0.24145814843750002 0.33817460312500003 0.26015731249999996 0.378263996875
2 0.11940725156250001 0.44386234687500004 0.1638644796875 0.42313160156249996 0.1343566265625 0.359999690625 0.089956040625 0.3807040234375 0.11940725156250001 0.44386234687500004
8 0.1363655375 0.356421709375 0.1641942890625 0.4161006609375 0.216445765625 0.39173539687500003 0.199279540625 0.3549223078125 0.2674801890625 0.323288778125 0.256718165625 0.30012450625 0.1363655375 0.356421709375
11 0.1298749171875 0.4722738984375 0.1460951140625 0.46462926875 0.13588161875 0.4427263578125 0.1196361546875 0.450272434375 0.1298749171875 0.4722738984375
1 0.7622410203125 0.5220592484375 0.785266684375 0.5716080156250001 0.7715049671875 0.578025209375 0.7833489359375 0.6037537328125 0.8062110109375 0.5931274515625 0.7614086171875 0.49721108281250004 0.6831282859375001 0.5336413906249999 0.692808884375 0.554401503125 0.7622410203125 0.5220592484375
10 0.6025079390625 0.59275286875 0.6145689296875 0.5870770171874999 0.59901305 0.553521375 0.5869290281249999 0.5591959 0.6025079390625 0.59275286875
2 0.76035869375 0.5320312390625 0.7319959703125 0.545291475 0.7506206828125 0.5852914546875 0.7652773796875 0.578456925 0.7629193015625 0.5734000109374999 0.77666119375 0.5669920625 0.76035869375 0.5320312390625
1 0.60039065625 0.59891570625 0.5857452890625 0.605744953125 0.6287262265625 0.697917871875 0.6423604953125001 0.6915601078125 0.6408227734375 0.6881774203125001 0.6418013031250001 0.687721125 0.60039065625 0.59891570625
10 0.78100468125 0.629609090625 0.8157215296875 0.61351173125 0.8080563625 0.5971476734375 0.7733745125 0.6133200859375 0.78100468125 0.629609090625
7 0.657939546875 0.5533607218750001 0.6459179515625 0.5589251078124999 0.6756750796875 0.62309070625 0.7109412734375 0.6067664921875 0.6826319734374999 0.5464082328125001 0.6597317125 0.557204034375 0.657939546875 0.5533607218750001
10 0.381868803125 0.9207569921875001 0.3929936515625 0.9155211171875001 0.38699973593750003 0.902667125 0.37592235937499996 0.907930859375 0.381868803125 0.9207569921875001
2 0.42139165937499995 0.8293318359375 0.4576142328125 0.8124409734375 0.43802719687499997 0.7704364390625 0.40179845937499997 0.7874249984375 0.42139165937499995 0.8293318359375
13 0.456667290625 0.7589083953125 0.47887354843749996 0.74849138125 0.45884235625 0.7053199109375 0.436436728125 0.7157678265625 0.456667290625 0.7589083953125
10 0.368346325 0.7602267140625 0.3801655 0.7544722546875 0.376747575 0.747142490625 0.3647967859375 0.7526738578125001 0.368346325 0.7602267140625
2 0.3050785234375 0.7966526703125 0.34964678125000004 0.7758494625 0.31783794374999996 0.707387478125 0.273157425 0.7282826874999999 0.3050785234375 0.7966526703125
10 0.3855048828125 0.7615783984375 0.40234679843750004 0.7537955703125 0.3886661046875 0.724242790625 0.3717163015625 0.7320086921875 0.3855048828125 0.7615783984375
11 0.26370941875 0.7600038640625 0.2800470328125 0.752385509375 0.26839075 0.7275142359375 0.25208453125 0.73526276875 0.26370941875 0.7600038640625
10 0.6095424671874999 0.568108459375 0.6189090687500001 0.5637235015625001 0.6114948250000001 0.5479234281250001 0.6021838109375001 0.5523462546875 0.6095424671874999 0.568108459375
10 0.768545353125 0.671764928125 0.7603288515625 0.6755032484375 0.7792061890624999 0.716056075 0.775893240625 0.7176509249999999 0.7945710874999999 0.7580088625 0.80635145 0.7526259265624999 0.768545353125 0.671764928125
10 0.7437974625 0.655213746875 0.756075871875 0.6494347859375 0.743294853125 0.622107140625 0.7310165625 0.6278050171875 0.7437974625 0.655213746875
6 0.7439773546875 0.6194373109375 0.7576199703125 0.6487975140625 0.7795920062499999 0.6384845484375 0.7666432515625 0.6108230765625 0.760968915625 0.6134690625 0.7602200890625 0.6118631984375 0.7439773546875 0.6194373109375
10 0.6777011140625 0.5310276234375 0.6841769656250001 0.528007884375 0.6788434718749999 0.5166182312500001 0.672405853125 0.5196201421875 0.6777011140625 0.5310276234375
3 0.7456358609375 0.7221969890625 0.769868265625 0.710897234375 0.7523486390625 0.6734076124999999 0.728233 0.6847063640625 0.7456358609375 0.7221969890625
2 0.7144633296875 0.6588707031250001 0.698053765625 0.6665639859375 0.7177400046875 0.7089032703125 0.6854247546875001 0.723961775 0.7173713125 0.792423328125 0.7661789953125 0.76970875625 0.7144633296875 0.6588707031250001
9 0.7152555703125001 0.7072429953125 0.6964776703125 0.6671954890625 0.6656969859374999 0.681607375 0.684332065625 0.7216628625 0.7152555703125001 0.7072429953125
13 0.7676012140624999 0.714380084375 0.7465738953125001 0.7242973453125 0.7674829578125 0.76905933125 0.7818129 0.7624150984375 0.772961290625 0.7434993125 0.7797662296875 0.7403830109375 0.7676012140624999 0.714380084375
12 0.8249719203125 0.723778828125 0.8595483906249999 0.7077279640625 0.8175484796875001 0.6175146734375 0.7829934984375 0.6336744750000001 0.8249719203125 0.723778828125
2 0.7125771234375 0.60292456875 0.7491040328125 0.58599868125 0.730415721875 0.5459214671875 0.6940463359375 0.5629152703125 0.7125771234375 0.60292456875
10 0.75513540625 0.6526938421875 0.7445347812499999 0.6577525046875 0.750785928125 0.671220984375 0.75289309375 0.6702383968750001 0.7535816765625001 0.6715930609375 0.762090325 0.66754955625 0.75513540625 0.6526938421875
11 0.6962770671875 0.799468534375 0.712284728125 0.7920040390625 0.7016812421874999 0.7686658468750001 0.6855555828125001 0.776150884375 0.6962770671875 0.799468534375
8 0.6545564875000001 0.5776057890625 0.60721181875 0.5996829703125 0.647089153125 0.685200190625 0.7124477625 0.6546074609375 0.7045807234375 0.6378030890625 0.77714621875 0.6037100859375 0.7661952609375 0.5803994484375 0.6756750796875 0.62309070625 0.6545564875000001 0.5776057890625
10 0.783269428125 0.7616824640625001 0.7897938890625 0.7586745374999999 0.781880346875 0.7417556515625 0.775420534375 0.74480239375 0.783269428125 0.7616824640625001
13 0.72704103125 0.682331340625 0.7494278828125001 0.6718542515625 0.7294708078125 0.62893785625 0.7070631265625 0.6393074249999999 0.72704103125 0.682331340625
1 0.6844754281250001 0.7742374812499999 0.6992397484375 0.767352765625 0.66201855 0.687343090625 0.64713314375 0.6941566921875 0.6844754281250001 0.7742374812499999
1 0.6458039765625 0.572511875 0.639034615625 0.5580540859374999 0.679379296875 0.5391962265625 0.6707111718750001 0.520344871875 0.612932634375 0.547287446875 0.6213490390625 0.5653993390625 0.6098811046875 0.57083485 0.6169718468750001 0.5860409953125 0.6458039765625 0.572511875
1 0.32845562031250003 0.89901521875 0.3431975546875 0.89218231875 0.2793146890625 0.755063065625 0.264660825 0.761896275 0.32845562031250003 0.89901521875
7 0.397748684375 0.7864118999999999 0.3653680078125 0.8015112578125001 0.3946329515625 0.8641185484375 0.4174273171875 0.8535910796874999 0.408963721875 0.835133975 0.4183744375 0.8306439687499999 0.397748684375 0.7864118999999999
8 0.3530534609375 0.7790623203125 0.3070525703125 0.8008749328125001 0.34699593906250004 0.8865337640625001 0.3946329515625 0.8641185484375 0.3653680078125 0.8015112578125001 0.45529865625 0.7595965953125 0.4444928359375 0.7364234390625 0.385027209375 0.7642733984375 0.3813801453125 0.7564522453125 0.349452621875 0.77134029375 0.3530534609375 0.7790623203125
2 0.459269278125 0.8116830046875 0.4996104453125 0.7929026421875001 0.479944828125 0.7507295921875 0.4396928078125 0.769701128125 0.459269278125 0.8116830046875
6 0.4120063703125 0.7133331859375 0.4055999296875 0.7162429765625 0.4035499296875 0.7119095890625 0.38877852812499997 0.71879760625 0.3908740921875 0.7232287046875 0.39012355625 0.7235786859375 0.4047686 0.7549850828125 0.42089895468750005 0.7475840578125 0.420025778125 0.745770678125 0.42581740312500005 0.7429510406250001 0.4120063703125 0.7133331859375
1 0.417374509375 0.8399682984375 0.426064596875 0.858604253125 0.3656961203125 0.88667350625 0.3747366390625 0.9058132499999999 0.3875063984375 0.8999344703125001 0.3943850375 0.9148188578124999 0.448579953125 0.8896301078125 0.43117079843750006 0.8520372515625001 0.5100337374999999 0.815262859375 0.5029146 0.799995821875 0.417374509375 0.8399682984375
10 0.3653780546875 0.9287863875 0.3791515703125 0.9223723125 0.36317498125 0.8878405125000001 0.3493467078125 0.8942887421875 0.3653780546875 0.9287863875
3 0.369332728125 0.720900259375 0.3549405953125 0.69003623125 0.3190750109375 0.706960615625 0.33352925624999996 0.7374956984375001 0.369332728125 0.720900259375
13 0.36629579218749997 0.7247248734375 0.33440355624999996 0.739344759375 0.3484819125 0.7692844828125 0.366796196875 0.76082886875 0.362258390625 0.7512232156249999 0.37582326875 0.744897809375 0.36629579218749997 0.7247248734375
10 0.42737057343749996 0.7419561140625001 0.4435794390625 0.734316765625 0.4342771390625 0.714626721875 0.41816806093750003 0.7222212609375 0.42737057343749996 0.7419561140625001