0 0.422828125 0 0.0337921875 0.8342921875 0.389153125 1 0.577171875 1 0.9662078125000001 0.1657078125 0.610846875 0 0.422828125 0
11 0.45697968749999995 0.5326671875 0.4661234375 0.5131734375 0.45971875000000006 0.50999375 0.4506375 0.5294671875 0.45697968749999995 0.5326671875
7 0.46486406249999995 0.57015 0.44334843749999997 0.616290625 0.45410312499999994 0.62136875 0.4545125 0.6205484375 0.4688515625 0.626665625 0.4856515625 0.5905218750000001 0.476125 0.5862046875 0.4800265625 0.5775984375000001 0.46486406249999995 0.57015
3 0.5021328125 0.5552374999999999 0.5121781249999999 0.5335109375 0.497525 0.5264890624999999 0.487553125 0.5479953125 0.5021328125 0.5552374999999999
2 0.46875625000000004 0.5133375 0.44799218749999997 0.557796875 0.468415625 0.5667375 0.4789921875 0.54405625 0.48640156250000005 0.5475109375 0.4964453125 0.5260343749999999 0.49005625 0.5231171875 0.48526875 0.53314375 0.48415468749999996 0.5326234375000001 0.488896875 0.5225765625000001 0.46875625000000004 0.5133375
10 0.482140625 0.5730984375 0.4835015625 0.57018125 0.47964531250000003 0.5683828125 0.4782 0.5714828125 0.482140625 0.5730984375
2 0.3949328125 0.6998078125 0.4122375 0.662696875 0.39346875 0.6538828125 0.376140625 0.6911078125000001 0.3949328125 0.6998078125
1 0.44612968750000004 0.55683125 0.456028125 0.535690625 0.4492859375 0.532415625 0.4394359375 0.5537109375 0.44612968750000004 0.55683125
10 0.49904374999999995 0.5624921875 0.50119375 0.5578828125 0.49285625 0.5539984375 0.49065000000000003 0.5588062500000001 0.49904374999999995 0.5624921875
13 0.4770078125 0.5708203125 0.48255781249999996 0.5587671875 0.48329374999999997 0.5590609375 0.48033125 0.5653140624999999 0.484821875 0.5673546875000001 0.491196875 0.5536359375 0.47855625 0.5477421875 0.46943906249999995 0.567396875 0.4770078125 0.5708203125
5 0.45318437500000003 0.6673515625 0.437790625 0.660171875 0.4137578125 0.7113734375 0.4291015625 0.7191078125 0.45318437500000003 0.6673515625
8 0.41202812499999997 0.6139703125 0.4325828125 0.623228125 0.4064109375 0.6788296875000001 0.4127890625 0.682025 0.4647796875 0.570215625 0.4385 0.55730625 0.41202812499999997 0.6139703125
6 0.42603437499999997 0.661546875 0.4248984375 0.663925 0.42183125 0.6625593750000001 0.4128015625 0.68204375 0.4223515625 0.68636875 0.42520625 0.680246875 0.42641249999999997 0.680809375 0.4318359375 0.6691203125 0.4306984375 0.668528125 0.43134843749999996 0.66725 0.429309375 0.6661718750000001 0.4304234375 0.6637828125 0.4325140625 0.6646328125000001 0.4368171875 0.6555828125 0.42824687499999997 0.65165 0.424034375 0.6608046875 0.42603437499999997 0.661546875
10 0.42117343749999997 0.6898 0.4177453125 0.688153125 0.4092359375 0.706403125 0.41268281250000005 0.707959375 0.42117343749999997 0.6898
9 0.49750937500000003 0.5650109375000001 0.489396875 0.561378125 0.47899375 0.583975 0.4869109375 0.587665625 0.49750937500000003 0.5650109375000001
13 0.40811562500000004 0.7059859375 0.4166875 0.6876046875 0.404909375 0.68224375 0.3963734375 0.7005109375 0.40811562500000004 0.7059859375
2 0.4532015625 0.6600421875 0.4671046875 0.6304015625 0.4433234375 0.6193125 0.42955468750000003 0.649015625 0.4532015625 0.6600421875
2 0.4134375 0.660259375 0.42883125 0.6273390625 0.4102265625 0.6177546875 0.39454375 0.6513125 0.4134375 0.660259375