10 0.2169953859375 0.366155690625 0.20640826875 0.37225877343749997 0.2079883609375 0.3750227484375 0.21852081874999998 0.3689405234375 0.2169953859375 0.366155690625
2 0.828886575 0.6027293593749999 0.8465304828125 0.633370578125 0.88142693125 0.6132699515625 0.8636340484374999 0.5824519359375 0.828886575 0.6027293593749999
1 0.80734250625 0.441410503125 0.8091915625 0.44031708593749996 0.821397221875 0.461456634375 0.8372741859374999 0.4523127609375 0.8153600171875001 0.41441639218750004 0.7995081453124999 0.42354349999999996 0.8036910984375 0.43084433593749993 0.8018895374999999 0.43190806249999997 0.80734250625 0.441410503125
10 0.8253613046874999 0.48058497187500004 0.8168653593749999 0.46586935937499996 0.8028876359374999 0.47386721249999997 0.8115184921875 0.488635325 0.8253613046874999 0.48058497187500004
10 0.784353403125 0.6237292875 0.8025487234375 0.61325218125 0.802435721875 0.6130567015625 0.8388469859375001 0.591996759375 0.8224688578125001 0.5636285734375 0.7678576671874999 0.59515858125 0.784353403125 0.6237292875
10 0.1527359171875 0.42454888906250005 0.13501259375000002 0.43472512031250005 0.15304350625000002 0.46595777656250004 0.1705754625 0.45579060625 0.1527359171875 0.42454888906250005
13 0.21672075937500002 0.37208061875 0.1848517625 0.390301146875 0.19362923125 0.4056525984375 0.22555137187500002 0.387269 0.21672075937500002 0.37208061875
1 0.055515046874999995 0.407500571875 0.0471406703125 0.41233953124999995 0.0576507171875 0.4302317390625 0.08215245 0.41614193125 0.0693867796875 0.3939960578125 0.0531612234375 0.40338987656249997 0.055515046874999995 0.407500571875
8 0.1407819765625 0.3634545390625 0.12419077187500001 0.3347177953125 0.1244642109375 0.3345697328125 0.11734782343750001 0.322269765625 0.0524169421875 0.3597143421875 0.085165559375 0.41614017499999995 0.13244224375 0.388843934375 0.1901973203125 0.4890661875 0.2078393546875 0.478937946875 0.1477176609375 0.3754677484375 0.1516248171875 0.37320030000000004 0.15178300312499998 0.37341025 0.178294071875 0.3580989140625 0.1710457234375 0.3457122703125 0.14406573125 0.36130374375 0.1441824421875 0.3615266171875 0.1407819765625 0.3634545390625
10 0.044625700000000004 0.4118260078125 0.05264958125 0.407111678125 0.050300489062499995 0.4030405359375 0.0686509640625 0.3924698796875 0.06575580156250001 0.38748419375 0.039370575000000005 0.4026948078125 0.044625700000000004 0.4118260078125
2 0.1276158 0.3328910015625 0.12799190625 0.332688934375 0.143786609375 0.35997526875 0.18243494531249999 0.3375919390625 0.15985989375 0.2978117578125 0.12047662968749999 0.3205636390625 0.1276158 0.3328910015625
10 0.3950512984375 0.701079684375 0.39555964375 0.7008004484375 0.4037391046875 0.7150064296875 0.4124552796875 0.709987159375 0.4014688296875 0.690958328125 0.3923025515625 0.6962499296875 0.3950512984375 0.701079684375
11 0.35889945 0.8300317390625 0.341327821875 0.8401329828125 0.352273709375 0.8590590203125 0.36984777343749997 0.84892705625 0.35889945 0.8300317390625
2 0.3027513125 0.769577915625 0.32026610624999996 0.7594788421875001 0.3201110015625 0.759210009375 0.35294769062500003 0.7402421953125 0.3370520359375 0.7126314812500001 0.28666599375 0.7416932453125 0.3027513125 0.769577915625
1 0.42770719531249995 0.6760282796875 0.4038293984375 0.6898263250000001 0.4147174234375 0.708780515625 0.438611234375 0.6948887734375 0.42770719531249995 0.6760282796875
2 0.35393225156249997 0.8077213140625 0.35124803125000004 0.8092447125 0.3725505921875 0.8462111671875 0.44395521875000005 0.8049448796875 0.43497769843749995 0.7894514421875 0.415808434375 0.8005131390625 0.40340490000000007 0.779231221875 0.354039896875 0.807771890625 0.35393225156249997 0.8077213140625
1 0.340451071875 0.8386092171874999 0.3575559578125 0.8287686546874999 0.3486898984375 0.8135001374999999 0.34775884218750003 0.8140479968750001 0.3464819046875 0.81192165625 0.3304419765625 0.821159334375 0.340451071875 0.8386092171874999
10 0.4277813703125 0.7702591625 0.4321093125 0.76775035625 0.44135709062500006 0.7838793765625 0.44268371406250007 0.78311255625 0.42884318437499996 0.7591401578125 0.4232119265625 0.7623443625 0.4277813703125 0.7702591625
13 0.372153740625 0.6497929609375 0.34013366562499997 0.6682510453125 0.34911825625000004 0.6835300765625 0.3809705171875 0.665055584375 0.372153740625 0.6497929609375
10 0.3943346703125 0.703320825 0.3685639125 0.7181987109375 0.3759957453125 0.7311296578125 0.40176099687500005 0.7162650828125 0.3943346703125 0.703320825
2 0.2721003875 0.7070997875 0.2679936625 0.7094315953125 0.285809840625 0.740254478125 0.3362432515625 0.7111495828125001 0.31844945468749997 0.6804663578125 0.2722274890625 0.70715254375 0.2721003875 0.7070997875
10 0.43096056875000005 0.7578378734375 0.43073871874999997 0.7579667437500001 0.4444679984375 0.7820271937500001 0.4700244390625 0.7674036234375 0.4555140984375 0.742241196875 0.4303253015625 0.7567674078125 0.43096056875000005 0.7578378734375
6 0.354522625 0.694570234375 0.353077715625 0.6954106421875 0.3604149890625 0.708078909375 0.3835148734375 0.6944629078125 0.373913184375 0.6781719125000001 0.35224249531249996 0.690724775 0.354522625 0.694570234375
10 0.4638014078125 0.7375701703125 0.45757654218750005 0.7411236171875 0.45984730625000003 0.745113209375 0.46609138124999994 0.7414969140625 0.4638014078125 0.7375701703125
13 0.417283371875 0.7972979875 0.43910701249999995 0.784842684375 0.4308579375 0.7704964015625 0.42653409218749994 0.7729966328125 0.4211523953125 0.7636947843749999 0.403727340625 0.773736525 0.417283371875 0.7972979875
8 0.3215059203125 0.7616173374999999 0.3040064890625 0.7717080937499999 0.33068499375 0.8179437546875 0.352296534375 0.80545629375 0.35231485937499996 0.8053184359375001 0.4020441859375 0.7766170421874999 0.3765619765625 0.732508478125 0.3749329828125 0.733437440625 0.347604075 0.6863572390625 0.33010130000000004 0.6965562875 0.354847775 0.73947635 0.3552485921875 0.73923626875 0.3566087015625 0.7415925171875 0.321605996875 0.7617904140625 0.3215059203125 0.7616173374999999
7 0.43946610937499997 0.696307571875 0.378129009375 0.731616246875 0.4014475015625 0.7714897203125 0.4625664609375 0.7363182375 0.43946610937499997 0.696307571875
10 0.384136171875 0.69565139375 0.3626843984375 0.7080142 0.367062384375 0.715657603125 0.3885678 0.70324270625 0.384136171875 0.69565139375
10 0.33776862812499997 0.6692940843749999 0.3202400109375 0.679391109375 0.3293824703125 0.6953109546875 0.34683967656250003 0.6850952593749999 0.33776862812499997 0.6692940843749999
3 0.47078448125000005 0.7686854421875 0.43624095 0.7887451578125 0.44513321250000004 0.8042895296875001 0.479796415625 0.784323146875 0.47078448125000005 0.7686854421875
10 0.35182518906250004 0.6889562 0.37340575 0.676496640625 0.37239359843750003 0.6747712484374999 0.38509540468750003 0.6674269390625 0.3839158671875 0.66538215 0.349645921875 0.6851546609375 0.35182518906250004 0.6889562
7 0.078284646875 0.4658048953125 0.15055590624999998 0.424248925 0.1310698390625 0.39021006874999997 0.058609615625 0.43197325312499996 0.078284646875 0.4658048953125
10 0.216585515625 0.4304858203125 0.19138123125 0.44500690781249996 0.19998494218750001 0.459824684375 0.22513328281249997 0.44534262968749994 0.216585515625 0.4304858203125
8 0.8260892171875 0.48186909062499994 0.8108427296875 0.49064375781249997 0.801481521875 0.47464131875 0.7840321359375 0.4847613953125 0.7863954453125 0.48877954375000005 0.7861278921875 0.4889355453125 0.8253563109375 0.556876071875 0.8256178453125 0.5567368390625 0.845527021875 0.591304671875 0.8629182671875 0.5813765953125001 0.8372067968750001 0.5363750359375 0.836710865625 0.5366610578125 0.835180928125 0.5340542796875 0.8521506328124999 0.5242678453125 0.8524824171875001 0.524297971875 0.856592990625 0.5219116359375 0.831662221875 0.47874808125 0.8261405359375 0.4819565265625 0.8260892171875 0.48186909062499994
10 0.785580621875 0.4892867140625 0.746781496875 0.5116674640625 0.7860136265625 0.5796163109375 0.8248101921875 0.5572337703125 0.785580621875 0.4892867140625
1 0.808304365625 0.6130630234375001 0.8265887828125 0.6448298796875 0.842154421875 0.635803728125 0.8238730703125 0.6040924265625 0.808304365625 0.6130630234375001
10 0.8834440671875001 0.6121053875 0.924783134375 0.5883310171875 0.9155960078125001 0.5723551 0.9056068453125 0.5781463171875 0.8872002078125 0.5462080453125 0.88009510625 0.5502858078124999 0.8946924671875 0.5756236109375 0.8704728749999999 0.5895828937500001 0.8834440671875001 0.6121053875
10 0.828056825 0.4778849546875 0.83397906875 0.474466765625 0.8344360640625 0.4752579 0.8507615968750001 0.46583299062499994 0.842321584375 0.45115463437500003 0.82376244375 0.4618462265625 0.8242728046875 0.46273004375 0.8206122046875001 0.4648687546875 0.828056825 0.4778849546875
13 0.8779496609375 0.551791615625 0.8562122984375 0.564227215625 0.86982373125 0.5879629015625001 0.8915914468749999 0.5754131234375001 0.8779496609375 0.551791615625
1 0.7858733499999999 0.62637485 0.80425414375 0.6582110984375 0.8223928875000001 0.647724896875 0.8039857296875 0.6158472984375 0.7858733499999999 0.62637485
1 0.73743115 0.45903985468749997 0.701263125 0.479888621875 0.7242070921875 0.5196295578125001 0.7603422203125 0.4987787375 0.73743115 0.45903985468749997
10 0.741846990625 0.5128931921875 0.7261200609375 0.5219399296875 0.7667400671875 0.5923197859375 0.782449840625 0.5832839265625 0.741846990625 0.5128931921875
1 0.850648253125 0.3936554421875 0.8195939187500001 0.41160330468749995 0.8399713515625 0.44700067343749994 0.8442704875 0.44451938437500005 0.8787120500000001 0.504062884375 0.9004032125 0.49156250625000003 0.8758817140625 0.4490403140625 0.8853867234375 0.44353191875000003 0.8671221156250001 0.411998290625 0.8627008546875 0.41453140624999996 0.850648253125 0.3936554421875
2 0.7958234421875 0.426868940625 0.76188761875 0.44643668906249995 0.7833162437500001 0.4835581765625 0.8172417078124999 0.463931671875 0.7958234421875 0.426868940625
1 0.8728706703125001 0.5040584875 0.873241403125 0.5038450265625001 0.8556933390625 0.4734292375 0.855294059375 0.47365895 0.8516093031249999 0.46726202812500006 0.8358933828125 0.47630121562500005 0.8595043453125 0.5172416515625 0.8751843015625 0.5081639296875 0.8728706703125001 0.5040584875
10 0.901728728125 0.49782008749999995 0.8927794406249999 0.502948896875 0.8949951781250001 0.5068427328125 0.9039634171875001 0.501662340625 0.901728728125 0.49782008749999995
10 0.8911445546874999 0.5048369984375001 0.8687868156249999 0.5177309 0.8688876593750001 0.517908328125 0.8536080109374999 0.5267303515624999 0.8536743015624999 0.5268454375 0.8389714953125 0.535293128125 0.8419251187500001 0.5405467359375 0.8717193999999999 0.5233169328125 0.8846688453124999 0.5457478984375 0.907287990625 0.532701325 0.8911445546874999 0.5048369984375001
10 0.8707090093750001 0.5254954374999999 0.840917290625 0.542707959375 0.8531590281250001 0.5639948453125 0.8829352609375001 0.5467581296875 0.8707090093750001 0.5254954374999999
11 0.758186984375 0.4474257796875 0.7419467125 0.45678068281249995 0.752260396875 0.474691809375 0.7684846671875001 0.465335240625 0.758186984375 0.4474257796875
1 0.78032461875 0.48921724375000003 0.776740440625 0.48306623281250005 0.77790435625 0.482381953125 0.7689662453125 0.46700385312500003 0.7527072718750001 0.4764562921875 0.7615456875 0.491682565625 0.762069528125 0.49137030625 0.7656882515625 0.497640878125 0.78032461875 0.48921724375000003
10 0.5651647796875 0.19027092343750002 0.5615410468750001 0.1923896703125 0.56330196875 0.1954538421875 0.5669626875 0.19338579218750002 0.5651647796875 0.19027092343750002
1 0.6679659 0.2394817828125 0.6686201875 0.23909491562500002 0.6596376984375001 0.223439678125 0.6589420609375 0.223852909375 0.6578993203125 0.222100375 0.6431431187500001 0.2306842546875 0.6442656999999999 0.232679625 0.643762728125 0.23297025468750002 0.6525434390625 0.248009246875 0.652962046875 0.2477873453125 0.654462671875 0.2503869515625 0.6693038671875 0.2418206203125 0.6679659 0.2394817828125
2 0.6436977078125 0.228325840625 0.6612704921875 0.21819298125 0.6735273484375 0.2393683765625 0.7051827078125 0.22112605937500002 0.6831137015625 0.182873303125 0.6337529578125001 0.211170890625 0.6436977078125 0.228325840625
3 0.659643384375 0.11000127343749999 0.6961071359375001 0.0889017859375 0.6933912734375001 0.084169446875 0.6932144859375 0.0842612015625 0.684088659375 0.068391153125 0.647680346875 0.0893978453125 0.659643384375 0.11000127343749999
10 0.593573584375 0.1202891765625 0.5853483453125 0.125051353125 0.5931367296875 0.13848374531250002 0.601323178125 0.1337687984375 0.593573584375 0.1202891765625
10 0.6509373984375 0.17972873125 0.6243861328125 0.1950538859375 0.6330056984375 0.2100124703125 0.6594289578125 0.19469305625 0.6509373984375 0.17972873125
10 0.477588115625 0.1617974578125 0.4856488484375 0.1571776 0.48331218593749997 0.15301788125 0.501664321875 0.14246936875 0.49871694531250005 0.13739752968750002 0.47234796250000005 0.152693909375 0.477588115625 0.1617974578125
2 0.5629263515625 0.08644461406250001 0.5630889265625 0.086386778125 0.5766612249999999 0.10986235156249999 0.6152693499999999 0.0876072765625 0.60016350625 0.0607727671875 0.5611341984375 0.0833623875 0.5629263515625 0.08644461406250001
10 0.6597750687499999 0.138724459375 0.60838640625 0.1683926984375 0.61236780625 0.1753139703125 0.6382807921875 0.16032013125 0.663777575 0.14574634687500002 0.6597750687499999 0.138724459375
0 0.36602635 0 0.1540031328125 0.1224113375 0 0.3423506046875 0 0.6339736499999999 0.1224113375 0.8459968671875 0.3423506046875 1 0.6339736499999999 1 0.8459968671875 0.8775886625 1 0.6576493953125 1 0.36602635 0.8775886625 0.1540031328125 0.6576493953125 0 0.36602635 0
2 0.6028251906250001 0.20819097968750003 0.5678537296874999 0.22831156562500002 0.5862901703125 0.2604061359375 0.621351125 0.2401631890625 0.6028251906250001 0.20819097968750003
11 0.63121445 0.038669990625 0.631417096875 0.038565821875 0.6322774703125 0.0400285265625 0.657429146875 0.0254954 0.650267709375 0.013137184375 0.64632995625 0.015434709375 0.6462545734375 0.01533805625 0.631608471875 0.02380828125 0.6316634999999999 0.0239040375 0.625149828125 0.0276520125 0.627282378125 0.0314303765625 0.627102003125 0.0315463234375 0.63121445 0.038669990625
1 0.5822054125 0.21438585312499997 0.582613396875 0.21415460468749997 0.582768509375 0.21436621875 0.59816658125 0.20540775781249998 0.59670306875 0.20287228750000003 0.5971768546875 0.2025879265625 0.596771178125 0.2018842265625 0.5971041453125 0.201692009375 0.5858804078125 0.18242454375 0.58561708125 0.1825663359375 0.5852160109375 0.1818696765625 0.5848135296875 0.18210668593749998 0.5833212156250001 0.179579659375 0.56810710625 0.18839798125 0.5711015640625 0.1936477546875 0.5704548328125 0.1940074859375 0.5822054125 0.21438585312499997
10 0.6507166625 0.1157925125 0.6393833453125 0.1223020359375 0.6409949312500001 0.1250346546875 0.652290875 0.11849133281249999 0.6507166625 0.1157925125
1 0.5100532578125 0.2178245140625 0.5214272765625 0.2113358625 0.5147409984375 0.19986542812500002 0.5152131203125 0.19957799375000002 0.5148201078125 0.19892703437499998 0.5150929078125001 0.1987689859375 0.5069857625 0.184623178125 0.5067148828125 0.18477303437499998 0.5063020375 0.18406050000000002 0.505848990625 0.1843288640625 0.4995709703125 0.17341134062500002 0.5085211593750001 0.16824310468749998 0.5093073109375 0.16955846562500002 0.5226824828125001 0.1617891453125 0.5219116890625 0.1604845390625 0.52619815625 0.1579886546875 0.5008645296875 0.11409285625000001 0.505205275 0.11157393906249999 0.5054104171875 0.11192930937500001 0.5491566953125 0.0866702890625 0.5489647390625 0.08630698437499999 0.5678307359375 0.07540870625 0.5680504671875 0.0757895515625 0.590032234375 0.063053940625 0.5898439875 0.0626989578125 0.6026181234375 0.055300384375 0.603030965625 0.05603199062500001 0.6078190015625 0.0532120671875 0.60803950625 0.05355911875 0.6089464953125 0.0530211125 0.6090181609374999 0.053147590625 0.6290782828125 0.0415709265625 0.628995096875 0.041455453125 0.62975486875 0.041005109375 0.6295092859375 0.040579459375 0.629324815625 0.040684909375 0.6290514671875 0.0401845 0.6292683265625 0.0400464125 0.622756859375 0.02889294375 0.6226680124999999 0.0289680703125 0.6224981921875 0.028660321875 0.6011973453125 0.040962859375 0.60134054375 0.041240521875000005 0.5831115546875 0.051749368750000004 0.5829597765625001 0.05148668125 0.5616312812500001 0.06378511875000001 0.561817359375 0.0640832671875 0.53866400625 0.077421490625 0.538507621875 0.0771517625 0.4954615875 0.10200459218749999 0.4956216828125 0.10228264218750001 0.48301909375 0.1095342890625 0.4976896359375 0.1351407859375 0.4995343390625 0.1340481359375 0.5045438765625 0.14279183125 0.48626060156250006 0.1533809296875 0.488590121875 0.1573601609375 0.47841521093750006 0.1632368609375 0.5100532578125 0.2178245140625
13 0.6496014921875 0.1221551 0.6177909890625 0.140414678125 0.6265697375 0.15576702656250002 0.658423515625 0.1374347484375 0.6496014921875 0.1221551
10 0.6075005421874999 0.16705901875 0.624279765625 0.1573375859375 0.6152167515625 0.1417537640625 0.5983581640625 0.1514768515625 0.6075005421874999 0.16705901875
8 0.640819946875 0.22891067812500002 0.5807386906249999 0.125529834375 0.5843534578125 0.12344295937500001 0.5846911296874999 0.123481025 0.611249825 0.1081152921875 0.6098634875 0.10567391562499999 0.6114000546875 0.10478705625 0.60569394375 0.094905171875 0.57378431875 0.11349972500000001 0.5592831968749999 0.0883132359375 0.5594101921875 0.088219040625 0.5568742484375 0.08388354375 0.55004438125 0.0877916078125 0.5509451875 0.0893818125 0.5069099734375 0.114840990625 0.505896921875 0.113155025 0.50380643125 0.1143616921875 0.53005751875 0.15974490937500002 0.563638484375 0.140378846875 0.586985578125 0.180764471875 0.5889845359375 0.1796176984375 0.6232559875 0.23909358906249997 0.640819946875 0.22891067812500002
1 0.56829450625 0.23711030625 0.5680511484374999 0.23725082031250003 0.567628321875 0.23651985312499998 0.5671948625 0.23676569062500002 0.56300651875 0.22956789843749997 0.5470843671875001 0.23871637343750002 0.5662777984375 0.27196091875 0.5822232546875 0.2627410203125 0.5779460796875 0.25550391875 0.578392596875 0.2552557796875 0.5780700984375 0.25472476875 0.5784124109375 0.2545219296875 0.56829450625 0.23711030625
13 0.6043789859375 0.1341555421875 0.5942134218749999 0.14002161875000002 0.5993066484375 0.14895362031249998 0.63856586875 0.1262426828125 0.6248612328125 0.1026210375 0.595882925 0.11935019843750001 0.6043789859375 0.1341555421875
6 0.638752390625 0.1619512375 0.6130156906249999 0.1767804859375 0.6153266515625 0.180756259375 0.61360689375 0.1817494671875 0.6215174859375 0.19544863750000002 0.6489210828124999 0.1795872609375 0.6484024046875 0.17868808125 0.6515083046875 0.1769411171875 0.6456015359375 0.166678390625 0.642495375 0.1684556921875 0.638752390625 0.1619512375
1 0.5669365859375 0.19606275625 0.5637047109375 0.197935146875 0.5637465546875 0.1980388375 0.560924075 0.199656171875 0.557876246875 0.194351859375 0.5297247703125 0.21075011406250002 0.5443537468749999 0.23608907499999998 0.5786051328124999 0.21631310625000003 0.5669365859375 0.19606275625
2 0.6104860046875 0.055834876562500003 0.609428340625 0.056460032812500005 0.60936205 0.0563449484375 0.6038014484375 0.059568106249999996 0.6054625484375 0.0624670109375 0.6056598203125 0.062351449999999996 0.619951996875 0.0869128625 0.616143284375 0.0891214421875 0.6160223499999999 0.08891277656249999 0.6059029953125 0.0947673390625 0.613031534375 0.10714257499999999 0.6262444984375 0.099547703125 0.6386244515625 0.1210458171875 0.6574334796875 0.1101934859375 0.6452388140624999 0.08916082343750001 0.6833545937500001 0.067167578125 0.66036461875 0.026898487500000002 0.6104197140625 0.055719790625 0.6104860046875 0.055834876562500003
7 0.5250873015625 0.20781956250000003 0.5831250796874999 0.1742998109375 0.5635635828125001 0.140507609375 0.5055372031250001 0.173983840625 0.5250873015625 0.20781956250000003
6 0.1825225921875 0.43068396406250004 0.180800659375 0.4316775546875 0.188709075 0.44537711093750004 0.216107165625 0.42952904375 0.20594794843750003 0.41187676562500003 0.1802112484375 0.42670601562500005 0.1825225921875 0.43068396406250004
10 0.22689471718749998 0.38867122656249997 0.1755064375 0.41834164218750003 0.17948438125 0.4252624015625 0.230946909375 0.395548603125 0.22689471718749998 0.38867122656249997
10 0.1329926109375 0.439786540625 0.1285161671875 0.44240118749999996 0.13031357187499998 0.4454622921875 0.1347988453125 0.4428595515625 0.1329926109375 0.439786540625
3 0.2511709296875 0.318342265625 0.21476991562499997 0.3393330859375 0.226796709375 0.35985908125 0.2631527921875 0.33888067187500004 0.2511709296875 0.318342265625
1 0.1892095265625 0.279364565625 0.18917395937499998 0.27923284375 0.168962409375 0.29079694375 0.1690641484375 0.2909730921875 0.16246304218750002 0.2947723859375 0.169013396875 0.306120940625 0.174862415625 0.302739221875 0.1754049140625 0.303563521875 0.19622301874999998 0.29152 0.196124346875 0.29138033281250003 0.1968932046875 0.290949703125 0.1899466421875 0.2789193390625 0.1892095265625 0.279364565625
11 0.19833230625 0.2886193171875 0.19852625 0.28849761093750004 0.1993783 0.2899831 0.22447032500000003 0.2754616125 0.2173488296875 0.263062696875 0.2132171296875 0.2655010015625 0.213000340625 0.2651241234375 0.1987089765625 0.27334107812499997 0.19894700781250002 0.27375571875000004 0.1922520703125 0.27758277656249997 0.1944574453125 0.28141785625 0.1942293234375 0.2815366140625 0.19833230625 0.2886193171875
1 0.1113168359375 0.4860959828125 0.1456616734375 0.466251928125 0.1339158109375 0.4460084796875 0.1278349578125 0.44951970625 0.12496299375 0.44431564687499997 0.09667864375 0.460742940625 0.1113168359375 0.4860959828125
10 0.1747491078125 0.416884328125 0.1913283671875 0.4073013671875 0.1823436890625 0.3917418765625 0.165801825 0.40118698124999996 0.1747491078125 0.416884328125
13 0.19192061093749999 0.352416878125 0.152397346875 0.37490287499999997 0.16634374999999998 0.3987758265625 0.20562563125 0.3760407 0.19192061093749999 0.352416878125
2 0.15392476718749998 0.46726534218750004 0.11653304375 0.4888156640625 0.13503450625 0.5209481328125001 0.1884280171875 0.49012198281249997 0.1698304265625 0.45796607500000003 0.1538602640625 0.46718584218750003 0.15392476718749998 0.46726534218750004
2 0.225837503125 0.44671506875 0.20086287343749998 0.4611451765625 0.2230372203125 0.499435453125 0.2722754765625 0.47105400468749997 0.25011852968750004 0.43281787656250004 0.2259190265625 0.44682746875 0.225837503125 0.44671506875
2 0.183178590625 0.33896528125000003 0.173065253125 0.3448221484375 0.18019429843749998 0.35723207343749996 0.193360159375 0.349630921875 0.2057139953125 0.3711527140625 0.22449820781250002 0.3601723734375 0.2123203125 0.3391266578125 0.25043353281249997 0.3171316203125 0.227441253125 0.2768685453125 0.17086681718750002 0.3095379078125 0.17195088593750002 0.31141665937499996 0.1721610921875 0.3112662828125 0.1869999453125 0.3369810953125 0.18330451718750002 0.3391831625 0.183178590625 0.33896528125000003