10 0.6099703125 0.1315109375 0.6233125 0.1315109375 0.6233328124999999 0.121559375 0.6099703125 0.121559375 0.6099703125 0.1315109375
1 0.5839578125 0.8535640624999999 0.5839375 0.8565687499999999 0.580875 0.856540625 0.580834375 0.8797265624999999 0.6108046875 0.87978125 0.6108046875 0.8535640624999999 0.5839578125 0.8535640624999999
3 0.5581125 0.770290625 0.586665625 0.7700859375 0.5867281249999999 0.7094359375 0.5580078125 0.709346875 0.5581125 0.770290625
7 0.6325078125 0.7853609374999999 0.6999859374999999 0.7852859375000001 0.7000437500000001 0.7305265624999999 0.6325390625 0.7307828125 0.6325078125 0.7853609374999999
13 0.6041203125 0.7205781250000001 0.588390625 0.7206375 0.5883984375 0.7700453125 0.611425 0.7699515625 0.6114171875000001 0.7415359375 0.604071875 0.7415359375 0.6041203125 0.7205781250000001
10 0.58840625 0.7111921875 0.5883796875 0.7182953125 0.60575 0.7182953125 0.60575 0.7391140625 0.6128234375 0.7391515625 0.6128234375 0.711225 0.58840625 0.7111921875
1 0.6723015625000001 0.7280968750000001 0.7001031249999999 0.7280703125 0.7001390625 0.6885749999999999 0.6723874999999999 0.6885265625 0.6723015625000001 0.7280968750000001
8 0.6324921875 0.7853484374999999 0.632590625 0.5632265624999999 0.6073500000000001 0.5632609375000001 0.607375 0.605078125 0.6145984375 0.6050421874999999 0.6145984375 0.87598125 0.7000953125 0.8759109374999999 0.6999859374999999 0.7852859375000001 0.6324921875 0.7853484374999999
2 0.5581515625 0.8488203125 0.611428125 0.84836875 0.6114171875000001 0.772334375 0.558090625 0.77265 0.5581515625 0.8488203125
10 0.63410625 0.7261109375 0.6706796875000001 0.7264328124999999 0.6706796875000001 0.6883734375 0.6340656250000001 0.6883734375 0.63410625 0.7261109375
10 0.685615625 0.6861921875 0.7005343749999999 0.6861671874999999 0.7005546875 0.67836875 0.6856515625 0.67844375 0.685615625 0.6861921875
13 0.21059999999999998 0.654759375 0.23537499999999997 0.6548109375 0.23522656249999999 0.607284375 0.21059999999999998 0.6073359375 0.21059999999999998 0.654759375
10 0.3250578125 0.6861984375 0.3250578125 0.675309375 0.31058906249999996 0.67534375 0.3105125 0.6861265624999999 0.3250578125 0.6861984375
10 0.613034375 0.6722609375 0.613034375 0.6569984375 0.587103125 0.6569390625 0.5870796875 0.6722421875 0.613034375 0.6722609375
10 0.5853703125 0.6019687499999999 0.603903125 0.6020125000000001 0.6039453124999999 0.5927921875 0.5853640625 0.5927609375 0.5853703125 0.6019687499999999
2 0.6343765625 0.686078125 0.683653125 0.6861125 0.6836234375 0.6289828125 0.6344203125 0.6291765625 0.6343765625 0.686078125
10 0.602465625 0.5595609375 0.5853937499999999 0.5595609375 0.5853015625 0.588153125 0.6047609375 0.588153125 0.6046671875 0.5695218750000001 0.602465625 0.5694781250000001 0.602465625 0.5595609375
11 0.5599703125 0.8794953124999999 0.5793062499999999 0.8794562499999999 0.5793062499999999 0.854396875 0.559984375 0.8544375000000001 0.5599703125 0.8794953124999999
2 0.634396875 0.6243609375 0.6836671875 0.6244828124999999 0.6836671875 0.5632375 0.6344125 0.5632375 0.634396875 0.6243609375
3 0.180603125 0.7701140625 0.2091671875 0.7700078125 0.2091421875 0.709421875 0.1804515625 0.7093875 0.180603125 0.7701140625
10 0.2108375 0.71119375 0.21072812500000002 0.718253125 0.2281984375 0.7183078125 0.2281921875 0.7391796875 0.23527499999999998 0.73911875 0.23530156249999998 0.7112 0.2108375 0.71119375
10 0.23548437500000002 0.672046875 0.23544218749999998 0.6569859375 0.2095265625 0.6569859375 0.2095046875 0.672078125 0.23548437500000002 0.672046875
8 0.2547375 0.6052171875 0.2370546875 0.605246875 0.237221875 0.8484375 0.3045734375 0.848378125 0.304553125 0.785078125 0.25506875 0.785175 0.2547375 0.6052171875
12 0.16625625 0.659025 0.2043890625 0.6589875000000001 0.20439687499999998 0.5596484375 0.16625625 0.5595578125 0.16625625 0.659025
12 0.543765625 0.659053125 0.5820031250000001 0.6590109375 0.5820031250000001 0.559584375 0.543765625 0.55954375 0.543765625 0.659053125
13 0.58815625 0.6548109375 0.612771875 0.6547562499999999 0.6128234375 0.607375 0.58815625 0.607340625 0.58815625 0.6548109375
13 0.22653906250000003 0.7205921875 0.21082031250000002 0.720621875 0.2107125 0.7699921875 0.23386875 0.7699921875 0.2338890625 0.7415109375 0.226515625 0.7415109375 0.22653906250000003 0.7205921875
1 0.3085609375 0.6752546875000001 0.3085921875 0.5596687499999999 0.2279765625 0.5597125000000001 0.22800781250000002 0.569553125 0.227315625 0.569553125 0.227315625 0.588215625 0.22800781250000002 0.5882578125 0.2279765625 0.5977609375 0.2511890625 0.5979734375 0.25125000000000003 0.5723515625 0.2967140625 0.57239375 0.29674375 0.777184375 0.3103890625 0.7772265625 0.310359375 0.8565890625 0.20329375 0.8565890625 0.20329375 0.8795781249999999 0.325084375 0.8795359375 0.3250546875 0.6886171875 0.30895 0.6886171875 0.30897968750000004 0.6752546875000001 0.3085609375 0.6752546875000001
2 0.18060625 0.8483609375000001 0.2338484375 0.8483984375 0.2338890625 0.7722796875 0.180584375 0.772596875 0.18060625 0.8483609375000001
10 0.256528125 0.7261562500000001 0.290896875 0.72603125 0.2911359375 0.6882671874999999 0.2565265625 0.688196875 0.256528125 0.7261562500000001
7 0.254978125 0.7308234375 0.25506875 0.785175 0.290846875 0.7850328125 0.290903125 0.7308671875 0.254978125 0.7308234375
10 0.2078203125 0.5881078125 0.2249421875 0.5882625 0.22490625 0.559521875 0.20783749999999998 0.559546875 0.2078203125 0.5881078125
2 0.2911359375 0.6243546875 0.2911734375 0.5801828125 0.25671093749999996 0.580253125 0.25671093749999996 0.6243890624999999 0.2911359375 0.6243546875
6 0.2095140625 0.6746078125 0.2095140625 0.676475 0.20620625 0.6764921875 0.20623437500000003 0.699671875 0.2095328125 0.699646875 0.2095140625 0.7088515625 0.2355484375 0.7088765625 0.2355828125 0.69984375 0.2370234375 0.6998171875 0.23704062499999998 0.6745109375 0.2095140625 0.6746078125
2 0.2568140625 0.6857859375 0.291134375 0.685690625 0.2911015625 0.6291140625 0.25689687499999997 0.6292015625 0.2568140625 0.6857859375
11 0.1830640625 0.879746875 0.2015265625 0.8797406249999999 0.201515625 0.8544625 0.1831171875 0.8544375000000001 0.1830640625 0.879746875
10 0.2078453125 0.601975 0.22635156250000002 0.601975 0.22631874999999999 0.5927953125000001 0.2078453125 0.5927109374999999 0.2078453125 0.601975
6 0.58709375 0.6746140625 0.58709375 0.67601875 0.5837656250000001 0.676021875 0.5837703125 0.6994125 0.58709375 0.6994125 0.58709375 0.7088796875 0.613265625 0.7089390625 0.6131796875 0.699778125 0.6145171875 0.699778125 0.6145625 0.6746140625 0.58709375 0.6746140625
10 0.28802812499999997 0.2143 0.30479218750000003 0.21418906249999997 0.3048171875 0.179025 0.288053125 0.1791734375 0.28802812499999997 0.2143
10 0.31981875 0.1766828125 0.33311875 0.1767375 0.33311875 0.1640375 0.31989375 0.1640375 0.31981875 0.1766828125
2 0.29386718749999996 0.3150359375 0.334146875 0.3150359375 0.3340109375 0.24440625 0.2939546875 0.24428125 0.29386718749999996 0.3150359375
7 0.2328875 0.21690625 0.2847484375 0.21660624999999997 0.2851640625 0.1403390625 0.232953125 0.140521875 0.2328875 0.21690625
10 0.2238640625 0.1856734375 0.23100468749999997 0.185725 0.23095156249999998 0.16699375 0.2238109375 0.1668484375 0.2238640625 0.1856734375
11 0.178075 0.318575 0.19613750000000002 0.31851250000000003 0.19609375 0.294521875 0.17805312499999998 0.29455156250000003 0.178075 0.318575
6 0.36569375000000004 0.17745625 0.36502500000000004 0.17745625 0.36502500000000004 0.1726046875 0.34863125 0.1726046875 0.34863125 0.1774015625 0.341628125 0.1774015625 0.3416640625 0.21418125 0.3479609375 0.21418125 0.347925 0.216340625 0.36576875000000003 0.21628906250000002 0.36569375000000004 0.17745625
0 0 0 0 1 1 1 1 0 0 0
1 0.22944843750000002 0.31868124999999997 0.22944843750000002 0.2966625 0.22804687499999998 0.2966625 0.22809062500000002 0.29373593750000004 0.20126875000000002 0.29376718749999997 0.2012921875 0.2966625 0.19773281250000002 0.29669375 0.197690625 0.31858906249999996 0.22944843750000002 0.31868124999999997
10 0.3673484375 0.2164203125 0.37596250000000003 0.2164203125 0.37599218749999996 0.17753593750000002 0.367384375 0.17748124999999998 0.3673484375 0.2164203125
2 0.33582968750000003 0.3150765625 0.3759515625 0.3149671875 0.3759484375 0.24437812499999997 0.3358828125 0.24435156249999998 0.33582968750000003 0.3150765625
3 0.18055937500000002 0.21669999999999998 0.2048375 0.216834375 0.2045578125 0.14029687500000002 0.18055937500000002 0.1403859375 0.18055937500000002 0.21669999999999998
2 0.1805796875 0.288540625 0.2296234375 0.28860312499999996 0.22944375 0.2188609375 0.18062499999999998 0.2189859375 0.1805796875 0.288540625
1 0.2868625 0.1403859375 0.2868 0.1766109375 0.31837343749999997 0.176696875 0.3183109375 0.150134375 0.303346875 0.1501765625 0.3033796875 0.14047343750000002 0.2868625 0.1403859375
13 0.339928125 0.2138765625 0.3399359375 0.179021875 0.306396875 0.1789625 0.30641562499999997 0.21405 0.339928125 0.2138765625
10 0.3048796875 0.1478625 0.319784375 0.1477734375 0.319784375 0.1398265625 0.3048796875 0.1399609375 0.3048796875 0.1478625
10 0.3244890625 0.1368171875 0.32449531249999997 0.15744843749999998 0.3377265625 0.157509375 0.337721875 0.17026406249999998 0.3452046875 0.17026406249999998 0.345246875 0.136828125 0.3244890625 0.1368171875
8 0.244071875 0.216890625 0.2440828125 0.21913593750000002 0.2328765625 0.21913125 0.232840625 0.3150265625 0.29081875 0.3149765625 0.290675 0.24157812500000003 0.36574375 0.24162656249999998 0.36576875000000003 0.21628906250000002 0.244071875 0.216890625
10 0.39785781249999996 0.19697031250000002 0.39785781249999996 0.1710203125 0.3811203125 0.1710203125 0.3810671875 0.19689375 0.39785781249999996 0.19697031250000002
10 0.367371875 0.24172968749999998 0.3759640625 0.24172968749999998 0.3759640625 0.218896875 0.3674890625 0.21885156249999999 0.367371875 0.24172968749999998
11 0.7616203125000001 0.315759375 0.7616296874999999 0.2902328125 0.7381375 0.29020625 0.73816875 0.3156875 0.7616203125000001 0.315759375
8 0.6355875 0.2353328125 0.6355140625 0.311878125 0.7024640625 0.3119375 0.7023406249999999 0.20782812499999997 0.6474328125000001 0.2078390625 0.64741875 0.2101109375 0.5736140625 0.21006874999999997 0.5736 0.23547812499999998 0.6355875 0.2353328125
10 0.7113765625 0.1565 0.704278125 0.156496875 0.7042937499999999 0.173246875 0.7055796875 0.173246875 0.7055796875 0.175221875 0.711403125 0.175221875 0.7113765625 0.1565
10 0.7257203125 0.11826406249999999 0.7073234375 0.11826406249999999 0.7072796875 0.148253125 0.72809375 0.1482125 0.7280640625 0.1292515625 0.7257921875 0.1292703125 0.7257203125 0.11826406249999999
1 0.7328953125 0.28941875 0.706109375 0.289478125 0.7060796875 0.315759375 0.736409375 0.315603125 0.7363796875 0.2924859375 0.7328953125 0.2924859375 0.7328953125 0.28941875
13 0.7288078125 0.1564828125 0.7130140625 0.1564828125 0.7130328125000001 0.177571875 0.7055859375 0.177571875 0.7055671875 0.2060703125 0.7287734375 0.20604375 0.7288078125 0.1564828125
13 0.5472734375 0.23549375 0.571890625 0.235446875 0.571890625 0.18800624999999999 0.547309375 0.187953125 0.5472734375 0.23549375
10 0.5995140625000001 0.161009375 0.6052390625 0.1610171875 0.6052171875 0.1185828125 0.599528125 0.11861406249999999 0.5995140625000001 0.161009375
10 0.5718984375 0.18571875 0.5718625 0.177471875 0.5458640625 0.177471875 0.5458640625 0.18574531249999998 0.5718984375 0.18571875
3 0.7305234375 0.20618124999999998 0.75953125 0.2063640625 0.7592203125 0.1221546875 0.7306140625 0.12216875 0.7305234375 0.20618124999999998
2 0.759225 0.28453125 0.7591593750000001 0.20878125 0.7055953125000001 0.2085359375 0.7055125 0.28450312499999997 0.759225 0.28453125
10 0.610265625 0.2080859375 0.63305625 0.208025 0.6331265625 0.1599625 0.6102828125 0.15993437500000002 0.610265625 0.2080859375
1 0.6455859375 0.12206874999999999 0.6249359375 0.1221546875 0.624946875 0.1337890625 0.6102624999999999 0.13381875000000001 0.6102624999999999 0.15734062499999998 0.645665625 0.1573265625 0.6455859375 0.12206874999999999
2 0.5922140625 0.3118578125 0.6324468750000001 0.3118921875 0.6323531250000001 0.23786562500000002 0.5922015625 0.23784531250000002 0.5922140625 0.3118578125
2 0.5458968750000001 0.3118921875 0.5904671875 0.3118671875 0.5905015625 0.2376859375 0.5458968750000001 0.2376859375 0.5458968750000001 0.3118921875
6 0.580346875 0.16815156250000002 0.57361875 0.168178125 0.5736234375 0.2079984375 0.5982140625000001 0.2080328125 0.5981921875 0.1682390625 0.5969234375 0.1682078125 0.596903125 0.16476249999999998 0.580346875 0.16476249999999998 0.580346875 0.16815156250000002
10 0.5998140624999999 0.208059375 0.60885 0.2080828125 0.6088796875 0.1681421875 0.59980625 0.1681421875 0.5998140624999999 0.208059375
7 0.7024375 0.12214375 0.64735625 0.12218124999999999 0.64728125 0.1594578125 0.6362609375 0.1594734375 0.6363859374999999 0.20782656249999998 0.7023406249999999 0.20782812499999997 0.7024375 0.12214375
13 0.22219375000000002 0.1669515625 0.206484375 0.1669078125 0.20651562499999998 0.2166140625 0.22958281249999998 0.2166578125 0.2294875 0.1881171875 0.22219375000000002 0.188159375 0.22219375000000002 0.1669515625
10 0.2071 0.139834375 0.2071 0.1583875 0.22795312499999998 0.158353125 0.2279765625 0.1366515625 0.2095046875 0.13661718750000001 0.20953125 0.13985468750000002 0.2071 0.139834375