0 0.2614203125 0 0.1762421875 0.9735843750000001 0.47816875000000003 1 0.7385796874999999 1 0.8237578125 0.026415624999999998 0.52183125 0 0.2614203125 0
10 0.509071875 0.1288140625 0.5170125 0.1294734375 0.518828125 0.1079859375 0.510965625 0.1075140625 0.509071875 0.1288140625
10 0.5994828125 0.0571328125 0.5924015625 0.1362328125 0.6147328125 0.1382765625 0.6217890625 0.05899375 0.5994828125 0.0571328125
10 0.4193765625 0.21887812499999998 0.426115625 0.21946875000000002 0.42709374999999994 0.208478125 0.420346875 0.20814062500000002 0.4193765625 0.21887812499999998
2 0.5013062500000001 0.366309375 0.5066703125 0.3038484375 0.49099843749999994 0.30255 0.49869531250000004 0.21457031249999997 0.4298796875 0.2091140625 0.41656875 0.3591046875 0.5013062500000001 0.366309375
1 0.376653125 0.6306406250000001 0.3826984375 0.56078125 0.3989015625 0.56213125 0.40339375000000005 0.5104078125 0.3595296875 0.5065999999999999 0.3488734375 0.6283937500000001 0.376653125 0.6306406250000001
1 0.6390875 0.348203125 0.6365703125 0.3782578125 0.649725 0.37930156249999997 0.6643875 0.211534375 0.63610625 0.209059375 0.6239953125000001 0.3468453125 0.6390875 0.348203125
10 0.3818703125 0.3914640625 0.3969 0.3926765625 0.40020468749999993 0.354846875 0.3853109375 0.3537625 0.3818703125 0.3914640625
10 0.420996875 0.8295562500000001 0.41719531249999997 0.8730062500000001 0.437634375 0.87461875 0.44138124999999995 0.8313390625 0.420996875 0.8295562500000001
10 0.42223125 0.8156453125 0.42154375 0.8240171875 0.441925 0.8256453125000001 0.44263906249999996 0.817484375 0.42223125 0.8156453125
1 0.4165640625 0.33009374999999996 0.42553906250000006 0.225315625 0.4160109375 0.22440937500000002 0.41746718749999995 0.2073859375 0.39820937500000003 0.20580781250000002 0.3856421875 0.3477796875 0.400840625 0.34912187499999997 0.4024109375 0.3289421875 0.4165640625 0.33009374999999996
10 0.38113125000000003 0.6070734375 0.3948296875 0.6082828124999999 0.398390625 0.567584375 0.3847109375 0.5665453125 0.38113125000000003 0.6070734375
13 0.5267453125 0.05108125 0.5199328125 0.12985 0.590025 0.13625 0.5968421875 0.05694375 0.5267453125 0.05108125
7 0.40663593750000004 0.5041249999999999 0.3979390625 0.60243125 0.42381718749999997 0.60469375 0.424821875 0.5932046875 0.48104531250000004 0.5977578125 0.501365625 0.3725421875 0.4019421875 0.3635234375 0.3988125 0.3992953125 0.3813578125 0.3975515625 0.37227343749999997 0.50138125 0.40663593750000004 0.5041249999999999
10 0.3807921875 0.6133359375 0.379246875 0.631 0.39263593750000003 0.631775 0.394196875 0.614471875 0.3807921875 0.6133359375
10 0.5868984375 0.6327734375 0.5854 0.6498999999999999 0.62550625 0.653778125 0.6270359375 0.6362859375000001 0.5868984375 0.6327734375
8 0.5093593750000001 0.30434843749999996 0.5036578125 0.3728140625 0.5014765625 0.3725515625 0.4836265625 0.5696046875 0.4863203125 0.569890625 0.463603125 0.8293609375000001 0.49220781249999995 0.831853125 0.5107203124999999 0.619165625 0.62795625 0.6292421874999999 0.6489203125 0.38555937500000004 0.5319625 0.3759671875 0.538128125 0.30660937499999996 0.5093593750000001 0.30434843749999996
2 0.49972500000000003 0.7776390625 0.5707984374999999 0.7837421875 0.5839125000000001 0.6323359375 0.5130796875 0.625915625 0.49972500000000003 0.7776390625
10 0.41686562499999996 0.6849265625000001 0.423503125 0.6101328125000001 0.39749687499999997 0.6080390625 0.3948375 0.6382046875 0.38298437500000004 0.6372234375 0.3792484375 0.6812640625 0.41686562499999996 0.6849265625000001
10 0.402675 0.3575078125 0.41384218749999996 0.358484375 0.41576874999999996 0.3364640625 0.40458437500000005 0.33566562499999997 0.402675 0.3575078125
13 0.4315015625 0.682065625 0.4734421875 0.685959375 0.48066250000000005 0.6037671875 0.42718125 0.5991859374999999 0.419628125 0.6845921875000001 0.43117656249999997 0.685775 0.4315015625 0.682065625
2 0.49923906249999994 0.7838828125 0.48440625 0.953428125 0.5554718750000001 0.9599046875000001 0.5701796875 0.7898328125 0.49923906249999994 0.7838828125
10 0.621603125 0.37667968749999997 0.6338765625 0.3778421875 0.636015625 0.35476874999999997 0.6238374999999999 0.353434375 0.621603125 0.37667968749999997
6 0.4680890625 0.777171875 0.4736296875 0.7140125 0.47099062500000005 0.7137421875000001 0.47286093749999997 0.691565625 0.43341250000000003 0.6883671875 0.42584999999999995 0.773334375 0.4374921875 0.7742078125 0.43694218749999997 0.7807796875 0.42542656250000005 0.7796609375 0.42278281250000005 0.8098859375 0.46228749999999996 0.8134640624999999 0.4649609375 0.7831812499999999 0.45380624999999997 0.782215625 0.4543609375 0.7758640625 0.4680890625 0.777171875
2 0.555371875 0.1390125 0.5351984375 0.3690875 0.61885 0.37663281249999997 0.6389703124999999 0.145959375 0.555371875 0.1390125
10 0.48156718749999994 0.9535359375000001 0.49173906250000005 0.8384828125 0.4603453125 0.8355765625 0.4618109375 0.819125 0.44521249999999996 0.817759375 0.44025468749999996 0.8748828124999999 0.4728625 0.8773359375 0.46627656249999994 0.952234375 0.48156718749999994 0.9535359375000001
3 0.5083765625 0.1345421875 0.5010671875 0.21789999999999998 0.51439375 0.2188484375 0.5138765624999999 0.2248953125 0.500596875 0.22364687499999997 0.494171875 0.29690625000000004 0.5386015625 0.30072031250000003 0.544928125 0.2276125 0.5339578125 0.2266515625 0.534440625 0.22057500000000002 0.545515625 0.2213203125 0.552446875 0.1389359375 0.5083765625 0.1345421875
10 0.6421921875 0.1403359375 0.636703125 0.20308593749999998 0.664890625 0.2055515625 0.67048125 0.1428109375 0.6421921875 0.1403359375
10 0.511184375 0.10116875 0.5197812500000001 0.101884375 0.5242375 0.050696874999999995 0.51585625 0.0498078125 0.511184375 0.10116875