0 0 0 0 1 1 1 1 0 0 0
10 0.346371875 0.40888749999999996 0.3240515625 0.40909375 0.32390625 0.46344375 0.31175156249999997 0.463540625 0.311715625 0.491234375 0.32134999999999997 0.49086406250000003 0.3214390625 0.48782812499999995 0.3464578125 0.4880328125 0.346371875 0.40888749999999996
10 0.3924453125 0.43836875 0.35309218750000004 0.4385828125 0.3531 0.4915625 0.392465625 0.49183281250000005 0.3924453125 0.43836875
6 0.39644218750000004 0.49147968750000004 0.40622499999999995 0.49135625000000005 0.4061375 0.49537812499999995 0.436353125 0.49525625 0.4362390625 0.491684375 0.4464546875 0.4915625 0.44628125 0.4385265625 0.43371250000000006 0.43844374999999997 0.43359531249999994 0.4333125 0.40793749999999995 0.43339531249999996 0.407965625 0.4384859375 0.39644218750000004 0.4384859375 0.39644218750000004 0.49147968750000004
13 0.4898203125 0.46208906250000004 0.4517953125 0.4625 0.45150625 0.54065625 0.4898203125 0.54078125 0.4898203125 0.46208906250000004
10 0.4965453125 0.5288484375 0.5134765625 0.5287796874999999 0.5134765625 0.4103875 0.48556406250000006 0.41045625 0.4855875 0.4528390625 0.4966421875 0.45266875000000006 0.4965453125 0.5288484375
10 0.45285000000000003 0.45267656250000005 0.48311875000000004 0.45267656250000005 0.483071875 0.41038281249999997 0.4392625 0.4104078125 0.4392625 0.42909687500000004 0.45277968749999997 0.429228125 0.45285000000000003 0.45267656250000005
10 0.470734375 0.3775875 0.439234375 0.3778140625 0.4392609375 0.40669843749999995 0.4708015625 0.40665625 0.470734375 0.3775875
10 0.47342031249999994 0.3745375 0.473396875 0.406521875 0.513428125 0.40659062500000004 0.513525 0.3845265625 0.5063421875 0.37446875 0.47342031249999994 0.3745375
10 0.5271078124999999 0.7599171874999999 0.492659375 0.7602625 0.4927984375 0.7983374999999999 0.5272828125 0.7981421875 0.5271078124999999 0.7599171874999999
1 0.71696875 0.7980609375000001 0.7169265625000001 0.759878125 0.53268125 0.759934375 0.5326390625 0.7980609375000001 0.71696875 0.7980609375000001
2 0.492721875 0.751778125 0.54191875 0.7521328125 0.541834375 0.747109375 0.58635 0.747109375 0.58635 0.751778125 0.594834375 0.751778125 0.5945843749999999 0.64271875 0.57740625 0.642603125 0.5774890625 0.6322578125 0.49660937499999996 0.632434375 0.496484375 0.6624625 0.49276406250000004 0.6625234375 0.492721875 0.751778125
3 0.4967 0.6285921875 0.5111546875 0.6286390625 0.5111890625 0.6321890625 0.5335515625 0.6319890625 0.5335515625 0.5383484375 0.496665625 0.5384984375 0.49659531250000005 0.5840140625 0.511084375 0.5837171875 0.5111890625 0.5888390625000001 0.49656093749999997 0.5887921875 0.4967 0.6285921875
13 0.5944109375 0.5909328125 0.5725078124999999 0.5912078125 0.5725421875000001 0.5736578125 0.5365328125 0.5738484374999999 0.53706875 0.6279078124999999 0.5946328125 0.6276734375 0.5944109375 0.5909328125
10 0.5922125 0.5384328125 0.5365671875 0.5384484375 0.536571875 0.5699546875 0.575021875 0.5699468750000001 0.575021875 0.58726875 0.59460625 0.5874078125 0.5944843750000001 0.5738624999999999 0.59235625 0.5738624999999999 0.5922125 0.5384328125
10 0.76328125 0.6313718749999999 0.7463515625 0.6313109375 0.74626875 0.6513484375 0.763321875 0.6511125 0.76328125 0.6313718749999999
8 0.613590625 0.7469265625 0.6949203125000001 0.747009375 0.6949203125000001 0.75201875 0.717125 0.751978125 0.717275 0.6413625 0.6325937500000001 0.6412765625 0.6324859375 0.5737828125 0.629728125 0.5737 0.6296999999999999 0.39747656249999996 0.5977703125 0.397109375 0.5974796875 0.7519359375 0.613590625 0.7518125 0.613590625 0.7469265625
11 0.751465625 0.7103531249999999 0.7229609375 0.7103937499999999 0.72293125 0.7518953125000001 0.7515515625 0.751853125 0.751465625 0.7103531249999999
1 0.763496875 0.5432296875 0.7223890625 0.54314375 0.722990625 0.7061484375 0.7635578125 0.705978125 0.7634390625 0.6555875 0.743334375 0.6554156250000001 0.743215625 0.6269875 0.7634390625 0.6271578124999999 0.763496875 0.5432296875
10 0.5948562500000001 0.47322968750000005 0.557378125 0.47318125 0.5572359375 0.5289906249999999 0.5949953125 0.5288906250000001 0.5948562500000001 0.47322968750000005
7 0.713034375 0.5732890625 0.7175328125 0.5731671875 0.717096875 0.5432015625 0.7069093750000001 0.5429968749999999 0.707025 0.5492359375 0.63254375 0.5492765625 0.6325937500000001 0.6412765625 0.717275 0.6413625 0.7170124999999999 0.6149078125 0.7129749999999999 0.6149140625 0.713034375 0.5732890625
2 0.710171875 0.5204156249999999 0.7061375 0.5205015625 0.7061375 0.4678984375 0.71035 0.4678984375 0.71035 0.44712968750000004 0.6348734375 0.44712968750000004 0.635053125 0.5343765625 0.64998125 0.5344609375 0.6500421875 0.5410140625000001 0.7102296875 0.5414421875000001 0.710171875 0.5204156249999999
6 0.5537046875 0.45131875 0.5573406249999999 0.45119999999999993 0.5573015625 0.4677515625 0.5949187499999999 0.4681078125 0.59479375 0.453446875 0.5977187500000001 0.453446875 0.5977187500000001 0.4113609375 0.5949609375 0.411303125 0.5949187499999999 0.39681875 0.55746875 0.397175 0.5573265625 0.4148515625 0.553578125 0.41496562499999995 0.5537046875 0.45131875
2 0.7101875 0.3288828125 0.6351 0.328953125 0.6349781250000001 0.4394875 0.7102140625 0.4398578125 0.7101890625 0.418990625 0.7061984375 0.41905937499999996 0.7061296875 0.3561375 0.7101656249999999 0.3562609375 0.7101875 0.3288828125
12 0.673434375 0.2295578125 0.5639703125 0.2301828125 0.5638765625 0.319253125 0.6736203125 0.3193921875 0.673434375 0.2295578125
13 0.6295828125 0.33549375000000003 0.5743453125 0.3354109375 0.5743734375 0.3892671875 0.62966875 0.3897203125 0.6295828125 0.33549375000000003
10 0.5561984375 0.3286765625 0.5515218749999999 0.3351765625 0.5514203125 0.3877140625 0.56750625 0.3877703125 0.5676671875 0.32873437499999997 0.5561984375 0.3286765625
5 0.5559859375 0.32766562499999996 0.556975 0.32766562499999996 0.557028125 0.2713 0.5610921875 0.271146875 0.56098125 0.23341249999999997 0.5571390625 0.2332578125 0.5570859375 0.2299203125 0.552746875 0.2297625 0.5525828125000001 0.22448437499999999 0.5234859375 0.22440781250000003 0.5233218749999999 0.3112828125 0.3974375 0.3114390625 0.39749218750000004 0.2299203125 0.361040625 0.22984062500000002 0.36120312499999996 0.2893125 0.3618078125 0.2893125 0.366309375 0.295521875 0.3661453125 0.34614375000000003 0.3618078125 0.3521984375 0.35324374999999997 0.3523546875 0.35324374999999997 0.42960312500000003 0.43630781250000006 0.42890625 0.436415625 0.3735484375 0.5066312500000001 0.373315625 0.5143171875 0.3838734375 0.514209375 0.529059375 0.55055 0.528903125 0.550715625 0.33503906250000004 0.5559859375 0.32766562499999996
4 0.51656875 0.2296859375 0.46004843749999996 0.229875 0.45980625 0.3020234375 0.5166234375000001 0.3018125 0.51656875 0.2296859375
4 0.46004843749999996 0.229875 0.404240625 0.22968281250000003 0.4041625 0.3019046875 0.45980625 0.3020234375 0.46004843749999996 0.229875
13 0.308971875 0.4597921875 0.32148125 0.4597921875 0.3213703125 0.40914375 0.283209375 0.4089796875 0.28318125 0.491046875 0.30913124999999997 0.491046875 0.308971875 0.4597921875
3 0.310634375 0.35230625 0.282646875 0.35264843749999997 0.2830078125 0.4049125 0.3464484375 0.40499375000000004 0.34638749999999996 0.35230625 0.313884375 0.3523921875 0.3140046875 0.37281875000000003 0.310575 0.37281875000000003 0.310634375 0.35230625
2 0.199025 0.47943281249999997 0.1952125 0.47914687499999997 0.1951625 0.49106562499999995 0.2727046875 0.4913484375 0.27255625 0.466946875 0.279828125 0.46687812500000003 0.28002812499999996 0.35260625 0.21301718749999998 0.3518953125 0.21296718750000002 0.3477109375 0.1953625 0.3477109375 0.1954625 0.4163734375 0.1988734375 0.41665625000000006 0.199025 0.47943281249999997
7 0.27474375 0.5410781250000001 0.2747203125 0.6644578125 0.2921125 0.6646296875 0.29207031250000004 0.6585578125 0.3216609375 0.65859375 0.3216234375 0.66415625 0.3429140625 0.66425625 0.3427953125 0.6501625 0.33875625 0.6501625 0.3386796875 0.5447296875000001 0.3215 0.544903125 0.3215 0.54114375 0.27474375 0.5410781250000001
8 0.27474375 0.5410781250000001 0.44590781249999994 0.540515625 0.446325 0.49541562499999997 0.1953296875 0.49547656250000005 0.1952875 0.664471875 0.2747203125 0.6644578125 0.27474375 0.5410781250000001
2 0.3589453125 0.64901875 0.396003125 0.6489828125 0.39625468750000004 0.6547296874999999 0.41105 0.6545156249999999 0.4107390625 0.5481671875 0.34930625000000004 0.5482359375 0.349215625 0.5693390625 0.3445359375 0.56948125 0.3445265625 0.6545296875 0.3591171875 0.654778125 0.3589453125 0.64901875
2 0.4898625 0.5481734375 0.416346875 0.5483921875 0.416065625 0.6545921875 0.43107187500000005 0.6547625 0.4309265625 0.6489765625 0.47518281250000005 0.649259375 0.47514687499999997 0.6547296874999999 0.4901625 0.654578125 0.4898625 0.5481734375
11 0.2249265625 0.672671875 0.1955203125 0.6725875 0.1953765625 0.7133093749999999 0.2246359375 0.7130609375 0.2249265625 0.672671875
1 0.3428609375 0.6721781250000001 0.227684375 0.6725875 0.2277703125 0.7303015625 0.26353125 0.7300171875 0.26353125 0.7014875 0.2835015625 0.7011999999999999 0.2835015625 0.7298921875 0.342975 0.7302625 0.3428609375 0.6721781250000001
10 0.28071406250000003 0.7054671875 0.266665625 0.705878125 0.266665625 0.72960625 0.2806578125 0.7297296875 0.28071406250000003 0.7054671875
10 0.18955468749999999 0.352446875 0.1628375 0.35269375 0.1628375 0.3958921875 0.1896234375 0.3959921875 0.18955468749999999 0.352446875
1 0.1896796875 0.40384843750000005 0.1628703125 0.4038765625 0.16280937499999998 0.6643671875 0.190284375 0.6643109375 0.1896796875 0.40384843750000005
10 0.36549062499999996 0.3459515625 0.3655515625 0.2958953125 0.36147968750000004 0.2903078125 0.3531546875 0.290621875 0.353175 0.3513109375 0.361459375 0.3513109375 0.36549062499999996 0.3459515625