2 0.781486965625 0.7026576640625 0.7400060500000001 0.6455656875 0.7003804578125 0.6740305703125 0.7420951375 0.731599665625 0.781486965625 0.7026576640625
10 0.80508735 0.5149421609375 0.7943370953125 0.50039476875 0.7894763671875 0.5036752296875 0.8194980562499999 0.545389246875 0.820940940625 0.544341253125 0.8014170859374999 0.51760851875 0.80508735 0.5149421609375
12 0.6761677546875 0.571338334375 0.6224067390625 0.4974211796875 0.5920262671875001 0.519493921875 0.6455520796875 0.5934942078125001 0.6761677546875 0.571338334375
1 0.9122213015625 0.6120232609375 0.8983293218749999 0.5927719296875 0.8708558125 0.6127326703125 0.8848125765624999 0.63207340625 0.9122213015625 0.6120232609375
10 0.3484236421875 0.8875471781250001 0.335334728125 0.8695307359375001 0.3261872140625 0.8763693531250001 0.339456234375 0.8942544421875 0.3484236421875 0.8875471781250001
13 0.5209053124999999 0.7621572796875 0.5387339234375 0.7495205031250001 0.508954784375 0.70830910625 0.4945629546875 0.71856329375 0.50681421875 0.73555598125 0.5034259296875 0.7381049078124999 0.5209053124999999 0.7621572796875
10 0.4347805375 0.1897706328125 0.43335072031250005 0.18773486718750002 0.42355379062500004 0.1949579359375 0.4370651796875 0.21381393750000002 0.44886430156249996 0.2057880859375 0.43621060624999997 0.1885917828125 0.4347805375 0.1897706328125
10 0.392205028125 0.20099883593749998 0.3790505546875 0.18279819375 0.3698297453125 0.189583559375 0.3829086625 0.2077566203125 0.392205028125 0.20099883593749998
11 0.43049023281250004 0.184087440625 0.4207338046875 0.1705010984375 0.40436000781250003 0.182235115625 0.4141931671875 0.1959263703125 0.43049023281250004 0.184087440625
4 0.374686428125 0.1502900390625 0.345189290625 0.1096904984375 0.31818633749999997 0.1291163546875 0.347593271875 0.1699753890625 0.374686428125 0.1502900390625
1 0.6569640531250001 0.20205376249999998 0.591335059375 0.11139644374999999 0.5786267296875 0.120963184375 0.6439382328125001 0.2108544890625 0.6569640531250001 0.20205376249999998
12 0.2868919734375 0.2099128609375 0.318152028125 0.1872009015625 0.2634718265625 0.1133233390625 0.23301251875 0.13564744687500002 0.2868919734375 0.2099128609375
10 0.32312227031249996 0.238188628125 0.301861159375 0.208268103125 0.2914019765625 0.2158744890625 0.3127805203125 0.24556759375 0.32312227031249996 0.238188628125
10 0.435993665625 0.21550867343750002 0.42325709843750003 0.198108765625 0.41827041718749997 0.2014629625 0.431064859375 0.2189486234375 0.435993665625 0.21550867343750002
10 0.47291478593749997 0.2384276078125 0.45376927499999997 0.21214592968749998 0.44721479531249997 0.21658847187500002 0.4665030578125 0.2431022390625 0.47291478593749997 0.2384276078125
2 0.5298783265625 0.29009484375 0.5034508921875 0.25443370781249997 0.46330379062500004 0.283731046875 0.4894136234375 0.3197541359375 0.5298783265625 0.29009484375
13 0.5542847390625 0.13565511875 0.5578516328124999 0.140546415625 0.5457271984375 0.1492850578125 0.5607394046875 0.1698460203125 0.589601453125 0.148663965625 0.5709870390625 0.12376782500000001 0.5542847390625 0.13565511875
7 0.550156325 0.1777488765625 0.5324590171875 0.1533893140625 0.4831238328125 0.18961870625 0.5039654734375 0.2188684671875 0.51248815625 0.212869178125 0.5114626640625 0.2110889328125 0.5425061437500001 0.1883479953125 0.5401108781249999 0.1852406921875 0.550156325 0.1777488765625
10 0.4013188453125 0.23567820625000002 0.424684684375 0.21910804062499997 0.3916624546875 0.17372131875000002 0.3817504359375 0.180976853125 0.397625925 0.2028232828125 0.38435400625 0.2121976953125 0.4013188453125 0.23567820625000002
10 0.40318034062499997 0.28927183125 0.40998290312499996 0.284328059375 0.3899316984375 0.2565730484375 0.3829787546875 0.261466284375 0.40318034062499997 0.28927183125
8 0.5862941234375 0.2487495015625 0.5436186765625 0.1903881375 0.41337170624999997 0.28540810625 0.4277492140625 0.3051979265625 0.5048110515625 0.2494074890625 0.5322920578125 0.287985028125 0.5862941234375 0.2487495015625
1 0.6390415515625001 0.2475282640625 0.6246619578125 0.22796499531249997 0.44866498125 0.3563004484375 0.46238270625 0.37518072187499996 0.6390415515625001 0.2475282640625
2 0.48754945781250003 0.3204195734375 0.46143486093749997 0.284795896875 0.4209718359375 0.314056265625 0.44708345625 0.350080653125 0.48754945781250003 0.3204195734375
6 0.40427979531249997 0.2459128921875 0.4006304703125 0.240890690625 0.3876099546875 0.25008448906249997 0.4132090796875 0.2850605171875 0.43208650937500004 0.2713448234375 0.4104449359375 0.241299465625 0.40427979531249997 0.2459128921875
10 0.42611459218750003 0.3065135859375 0.4118175 0.2867221015625 0.40480578749999996 0.2917037453125 0.419367084375 0.311415415625 0.42611459218750003 0.3065135859375
10 0.38896460781250003 0.1699421390625 0.37891176875 0.15584272500000002 0.35103610937499996 0.1763607375 0.3664256984375 0.18634969375 0.38896460781250003 0.1699421390625
5 0.303240596875 0.207888259375 0.324613403125 0.237305428125 0.3527663890625 0.21629104531249999 0.37852313125000003 0.25201253125 0.3997117140625 0.23689775625 0.3636057015625 0.1872029046875 0.3485649140625 0.1773786 0.3151506953125 0.13154456718750002 0.29436640468749997 0.1465051359375 0.326360309375 0.190812875 0.303240596875 0.207888259375
10 0.5008478234375 0.21831182187499998 0.48102884687499997 0.1908743921875 0.45478815156249996 0.209939059375 0.4747499421875 0.23756901875 0.5008478234375 0.21831182187499998
1 0.44521739374999997 0.1602589875 0.441763834375 0.15523425468750002 0.42304189843750006 0.16967201406250002 0.4494509625 0.20547685625 0.5279869609375 0.1481367296875 0.5051529453125 0.11643565 0.44521739374999997 0.1602589875
10 0.46525413593750004 0.24411634843750002 0.44577997812500003 0.217177996875 0.4411140203125 0.2209290953125 0.46050199062499997 0.24769284218749998 0.46525413593750004 0.24411634843750002
10 0.6558674515625 0.23506295625 0.6415791125 0.21539664531249997 0.6259582171875 0.2269101671875 0.6401662546875 0.2463091875 0.6558674515625 0.23506295625
10 0.55455185 0.13944910625 0.5520635859375 0.136024315625 0.533761878125 0.1493197734375 0.5533000875 0.1758335015625 0.559677753125 0.17178281875 0.54235241875 0.148313528125 0.55455185 0.13944910625
2 0.638065484375 0.21097150468749998 0.5937406125 0.14980709375 0.5445562796875 0.1857104359375 0.5890292609375 0.246761215625 0.638065484375 0.21097150468749998
13 0.45821354843749995 0.2479967625 0.44007895 0.22256427343750002 0.413765659375 0.24167998750000003 0.4320508828125 0.26716455625 0.45821354843749995 0.2479967625
2 0.2521399640625 0.46535671093750003 0.22401978906250003 0.42633936875 0.1882914875 0.45262240781249996 0.21640963593749998 0.49147712656250003 0.2521399640625 0.46535671093750003
1 0.17137874687500002 0.382446346875 0.15764094374999998 0.363539196875 0.13388750625 0.3805187875 0.1477553640625 0.39960783125 0.17137874687500002 0.382446346875
2 0.1569702015625 0.5343676171875 0.112271840625 0.473392084375 0.0695544328125 0.5048794078125 0.113780359375 0.5658585781250001 0.1569702015625 0.5343676171875
10 0.18620025625 0.3537700109375 0.18186911249999999 0.34795881875 0.162076521875 0.3624886359375 0.16630076875 0.368304103125 0.18620025625 0.3537700109375
3 0.053618634374999995 0.45166876718750004 0.05183205 0.4491184140625 0.0425230703125 0.45565671874999997 0.044450028125 0.45822438906249996 0.03855420625 0.4624107390625 0.06797565312500001 0.5023625843749999 0.08881639218750001 0.4877284546875 0.0593877265625 0.4474613578125 0.053618634374999995 0.45166876718750004
5 0.15403035625 0.22128386875 0.1293906 0.23824089375000002 0.18729765468749998 0.3171601109375 0.17294603749999998 0.327588275 0.19752071875 0.36094050625 0.221219534375 0.343885721875 0.21798632499999998 0.3388039421875 0.24482134531250002 0.319146821875 0.22162055 0.2870577171875 0.2089131015625 0.2962604640625 0.2082716171875 0.29556633125 0.1748253015625 0.24903023750000003 0.1619872109375 0.23182833593750002 0.15403035625 0.22128386875
10 0.13665745468749999 0.374884859375 0.121875234375 0.35453742187500004 0.1171521421875 0.3578878375 0.1318990796875 0.378342109375 0.13665745468749999 0.374884859375
10 0.22681893749999998 0.2830625109375 0.2244577875 0.2850548421875 0.2317528421875 0.295226371875 0.2490106125 0.2826910828125 0.21950329375000002 0.24220705625 0.2118392546875 0.2477745203125 0.22284524062500002 0.262528196875 0.21593029375 0.267551465625 0.22681893749999998 0.2830625109375
12 0.180269134375 0.3141649265625 0.126316428125 0.24095521875 0.09554116875 0.26318224375 0.14924922499999999 0.337104621875 0.180269134375 0.3141649265625
2 0.225713665625 0.4250981703125 0.2540909859375 0.4640510546875 0.289646915625 0.4377684234375 0.26127240937499996 0.39926279375 0.225713665625 0.4250981703125
10 0.179995725 0.3403757078125 0.1713830890625 0.3284575375 0.152908484375 0.34200976562499996 0.1614596390625 0.353779475 0.179995725 0.3403757078125
11 0.1458068703125 0.579798275 0.1317921625 0.5605711265625 0.1175183546875 0.5708113671875 0.13153357968749999 0.5901017109375 0.1458068703125 0.579798275
1 0.12964979375000002 0.37831394218750003 0.1156223984375 0.35922643593750003 0.0553998296875 0.40264595 0.06947995 0.42191652343749997 0.12964979375000002 0.37831394218750003
13 0.09206906718749999 0.45245092500000006 0.088271621875 0.44735251875 0.070847165625 0.45988415156249995 0.09034929375 0.4860302484375 0.118228490625 0.465774284375 0.1027310625 0.444636815625 0.09206906718749999 0.45245092500000006
8 0.213718184375 0.49343159999999997 0.18330058124999998 0.4517249203125 0.2594743703125 0.3965402375 0.24534695156250003 0.377560328125 0.238545175 0.382279334375 0.23934430624999997 0.3832696390625 0.23794264531249998 0.3843981140625 0.23607736406250002 0.3820500625 0.11541147656249999 0.4710011890625 0.1596678015625 0.5327016718750001 0.213718184375 0.49343159999999997
7 0.112021753125 0.40168588437499997 0.11036837343749999 0.3997867734375 0.0751862140625 0.42562262031250003 0.09194384375 0.44912329531250006 0.102850859375 0.44153773281250003 0.12120599531250001 0.4667944984375 0.1651112828125 0.43421730625 0.13130975312499998 0.3878656140625 0.112021753125 0.40168588437499997
0 0.46064914687499997 0 0.303221584375 0.024934076562499997 0 0.245237678125 0 0.539350853125 0.024934076562499997 0.696778415625 0.245237678125 1 0.539350853125 1 0.696778415625 0.9750659234375 1 0.754762321875 1 0.46064914687499997 0.9750659234375 0.303221584375 0.754762321875 0 0.46064914687499997 0
1 0.3073548203125 0.46237467812500005 0.2930545328125 0.44269285781249995 0.13364705937500002 0.5592079234375 0.147317553125 0.578179521875 0.3073548203125 0.46237467812500005
6 0.21702992656250003 0.356507453125 0.2140291125 0.3527730953125 0.20125962187500002 0.362183415625 0.2041411203125 0.3662831234375 0.1984084328125 0.370181028125 0.21709520312500002 0.39537419375 0.24380859843749997 0.3751589140625 0.226005921875 0.3502639296875 0.21702992656250003 0.356507453125
10 0.19415994375 0.4100284140625 0.17682105625 0.38607402031250004 0.149312640625 0.40625385625000004 0.1664287734375 0.42999041406250005 0.19415994375 0.4100284140625
10 0.2214227234375 0.2810443171875 0.2144053984375 0.2712179640625 0.201696421875 0.28045101093749997 0.20880523593750003 0.2904954234375 0.2214227234375 0.2810443171875
10 0.08372176718749999 0.44741187812499994 0.07847980156249999 0.4404445609375 0.06427208437500001 0.45096225156249997 0.0694308484375 0.45805348593749995 0.08372176718749999 0.44741187812499994
10 0.075535359375 0.43653674843749996 0.0593993375 0.4141241046875 0.04665049375 0.4233951046875 0.06290073125 0.445819715625 0.075535359375 0.43653674843749996
13 0.214369853125 0.3950670625 0.186228009375 0.35660210000000003 0.167844409375 0.3702095203125 0.1954492984375 0.4084605359375 0.214369853125 0.3950670625
10 0.219886940625 0.2615792953125 0.21041760312500002 0.24854705156249998 0.1873606078125 0.2652992703125 0.1967397640625 0.2783015015625 0.219886940625 0.2615792953125
4 0.2160008859375 0.23712361718750002 0.1865799375 0.1968552984375 0.1575192765625 0.21820169687500002 0.186174125 0.258097778125 0.2160008859375 0.23712361718750002
1 0.0574656078125 0.441078775 0.0454087859375 0.42437484999999997 0.023193884375 0.44074057812499995 0.0348788859375 0.4570446203125 0.0574656078125 0.441078775
2 0.4639446328125 0.90044386875 0.4377744734375 0.864988771875 0.39857414062499996 0.8936615640625 0.424475834375 0.9291196328125 0.4639446328125 0.90044386875
8 0.561644346875 0.8292778437500001 0.5174499140625 0.7692666 0.3911143546875 0.86105521875 0.4074417828125 0.8835277203125 0.47991613437499997 0.8311548109375 0.5072656859375 0.8693418578125 0.561644346875 0.8292778437500001
2 0.46546469375 0.8036867125 0.4384515109375 0.7665047328125 0.40954377812500004 0.7871086921875 0.43668970468749996 0.8249989390625 0.46546469375 0.8036867125
10 0.40144525 0.7825016734375 0.388647678125 0.7654357328125 0.37164491875 0.7776933359375 0.384006021875 0.7948901046875 0.40144525 0.7825016734375
10 0.41724775156250005 0.7413511109375001 0.4061853796875 0.7262314375 0.4019052875 0.7293424171875 0.41281429531249997 0.744462653125 0.41724775156250005 0.7413511109375001
10 0.50734960625 0.6886256890625 0.490323496875 0.6650979296874999 0.4839194375 0.669840953125 0.5008173218749999 0.69327828125 0.50734960625 0.6886256890625
10 0.363166975 0.8331270609375 0.35148351718750004 0.8168227734375 0.34520137968750003 0.82138670625 0.3567269546875 0.8375831125 0.363166975 0.8331270609375
10 0.3859248609375 0.8001832249999999 0.38435026250000004 0.8013185234375 0.381332059375 0.7975742640625 0.37837250624999996 0.7996139140625 0.3906204953125 0.816216371875 0.3951786203125 0.8130629375 0.3859248609375 0.8001832249999999
10 0.5032607359375 0.7342552296875 0.49254401249999996 0.7195000328125001 0.48766448125000006 0.7230413343750001 0.517806478125 0.7644262281249999 0.51910395 0.7636986765625 0.49963086093750003 0.73678705 0.5032607359375 0.7342552296875
7 0.516698690625 0.769088171875 0.48525794375000003 0.7252465109374999 0.457269703125 0.7457728625 0.4369090421875 0.760761253125 0.4683461953125 0.8042206437500001 0.516698690625 0.769088171875
1 0.598391171875 0.8068485437499999 0.6108637609375 0.7979408578125 0.5247705828125 0.6795180046875 0.5124419578125 0.688475659375 0.598391171875 0.8068485437499999
1 0.6106279609375 0.8314607437499999 0.596158771875 0.8117313218750001 0.429941940625 0.9330773328124999 0.4440371234375 0.9519136421875001 0.6106279609375 0.8314607437499999
5 0.35681470000000004 0.838806321875 0.339989390625 0.8159570671875 0.34179134843750003 0.8144693625 0.3286064640625 0.796376365625 0.326738396875 0.79771634375 0.314883434375 0.78203720625 0.294177328125 0.7970818937499999 0.3282058859375 0.8439180984375 0.32357101875 0.8472861796875 0.3903943484375 0.93863233125 0.4120722859375 0.9228816125 0.3784227671875 0.8762511453125 0.38504567343749996 0.8632013046875 0.36353720312500004 0.8335968015624999 0.35681470000000004 0.838806321875
2 0.5640734640625 0.82774459375 0.593065346875 0.80696278125 0.51700330625 0.7022725953125 0.5109007437499999 0.7066119203125 0.542552559375 0.7501781078125 0.519922146875 0.766337546875 0.5640734640625 0.82774459375
10 0.3891417828125 0.8895125921875 0.39916420625 0.8824547203125 0.3856707375 0.8642112703124999 0.3799091484375 0.87681620625 0.3891417828125 0.8895125921875
10 0.3525427609375 0.8909509625 0.3394395234375 0.9000819265625 0.32340660312499997 0.8783901546875 0.3130058265625 0.8863353249999999 0.3479428953125 0.9344229390625 0.37152865468749996 0.9168940671874999 0.3525427609375 0.8909509625
10 0.3891370453125 0.8177074171875001 0.37708346875 0.8013336109375 0.35813690781249996 0.8152121234375 0.36992695625 0.8315501515625 0.3891370453125 0.8177074171875001
6 0.3968124078125 0.8156074343749999 0.3717941578125 0.8340102203124999 0.37403537187499997 0.8372036203125001 0.3708181890625 0.8396542578125 0.383940915625 0.8577143859374999 0.38737084843749997 0.8554483656249999 0.391159790625 0.8607727593750001 0.41649597031249996 0.8426992921875 0.3968124078125 0.8156074343749999
11 0.5009022234375 0.6970505046875 0.4818888296875 0.6710136734375001 0.46793817187500003 0.6812865765625 0.49130453125000006 0.7135820078124999 0.5149702875 0.6958490453125 0.5106189750000001 0.6899904234375 0.5009022234375 0.6970505046875
2 0.5047983296874999 0.8707435312499999 0.4787175828125 0.8354134875 0.439608440625 0.8640227953125 0.46541967656249994 0.8995489781250001 0.5047983296874999 0.8707435312499999
12 0.34394627031249997 0.8133623796875 0.374734025 0.790764775 0.320754834375 0.7166986671875 0.29018161249999996 0.7391325703125 0.34394627031249997 0.8133623796875
13 0.434353990625 0.8251442390625 0.4071540359375 0.7882512859374999 0.3895476640625 0.8010427 0.4164884671875 0.838217159375 0.434353990625 0.8251442390625
1 0.40443109218749995 0.7802284734375 0.4058083234375 0.7820321078125 0.4324178109375 0.7629786375000001 0.42908166718749996 0.7582058265625 0.48934679687499993 0.714605553125 0.4661401875 0.6827594125 0.40781755468750003 0.7250601249999999 0.420591215625 0.7425743890625001 0.3902149765625 0.7646638625 0.4026129640625 0.7813643765625 0.40443109218749995 0.7802284734375
4 0.3211419328125 0.8403795781250001 0.291168415625 0.79934925625 0.2641473640625 0.818980471875 0.29368739375 0.8600905265625001 0.3211419328125 0.8403795781250001
10 0.3338296421875 0.8650121140625 0.3220911875 0.8488699890625 0.29817350625 0.8658613546874999 0.3102913203125 0.8822012578124999 0.3338296421875 0.8650121140625
13 0.8401700812499999 0.530079440625 0.8106381812500001 0.48898075468749996 0.7963264921875 0.4993314046875 0.8086274124999999 0.516377925 0.8052277953125 0.5186755296875 0.822464540625 0.542554346875 0.8401700812499999 0.530079440625
5 0.62563493125 0.627853265625 0.6921042984375 0.71945164375 0.7140646562499999 0.7034964140625 0.6805042734375 0.6570891265625 0.6868333890625 0.643742528125 0.6654407515625 0.614300025 0.6584853390625 0.619467334375 0.6170409921875 0.562746075 0.596066675 0.5779851125000001 0.62983983125 0.6247969078125 0.62563493125 0.627853265625
10 0.664970684375 0.613819203125 0.6529892562499999 0.5974814281249999 0.6469388671875 0.6020402953125 0.658621884375 0.61827188125 0.664970684375 0.613819203125
10 0.6875721203125 0.5808764156249999 0.686015796875 0.5820072390625 0.6829481656249999 0.578180634375 0.6803319078125 0.5800804859375 0.6924352953125 0.5969985125 0.69685749375 0.5937859265625 0.6875721203125 0.5808764156249999
7 0.7806309078125 0.480498621875 0.7787159703125 0.48201213125000003 0.7681865703125 0.46795022968750005 0.7138125484375 0.5071845515625 0.7697044765625 0.5846574484375 0.81853660625 0.54945691875 0.7847807687499999 0.5033637609375 0.79301065 0.4972637234375 0.7806309078125 0.480498621875
10 0.703234940625 0.5634349140625 0.6907125765625 0.5461988265625 0.673457246875 0.5583999328125 0.6860670062499999 0.5757882875 0.703234940625 0.5634349140625
2 0.8222898484375 0.6732058359375 0.78058133125 0.615955325 0.7414132953125 0.6447321578125 0.7832010656249999 0.7020935125000001 0.8222898484375 0.6732058359375
13 0.7364649437499999 0.606407853125 0.7090003281249999 0.5684731640625 0.6904293421875 0.5814268499999999 0.7180273046875 0.6198039375 0.7364649437499999 0.606407853125
10 0.8088063828125 0.48598511718750004 0.796593246875 0.4693929578125 0.7826814203125 0.4795015125 0.7945294453125 0.4961356796875 0.8088063828125 0.48598511718750004
10 0.6503611984375001 0.6683652437500001 0.6373222578125 0.650554453125 0.628094965625 0.6570291984375001 0.6413297609375 0.6748580093750001 0.6503611984375001 0.6683652437500001
4 0.622299115625 0.6208751265625 0.592835109375 0.58059464375 0.5662209921875 0.599648846875 0.59543129375 0.640395065625 0.622299115625 0.6208751265625
10 0.8092778609375 0.46935505624999996 0.792119471875 0.4459210203125 0.7872290609375 0.44947353593750006 0.8043848859375 0.472811478125 0.8092778609375 0.46935505624999996
10 0.69107211875 0.5982601046875 0.6790159921875001 0.5818202593749999 0.6600343671875 0.5960966562500001 0.6720920375 0.6125362578125 0.69107211875 0.5982601046875
11 0.7938708328125 0.465538571875 0.78400095625 0.45184522187500004 0.769723775 0.46199424218749996 0.7796989421875 0.47572311875000006 0.7938708328125 0.465538571875
10 0.6354110546875 0.645429396875 0.6235746453125001 0.629138259375 0.60043808125 0.6466466109375 0.611945965625 0.6627113515625 0.6354110546875 0.645429396875
2 0.9090141656249999 0.57786061875 0.8641220140625 0.516260840625 0.8217877828125 0.547600465625 0.8656757140625 0.6087628921875 0.9090141656249999 0.57786061875
10 0.700877778125 0.6632070156250001 0.6875769593750001 0.6449014125 0.6816632484375 0.6573849015625 0.690926728125 0.6702061234375 0.700877778125 0.6632070156250001
6 0.698523309375 0.5962130296875 0.6734833359375 0.614538575 0.6757883687499999 0.6178452609375 0.6724873140625001 0.620375625 0.6859274109375 0.638611709375 0.6891493140625 0.636180890625 0.6929821859375 0.641473015625 0.7184657624999999 0.6231515625 0.698523309375 0.5962130296875
10 0.719084478125 0.52212186875 0.7080107390625 0.507010321875 0.7037135921875 0.5101334953125 0.7144699625 0.5250690859375 0.719084478125 0.52212186875
3 0.842861815625 0.528885853125 0.8630487 0.514358446875 0.8266246234375 0.464223559375 0.8063111624999999 0.47871089843750003 0.842861815625 0.528885853125
2 0.7670667875 0.5843744015625 0.7245577296875 0.5257351484375 0.6956509359374999 0.54660473125 0.738602396875 0.605460253125 0.7670667875 0.5843744015625
8 0.8787563296875 0.631850884375 0.8198184625 0.55072829375 0.6933497609375 0.6423355078124999 0.709543803125 0.6646250593749999 0.782004840625 0.6114189765625 0.8246334031250001 0.67145200625 0.8787563296875 0.631850884375
10 0.654246671875 0.6713725734375 0.6414674421875 0.6809711078125 0.6251839765625 0.6588760640625 0.614570828125 0.6667488796875001 0.6496814375 0.7150731968749999 0.6735216296875 0.697752396875 0.654246671875 0.6713725734375