0 0.402809375 0 0 0.1627453125 0 0.597190625 0.1627453125 1 0.597190625 1 1 0.8372546875 1 0.402809375 0.8372546875 0 0.402809375 0
11 0.6218203124999999 0.2431390625 0.6142765625 0.22449375 0.594134375 0.23263281249999998 0.6016453125 0.2512765625 0.6218203124999999 0.2431390625
10 0.207228125 0.3949296875 0.2056890625 0.39101718750000003 0.20235468750000002 0.3923640625 0.20394843749999997 0.396246875 0.207228125 0.3949296875
10 0.8186937500000001 0.5598734375000001 0.8222015624999999 0.5704765625 0.8339703125 0.5673453125 0.8327578125 0.5638953124999999 0.8274687500000001 0.565346875 0.8250421875 0.55820625 0.8186937500000001 0.5598734375000001
10 0.6461078125 0.783253125 0.6342 0.75404375 0.6310828125 0.7552859375 0.6429109375000001 0.784503125 0.6461078125 0.783253125
10 0.3813828125 0.8069953125 0.3591203125 0.7518984375 0.351746875 0.754953125 0.373975 0.8099718749999999 0.3813828125 0.8069953125
10 0.39454218750000003 0.8584984375 0.39258906250000003 0.8536953125 0.3892953125 0.85505625 0.39126249999999996 0.8598531250000001 0.39454218750000003 0.8584984375
3 0.32320000000000004 0.751040625 0.3074875 0.7121187499999999 0.28547968749999997 0.7211265625000001 0.3012 0.76009375 0.32320000000000004 0.751040625
1 0.2508 0.7710640625 0.2379203125 0.7762671875 0.23825781250000003 0.777059375 0.2381234375 0.7770765625 0.2467625 0.7987015625 0.24695 0.798625 0.24979218749999998 0.8056906250000001 0.26194375000000003 0.8007828124999999 0.2594078125 0.7945203125 0.26030000000000003 0.7940968749999999 0.251271875 0.77180625 0.25111875 0.771884375 0.2508 0.7710640625
11 0.241021875 0.7721484375000001 0.2411078125 0.772390625 0.24869218750000002 0.7693125000000001 0.24859843750000002 0.7691046874999999 0.2501890625 0.7684671875 0.23930156249999998 0.7415984375 0.22603125 0.746925 0.22787031249999998 0.7513546875 0.2274671875 0.7515171875 0.23361562500000002 0.7668140625000001 0.23405937500000001 0.7666359375 0.23691718750000001 0.7737984375 0.241021875 0.7721484375000001
1 0.3926625 0.8636359375 0.40499375000000004 0.8939328124999999 0.43213749999999995 0.882965625 0.41726718749999997 0.84619375 0.395584375 0.85500625 0.398215625 0.8615171875 0.3926625 0.8636359375
10 0.3485859375 0.7994984374999999 0.3556375 0.81719375 0.3724265625 0.8105171875 0.36524375 0.7927671875 0.3485859375 0.7994984374999999
13 0.353325 0.8163203125 0.336278125 0.7742578124999999 0.3109765625 0.784540625 0.32774375 0.8268093750000001 0.353325 0.8163203125
13 0.3639328125 0.790259375 0.3501703125 0.7560890625 0.3339015625 0.76271875 0.3475078125 0.7968140625 0.3639328125 0.790259375
10 0.32814375 0.9143593750000001 0.339534375 0.9426046875 0.3493078125 0.938671875 0.34575625 0.93006875 0.3413984375 0.9318296875 0.333484375 0.9121859375 0.32814375 0.9143593750000001
10 0.5877390625000001 0.6795078125 0.5902578125 0.6858203125 0.59685 0.683128125 0.6055921875 0.7047140625 0.6067546875 0.7042437500000001 0.5954609375000001 0.67634375 0.5877390625000001 0.6795078125
10 0.76535625 0.6047984375000001 0.76829375 0.613603125 0.779503125 0.6105921875 0.77625625 0.6010765625000001 0.7705015625 0.6025 0.770809375 0.603259375 0.76535625 0.6047984375000001
13 0.8427140625 0.603259375 0.849003125 0.622396875 0.87535625 0.61546875 0.8676578125000001 0.5913781250000001 0.8514328125 0.5957296875 0.8530265625 0.6005140625000001 0.8427140625 0.603259375
7 0.7688640625 0.5740375 0.77248125 0.5852578125 0.7655859375 0.5871203125 0.7700484375000001 0.6004125 0.777078125 0.598584375 0.7816609375 0.6122859375 0.774775 0.6141703125 0.784015625 0.6416546875 0.8471453125 0.6248781250000001 0.8340093749999999 0.5859687499999999 0.8262937499999999 0.5878515625 0.8173203125 0.5605921875 0.7688640625 0.5740375
10 0.8391781249999999 0.5937734375 0.8417562500000001 0.6010046874999999 0.8507250000000001 0.5986828125 0.8491296875 0.5939671875 0.8671578125 0.5890859374999999 0.8662828125 0.5864625 0.8391781249999999 0.5937734375
13 0.7369328125 0.651675 0.7275343750000001 0.6283359374999999 0.69459375 0.6416890625 0.7039875 0.6649703125 0.7369328125 0.651675
11 0.9238781250000001 0.693228125 0.917171875 0.6730359375 0.89535 0.6788328124999999 0.9021015625000001 0.69898125 0.9238781250000001 0.693228125
1 0.6472781249999999 0.6480265625 0.644296875 0.640521875 0.658740625 0.6346421875 0.6457609375 0.6024078125 0.6148921875 0.6149234375 0.617990625 0.622671875 0.5981328125 0.6307265625 0.6110046875 0.6626921875 0.6472781249999999 0.6480265625
1 0.7308453125 0.6852921875 0.752803125 0.739521875 0.755340625 0.7384968749999999 0.8123453125 0.7234046875 0.793790625 0.667909375 0.7349078125 0.6837296875 0.7308453125 0.6852921875
10 0.758675 0.5671468749999999 0.7639140624999999 0.58260625 0.7692609375 0.5812375000000001 0.7660296875 0.5718140625 0.7847328124999999 0.5670140625 0.782725 0.560728125 0.758675 0.5671468749999999
6 0.7811734375 0.6424578125 0.7720625 0.614746875 0.767553125 0.61593125 0.7640421875000001 0.6058484375 0.7483296875 0.6101 0.755375 0.6326031249999999 0.7508390625 0.6336734374999999 0.7559734375 0.6491374999999999 0.7604859375 0.6479453125 0.7610078125 0.649478125 0.7774484375 0.6450921875 0.7768765625 0.6434890625 0.7811734375 0.6424578125
13 0.6070562500000001 0.6688234375000001 0.597125 0.6443218749999999 0.5554218750000001 0.6609734375 0.5654796875 0.6857890624999999 0.6070562500000001 0.6688234375000001
10 0.834465625 0.563496875 0.8362078125 0.568934375 0.8228890625 0.5725515624999999 0.8273906249999999 0.5860109375 0.83345 0.584334375 0.8333359375 0.5839562500000001 0.8358234375 0.583228125 0.8381187499999999 0.5899125 0.864853125 0.582696875 0.8565343750000001 0.557596875 0.834465625 0.563496875
10 0.754159375 0.6490203125 0.749434375 0.6347203125 0.7336843749999999 0.6389375 0.7393500000000001 0.6529796875 0.754159375 0.6490203125
10 0.7536921875 0.6312265625 0.7464046875 0.6101015624999999 0.7275375000000001 0.61518125 0.7345203125 0.636246875 0.7536921875 0.6312265625
1 0.8940609374999999 0.6805015625 0.8749359374999999 0.6860703125 0.881065625 0.7045671875 0.90044375 0.6995453125 0.8940609374999999 0.6805015625
1 0.673840625 0.7714328125 0.6622140625 0.7427078125000001 0.6357375000000001 0.7534046875 0.6473421874999999 0.7821281250000001 0.673840625 0.7714328125
1 0.2743125 0.31230156249999996 0.26789687500000003 0.2964125 0.26539375 0.29741093749999997 0.2651015625 0.2967109375 0.24834843750000002 0.303425 0.2486609375 0.304171875 0.24677968749999998 0.30496249999999997 0.2532265625 0.32076875 0.255359375 0.319934375 0.2555765625 0.3204734375 0.2716921875 0.3138703125 0.2715296875 0.3134265625 0.2743125 0.31230156249999996
3 0.0982109375 0.25763437499999997 0.113946875 0.2966109375 0.136015625 0.2876328125 0.1201953125 0.24858750000000002 0.11513124999999999 0.25061875 0.115196875 0.25080625 0.0982109375 0.25763437499999997
10 0.1549640625 0.35745625 0.151434375 0.34869374999999997 0.1370078125 0.3544921875 0.1405796875 0.3633 0.1549640625 0.35745625
10 0.231346875 0.3279296875 0.21985312499999998 0.29963125 0.20385312500000002 0.3059578125 0.21533281249999997 0.334384375 0.231346875 0.3279296875
10 0.1407484375 0.45080468749999997 0.152225 0.479046875 0.16196875 0.47512499999999996 0.158515625 0.4665 0.154071875 0.46823437500000004 0.14618124999999998 0.44859375 0.1407484375 0.45080468749999997
10 0.18287031250000002 0.315790625 0.1719859375 0.2885140625 0.1644765625 0.2914984375 0.1867046875 0.34651875 0.1941125 0.3435390625 0.18287031250000002 0.315790625
11 0.0537046875 0.30874375 0.053793749999999994 0.30893906250000003 0.061421875 0.3058578125 0.061346875 0.3056421875 0.0629140625 0.30499375 0.052021874999999995 0.27806406250000004 0.0387890625 0.2834359375 0.040515625 0.28765625 0.0404109375 0.2877171875 0.0467578125 0.3034 0.0468609375 0.3033578125 0.0496671875 0.31033125 0.0537046875 0.30874375
1 0.206525 0.3869546875 0.206790625 0.3876453125 0.22860624999999998 0.37884531250000003 0.22843437500000002 0.3784078125 0.2286640625 0.378284375 0.22193749999999998 0.3617890625 0.21922187499999998 0.36288593750000003 0.21900624999999999 0.3623765625 0.218253125 0.36268125 0.218109375 0.362325 0.19746875 0.37075625 0.197571875 0.3710375 0.196825 0.37133906250000004 0.1970046875 0.3717703125 0.19429375 0.37289531249999996 0.200909375 0.38918906249999996 0.206525 0.3869546875
10 0.1483078125 0.3081921875 0.1433984375 0.2960953125 0.1405078125 0.297278125 0.1453765625 0.3094078125 0.1483078125 0.3081921875
1 0.15910625 0.4636125 0.1635109375 0.47450625 0.22197031250000002 0.4507734375 0.2171265625 0.43860625000000003 0.2048390625 0.44363281250000003 0.20461875 0.44312500000000005 0.20391875 0.443421875 0.20380156249999998 0.44313125 0.1886640625 0.4491890625 0.188775 0.44947968749999995 0.1880125 0.4497890625 0.1882140625 0.450275 0.1765296875 0.454971875 0.1726578125 0.44539062500000004 0.17406875 0.4447953125 0.16823749999999998 0.43046875 0.1668375 0.43105000000000004 0.16496249999999998 0.4264578125 0.11796875 0.4454375 0.116078125 0.4407875 0.116459375 0.44063437499999997 0.09753437499999999 0.393796875 0.09714843749999999 0.3939359375 0.0889796875 0.3737375 0.0893890625 0.373571875 0.0798359375 0.35003281249999996 0.0794578125 0.3501703125 0.073909375 0.33649062500000004 0.07469218749999999 0.336184375 0.072565625 0.3310484375 0.07294062500000001 0.330878125 0.072534375 0.3299078125 0.07266875 0.32985312499999997 0.063996875 0.3083765625 0.0638703125 0.30844218749999996 0.06353125 0.30762812500000003 0.063075 0.3078125 0.063153125 0.30800937500000003 0.0626203125 0.308209375 0.0625140625 0.3079765625 0.050562499999999996 0.312871875 0.0506234375 0.31297031249999996 0.0502953125 0.313096875 0.0595140625 0.33590156250000003 0.059809375 0.3357984375 0.067678125 0.35531250000000003 0.06739843749999999 0.35542656250000004 0.07660781250000001 0.378259375 0.0769296875 0.378115625 0.086915625 0.4029 0.086625 0.4030171875 0.1052453125 0.44910468750000004 0.1055421875 0.44898437500000005 0.1109703125 0.46247343750000003 0.1383703125 0.451509375 0.1375453125 0.4495296875 0.1469 0.44578749999999995 0.1548421875 0.465365625 0.15910625 0.4636125
13 0.17673125 0.32675312500000003 0.1630125 0.292659375 0.1466515625 0.29926875000000003 0.16030781249999998 0.333309375 0.17673125 0.32675312500000003
10 0.161275 0.33604687499999997 0.16855625000000002 0.35409375 0.1852609375 0.347209375 0.17796875 0.329240625 0.161275 0.33604687499999997
1 0.2679765625 0.388553125 0.26782343750000004 0.38818593749999997 0.2491734375 0.39578281249999997 0.24927968749999999 0.39604374999999997 0.248496875 0.3963609375 0.2486796875 0.39682343750000004 0.24096875 0.3999703125 0.2478125 0.417009375 0.2834046875 0.4026296875 0.27649218750000004 0.38555625 0.26873125 0.388784375 0.2685484375 0.3883078125 0.2679765625 0.388553125
13 0.12386562500000001 0.32105 0.1363984375 0.3520734375 0.15224375 0.3457203125 0.1566359375 0.356603125 0.1661921875 0.352803125 0.149165625 0.310765625 0.12386562500000001 0.32105
1 0.2448296875 0.41934843749999995 0.2300140625 0.382678125 0.2083375 0.3914140625 0.209740625 0.39487656250000003 0.20984843749999998 0.3948484375 0.2110578125 0.3978703125 0.20538125 0.40014843750000006 0.2177015625 0.43030937500000005 0.2448296875 0.41934843749999995
1 0.5200375 0.1239296875 0.5172140625 0.11691875 0.48176874999999997 0.13125625000000002 0.48244375 0.1329296875 0.47207499999999997 0.1371640625 0.4682515625 0.127646875 0.44742812499999995 0.136075 0.46116875 0.170140625 0.48053437499999996 0.162334375 0.4769375 0.153509375 0.570446875 0.11574374999999999 0.5662328125 0.105203125 0.5200375 0.1239296875
10 0.5335921875 0.1535078125 0.535959375 0.15950781249999998 0.5444312499999999 0.1561296875 0.542553125 0.151509375 0.559875 0.1445125 0.559315625 0.1431296875 0.5335921875 0.1535078125
10 0.4790203125 0.13182812500000002 0.4760765625 0.12451562499999999 0.46980625 0.1270640625 0.47274374999999996 0.1343640625 0.4790203125 0.13182812500000002
10 0.4559609375 0.243153125 0.44843593750000005 0.22452968750000002 0.43198749999999997 0.23104375 0.43954843749999994 0.24979843750000003 0.4559609375 0.243153125
13 0.569628125 0.170296875 0.5648453124999999 0.1584515625 0.5651437500000001 0.15833124999999998 0.5605453125000001 0.1469265625 0.54510625 0.15315625 0.546953125 0.15776718750000002 0.537096875 0.16173125 0.544634375 0.18042031249999999 0.569628125 0.170296875
10 0.49827343749999997 0.2014375 0.48813125 0.1763625 0.4744140625 0.1819046875 0.48451875 0.2069640625 0.49827343749999997 0.2014375
13 0.447578125 0.2218734375 0.4337578125 0.1879 0.41752968749999997 0.19447187500000002 0.43123750000000005 0.22850781250000002 0.447578125 0.2218734375
1 0.6000687499999999 0.252065625 0.5926515625000001 0.2337078125 0.57604375 0.2404234375 0.5762828125 0.2410640625 0.574946875 0.241575 0.5753468749999999 0.242490625 0.565646875 0.24639531250000002 0.5653374999999999 0.24563125000000002 0.528809375 0.2603734375 0.5291296875 0.2611640625 0.5137875000000001 0.267346875 0.51346875 0.2665578125 0.49670312499999997 0.27337656250000003 0.49699218749999996 0.2741484375 0.480709375 0.28071250000000003 0.48038125000000004 0.279925 0.463725 0.28668593750000004 0.4640234375 0.287453125 0.45606875 0.2906359375 0.4628421875 0.3074875 0.4710515625 0.3042078125 0.4712296875 0.3046125 0.48738125 0.2981203125 0.48721249999999994 0.2976625 0.5041125 0.290828125 0.504290625 0.2912703125 0.5204578125 0.28476875 0.5202765625 0.2843203125 0.53615 0.2778921875 0.5363390625 0.2783375 0.5722984375 0.26379375 0.572128125 0.263340625 0.583740625 0.258675 0.5839203125 0.2590984375 0.6000734375000001 0.2525875 0.599896875 0.25215156250000004 0.6000687499999999 0.252065625
2 0.8749765625 0.6805953125 0.892453125 0.6756562500000001 0.8929953125000001 0.677559375 0.91674375 0.6711 0.8970437499999999 0.6122765625000001 0.8542046875 0.6236765625 0.8734718750000001 0.6828109375 0.875503125 0.6822328125 0.8749765625 0.6805953125
7 0.3808265625 0.9265734374999999 0.379625 0.924 0.396221875 0.91729375 0.397071875 0.9193984374999999 0.409959375 0.914596875 0.3846921875 0.8524125 0.3836046875 0.8528640624999999 0.3763078125 0.8354687500000001 0.3685859375 0.8384421874999999 0.3678546875 0.8369015624999999 0.3387734375 0.8485734375 0.371928125 0.92988125 0.3808265625 0.9265734374999999
10 0.41846249999999996 0.791503125 0.40698749999999995 0.762478125 0.3908 0.769046875 0.40259062500000004 0.7979609375 0.41846249999999996 0.791503125
6 0.370453125 0.7770078125000001 0.3826671875 0.8065749999999999 0.3871734375 0.8047421874999999 0.38791875 0.8065843750000001 0.40258593749999994 0.8006578125000001 0.3887421875 0.766375 0.3749984375 0.7718578125 0.3762203125 0.7749953125 0.370453125 0.7770078125000001
2 0.47105312499999996 0.8662390625 0.44685625 0.807165625 0.412425 0.82110625 0.41933125000000004 0.838203125 0.41797500000000004 0.83878125 0.43505781250000003 0.8810578124999999 0.4431453125 0.8778421875 0.4422046875 0.8755140625 0.4622265625 0.8673765625 0.46310312500000006 0.8695453125 0.47105312499999996 0.8662390625
2 0.442271875 0.7838015625 0.44146093750000004 0.7819890625 0.45820625000000004 0.7751296875 0.45894218750000004 0.7769515625000001 0.46169843750000006 0.7758078125 0.43964375 0.7214796875 0.397328125 0.73819375 0.40774218749999996 0.7640765625 0.40891093749999996 0.7636359374999999 0.4198859375 0.7907437500000001 0.43633125 0.7841359375 0.4370484375 0.7859125 0.442271875 0.7838015625
10 0.3938625 0.851075 0.392953125 0.8487421875000001 0.4153203125 0.8398296875 0.4162265625 0.8420734375000001 0.41887968750000004 0.8409671875000001 0.410375 0.820065625 0.376953125 0.833384375 0.3854765625 0.854328125 0.3938625 0.851075
10 0.3356 0.7717765625 0.3310453125 0.760025 0.32788125 0.76118125 0.33264218749999996 0.77295625 0.3356 0.7717765625
1 0.370296875 0.930490625 0.3588046875 0.9021109375 0.33509687499999996 0.9116703125000001 0.34214218750000003 0.9290453125000001 0.346540625 0.9272859375 0.35084218749999996 0.9381046874999999 0.3601671875 0.9345281249999999 0.3591203125 0.932271875 0.3681421875 0.928503125 0.3690765625 0.930928125 0.370296875 0.930490625
8 0.338771875 0.8485109375000001 0.44605625 0.805265625 0.43848281250000004 0.7863859375 0.3276515625 0.831521875 0.3259484375 0.8273375 0.3261796875 0.8272109375 0.3147078125 0.798825 0.3014328125 0.8042796875 0.3131171875 0.8331671875 0.3133546875 0.8330828125 0.3147890625 0.83671875 0.269034375 0.854665625 0.27358906250000004 0.866271875 0.27538125 0.8655984374999999 0.2943296875 0.91233125 0.2925546875 0.9130484375 0.29799375 0.926434375 0.3117046875 0.920715625 0.3108890625 0.9186984375 0.32322812500000003 0.913678125 0.324078125 0.9158156249999999 0.329 0.913775 0.32818437500000003 0.9116609375 0.3596296875 0.8990609375 0.338771875 0.8485109375000001
2 0.26392812499999996 0.842028125 0.267778125 0.851609375 0.2826921875 0.8455031249999999 0.28254375 0.8451015625 0.3117625 0.8332593749999999 0.2949765625 0.791871875 0.2663875 0.8027625 0.2657671875 0.8012265624999999 0.2504328125 0.8075515624999999 0.2546453125 0.8185328125 0.25610468750000004 0.8176875000000001 0.2656546875 0.841253125 0.26392812499999996 0.842028125
2 0.267596875 0.7986093750000001 0.2674765625 0.79838125 0.29500625 0.7872656250000001 0.2966734375 0.7912312499999999 0.296440625 0.7913265625 0.3008328125 0.80215625 0.3141125 0.796825 0.3084171875 0.782728125 0.331409375 0.7734578125 0.3270984375 0.7628999999999999 0.32818281250000003 0.7624609375 0.3242578125 0.7529640625 0.3006546875 0.7624906250000001 0.284178125 0.7216875 0.24110625 0.7388515625000001 0.2655859375 0.799421875 0.267596875 0.7986093750000001
3 0.5432140624999999 0.6634671875 0.5423453125 0.661203125 0.5365375 0.66369375 0.560728125 0.72378125 0.5830921874999999 0.714409375 0.57139375 0.68535625 0.5642859375 0.6882421875 0.55193125 0.6574734375 0.5511046875 0.6577859375 0.55206875 0.659953125 0.5432140624999999 0.6634671875
8 0.7873984375 0.6657390624999999 0.79495625 0.6635796875 0.7977218749999999 0.671546875 0.79926875 0.6711984375 0.8120328125 0.709075 0.8100421875 0.709603125 0.8146625000000001 0.722971875 0.8232484375 0.72060625 0.8224515625000001 0.71799375 0.87109375 0.70516875 0.8718296875 0.7073968749999999 0.8798390625 0.705003125 0.8719281249999999 0.681596875 0.870578125 0.682053125 0.8514531249999999 0.6245109375 0.8473906250000001 0.6258890625 0.784559375 0.6432921875 0.784653125 0.6437125 0.7818796875 0.6444359375000001 0.78173125 0.644096875 0.725025 0.6593484375 0.644659375 0.691946875 0.6313546875 0.6585125 0.6298140625 0.6589750000000001 0.6310484375 0.66203125 0.6144046875 0.6687046875 0.6131015625 0.6655671875 0.608359375 0.6675875 0.6096812500000001 0.6707703125 0.5972125 0.6759875 0.625484375 0.7454203125000001 0.6254328124999999 0.7455328125 0.6282234375 0.75260625 0.6353296875 0.7498578124999999 0.6342515625 0.7470546875 0.6543953124999999 0.7390828125 0.6552796875 0.741271875 0.66224375 0.73820625 0.6595234375000001 0.7316359375 0.659353125 0.7315328125 0.6511328125 0.7111328125 0.7249890625 0.68130625 0.725703125 0.683146875 0.73353125 0.6801984375 0.7405125 0.6784890625 0.7395140625 0.67588125 0.7866375 0.6634515624999999 0.7873984375 0.6657390624999999
10 0.5993734374999999 0.6406421875 0.5956953125 0.6314296875000001 0.5800953125 0.6377328125 0.5837375 0.646959375 0.5993734374999999 0.6406421875
1 0.671875 0.678 0.6609796875 0.651096875 0.650959375 0.6551453125 0.65024375 0.6534640625 0.6404765625 0.65745625 0.6395140625 0.654984375 0.63300625 0.6577265625 0.6455203125 0.6884140624999999 0.671875 0.678
3 0.8965484375000001 0.6103546875 0.8762874999999999 0.5496609375 0.869040625 0.5516953124999999 0.869884375 0.5542125 0.860553125 0.5567234375 0.8597796875 0.554484375 0.8572578125 0.5551671875 0.877540625 0.6152015625 0.8965484375000001 0.6103546875
2 0.5614625 0.7253296875 0.5931671875 0.8039609375 0.6032859375 0.7998109375 0.602321875 0.7976468750000001 0.628984375 0.78670625 0.6300375 0.7893796875 0.6406390625 0.7850234375 0.6267406249999999 0.7504390625 0.624825 0.7511828125 0.60695625 0.706971875 0.604984375 0.7077765625 0.5962125 0.6861875000000001 0.5896984375 0.6888375 0.586246875 0.6804328125 0.5730890625 0.68571875 0.5852578125 0.7157765625 0.5614625 0.7253296875
2 0.72219375 0.7519109375 0.7211531250000001 0.7495 0.7380312499999999 0.742809375 0.7389546874999999 0.74509375 0.7503953125 0.7404171875000001 0.727090625 0.6826 0.6891921875 0.6980859374999999 0.7122234375 0.7557984375 0.72219375 0.7519109375
10 0.6484625 0.6425703125 0.6520703125 0.65193125 0.6616515625 0.6477765625 0.67373125 0.6776734375 0.702559375 0.6660421875 0.6920359375 0.6400484375 0.729025 0.6251046875 0.725359375 0.6134999999999999 0.7111453125 0.6171515624999999 0.6484625 0.6425703125
2 0.7109546875 0.7562656249999999 0.6876734375 0.6985578125 0.6545453125 0.711946875 0.6639062499999999 0.7354421875 0.662134375 0.7362859375 0.6759625 0.7703921874999999 0.685809375 0.7664 0.6848796875 0.764159375 0.701759375 0.7572765625 0.7026890625 0.7595765625 0.7109546875 0.7562656249999999
2 0.2479625 0.301790625 0.2470171875 0.2993578125 0.26341562500000004 0.29273125 0.26433125 0.29517812499999996 0.26709062499999997 0.2939625 0.25239531249999997 0.2580015625 0.21001093750000002 0.2747625 0.22040625 0.30058125 0.22154531249999998 0.2999625 0.23250156249999998 0.3272984375 0.25096875 0.319890625 0.24424687500000003 0.3031875 0.2479625 0.301790625
2 0.12432812499999998 0.3697890625 0.1076640625 0.328459375 0.0774546875 0.340271875 0.08115 0.3495078125 0.0827796875 0.3488015625 0.092084375 0.3722453125 0.090596875 0.3728921875 0.09434375 0.3821671875 0.0992265625 0.3801296875 0.0991921875 0.37996093750000004 0.12432812499999998 0.3697890625
2 0.24783593750000002 0.3947015625 0.2469046875 0.3922796875 0.26675468750000003 0.38419375 0.26770625 0.3865515625 0.2755828125 0.38329375 0.25958125 0.34366875 0.2235546875 0.3582703125 0.23979218750000003 0.3982109375 0.24783593750000002 0.3947015625
8 0.195071875 0.3672390625 0.21743281250000002 0.3582046875 0.2184171875 0.3606375 0.22534218749999999 0.3575640625 0.22430625 0.3552734375 0.2588328125 0.3415546875 0.251146875 0.322821875 0.1404109375 0.36793125 0.13884687499999998 0.3640609375 0.13893125 0.36373125 0.12741093750000002 0.33529375 0.1248015625 0.336325 0.12413749999999998 0.33468125 0.11355781250000001 0.33895624999999996 0.1275296875 0.3731421875 0.1005703125 0.383996875 0.10049531249999999 0.383859375 0.09584843750000001 0.3857671875 0.09876718749999999 0.393075 0.10046875 0.392403125 0.11955 0.43955312500000004 0.117740625 0.440321875 0.11864531250000002 0.442559375 0.1672390625 0.42288125 0.1527359375 0.38693125 0.1959765625 0.36943125 0.195071875 0.3672390625
6 0.18725 0.3080546875 0.1886796875 0.3115953125 0.183696875 0.31373281249999996 0.19565468749999998 0.3431 0.1999140625 0.3413640625 0.20065781249999998 0.34320625 0.215325 0.33727968750000004 0.201865625 0.3027640625 0.20061718750000002 0.3033296875 0.200278125 0.3025453125 0.18725 0.3080546875
2 0.052832812500000007 0.27565625 0.06540625 0.3069375 0.0665671875 0.3065296875 0.07600625 0.3299078125 0.07405625 0.3307671875 0.07646875 0.3367390625 0.1076265625 0.323725 0.10928437499999999 0.32780468749999997 0.109059375 0.32789531250000004 0.11345000000000001 0.3387296875 0.1266953125 0.33339375000000004 0.12101406249999999 0.3192515625 0.143965625 0.30993125 0.1397828125 0.2994140625 0.140896875 0.29896406249999996 0.13703437499999999 0.289246875 0.11337187500000001 0.298996875 0.09689687500000001 0.258190625 0.052832812500000007 0.27565625
7 0.165540625 0.42355625 0.16823749999999998 0.43046875 0.1701296875 0.429559375 0.1759015625 0.44412812500000004 0.17406875 0.4447953125 0.17702500000000002 0.452178125 0.187175 0.44783906250000005 0.1862875 0.44553906249999997 0.2031453125 0.43879375 0.204103125 0.441109375 0.2163515625 0.4362515625 0.190703125 0.3715734375 0.1527765625 0.3869625 0.1672390625 0.42288125 0.165540625 0.42355625
10 0.4868546875 0.17403125 0.48402812500000003 0.1669890625 0.462746875 0.17510937499999998 0.4657890625 0.1826390625 0.47322031249999996 0.1795390625 0.4868546875 0.17403125
7 0.5427546875 0.1842921875 0.5298796875 0.152340625 0.530171875 0.15220625000000002 0.5239546875000001 0.13697187500000002 0.5174046875 0.13961874999999999 0.5184421875 0.1420671875 0.5018171875 0.14873281249999998 0.5007765625 0.14615781249999998 0.47911093749999994 0.1551015625 0.482640625 0.1640640625 0.48458125 0.1632125 0.49059687500000004 0.17777343750000002 0.49037031249999996 0.1778796875 0.5000015624999999 0.201490625 0.5427546875 0.1842921875
6 0.48193125 0.20855625 0.472040625 0.18364843749999998 0.4637203125 0.1870390625 0.46246875000000004 0.18367187499999998 0.4475515625 0.189571875 0.4488203125 0.192815625 0.44495781250000005 0.19449687499999999 0.45507187499999996 0.21932187500000003 0.4726921875 0.21220937499999998 0.46918437500000004 0.2036515625 0.4702703125 0.2031765625 0.4737765625 0.21180625000000003 0.48193125 0.20855625
10 0.433853125 0.1835234375 0.44935 0.2215109375 0.45339062500000005 0.219878125 0.4434875 0.1952140625 0.44249687499999996 0.1956140625 0.4369703125 0.182203125 0.433853125 0.1835234375
2 0.5909953125 0.229628125 0.59163125 0.23139062500000002 0.6136671875 0.2223234375 0.5904640624999999 0.1645703125 0.549859375 0.1812828125 0.55611875 0.1967578125 0.5706109374999999 0.23262343749999997 0.5706015625 0.23278906250000003 0.5730859374999999 0.23920312500000002 0.5752015625 0.23839843749999998 0.5743015625 0.23626874999999997 0.5909953125 0.229628125
8 0.5709390625 0.241246875 0.5679765625 0.23379218750000003 0.5678124999999999 0.2337078125 0.547040625 0.1823921875 0.54539375 0.18308437500000002 0.545453125 0.183246875 0.50001875 0.2015734375 0.5006734374999999 0.20319375 0.45025000000000004 0.223628125 0.4526296875 0.22965156250000002 0.4530171875 0.2295125 0.45818125 0.242240625 0.46163437500000004 0.2408453125 0.461421875 0.24031875 0.472259375 0.23598593750000002 0.4724609375 0.23645468749999998 0.4929265625 0.2282328125 0.49273749999999994 0.227790625 0.506178125 0.2224515625 0.519103125 0.25455 0.5190234375 0.2548125 0.5215515625 0.2612828125 0.5280734375 0.25860625000000004 0.527140625 0.2563703125 0.5637453125 0.24165156250000003 0.5646546875 0.2439890625 0.5709390625 0.241246875
2 0.51620625 0.2554765625 0.50425625 0.22592343750000002 0.47469062500000003 0.23782343749999998 0.48924375 0.27435 0.49606093749999997 0.2715953125 0.49513125 0.26929375 0.5119453125 0.2626015625 0.51285 0.2648421875 0.5191609374999999 0.2623515625 0.516540625 0.25576875 0.51620625 0.2554765625
2 0.4629171875 0.284921875 0.46203281250000006 0.2827296875 0.4786671875 0.2759453125 0.4796265625 0.27842656250000003 0.48793593749999997 0.27499843749999997 0.47324374999999996 0.23849843750000002 0.44032499999999997 0.25172343750000004 0.45486562499999994 0.288303125 0.4629171875 0.284921875
3 0.5326546875 0.15121875 0.5327468750000001 0.1514734375 0.55994375 0.1405 0.5719765625 0.17020156250000001 0.5898546875 0.16285 0.5715140625 0.1178578125 0.5661265625 0.12003749999999999 0.5669890625 0.122171875 0.5573718750000001 0.12625 0.5564578124999999 0.1238796875 0.5470203125 0.1275015625 0.54800625 0.129840625 0.5313453124999999 0.13666406250000002 0.53035 0.134196875 0.5251625 0.1363359375 0.5315046875 0.15166875 0.5326546875 0.15121875