8 0.622242253125 0.7748082625 0.6776288546875 0.8703177875 0.6757386578125 0.8714087218750001 0.68104269375 0.880874715625 0.7126073140625 0.8619275890625 0.752737021875 0.9314334359374999 0.766092375 0.9237214171874999 0.7496856265625 0.8951805609375001 0.76754400625 0.8848713109374999 0.74397126875 0.844183903125 0.7270990484375 0.8540151937499999 0.661223578125 0.7400437453125 0.61522379375 0.7668745328125001 0.620414728125 0.775863696875 0.622242253125 0.7748082625
3 0.6649576328125 0.6732375890625 0.633484628125 0.691191075 0.6583920484375 0.7346140390625 0.6989134921875 0.711214584375 0.6910982859375 0.69761791875 0.6890756734375 0.69894376875 0.668186090625 0.6627625312500001 0.6701946171875 0.6616043765625 0.6606253015625 0.6450866796875 0.6514688046875 0.6499333703125 0.6649576328125 0.6732375890625
11 0.5447438796874999 0.6772081859375 0.5652242734375 0.7126175171875 0.5768563624999999 0.7064355640625 0.556140128125 0.6708320109375 0.5447438796874999 0.6772081859375
1 0.663074596875 0.6433607859375 0.71002839375 0.72502785 0.7216599687499999 0.7184914984375 0.6744699703125 0.636960371875 0.663074596875 0.6433607859375
1 0.7210659515625 0.9497170671875 0.686698721875 0.8903376640625 0.6753337562499999 0.8966291140625 0.7096936 0.9562836375 0.7210659515625 0.9497170671875
10 0.6366086125 0.6242332203125 0.6497531234375 0.647234234375 0.6589101921875 0.6420687609375 0.6456409953125 0.6190927953124999 0.6366086125 0.6242332203125
10 0.8100880187499999 0.8692043234375 0.8173661515624999 0.8817871500000001 0.8287116546875 0.875009846875 0.8214523953124999 0.8626009781249999 0.8100880187499999 0.8692043234375
2 0.7503187640625 0.9328279625 0.7134976046875 0.868788978125 0.6864688015625 0.8845994656249999 0.6986966406249999 0.9057779140625 0.7007246125 0.904474934375 0.721319071875 0.9401451265625 0.719282640625 0.9412333859375 0.7233312656249999 0.9484101484374999 0.7503187640625 0.9328279625
2 0.6074504078125 0.7536604859375 0.611964403125 0.7614776046875 0.6584377124999999 0.734645828125 0.6052417640625001 0.6423094703125 0.5586770875 0.6688424015625001 0.5825094109375 0.7102559562499999 0.5845499921874999 0.7089033703125 0.6094184109375 0.7519101796875 0.6074504078125 0.7536604859375
6 0.7516475859375 0.898466128125 0.76611744375 0.9237072171875 0.7864849359375 0.9119478875 0.78432615625 0.908232325 0.7833669203125 0.9088785140625 0.7806157546875 0.9042460875 0.7804048390625 0.9044380140625 0.77830406875 0.9008534015624999 0.7772324515625 0.9016450546874999 0.7691095421874999 0.8875068796875001 0.7516475859375 0.898466128125
7 0.661223578125 0.7400437453125 0.7270990484375 0.8540151937499999 0.7804552734375 0.8230661421875001 0.773390909375 0.810749640625 0.7711093015625 0.8121742796874999 0.7546752296875 0.7833035625 0.756722396875 0.78212215625 0.7236961109375 0.7246757875000001 0.710949746875 0.73224736875 0.7019833734375001 0.71671846875 0.661223578125 0.7400437453125
1 0.5668784625 0.715462896875 0.6692746125 0.8926828921875 0.6806029453125 0.8859990703125 0.5780613812500001 0.7084477359375 0.5668784625 0.715462896875
9 0.7996720203125001 0.857896178125 0.789298290625 0.8399284343750001 0.789870903125 0.8397010843749999 0.781724503125 0.8255929656250001 0.746865865625 0.8463461484374999 0.7804048390625 0.9044380140625 0.8158069375 0.8838912078125001 0.8007108781250001 0.857820384375 0.7996720203125001 0.857896178125
1 0.7260258390625001 0.72332303125 0.8083344796875 0.8659645062499999 0.8196269140625001 0.8593128999999999 0.7372817265625 0.7168084078125 0.7260258390625001 0.72332303125
10 0.6480871968749999 0.6177469109375 0.661277828125 0.6405246874999999 0.672771040625 0.6338884890625 0.6594838546874999 0.6110781453125 0.6480871968749999 0.6177469109375
1 0.3231908 0.33720730312499997 0.3345913609375 0.3305406109375 0.25363450625 0.190386015625 0.2422484125 0.19692901093749998 0.25201148125 0.2139201203125 0.251820515625 0.21400628125 0.27224540625000004 0.24936232500000002 0.2724511515625 0.24929778749999998 0.2859057 0.2726288265625 0.2856985921875 0.2727476984375 0.30604778125 0.30790957812499997 0.30625817187500004 0.307817478125 0.3231908 0.33720730312499997
2 0.322170821875 0.298882465625 0.320201734375 0.3000841140625 0.33704009375 0.3291923203125 0.363774278125 0.31367941093749996 0.3228809375 0.24285156406250002 0.2960529515625 0.2583996875 0.2994916203125 0.2643349078125 0.301524415625 0.26309580781249997 0.322170821875 0.298882465625
6 0.37532451093749997 0.236734053125 0.376256328125 0.23619591406249998 0.3744119828125 0.233049215625 0.37470160625000004 0.2329116515625 0.359919628125 0.2072856234375 0.35964984843750003 0.2074399953125 0.357835978125 0.20433953124999998 0.35690013593750003 0.20488053437499998 0.3522449703125 0.196799403125 0.35097389687499997 0.19754256406249998 0.3423992375 0.182792546875 0.316912115625 0.19743565624999998 0.34791151249999996 0.251031375 0.3489572140625 0.25040613437500003 0.354433725 0.2599125296875 0.3801562125 0.245087990625 0.37532451093749997 0.236734053125
10 0.38318960468749996 0.250312196875 0.3819157390625 0.248128275 0.368375503125 0.2558020515625 0.39234186718749997 0.29729063125 0.41291023437499996 0.28536531875 0.39026606406250003 0.2461439203125 0.38318960468749996 0.250312196875
1 0.333546578125 0.11428419999999999 0.3172114390625 0.08604169375000001 0.31702204375 0.08608489375 0.29203008124999996 0.0427220875 0.28058908125 0.0493259828125 0.3634777359375 0.19286523125 0.3748780296875 0.1863473046875 0.3639255125 0.167373575 0.3640965109375 0.167275546875 0.350538271875 0.1436641359375 0.3503436984375 0.14377590625 0.33331663906250003 0.1143871765625 0.333546578125 0.11428419999999999
1 0.22687131875 0.18004489375 0.23470309218750002 0.19369041250000002 0.24614816562500003 0.187121215625 0.19508491875 0.0986930234375 0.1834818859375 0.10539220625000001 0.2266742140625 0.18015907343749998 0.22687131875 0.18004489375
8 0.34880346093750003 0.262285796875 0.3489982140625 0.262521990625 0.350703546875 0.26151045 0.350931525 0.2618606609375 0.35432959531249997 0.26000481875000003 0.349153975 0.25099626875 0.347975953125 0.251675034375 0.3165733828125 0.1972843296875 0.3168559921875 0.1971505453125 0.24377340625000002 0.0705827265625 0.1995328703125 0.0961240671875 0.2427615359375 0.1709990984375 0.24063898125 0.17238818281249998 0.2484903234375 0.185883934375 0.2542623796875 0.1824673734375 0.251683925 0.1780631734375 0.2796446015625 0.1618109296875 0.34045811718749996 0.2676426203125 0.34880346093750003 0.262285796875
2 0.28846940625 0.2404089140625 0.286401653125 0.24160315 0.294572359375 0.2556090703125 0.321497965625 0.24001149531250002 0.2803988703125 0.16893284687500001 0.253447975 0.184730953125 0.26559683125 0.2056884640625 0.2676674390625 0.2044394390625 0.28846940625 0.2404089140625
7 0.2438315953125 0.07054859687500001 0.29685470937499997 0.1624051453125 0.33087474375000003 0.142099515625 0.3196895171875 0.1227868234375 0.3176578734375 0.123960215625 0.30099019843749997 0.0951217046875 0.3031201375 0.0939705453125 0.2781366640625 0.050742390625 0.2438315953125 0.07054859687500001
9 0.33628724062500004 0.1515568578125 0.3326122375 0.1451906515625 0.2994513359375 0.16442647500000002 0.3166359453125 0.19423433125 0.3419834296875 0.1795620203125 0.351688225 0.1963144265625 0.352030221875 0.19611836875 0.35343616875 0.198573984375 0.36095324375 0.1941794984375 0.3466914640625 0.1694319515625 0.346179953125 0.16966676249999998 0.3358649734375 0.15180032968749999 0.33628724062500004 0.1515568578125
0 0.4252744984375 0 0.2993361546875 0.038503215625 0.006430384375000001 0.2076126671875 0.4639154625 1 0.5747255015625 1 0.7006638453125 0.961496784375 0.993569615625 0.7923873328125 0.5360845375000001 0 0.4252744984375 0
13 0.366062378125 0.3115812546875 0.39111916406249997 0.2970697125 0.3669829421875 0.255298115625 0.342068109375 0.269766259375 0.366062378125 0.3115812546875