3 0.3937631890625 0.2006190640625 0.37175369375 0.20936179687499998 0.39239584375000003 0.2603815828125 0.414296009375 0.2515399171875 0.3937631890625 0.2006190640625
13 0.4490608 0.237144753125 0.43548772500000005 0.2035839921875 0.4293988875 0.2061688765625 0.422631234375 0.189418190625 0.39584231718749996 0.2002104375 0.41586404374999997 0.2504286140625 0.4490608 0.237144753125
2 0.573036315625 0.21597568749999999 0.5886312953124999 0.2546060609375 0.5806606015625 0.25771513125 0.5864881359375 0.2722705359375 0.6001721296875 0.26679756875 0.5989843546875 0.263913525 0.6271422109375 0.25259191406250003 0.628284921875 0.25541977031249996 0.6339058234375 0.2532045 0.6124591359375 0.2001558203125 0.573036315625 0.21597568749999999
1 0.41058808124999996 0.132928578125 0.4183581078125 0.152189559375 0.47289181718749995 0.130134128125 0.46511769999999997 0.1109027171875 0.41058808124999996 0.132928578125
1 0.41693504218750005 0.152873175 0.41505811406250004 0.14834295625 0.407719103125 0.1512863015625 0.4017102859375 0.1365373796875 0.3507016203125 0.157059203125 0.3584644859375 0.176386234375 0.41693504218750005 0.152873175
13 0.5553900281249999 0.1504978328125 0.5619044125 0.16671246875 0.5811989343749999 0.1589685515625 0.5745832875 0.142685575 0.5553900281249999 0.1504978328125
10 0.4346910140625 0.2007790015625 0.42785679062500004 0.1839604828125 0.429275896875 0.1833502125 0.4234602890625 0.16895622187499998 0.4174779078125 0.1712300390625 0.4302073828125 0.20260804999999998 0.4346910140625 0.2007790015625
10 0.518308396875 0.069658246875 0.5163274515625 0.048029903125 0.525294378125 0.0493047359375 0.5237000468749999 0.0325462890625 0.4728759734375 0.05314105 0.473042925 0.0543002390625 0.4907890375 0.05715112812499999 0.517722521875 0.1239198984375 0.53710023125 0.11606050937500001 0.518308396875 0.069658246875
1 0.06776591562499999 0.2875286515625 0.091394409375 0.2777991578125 0.0830609109375 0.2576490046875 0.059466545312499994 0.267032240625 0.06776591562499999 0.2875286515625
5 0.19195310625 0.21364748437499997 0.1543345625 0.22888685468749997 0.1750810453125 0.28088650312499996 0.1613755546875 0.286424115625 0.1728788671875 0.3150403328125 0.22266502031250002 0.2949682328125 0.2094380578125 0.262231390625 0.2113308890625 0.261466809375 0.19195310625 0.21364748437499997
10 0.25631295625 0.26670580625 0.2545536 0.26722242343749997 0.25409738437499996 0.2662657765625 0.24393615156249998 0.27037077656249997 0.2560401234375 0.30032699375 0.266190609375 0.2962638546875 0.265780359375 0.29538374843750004 0.2677434734375 0.2946786796875 0.25631295625 0.26670580625
10 0.789763421875 0.6695790546875 0.790964509375 0.672457590625 0.7967928921875 0.670121840625 0.79560639375 0.667217828125 0.789763421875 0.6695790546875
2 0.21882033281250002 0.3919785015625 0.23266203281250003 0.3865210015625 0.22939311093749998 0.3787442578125 0.2216123875 0.3819339453125 0.2087574625 0.35051025468749997 0.1694013359375 0.3663654421875 0.185256740625 0.40544674062499997 0.1909777296875 0.40313468593749996 0.18968036875 0.40015951875000005 0.21773803906250003 0.3891388609375 0.21882033281250002 0.3919785015625
1 0.1351015828125 0.45425178749999995 0.3472556328125 0.3686957078125 0.33896178125 0.348307971875 0.12700807187500002 0.43394313125000006 0.1351015828125 0.45425178749999995
1 0.2357337 0.21966862968749998 0.2797692859375 0.201847275 0.2715442984375 0.181438025 0.22750614531250002 0.19920395468750002 0.2357337 0.21966862968749998
12 0.12595111718750002 0.295951725 0.1734302421875 0.276842671875 0.1543062734375 0.228881865625 0.1065685921875 0.2480956625 0.12595111718750002 0.295951725
10 0.177921278125 0.3272594984375 0.19388888906249999 0.320918084375 0.1899268015625 0.31116798437500004 0.1739647015625 0.31756085624999997 0.177921278125 0.3272594984375
0 0.40281077187500003 0 0.2598765703125 0.0577489421875 0 0.23971647499999998 0 0.597189228125 0.0577489421875 0.7401234296875 0.23971647499999998 1 0.597189228125 1 0.7401234296875 0.9422510578125 1 0.760283525 1 0.40281077187500003 0.9422510578125 0.2598765703125 0.760283525 0 0.40281077187500003 0
13 0.098512440625 0.36369028281250004 0.1412009453125 0.3461788859375 0.12767343281250002 0.31256333281250004 0.0852838765625 0.33048532656249996 0.098512440625 0.36369028281250004
8 0.1764295359375 0.33481609687499997 0.15960181874999999 0.341778840625 0.1685468578125 0.36419984375 0.2595735078125 0.3274223421875 0.2763966890625 0.36877111406249996 0.2834238796875 0.365821028125 0.28222379062499997 0.3627586765625 0.32563552812499996 0.3452749578125 0.326938159375 0.34840475312499997 0.33729326875 0.3439446421875 0.31166652031250003 0.2803714609375 0.2344463625 0.3116493546875 0.23347591875 0.30953062343750004 0.17562579843749998 0.33301172343749996 0.1764295359375 0.33481609687499997
10 0.529994134375 0.0937977203125 0.5387147875 0.115353440625 0.571340790625 0.10222697812499999 0.5626111703125 0.0806203109375 0.529994134375 0.0937977203125
2 0.125352653125 0.42984912187499996 0.1389614921875 0.42425520156249996 0.1377163421875 0.42117480625 0.173293084375 0.4068958875 0.174559725 0.409873490625 0.1822096265625 0.4066876609375 0.15640995156249998 0.34317261875 0.099668303125 0.36627812656250003 0.125352653125 0.42984912187499996
3 0.12383606093749999 0.3030921375 0.125217796875 0.3025347390625 0.113404059375 0.2738402265625 0.09252094375 0.2821185296875 0.10697717343749999 0.31786677343749997 0.12665580625 0.3098977703125 0.12383606093749999 0.3030921375
6 0.23208496250000002 0.3100639578125 0.2545712296875 0.3009778484375 0.236304665625 0.25597409375 0.2138652359375 0.26496636875 0.23208496250000002 0.3100639578125
7 0.2388306140625 0.22306993125000002 0.23734020781249998 0.2236709953125 0.249007034375 0.25265149062500003 0.2504495515625 0.25194662343749996 0.268934925 0.29730645624999996 0.3116884078125 0.2803618578125 0.28142341875 0.205904034375 0.2666040796875 0.2118095609375 0.267921203125 0.2151371234375 0.24013888125 0.22623774531250002 0.2388306140625 0.22306993125000002
10 0.195291990625 0.3202713359375 0.20553948906250002 0.316109746875 0.201551665625 0.3063147203125 0.1913307890625 0.310465296875 0.195291990625 0.3202713359375
2 0.2675188828125 0.37230362499999997 0.273391934375 0.36993087343750003 0.257423734375 0.3306939375 0.21019252812500003 0.349612228125 0.2220425046875 0.3793228390625 0.22999375 0.376273165625 0.2338391046875 0.386074484375 0.240144034375 0.3836320390625 0.2386827765625 0.3802947671875 0.2662471 0.3691579515625 0.2675188828125 0.37230362499999997
10 0.20711361718750002 0.3155492484375 0.22760156718750002 0.3071642453125 0.22354487500000003 0.2973525875 0.20316609843750003 0.3056401640625 0.20711361718750002 0.3155492484375
7 0.6178071796875 0.7175692890625001 0.6233455328125 0.7310797 0.6198868921875 0.7323894171875 0.628810890625 0.754458921875 0.6446167078125 0.7481506828125 0.6440404921875 0.746761140625 0.647946321875 0.745027665625 0.6421049828125 0.7306078203124999 0.6428064140624999 0.73034556875 0.6344656890625 0.70978465 0.6307980343749999 0.7112235515625 0.6235368796875 0.6932504875000001 0.6217404375 0.6940219671875 0.622269290625 0.6954065234375 0.6103137921874999 0.7002833859375001 0.6097464015625 0.6988437937499999 0.6027311078124999 0.7017454921875 0.6103185328125 0.720527759375 0.6178071796875 0.7175692890625001
2 0.688371515625 0.7436607015625001 0.6906100703125 0.749200446875 0.6895837890625 0.7496443828125 0.6873211828125 0.744209221875 0.6770473124999999 0.7483549421875 0.689855590625 0.780316771875 0.692669884375 0.779225521875 0.6920858578125 0.7778166515625 0.7040578749999999 0.7729797234375 0.70460515625 0.7743361171875 0.7073784843750001 0.7732163265625001 0.6944703671875 0.74128625625 0.688371515625 0.7436607015625001
13 0.749523996875 0.7116184249999999 0.753410009375 0.7210746359375 0.7611406859375001 0.71791426875 0.7551317328125 0.7031024953125 0.7442464156249999 0.7074837031250001 0.7456221828125 0.7109495015625 0.7482653375 0.7098808046875 0.749082025 0.71183443125 0.749523996875 0.7116184249999999
10 0.7512944421875 0.6703182640625001 0.7557973046875001 0.6815761874999999 0.7585400328125 0.6804072484375 0.7539976187499999 0.6691636671875 0.7512944421875 0.6703182640625001
13 0.6684635343750001 0.7252403562499999 0.6767221906249999 0.745681346875 0.6864520640625 0.7417067171875 0.6782182546875 0.721366590625 0.6684635343750001 0.7252403562499999
2 0.7761775515625 0.7491034062499999 0.77673495 0.7504851421875001 0.7814242765625 0.7485902703125 0.768479784375 0.7165101828125 0.7460430671875 0.725677953125 0.758956309375 0.757642584375 0.7647753374999999 0.7552389921875 0.7642206421875 0.753956459375 0.7761775515625 0.7491034062499999
2 0.8857146171875 0.7049631656249999 0.8863614953125 0.7063718984375 0.8920841421875 0.7040186265624999 0.87914336875 0.6719874359375 0.8567089343750001 0.681008640625 0.8696229593749999 0.7130642828125 0.874346465625 0.7111855359375 0.8737464453125 0.7098355515625 0.8857146171875 0.7049631656249999
10 0.6534189953125 0.7253542000000001 0.654880553125 0.7290079 0.665507815625 0.7246395296875 0.66402565625 0.7210326828125 0.6534189953125 0.7253542000000001
8 0.7319207859375 0.7633371953125 0.7184651328125 0.7300776140624999 0.7254339765625 0.727286646875 0.7214513796875 0.7173410859375 0.6837933625 0.7322380468749999 0.6878582953125 0.7423910921875 0.695004525 0.7393958046875 0.70845801875 0.7727885125 0.711161453125 0.771645178125 0.7106437375 0.77027380625 0.7285320765625001 0.7630986828124999 0.7291479796875 0.7645367328125 0.7319207859375 0.7633371953125
4 0.6559670343749999 0.6709146031250001 0.6636329562500001 0.6899261171875 0.6783026515625 0.6839784984375 0.67060178125 0.6649552140625 0.6559670343749999 0.6709146031250001
6 0.6429830796875 0.729559978125 0.6492182859375 0.7448637703125 0.65879544375 0.7408453828125 0.652570484375 0.725591640625 0.6429830796875 0.729559978125
2 0.63972593125 0.7989775375 0.6402855062499999 0.80035965625 0.644973553125 0.7984656828125 0.6320312375 0.766385978125 0.6095923437499999 0.7755533640625 0.6225050734375001 0.8075145406249999 0.628323334375 0.8051153 0.6277686375 0.8038327671875001 0.63972593125 0.7989775375
7 0.8343809890625 0.6752373171875 0.8350053484375 0.67672285625 0.85093174375 0.6703988546875 0.8419149265625 0.6482131343749999 0.838497378125 0.64953795 0.8330442781249999 0.636040328125 0.8405224125 0.6329633265625 0.8329440859374999 0.6142376359374999 0.8258126625 0.616932621875 0.8264224328124999 0.6184436359375 0.8144263531249999 0.6232897828125 0.81387318125 0.6219222546875 0.81204128125 0.62269758125 0.8192443109375 0.6405930828125 0.8156302999999999 0.6421031484374999 0.830434696875 0.676888490625 0.8343809890625 0.6752373171875
10 0.1433237546875 0.3459933671875 0.1522537859375 0.34245099375 0.1338955640625 0.2974007875 0.125167028125 0.30105385625 0.1433237546875 0.3459933671875
13 0.6130299890625001 0.7613639171875 0.6169160015624999 0.770820128125 0.6246445015625001 0.7676593765625 0.618635165625 0.7528497796875 0.6077515109375 0.7572279140625 0.609128175 0.7606949937499999 0.6117713296875 0.7596262968749999 0.6125867375 0.7615808187499999 0.6130299890625001 0.7613639171875
10 0.8021280781250001 0.6705958671875 0.8036294500000001 0.674284634375 0.8142786078125 0.6699638796875 0.8128025890625 0.6663412875 0.8021280781250001 0.6705958671875
13 0.792244671875 0.6806140187499999 0.800503328125 0.701055009375 0.8102326890624999 0.6970769234375 0.8020001593750001 0.6767359015625 0.792244671875 0.6806140187499999
8 0.80630425 0.738673075 0.792848596875 0.70541349375 0.799816159375 0.702623421875 0.79574803125 0.6925012265625 0.7581798984375 0.7075755890625001 0.7622417593749999 0.717726971875 0.7693879890625 0.714731684375 0.782843659375 0.748124775 0.785543125 0.7469784984375 0.7850272015625 0.745609684375 0.802915540625 0.7384345625 0.8034749828125 0.7397919765625 0.80630425 0.738673075
10 0.8130056953125001 0.637575721875 0.8139710578124999 0.63996505625 0.8166933015625 0.6387723109375 0.815733846875 0.636527621875 0.8130056953125001 0.637575721875
10 0.7899172296875 0.675622915625 0.7913773796875 0.6792718796874999 0.802008096875 0.674902996875 0.8005251687499999 0.671300503125 0.7899172296875 0.675622915625
4 0.7925634515625 0.6212118515625 0.8002302703125 0.64022464375 0.814899965625 0.634277025 0.8071987125 0.6152559171875 0.7925634515625 0.6212118515625
5 0.684692325 0.7100561921875 0.6756765078125 0.6877057296875 0.66470479375 0.69213789375 0.6666358859375 0.6967999515625001 0.6619285125000001 0.6987017359375 0.6513856046875001 0.6727320171875 0.64364851875 0.675839646875 0.6543403062500001 0.701874884375 0.6362835125 0.7090382546875 0.6433531265625 0.7266914625 0.653616878125 0.722501325 0.6519672046875 0.7182983843749999 0.6726945203125 0.709879296875 0.6744532640625 0.714150834375 0.684692325 0.7100561921875
7 0.75438963125 0.667767590625 0.7599276015624999 0.681280178125 0.75646934375 0.68258771875 0.7653110234375 0.7045832484375001 0.7811982625 0.6983477046875 0.780622046875 0.6969581625 0.78452749375 0.6952268625 0.7786865374999999 0.6808048421875 0.779387584375 0.6805447671875 0.77104724375 0.6599816703125 0.7673795890624999 0.6614205734375 0.7601189484375 0.6434509640625 0.7583207125 0.644219884375 0.758851359375 0.6456070015625001 0.7468940671875 0.6504813046875 0.74632846875 0.6490442703125 0.7393122796875 0.6519446890625 0.7469006 0.6707282359375 0.75438963125 0.667767590625
5 0.8211016000000001 0.6603585859375001 0.8120852703124999 0.6380046671875 0.8011144531250001 0.6424381109375 0.8030429859374999 0.6471019609375 0.798336890625 0.64900285 0.787860925 0.6230034234375 0.78012729375 0.62609146875 0.790748684375 0.6521759984375 0.772692403125 0.659342825 0.779763296875 0.6769951359374999 0.7900274328125 0.6728028234375001 0.788375584375 0.668599496875 0.809105971875 0.6601820734375 0.8108603625 0.66445284375 0.8211016000000001 0.6603585859375001
10 0.6531522890625 0.719320721875 0.6543503046875 0.7221975953124999 0.6601799671874999 0.7198609484375 0.6589939796875 0.7169603921875 0.6531522890625 0.719320721875
2 0.61068888125 0.721672328125 0.6101628625 0.7204116796875 0.6007385203125 0.7242696546875 0.6012754421875 0.7256848031249999 0.5919413312499999 0.7294509859375 0.5913666578125001 0.7281099578125 0.5904969125 0.728461453125 0.6024427078125 0.7577749796875 0.6190779328125 0.7510004312499999 0.621145421875 0.7561678328125 0.626988271875 0.7538581921875 0.6134733453125001 0.7205466484375 0.6115032031250001 0.7213424734375 0.61068888125 0.721672328125
13 0.730826990625 0.7137594796875 0.7300022421875 0.7118324796875 0.732710809375 0.710780925 0.7312887 0.7072979796875 0.720412228125 0.7117817171875 0.7263551171875 0.7264909671875001 0.734049325 0.7234228953125 0.7302613703125 0.71400865625 0.730826990625 0.7137594796875
12 0.758484534375 0.63485399375 0.7679616015625 0.6584761218749999 0.7896116734375 0.6498248328125 0.7800352703125 0.6261807015625 0.758484534375 0.63485399375
10 0.7393836046875 0.70910901875 0.7410888421874999 0.7133913171875 0.74469454375 0.7119538296875 0.742978553125 0.7076752468749999 0.7393836046875 0.70910901875
2 0.72330174375 0.6763511984374999 0.714001940625 0.6801391375 0.713410609375 0.67867625 0.70388218125 0.68239919375 0.7044704312500001 0.6838031984375 0.7016959468749999 0.684891371875 0.7150123421875 0.7182408328125 0.720868625 0.7158741015625 0.7187176859375 0.7107727625 0.7354226546875 0.7038635421875 0.72360448125 0.674557934375 0.7226854656249999 0.674991615625 0.72330174375 0.6763511984374999
11 0.8337560859375 0.6137873296875 0.8407162125 0.631126171875 0.84803616875 0.628297265625 0.8409390531250001 0.6107872999999999 0.8337560859375 0.6137873296875
6 0.779550165625 0.6797308875 0.7857840921875 0.6950355765625 0.7953664984375 0.6910192375 0.7891377 0.6757681828125001 0.779550165625 0.6797308875
10 0.676450003125 0.687429259375 0.6773774625 0.6897154265625 0.680186515625 0.688679346875 0.679265825 0.6862720859375 0.676450003125 0.687429259375
11 0.731144225 0.6552186578125 0.7381048640625 0.67256095625 0.74542430625 0.6697285953125001 0.7383298796875 0.65222246875 0.731144225 0.6552186578125
10 0.6028888234374999 0.75882071875 0.6045927828125001 0.7631039109375 0.60819630625 0.7616660421875 0.6064833875 0.757389121875 0.6028888234374999 0.75882071875
13 0.7307037281250001 0.713809546875 0.7344712062500001 0.7232571984375 0.7404189999999999 0.720797778125 0.7366699750000001 0.71149361875 0.7307037281250001 0.713809546875
10 0.7888021015625 0.622685840625 0.7983051515625 0.64628786875 0.8003852437500001 0.6454474828125 0.7908736203125 0.6218686234375 0.7888021015625 0.622685840625
11 0.697139853125 0.663666090625 0.7041030515625 0.681006596875 0.7114212140625 0.67817513125 0.7043258906250001 0.6606677249999999 0.697139853125 0.663666090625
7 0.6978251453125 0.7249135671875 0.6984486078125001 0.7263978265625 0.7143741078125 0.7200725453125 0.70536113125 0.6978841359375 0.7019397421875 0.699211640625 0.6964857453125 0.6857127375000001 0.7039686171875 0.682634328125 0.696389009375 0.6639095328125 0.6892593796875001 0.6666070796875 0.689867740625 0.6681133578125 0.6778691 0.672961296875 0.677316825 0.6715950484375 0.675485821875 0.6723716546875 0.6826879546875 0.6902658765624999 0.67907445625 0.6917793984375 0.6938779578125 0.7265634609375 0.6978251453125 0.7249135671875
8 0.669802440625 0.78847553125 0.656345125 0.7552190203125 0.6633152484375 0.7524271578125 0.6592423843749999 0.7423063703125 0.6216742515625 0.7573807343750001 0.6257377749999999 0.76752904375 0.6328836203125 0.76453593125 0.6463392921875 0.7979290234375 0.6490400375 0.79678185 0.648522834375 0.7954139328125 0.666461859375 0.788218578125 0.66704460625 0.78962834375 0.669802440625 0.78847553125
10 0.7322993046875 0.7064148609374999 0.7340019843750001 0.71069895 0.7376102437500001 0.709259671875 0.7358946375000001 0.7049789125 0.7322993046875 0.7064148609374999
2 0.74719375625 0.671833390625 0.74666594375 0.6705701828125 0.737244675 0.674429821875 0.7377794203125 0.6758445859375 0.728445309375 0.67961076875 0.7278737093750001 0.6782714046875 0.727002684375 0.6786237953125 0.738946303125 0.7079369390625 0.7555837046875 0.7011627734375 0.7576515765625 0.7063279984374999 0.7634931468749999 0.7040192546874999 0.7499791171875 0.670708990625 0.7480102546875 0.6715039203125001 0.74719375625 0.671833390625
13 0.6067765374999999 0.7639534328125 0.61054094375 0.7733994203125001 0.61648925 0.77094345625 0.612740990625 0.7616349437500001 0.6067765374999999 0.7639534328125
13 0.655670278125 0.73037001875 0.663930215625 0.7508101125 0.673660984375 0.7468367625 0.6654262796875 0.72649535625 0.655670278125 0.73037001875
10 0.61476075625 0.7200915390625 0.6192657953125 0.7313498468749999 0.6220067312500001 0.730178346875 0.617466109375 0.718937325 0.61476075625 0.7200915390625
2 0.8010621625000001 0.703561140625 0.8033242656249999 0.7090691359375 0.8026186140625 0.7093553265625 0.80036994375 0.7037902390624999 0.79413949375 0.7060966046875 0.8072072718750001 0.7382982796875 0.809989296875 0.73712280625 0.8094374 0.7357162359375 0.8214121078125001 0.7309022203125 0.8219792296874999 0.7322542578125 0.8247205546874999 0.731118728125 0.8118757999999999 0.6991919765625 0.8010621625000001 0.703561140625
2 0.8597783250000001 0.6264882 0.8504772421875 0.6302770343749999 0.849884503125 0.6288094125 0.8403582500000001 0.632532740625 0.84094829375 0.6339393046875 0.8381729124999999 0.6350261984375 0.8514896921874999 0.6683734828125 0.8573446953125 0.666007646875 0.855192859375 0.660905028125 0.871977596875 0.6541478671875 0.8600796546874999 0.6246902000000001 0.859159359375 0.6251247765625 0.8597783250000001 0.6264882
12 0.62206169375 0.6845649140625001 0.63153696875 0.7081844828125 0.6531865265625 0.6995297390624999 0.643613196875 0.6758872703125001 0.62206169375 0.6845649140625001
10 0.6522618703124999 0.6723244546875 0.661767990625 0.695928146875 0.663846803125 0.69508865625 0.6543364609375 0.6715089015625 0.6522618703124999 0.6723244546875
6 0.8135463625 0.6658834375 0.8197815687500001 0.6811872296875 0.829363975 0.677170890625 0.8231355593749999 0.661917659375 0.8135463625 0.6658834375
10 0.6976425171875 0.6865584328125001 0.7021484515624999 0.6978180203125001 0.7048906671874999 0.696645625 0.700348765625 0.6854055 0.6976425171875 0.6865584328125001
10 0.6656376578125001 0.720365553125 0.667100365625 0.7240127234375 0.677728140625 0.7196478078124999 0.6762468765625 0.7160422421875 0.6656376578125001 0.720365553125
11 0.5946278234375 0.7050084437499999 0.6015879484375 0.7223472859375 0.608906625 0.7195192765625 0.601812965625 0.7020087984375001 0.5946278234375 0.7050084437499999
10 0.6599360453124999 0.7165868718749999 0.6611178109375 0.7195113640625 0.6666807296874999 0.717319528125 0.66546849375 0.7143515171875 0.6599360453124999 0.7165868718749999
10 0.8342269 0.6368412171875 0.8387306593750001 0.6481004218749999 0.841472875 0.6469280265624999 0.836930971875 0.6356879 0.8342269 0.6368412171875
2 0.7492250968749999 0.754753203125 0.749873253125 0.756161040625 0.7555964140625 0.7538112234375001 0.742655128125 0.7217765765624999 0.7202224859374999 0.730800340625 0.7331343328125 0.7628556 0.73785745625 0.7609790296875001 0.737259996875 0.7596272515625 0.7492250968749999 0.754753203125
10 0.3600524296875 0.8007458359375 0.35517133125 0.8070877546874999 0.358925878125 0.811913146875 0.3562700015625 0.8153827093749999 0.370513565625 0.833319215625 0.3779102390625 0.8234381203125001 0.3765584046875 0.8217962609375 0.3759728859375 0.8225400515624999 0.3701975734375 0.8153108781249999 0.3709743125 0.8144179359375 0.3600524296875 0.8007458359375
2 0.41796943124999997 0.856755184375 0.4215753125 0.8658086031250001 0.4341512234375 0.860728125 0.43054829687499996 0.8517470296875 0.41796943124999997 0.856755184375
13 0.3774686421875 0.8529963265625 0.386235828125 0.863999821875 0.39020374687500003 0.8586311249999999 0.3814333703125 0.8476966234375001 0.3774686421875 0.8529963265625
2 0.4221215390625 0.8669292109375 0.4358225625 0.901005046875 0.43855248593749996 0.8998069234375 0.4380685796875 0.8985492140625 0.45201611093749994 0.8928859953125 0.45253126093749996 0.8942210156250001 0.45534476875 0.8930006078125 0.4375571765625 0.8487544484375 0.43135786875 0.8513232203125 0.435503715625 0.86158365 0.4221215390625 0.8669292109375
10 0.40253826718749997 0.87671791875 0.4002815328125 0.871160384375 0.39316356875 0.8804152406249999 0.40253826718749997 0.87671791875
13 0.39111877968750003 0.8810744953125 0.399541378125 0.8700325078125 0.39056619531250003 0.8591078921875 0.38224625625 0.870146665625 0.39111877968750003 0.8810744953125
10 0.38876737031249997 0.791304028125 0.39333155937500003 0.8026468109374999 0.3950817203125 0.8004389937499999 0.3910568734375 0.79042764375 0.38876737031249997 0.791304028125
10 0.3952949265625 0.8267290125000001 0.41013305625 0.845454715625 0.41102662968750003 0.844325459375 0.40114505781250004 0.8197142921875 0.40061667968750003 0.8199049640625 0.3952949265625 0.8267290125000001
1 0.48586360781250004 0.7607866609375 0.49152887968750003 0.7747670890625 0.5020785812499999 0.770475915625 0.4964642671875 0.756581884375 0.48586360781250004 0.7607866609375
10 0.4020008328125 0.819244778125 0.4037494640625 0.8235100453124999 0.40881765625 0.8214071125 0.4071542984375 0.8172881437499999 0.4020008328125 0.819244778125
10 0.4200324484375 0.8288942265625 0.4235420375 0.83771750625 0.426058846875 0.8366209203125001 0.41926419531250003 0.819940640625 0.40539870312500004 0.8255139890625 0.4086140109375 0.8334293703125001 0.4200324484375 0.8288942265625
2 0.3919600875 0.8824176625 0.40440766562499997 0.9135810484375 0.40633225 0.9128781609375001 0.4057847078125 0.91149143125 0.42957885156250003 0.9018405093749999 0.4301435484375 0.9032381171875 0.43412633749999996 0.9017044453124999 0.418959028125 0.8640335374999999 0.4012953203125 0.8710799843749999 0.40378872968749996 0.87750945625 0.3919600875 0.8824176625
10 0.336965696875 0.7583980875 0.3395669671875 0.7617344312500001 0.342693059375 0.7577296171875 0.3400724578125 0.7543820109375 0.336965696875 0.7583980875
13 0.37322004375 0.8586206890625 0.3819796625 0.8695207578125 0.385997771875 0.8642428093750001 0.3772510671875 0.853244046875 0.37322004375 0.8586206890625
1 0.37016690625000004 0.8120171859375 0.377883675 0.8018223062500001 0.36913005 0.79076735 0.36139305781250003 0.8009687609375 0.37016690625000004 0.8120171859375
10 0.32977065781250003 0.7730592453125 0.33043984531250004 0.7738133578124999 0.33389905937500003 0.7692681875 0.331337734375 0.7659916156250001 0.32362351562499997 0.7761084125 0.3255446859375 0.778459853125 0.32977065781250003 0.7730592453125
13 0.5202218750000001 0.8182211703125001 0.51335524375 0.8012555765625 0.50295734375 0.8054557171875001 0.50997670625 0.822579503125 0.5202218750000001 0.8182211703125001
10 0.48319055625 0.792584496875 0.49132590625 0.8127513171875 0.49302674062499996 0.81206395 0.48482355312500003 0.7919255546875 0.48319055625 0.792584496875
2 0.4424505390625 0.85877758125 0.45616126875 0.892690209375 0.4591027953125 0.8915709093749999 0.45857101718750004 0.8903238296874999 0.472531346875 0.8846516484375 0.47306824843750006 0.885914215625 0.47586218125 0.8847666453125 0.458007778125 0.840574896875 0.45177864375 0.8431283125 0.45588901249999997 0.8532400062500001 0.4424505390625 0.85877758125
2 0.487263321875 0.8157809921875 0.5096277328125 0.8710692484375 0.5124641703124999 0.8699605874999999 0.5119453187499999 0.868710178125 0.529836334375 0.8614626046874999 0.530382703125 0.8626842078125 0.5380948359375 0.859641734375 0.521778303125 0.8192562578125001 0.499433340625 0.8282472406249999 0.49343614531249996 0.81330515625 0.487263321875 0.8157809921875
13 0.49317846718749997 0.8096000875 0.49646971406249996 0.8177465078124999 0.50602141875 0.8138661140625001 0.50275129375 0.805733515625 0.49317846718749997 0.8096000875
10 0.47270543906249995 0.766127965625 0.48272851718750004 0.7911646015625 0.4942189953125 0.786443584375 0.4906424734375 0.777726303125 0.491682328125 0.7773071984375 0.48506797031250004 0.7610805421875 0.48195724375 0.7623640984375 0.4825598359375 0.7638076546875 0.474428896875 0.7670365609375 0.4738636875 0.765635496875 0.47270543906249995 0.766127965625
2 0.28707746093750003 0.8184590890625 0.29130390156249997 0.8237704515625 0.31590653281250003 0.7912037078124999 0.2899844609375 0.7587705984374999 0.2653180625 0.791183615625 0.2704533671875 0.7976268 0.27122897031250004 0.796854821875 0.2876846890625 0.8173376812500001 0.28707746093750003 0.8184590890625
13 0.32480392187499996 0.7793905515625 0.32201023125 0.7758475078125 0.3262039359375 0.7703626765625 0.3139110234375 0.755081234375 0.3014289609375 0.7713366609375 0.316459371875 0.79018714375 0.32480392187499996 0.7793905515625
4 0.3805270078125 0.770791096875 0.3878080265625 0.7889314609375 0.40311297812499997 0.7827469453125 0.3957939515625 0.7646694359375 0.3805270078125 0.770791096875
2 0.4225785796875 0.7938586515625 0.4380142484375 0.8319672984375 0.4575393765625 0.823806309375 0.43966793125 0.77947580625 0.4377510390625 0.7802686796875 0.43831534687499996 0.78163031875 0.43023164375 0.7848776515625 0.42970215156249997 0.7835030796875 0.42712555625000004 0.784544246875 0.4296980671875 0.790945034375 0.4225785796875 0.7938586515625
6 0.34751332968750004 0.8265632437500001 0.36188644999999997 0.8446112250000001 0.3699161390625 0.834035103125 0.355567859375 0.816049840625 0.34751332968750004 0.8265632437500001
6 0.43754410000000005 0.832979371875 0.42182095625000005 0.7941278234375 0.41331243124999995 0.79756389375 0.42189684375000003 0.8188106312500001 0.4200430625 0.8196337046875 0.42675384375 0.8361152046875 0.42935883906249994 0.8349511484375001 0.4298597625 0.8361568859374999 0.43754410000000005 0.832979371875
5 0.390087459375 0.7515972093750001 0.3921181453125 0.7507761578125 0.4056715296875 0.7844994890625 0.3919896078125 0.790157934375 0.3963413578125 0.80093035625 0.37988589375 0.822712825 0.38852761875 0.83359435 0.39993729375 0.8185342546875001 0.4075791578125 0.8155276328125 0.4098186078125 0.8210686562499999 0.4193719859375 0.8172614812500001 0.41074160312499997 0.795900059375 0.42708076562499997 0.789220275 0.4224368078125 0.777725434375 0.4133965796875 0.7813773953125 0.4003956234375 0.7491976 0.40947221718750004 0.7456384375 0.40330130000000003 0.73054904375 0.384644078125 0.7380317421875 0.390087459375 0.7515972093750001
6 0.3804147203125 0.84595308125 0.37815862031249997 0.843115140625 0.38591872656250004 0.833431634375 0.37870004375 0.8244625624999999 0.3622926859375 0.8460740093749999 0.3692494515625 0.854906025 0.36982755156249997 0.85419795 0.372090034375 0.856916971875 0.3804147203125 0.84595308125
2 0.43836959531249997 0.8485499109375001 0.4419961953125 0.8574667453125 0.45460552656250003 0.8524639625000001 0.45094077343750005 0.843489915625 0.43836959531249997 0.8485499109375001
10 0.38942815 0.834627096875 0.404271646875 0.8532841890625 0.409472025 0.8462704546875001 0.3947043328125 0.8278006234375 0.38942815 0.834627096875
3 0.485660928125 0.7916940046875001 0.4923635234375 0.808215571875 0.5015816578125001 0.8044199640624999 0.49491760625000003 0.7879915796875 0.485660928125 0.7916940046875001
7 0.47819890000000004 0.7826607078125 0.47456028281249996 0.773843846875 0.46938828125 0.7759755953125 0.46647412343749994 0.7686428515625 0.462443465625 0.7702252984375 0.463004459375 0.7716884453125 0.4490116109375 0.7773223578125 0.4484467796875 0.775880971875 0.4405418984375 0.779119446875 0.45939933125000004 0.8259450140625001 0.48528396406249996 0.81566196875 0.4850593609375 0.8150715125 0.489619809375 0.8133412734375 0.47741517499999997 0.7830206390625001 0.47819890000000004 0.7826607078125
3 0.3252272984375 0.7375667828125 0.319641715625 0.7305213984375001 0.3202680453125 0.7296097875 0.3161221421875 0.7244652046875 0.30390975 0.7404574171875 0.3173053375 0.7578775421875 0.32957408906249996 0.741222128125 0.32611798593749997 0.7368610953125 0.3252272984375 0.7375667828125
13 0.409827671875 0.8346777624999999 0.41815380468749996 0.855245084375 0.42792678281249996 0.8510323578125 0.41967454374999996 0.8307203968750001 0.409827671875 0.8346777624999999
10 0.46724044062500003 0.7682989234375001 0.4697981953125 0.7744334625 0.4740181359375 0.77259830625 0.471615796875 0.7665876546875 0.46724044062500003 0.7682989234375001
12 0.40040650624999996 0.749218590625 0.4134000359375 0.7813768828125001 0.42243808749999995 0.7777245374999999 0.409506528125 0.745679265625 0.40040650624999996 0.749218590625
8 0.390713990625 0.8835610484374999 0.3178901765625 0.7926854734375001 0.29277683906249996 0.8254953687500001 0.2952176953125 0.8286598250000001 0.295908921875 0.827742828125 0.3178951890625 0.85532868125 0.3172774296875 0.85619805 0.3197894671875 0.8594423703125 0.3393888890625 0.833261084375 0.38182815468750003 0.8864201265625 0.3621760953125 0.9124036515625 0.36324882812500003 0.9136877765625 0.3638214109375 0.9128900968749999 0.3713814109375 0.9222648984375 0.37078159843749997 0.9233124453125001 0.3732539125 0.9262603125 0.3778174125 0.92437915625 0.3772600140625 0.9229974203125 0.40103355 0.9133552046875 0.4017038609375 0.9148219203125001 0.40302721718749995 0.9141947671875 0.390713990625 0.8835610484374999
3 0.49172678124999997 0.7775640984375001 0.5024223328125 0.8039724703125 0.5127854109375 0.7997471171874999 0.501979915625 0.773421453125 0.49172678124999997 0.7775640984375001
10 0.3378393921875 0.7533285843749999 0.3302592765625 0.743813365625 0.33095128125 0.7429683078125 0.3303302265625 0.742233903125 0.3180670421875 0.75841236875 0.3270019484375 0.7696608421875 0.3311511171875 0.764256790625 0.3344820046875 0.768430825 0.3390000078125 0.7624747640625 0.33565925937499996 0.7582675765625 0.339280621875 0.7534772546874999 0.33845241875 0.7524796984375001 0.3378393921875 0.7533285843749999
2 0.3493558140625 0.8714622734375 0.33974583593749996 0.8843008484375 0.34593249375 0.8920030703125 0.346647665625 0.8911475140625 0.35949598437499997 0.9073066093750001 0.3589120484375 0.9083850046874999 0.3613979515625 0.9114721390625 0.380498934375 0.8862979375 0.36254745 0.8637742484375 0.35304646562499997 0.87614738125 0.3493558140625 0.8714622734375
10 0.3982731828125 0.8632334437500001 0.4018263359375 0.8677630453124999 0.41783884374999997 0.8611860953124999 0.41156879062499996 0.8456663640625001 0.3982731828125 0.8632334437500001
6 0.3864933484375 0.8344102812499999 0.37963623750000003 0.843509190625 0.3952805484375 0.863198275 0.40234131093750003 0.8540578640625001 0.3864933484375 0.8344102812499999
2 0.34031526875 0.8360687453125 0.3211150484375 0.860997703125 0.3235617875 0.8641351484375001 0.32431087812500003 0.8632463046875 0.337228978125 0.8795377484375001 0.33651214375 0.8804154515624999 0.339105946875 0.8834441999999999 0.3490540546875 0.8701704890625 0.35284825937500003 0.874834590625 0.36174804531250004 0.8627660640625001 0.34031526875 0.8360687453125
8 0.4245643546875 0.8400574234375 0.429041940625 0.8508733484375 0.4583689203125 0.8390230421875 0.476741646875 0.8843663796874999 0.4787684921875 0.8835480171875 0.47820059531250003 0.8821431140625 0.5034173171874999 0.8719958468750001 0.5039482171875 0.8733751546875 0.5081388640625 0.8716806796875 0.48535525625 0.81561395625 0.4245643546875 0.8400574234375
13 0.496635921875 0.8181527718750001 0.4999184609375 0.826278584375 0.50948605 0.8224862546875 0.506220275 0.8143353531249999 0.496635921875 0.8181527718750001
6 0.6771235265625 0.7156325046875 0.6833587328124999 0.7309362968750001 0.6929402421875 0.726918678125 0.6867118265625 0.711665446875 0.6771235265625 0.7156325046875
13 0.29049112187500004 0.7579713921875 0.30052060625 0.7701892234375001 0.31301263437500004 0.753800925 0.3033185234375 0.741577159375 0.29049112187500004 0.7579713921875
7 0.35851924375 0.800234284375 0.35921226562499997 0.8011777125 0.36812183125 0.7894800171874999 0.362791296875 0.782877878125 0.3621482015625 0.7838145796875 0.349104646875 0.7674583828125 0.34986627656249997 0.7665302406250001 0.34349770625 0.7587017031250001 0.3178974671875 0.7926441265624999 0.34173844999999997 0.822442928125 0.3429205890625 0.8207015109375 0.3467500078125 0.8254458671875 0.3574208734375 0.811553534375 0.3535149875 0.8064602484375 0.35851924375 0.800234284375
10 0.7965000671875 0.6668133359375 0.7976809359375 0.66973655 0.8032438562499999 0.6675447140624999 0.8020325156249999 0.6645779828125 0.7965000671875 0.6668133359375
13 0.867353125 0.663997215625 0.8665270968750001 0.6620711109374999 0.8692352796874999 0.6610217328125 0.867812275 0.6575375078125 0.856939259375 0.6620207328125 0.86288253125 0.67672780625 0.87057635625 0.6736619109374999 0.8667884015625 0.664247671875 0.867353125 0.663997215625
13 0.8048623046875001 0.6754814375 0.8131209609375001 0.695922428125 0.8228504515624999 0.6919499734375 0.8146152328125 0.6716051125 0.8048623046875001 0.6754814375
10 0.8028648859375 0.6642412140625 0.8040406328125 0.6671489390625001 0.8099647640625 0.664830071875 0.808762390625 0.6619142859375 0.8028648859375 0.6642412140625
10 0.8688956093750001 0.6568209125 0.87059956875 0.66110410625 0.874205653125 0.65966444375 0.8724905578125 0.655387140625 0.8688956093750001 0.6568209125
13 0.8672854140625 0.6640312734375 0.8710503328125 0.6734807171875 0.8769968468749999 0.67102219375 0.8732507640625 0.6617140640625 0.8672854140625 0.6640312734375
13 0.7432125625 0.7142313734375 0.746976071875 0.72367608125 0.7529239953125 0.72122229375 0.7491779125 0.7119141640625 0.7432125625 0.7142313734375
10 0.6663934031250001 0.7139671171875 0.6675673578125 0.7168722828125 0.673493665625 0.7145538 0.6722912937500001 0.7116380140625 0.6663934031250001 0.7139671171875
8 0.8682918046875001 0.713767471875 0.8548361515625 0.6805078890625 0.8618024359374999 0.6777187140625001 0.85773213125 0.667596134375 0.8201639984375 0.6826704984374999 0.8242293140625 0.69282136875 0.8313742640624999 0.6898269765625 0.8448281421875 0.7232175078124999 0.8477266562500001 0.722074915625 0.8470797515624999 0.72047545625 0.8650814984374999 0.71327433125 0.86573453125 0.7147626828125 0.8682918046875001 0.713767471875
2 0.8249032875 0.693936453125 0.8271418421875 0.6994761984375 0.82611428125 0.6999210296875 0.8238525718749999 0.6944871499999999 0.8135778046875 0.698631590625 0.8263873625 0.7305925234374999 0.8292025531249999 0.729502553125 0.8286185250000001 0.7280936828125 0.8405905421875 0.72325675625 0.841136928125 0.72461186875 0.84390808125 0.7234916953125 0.831000475 0.6915650796875 0.8249032875 0.693936453125
2 0.6705979328125 0.7880425078125 0.67343180625 0.7869165640625 0.6729034703125001 0.785573609375 0.6849369281250001 0.780731809375 0.68552095625 0.782140678125 0.6882396234375 0.78100003125 0.6752622500000001 0.7490364328125 0.6639098609375 0.7535596625000001 0.6576907078125 0.75609464375 0.6705979328125 0.7880425078125
3 0.092516065625 0.285696525 0.08032925468749999 0.2905236265625 0.0790600546875 0.287547815625 0.06919254999999999 0.291342234375 0.0840160765625 0.3283668921875 0.106168640625 0.319321790625 0.092516065625 0.285696525
11 0.092891971875 0.27711297031250004 0.11183144687499999 0.26965199375000004 0.1035454109375 0.24930265937499999 0.0847298578125 0.256856165625 0.092891971875 0.27711297031250004
13 0.1537456515625 0.3413071890625 0.17364930781250001 0.3332645515625 0.1570367046875 0.2919876890625 0.13693219375000001 0.29992871875 0.1537456515625 0.3413071890625
10 0.2431643578125 0.2681625421875 0.2535068359375 0.2639840421875 0.2483682140625 0.25119705937500003 0.2378672765625 0.2554407359375 0.2431643578125 0.2681625421875
10 0.5200717078125 0.0681202765625 0.520160734375 0.06949235000000001 0.529074228125 0.091519615625 0.5616813953124999 0.0782518359375 0.5601402015625 0.074470784375 0.5200717078125 0.0681202765625
10 0.403191846875 0.1358337859375 0.40832918281249997 0.14858351875 0.41421080625 0.1461875984375 0.4091004921875 0.1335391125 0.403191846875 0.1358337859375
3 0.38204415625 0.1717819390625 0.3832888765625 0.1745402734375 0.3708660640625 0.179643259375 0.3696234921875 0.17669458124999998 0.3601299 0.1805571734375 0.370894209375 0.207110053125 0.400667903125 0.195080478125 0.390004221875 0.16864406875 0.38204415625 0.1717819390625
7 0.5115296500000001 0.2076198953125 0.4954459046875 0.167765734375 0.48914722499999996 0.170045484375 0.48719998125 0.1652268796875 0.4851366578125 0.16606124687499998 0.476642 0.14498628125 0.47872951874999997 0.14416739843749998 0.474763971875 0.1343987375 0.4643896015625 0.1384336203125 0.46550927499999994 0.14129667968749998 0.433391190625 0.15438031875 0.4322748328125 0.1514348234375 0.42002736093750004 0.156357809375 0.453725359375 0.239398784375 0.506163759375 0.218295490625 0.50317881875 0.21099514218749998 0.5115296500000001 0.2076198953125
10 0.48166428906250003 0.14324548125 0.4903144046875 0.1647494984375 0.5233255609375 0.1515192984375 0.5149456421874999 0.1307798171875 0.48166428906250003 0.14324548125
2 0.60700419375 0.13298737031250002 0.610340653125 0.1679820609375 0.6412723203125 0.1727933015625 0.6401986359375 0.1619134109375 0.6379798859375 0.161637740625 0.6313454265625 0.0920601453125 0.6337499249999999 0.09244036875 0.6329796859375 0.0857694953125 0.591568159375 0.079394215625 0.5962084109375 0.131369865625 0.60700419375 0.13298737031250002
2 0.5242797953125 0.2357693609375 0.5456877015625 0.288847103125 0.5512938734375 0.2865563140625 0.550052853125 0.2837133671875 0.5783141203125 0.272269753125 0.579524940625 0.2751758109375 0.5850959125 0.2729001296875 0.5783513140625 0.2562477484375 0.58626131875 0.2530247609375 0.5714893390625 0.21664306406249997 0.5242797953125 0.2357693609375
4 0.2144152234375 0.26001480312499997 0.2437162140625 0.2481273796875 0.2245808890625 0.20042821718749998 0.1951575484375 0.212481425 0.2144152234375 0.26001480312499997
10 0.47314693124999996 0.0566117390625 0.47389519375000005 0.063572675 0.4925980109375 0.06638694687499999 0.489711278125 0.059286784375 0.47314693124999996 0.0566117390625
10 0.6055804218749999 0.135023871875 0.5962247109375001 0.1335234203125 0.60818145 0.1632775390625 0.6055804218749999 0.135023871875
9 0.3914096296875 0.168022409375 0.40214948125000005 0.19451039375 0.42187776875000005 0.186457028125 0.41520985312500003 0.169859678125 0.422584709375 0.166929384375 0.41857075312500003 0.15699624375000001 0.40928309531249996 0.16067076875 0.41046155625 0.1637730625 0.3940569546875 0.170244975 0.392916546875 0.1674040625 0.3914096296875 0.168022409375
13 0.5623014796875 0.1676037125 0.5688756500000001 0.18387376718749998 0.5881103859375 0.1760744328125 0.5815225203125001 0.159812059375 0.5623014796875 0.1676037125
11 0.47594842187499997 0.1290239 0.4807811390625 0.1410961453125 0.49890408906249994 0.1337739109375 0.48617192343750004 0.1023729890625 0.466645596875 0.110197196875 0.47444008281250005 0.1295421453125 0.47594842187499997 0.1290239
10 0.518375234375 0.0504967859375 0.5197943875 0.06585001874999999 0.5269560296875 0.0669030140625 0.525532159375 0.05168469999999999 0.518375234375 0.0504967859375
13 0.5751414859375 0.142453040625 0.5888477156249999 0.176225759375 0.6083648171875 0.1683393421875 0.5947812375 0.1347172671875 0.5751414859375 0.142453040625
6 0.536898178125 0.12113849531250001 0.5485817578125001 0.1499985375 0.583305009375 0.1360616375 0.5716098984375 0.1071142984375 0.536898178125 0.12113849531250001
2 0.4979741515625 0.1697474109375 0.5130904578125 0.2070076859375 0.544635896875 0.1942639796875 0.5295742515625 0.15702456250000002 0.4979741515625 0.1697474109375
8 0.45364190625 0.2394457734375 0.4837115390625 0.31375808125 0.48930684375 0.3115607375 0.48809104843749995 0.308778334375 0.5360151937500001 0.289283284375 0.537242928125 0.2923224640625 0.5427932875 0.29001734375 0.5204287390625 0.2346662375 0.6131332125 0.1974082265625 0.635364221875 0.2525495515625 0.6483013421875 0.2473229703125 0.6478194140625 0.24188653750000003 0.645470590625 0.2414577921875 0.6398430234375 0.1829480078125 0.64227851875 0.18347056875 0.641611496875 0.177124175 0.610868509375 0.17231815625 0.5049648328125 0.2153029015625 0.5062109968749999 0.2183139171875 0.45364190625 0.2394457734375
6 0.5175687015625 0.1288134234375 0.52880631875 0.1568050125 0.5308955015625 0.1559830578125 0.5478697921875 0.1977791859375 0.5635513140625 0.191456884375 0.5619330031249999 0.18726059374999998 0.5671742515625 0.18510515624999999 0.5532417281249999 0.1505543265625 0.5479897234375 0.1526753328125 0.535473671875 0.12156943125 0.5175687015625 0.1288134234375
10 0.5619996421875 0.074767240625 0.5840075812500001 0.1292903328125 0.5920966625 0.1260506796875 0.5875982390625001 0.0786661640625 0.5619996421875 0.074767240625
1 0.6696022187499999 0.267190475 0.652901528125 0.08883461718749999 0.6364346171874999 0.08632596406250001 0.6518931218749999 0.25071729062500003 0.42541383125000004 0.3421571953125 0.43364175625 0.36252433125 0.6696022187499999 0.267190475
2 0.470153690625 0.31598968906249997 0.4712797609375 0.3188291953125 0.4807949890625 0.3149838796875 0.45036845468750003 0.239584346875 0.3933664453125 0.262715746875 0.42375763906249997 0.33802939374999996 0.4352600390625 0.33343164375 0.4340817375 0.33056385625 0.470153690625 0.31598968906249997