0 0.42527499999999996 0 0 0.13001875000000002 0 0.574725 0.13001875000000002 1 0.574725 1 1 0.86998125 1 0.42527499999999996 0.86998125 0 0.42527499999999996 0
11 0.64374375 0.254734375 0.6378546875 0.2355015625 0.617078125 0.241853125 0.6229359375 0.26108125000000004 0.64374375 0.254734375
10 0.21749999999999997 0.3698125 0.21630781250000003 0.36578125 0.21286875 0.36683125 0.2141171875 0.3708390625 0.21749999999999997 0.3698125
10 0.8122640625 0.587421875 0.8148328125000001 0.598290625 0.8268296875000001 0.596196875 0.825921875 0.592653125 0.8205265624999999 0.5936390625 0.8187312500000001 0.5863140625 0.8122640625 0.587421875
10 0.620865625 0.794909375 0.6115468749999999 0.7647734374999999 0.608334375 0.7657390625 0.617571875 0.795875 0.620865625 0.794909375
10 0.355078125 0.7954890625 0.3377015625 0.7386609375 0.33008906250000003 0.7410625 0.3474390625 0.7978078125 0.355078125 0.7954890625
10 0.36369843749999997 0.84794375 0.362171875 0.8429874999999999 0.358771875 0.8440562500000001 0.3603125 0.8490062500000001 0.36369843749999997 0.84794375
3 0.30199375 0.7346765625 0.28973125 0.6945328125 0.26702499999999996 0.7015875 0.2792890625 0.7417765625 0.30199375 0.7346765625
1 0.2281234375 0.7483125 0.2148390625 0.7523734375 0.21510625 0.7531921875 0.21497031249999998 0.7531984375 0.22169218750000003 0.77549375 0.22188593750000002 0.775434375 0.22410156250000002 0.7827203125 0.236634375 0.7788890625 0.23465468750000001 0.7724296875000001 0.23557968749999997 0.7720875 0.22852812500000003 0.74909375 0.2283703125 0.749159375 0.2281234375 0.7483125
11 0.21828906250000002 0.7485421875 0.218353125 0.748790625 0.22617656249999998 0.7463859375 0.22610156250000002 0.74616875 0.22774062499999997 0.7456734375 0.2192359375 0.7179578125 0.205553125 0.7221062500000001 0.20699843750000002 0.7266812500000001 0.2065828125 0.7268078124999999 0.211375 0.7425828125 0.21183281250000002 0.7424421875 0.21405625 0.749828125 0.21828906250000002 0.7485421875
1 0.361378125 0.8528968750000001 0.371021875 0.8841531249999999 0.39901718750000004 0.87559375 0.387409375 0.837665625 0.365040625 0.8445562499999999 0.36709375 0.8512703125 0.361378125 0.8528968750000001
10 0.32305937500000004 0.7851609374999999 0.32854218749999997 0.8034046874999999 0.3458484375 0.7982171874999999 0.34024062499999996 0.7799078125000001 0.32305937500000004 0.7851609374999999
13 0.3263140625 0.802334375 0.3129984375 0.7589453125000001 0.286896875 0.766984375 0.299915625 0.810553125 0.3263140625 0.802334375
13 0.339153125 0.7772953125 0.328421875 0.7420546875 0.3116359375 0.7472421875 0.32221875 0.78239375 0.339153125 0.7772953125
10 0.292684375 0.8978046875000001 0.30156875 0.9269343750000001 0.31164843750000004 0.9238687499999999 0.3088609375 0.9149890624999999 0.30436562500000003 0.9163625 0.29819375 0.8961046874999999 0.292684375 0.8978046875000001
10 0.571759375 0.686471875 0.5737203125 0.6929796875 0.5805203125 0.690871875 0.5873484375 0.7131375 0.588546875 0.7127703125 0.579728125 0.6839921875 0.571759375 0.686471875
10 0.7552140625 0.6275265625 0.757371875 0.6365546875 0.7687999999999999 0.63453125 0.7663953125 0.6247703125 0.7605390625 0.6256859375 0.7607781250000001 0.62646875 0.7552140625 0.6275265625
13 0.8324093749999999 0.6327359375 0.8370078124999999 0.6523484374999999 0.8638640625 0.64774375 0.85829375 0.6230749999999999 0.8417515625 0.6259953125 0.842921875 0.6309 0.8324093749999999 0.6327359375
7 0.7613875 0.5971875 0.7640140625 0.6086828125 0.7569828125 0.6099359375 0.7602703125 0.623565625 0.76743125 0.622359375 0.770803125 0.6364062500000001 0.7637796875 0.637684375 0.7705890625 0.66586875 0.834940625 0.654659375 0.8252453125000001 0.614753125 0.8173953125000001 0.6159546875 0.81083125 0.5880171875 0.7613875 0.5971875
10 0.8297156250000001 0.6229765625 0.8316531250000001 0.63040625 0.8407890625000001 0.6288750000000001 0.8396109375 0.6240375 0.8579953124999999 0.620746875 0.857353125 0.61805625 0.8297156250000001 0.6229765625
13 0.7228109375 0.6717484375 0.7154828125 0.647678125 0.6815046875 0.6581109374999999 0.6888328125000001 0.682121875 0.7228109375 0.6717484375
11 0.9054234375 0.7294359375 0.900503125 0.7087359375 0.8782593750000001 0.712609375 0.8832296875000001 0.7332687499999999 0.9054234375 0.7294359375
1 0.633815625 0.6602984375000001 0.6315015625 0.6525624999999999 0.6464015625 0.6479640625 0.6362796875 0.6147218750000001 0.6044390625 0.6245 0.60685 0.6324875 0.586365625 0.6387828125 0.5964031249999999 0.671746875 0.633815625 0.6602984375000001
1 0.71381875 0.70470625 0.730965625 0.7606437500000001 0.7335828125 0.75984375 0.7916859374999999 0.7497765625 0.7780390625 0.6928765625 0.7180015625 0.7035046875 0.71381875 0.70470625
10 0.7518390625 0.5894375000000001 0.755709375 0.60529375 0.76115625 0.6043968750000001 0.7587578125000001 0.5947265625 0.7778078125000001 0.591575 0.77635625 0.5851390624999999 0.7518390625 0.5894375000000001
6 0.7676875 0.6664218749999999 0.7610265625 0.638021875 0.75643125 0.638809375 0.7538125 0.628459375 0.7377890625 0.631325 0.742846875 0.65435625 0.738234375 0.6550281250000001 0.7420015624999999 0.6708796875 0.7466 0.670084375 0.7469859375000001 0.6716578125 0.763746875 0.6687203125 0.7633171875 0.667075 0.7676875 0.6664218749999999
13 0.5919359375 0.6775109375 0.5841765624999999 0.6522375 0.54118125 0.6651921875 0.5490390625 0.6907890625 0.5919359375 0.6775109375
10 0.827659375 0.59240625 0.8289203125 0.597975 0.8153375 0.6004171875 0.8186484374999999 0.6142171875 0.8248296875 0.6130765625000001 0.8247500000000001 0.6126890625 0.8272921875 0.6121796875000001 0.828996875 0.6190390625 0.8562578125 0.61418125 0.8501578125 0.5884515625 0.827659375 0.59240625
10 0.7402046875 0.6706046875 0.73674375 0.6559468749999999 0.7206859375 0.6587765625 0.72510625 0.6732578124999999 0.7402046875 0.6706046875
10 0.7412890625 0.6528375 0.7358703125 0.6311578124999999 0.7166328125 0.6345734375000001 0.721753125 0.6561671875 0.7412890625 0.6528375
1 0.8768296875000001 0.714159375 0.8572921875 0.718040625 0.8617874999999999 0.7370015624999999 0.881528125 0.7336859375 0.8768296875000001 0.714159375
1 0.649521875 0.7855515625 0.64044375 0.7559218750000001 0.6131359375 0.764271875 0.6221921874999999 0.7938953125 0.649521875 0.7855515625
1 0.2915296875 0.2933453125 0.2865234375 0.27695781249999996 0.2839421875 0.27773593750000003 0.2837125 0.2770109375 0.2664390625 0.28224062499999997 0.266684375 0.2830109375 0.2647421875 0.283634375 0.26978749999999996 0.2999421875 0.2719828125 0.299296875 0.272153125 0.299853125 0.2887828125 0.29468125 0.288659375 0.2942234375 0.2915296875 0.2933453125
3 0.1208640625 0.2235390625 0.1331421875 0.2637390625 0.155909375 0.2567171875 0.1435515625 0.2164421875 0.13833125 0.2180234375 0.13838124999999998 0.21821562499999997 0.1208640625 0.2235390625
10 0.16870000000000002 0.32792656249999996 0.165946875 0.3188890625 0.15107187500000002 0.3234078125 0.15386093750000002 0.3324953125 0.16870000000000002 0.32792656249999996
10 0.24736562499999998 0.3051703125 0.23838125 0.275978125 0.22189062499999998 0.2808859375 0.23085 0.3102046875 0.24736562499999998 0.3051703125
10 0.146403125 0.41968125 0.15537499999999999 0.44881562500000005 0.1654234375 0.4457578125 0.16273593749999998 0.436865625 0.1581578125 0.43820625 0.1520078125 0.4179515625 0.146403125 0.41968125
10 0.2001328125 0.2888515625 0.1916671875 0.2607296875 0.183925 0.26305 0.20127343749999999 0.319796875 0.2089125 0.3174734375 0.2001328125 0.2888515625
11 0.0720734375 0.270575 0.07214374999999999 0.2707765625 0.0800109375 0.26837187500000004 0.0799546875 0.26815 0.0815734375 0.26764062499999997 0.0730703125 0.23986562500000003 0.05941875 0.2440625 0.0607703125 0.2484171875 0.0606609375 0.24846875000000002 0.0656171875 0.2646453125 0.06572343750000001 0.26461250000000003 0.0679109375 0.27180312500000003 0.0720734375 0.270575
1 0.21749374999999999 0.36180625 0.2176984375 0.3625171875 0.2401984375 0.355653125 0.240065625 0.3552015625 0.24030468749999997 0.35509843750000003 0.23504062499999998 0.3380796875 0.23224062499999998 0.3389359375 0.23207031250000001 0.3384109375 0.23129375 0.3386484375 0.23118124999999998 0.3382796875 0.2098828125 0.34488125 0.2099625 0.34517031249999997 0.20919218750000002 0.3454046875 0.20933281250000002 0.34585 0.2065359375 0.346734375 0.21170468750000002 0.36354375 0.21749374999999999 0.36180625
10 0.1663625 0.2782703125 0.1625265625 0.2657921875 0.15954375 0.26671875 0.1633375 0.2792265625 0.1663625 0.2782703125
1 0.163575 0.434040625 0.1670125 0.4452765625 0.22731875 0.426728125 0.2235546875 0.4141859375 0.210875 0.41812187500000003 0.21070000000000003 0.417596875 0.2099765625 0.41783281250000004 0.2098859375 0.41753125 0.194278125 0.42224843749999996 0.1943625 0.422546875 0.193575 0.4227875 0.193734375 0.4232890625 0.1816859375 0.42695156250000005 0.1786625 0.41706875 0.18012187500000001 0.4165984375 0.17556093749999999 0.40181875 0.174115625 0.40227500000000005 0.172646875 0.3975375 0.124178125 0.41234843750000005 0.1227 0.4075515625 0.12309375 0.40743124999999997 0.10832187499999998 0.3591234375 0.10792500000000001 0.3592296875 0.1015484375 0.3383953125 0.1019703125 0.3382671875 0.09450468749999999 0.31398281250000004 0.0941171875 0.31408749999999996 0.08978125 0.299978125 0.0905875 0.2997390625 0.0889171875 0.2944375 0.08930468750000001 0.2943015625 0.088984375 0.2932984375 0.0891234375 0.29325625 0.08235624999999999 0.2711046875 0.082225 0.27116093750000003 0.0819578125 0.27031875 0.0814875 0.2704625 0.08155 0.270665625 0.081 0.27081875 0.0809140625 0.270578125 0.06858125000000001 0.2744140625 0.068634375 0.2745171875 0.068296875 0.2746140625 0.0754921875 0.2981359375 0.0757953125 0.2980578125 0.081934375 0.318184375 0.08164375 0.3182734375 0.0888296875 0.341821875 0.08916093750000001 0.34170781250000004 0.09695000000000001 0.3672671875 0.0966515625 0.3673578125 0.111184375 0.4148921875 0.111490625 0.4147984375 0.115721875 0.4287109375 0.143971875 0.4201765625 0.1433234375 0.41813124999999995 0.15296875000000001 0.41521875 0.159175 0.43541406250000003 0.163575 0.434040625
13 0.1930609375 0.2992375 0.182365625 0.264078125 0.165490625 0.2692359375 0.176128125 0.3043390625 0.1930609375 0.2992375
10 0.176853125 0.3071484375 0.182534375 0.3257625 0.19977499999999998 0.320359375 0.1940765625 0.3018234375 0.176853125 0.3071484375
1 0.2785734375 0.36875625 0.2784515625 0.3683765625 0.2592109375 0.37431875 0.25929375 0.37458749999999996 0.25848593750000004 0.374834375 0.258628125 0.3753125 0.250671875 0.377775 0.2560046875 0.3953453125 0.2927140625 0.384121875 0.2873171875 0.3665125 0.2793046875 0.36905156250000004 0.2791640625 0.36856093749999996 0.2785734375 0.36875625
13 0.14089374999999998 0.2889484375 0.150675 0.320946875 0.1670125 0.3159984375 0.17044062499999998 0.3272234375 0.18029062499999998 0.3242703125 0.16699375 0.280909375 0.14089374999999998 0.2889484375
1 0.25283125 0.397415625 0.2412671875 0.35959375 0.2189109375 0.3664078125 0.2200078125 0.3699796875 0.2201171875 0.369959375 0.221059375 0.373075 0.2152046875 0.37485 0.22485 0.40597031250000004 0.25283125 0.397415625
1 0.5527375 0.1271078125 0.5505375 0.11987812499999999 0.5139750000000001 0.1310703125 0.514503125 0.1327953125 0.5038046875 0.1361109375 0.5008265625 0.126296875 0.4793453125 0.132878125 0.490065625 0.1680125 0.5100374999999999 0.161921875 0.5072234375 0.1528171875 0.60366875 0.1233453125 0.6003890625 0.11247812500000001 0.5527375 0.1271078125
10 0.5636625000000001 0.1577546875 0.5654984375 0.1639375 0.5742328125 0.1613109375 0.5727640625 0.15654531249999998 0.5906296875 0.1510828125 0.59019375 0.14965781250000001 0.5636625000000001 0.1577546875
10 0.5111875 0.13140156249999999 0.5088921875 0.123859375 0.502425 0.1258515625 0.504715625 0.1333796875 0.5111875 0.13140156249999999
10 0.47851406250000006 0.2402921875 0.4726421875 0.2210828125 0.45568749999999997 0.22613906250000002 0.461584375 0.2454828125 0.47851406250000006 0.2402921875
13 0.5980984375 0.17762031250000002 0.5943671875 0.165403125 0.594675 0.165309375 0.5910875 0.153546875 0.5751640625000001 0.1584078125 0.576603125 0.16316250000000002 0.5664390625 0.1662515625 0.57231875 0.1855265625 0.5980984375 0.17762031250000002
10 0.5243015625 0.20242343749999997 0.5163828125000001 0.1765609375 0.502234375 0.18088593749999998 0.5101171875 0.20672968749999998 0.5243015625 0.20242343749999997
13 0.4720171875 0.21836250000000001 0.46121093750000003 0.18331406249999999 0.44447187499999996 0.18844687499999999 0.4551609375 0.22354687499999998 0.4720171875 0.21836250000000001
1 0.621296875 0.26173125 0.6155078125 0.24279687499999997 0.598378125 0.24803906250000002 0.598559375 0.2486984375 0.597184375 0.249090625 0.597503125 0.2500375 0.5875 0.25308125000000004 0.587259375 0.25229375 0.5495859375000001 0.2637953125 0.549834375 0.2646109375 0.5340125 0.269434375 0.5337640625 0.2686203125 0.5164671875 0.2739515625 0.5166890625 0.2747453125 0.49989531249999997 0.279865625 0.49963749999999996 0.279053125 0.48245468750000003 0.28433593749999997 0.482684375 0.2851265625 0.47448281249999996 0.287603125 0.4797625 0.30498125 0.48822656249999996 0.3024296875 0.48836874999999996 0.3028484375 0.5050234375 0.29778906250000003 0.504896875 0.29731874999999997 0.522328125 0.2919828125 0.5224671875 0.2924390625 0.5391390625 0.2873703125 0.538996875 0.2869078125 0.5553703125 0.28188749999999996 0.5555203125 0.2823484375 0.5926109375 0.27099375000000003 0.5924796875 0.2705265625 0.6044546875 0.2668921875 0.604596875 0.267328125 0.62125625 0.26225 0.62111875 0.2618 0.621296875 0.26173125
2 0.8578093750000001 0.7125890625 0.87565 0.7091921875 0.8760249999999999 0.711134375 0.9002453125000001 0.7067703125 0.885746875 0.6464531250000001 0.8420781249999999 0.6540765625 0.85611875 0.7146656250000001 0.8581921875 0.7142671875 0.8578093750000001 0.7125890625
7 0.344103125 0.9145625000000001 0.343128125 0.9118953125000001 0.36024687499999997 0.9066609375000001 0.36091093750000003 0.9088312500000001 0.3741671875 0.905171875 0.354415625 0.841021875 0.35329375 0.8413765625 0.3475390625 0.8234109374999999 0.33958750000000004 0.8257 0.3389953125 0.8241015624999999 0.3090078125 0.8331953125 0.3349484375 0.9170828125 0.344103125 0.9145625000000001
10 0.393365625 0.7832874999999999 0.384465625 0.753371875 0.36776718750000004 0.7585046875 0.3769921875 0.7883375 0.393365625 0.7832874999999999
6 0.346803125 0.7646625 0.35639375 0.79518125 0.36104375 0.7937484375 0.361625 0.7956484374999999 0.3767515625 0.7910234375 0.36595 0.755665625 0.3517796875 0.759928125 0.352725 0.7631609375 0.346803125 0.7646625
2 0.43924375 0.8623218749999999 0.4202875 0.8013640625 0.384771875 0.8122515625 0.3901625 0.8298859375 0.388759375 0.8303437499999999 0.40209374999999997 0.873946875 0.41043124999999997 0.8714484375 0.409696875 0.8690484375 0.4303515625 0.8626859375 0.4310359375 0.864921875 0.43924375 0.8623218749999999
2 0.41775624999999994 0.777690625 0.4171078125 0.7758140625000001 0.4343859375 0.7704390625 0.4349609375 0.7723187499999999 0.4378046875 0.7714203125 0.42056875 0.7153765625 0.3769578125 0.7283390625 0.3850765625 0.75503125 0.38628125 0.75469375 0.39485000000000003 0.7826546875 0.411809375 0.7775046875 0.41236875 0.7793375 0.41775624999999994 0.777690625
10 0.36366875 0.8404890625 0.362965625 0.838084375 0.386025 0.83115625 0.38673281249999997 0.8334703125 0.38947031249999997 0.8326 0.3828203125 0.8110375 0.348365625 0.821390625 0.35502968749999997 0.8429984375 0.36366875 0.8404890625
10 0.3125375 0.7564140625 0.309025 0.7443109375 0.30577343749999997 0.7451859375 0.3094890625 0.75733125 0.3125375 0.7564140625
1 0.3332703125 0.9175484375 0.3242953125 0.8882734375 0.2998453125 0.8957312500000001 0.30535 0.9136531250000001 0.3098828125 0.9122859375000001 0.3132265625 0.9234375 0.3228265625 0.9206875 0.32198125 0.91835 0.331296875 0.9153796875 0.33201718750000003 0.917878125 0.3332703125 0.9175484375
8 0.30901093749999997 0.8331328125 0.41965624999999995 0.799403125 0.41375624999999994 0.7799343750000001 0.29941249999999997 0.8152390625000001 0.2980828125 0.810921875 0.29832187499999996 0.810815625 0.28936875 0.7815390625 0.27566875 0.785815625 0.28479062499999996 0.8156125 0.285034375 0.8155484375000001 0.28614687499999997 0.8192953125000001 0.23900156250000001 0.8331859375 0.24252812499999998 0.8451453125 0.244371875 0.8446296875 0.25917500000000004 0.8928359374999999 0.2573453125 0.8933953125 0.2615953125 0.9072046874999999 0.275753125 0.902703125 0.27511718749999997 0.9006234375 0.2878453125 0.896696875 0.28850625 0.8989 0.2935875 0.897296875 0.292959375 0.89511875 0.325384375 0.8853078125 0.30901093749999997 0.8331328125
2 0.2350171875 0.8201515625000001 0.238015625 0.83003125 0.25340625 0.8252484375 0.25329375 0.8248359375 0.28343281249999996 0.8155859375000001 0.27031875 0.7728921875 0.24088906250000003 0.7812484375000001 0.24040468750000002 0.779665625 0.22457656250000002 0.7846296875000001 0.227815625 0.7959359375 0.22934375 0.7952203124999999 0.2368046875 0.8195296875 0.2350171875 0.8201515625000001
2 0.2424546875 0.7772187500000001 0.24235625 0.7769796875 0.27075 0.76830625 0.27206406250000004 0.7724031250000001 0.27182343750000004 0.7724765625 0.27525625 0.7836484375 0.28895 0.77949375 0.28450625 0.7649546875000001 0.30821875 0.7577234374999999 0.30484374999999997 0.7468296875 0.3059625 0.7464875 0.302878125 0.7366843750000001 0.2785359375 0.7441187499999999 0.265678125 0.702034375 0.22127500000000003 0.7153796875 0.24038125 0.7778515625 0.2424546875 0.7772187500000001
3 0.5288015625 0.6666109375 0.5281343749999999 0.6642812499999999 0.5221312499999999 0.6662546875 0.5409937499999999 0.7282234375 0.5640875000000001 0.7208359375 0.5549671875 0.690871875 0.547634375 0.6931296875 0.538009375 0.6614 0.5371578125 0.6616390625 0.5379296874999999 0.6638828125 0.5288015625 0.6666109375
8 0.771859375 0.6901578125000001 0.7795765625 0.6886640625 0.7816375 0.6968421874999999 0.783209375 0.6966296875 0.7926234375 0.735475 0.79059375 0.735828125 0.7940328125 0.7495484375 0.8027921875 0.747940625 0.802225 0.7452671875 0.8518000000000001 0.73673125 0.8523390624999999 0.7390140625 0.8605265624999999 0.737328125 0.8546859375 0.7133203124999999 0.8533 0.7136578124999999 0.8392640625000001 0.65466875 0.835096875 0.6556859375 0.7709875 0.6675484375 0.7710453125 0.667975 0.7682171875 0.668453125 0.7681 0.668103125 0.71028125 0.678353125 0.6273796875000001 0.7038249999999999 0.6170390625 0.6693578125 0.6154640625 0.669684375 0.616428125 0.6728375 0.5992656249999999 0.6780328124999999 0.5982406250000001 0.67479375 0.593340625 0.67639375 0.59438125 0.6796796875 0.5815046875000001 0.683790625 0.6036171875 0.755421875 0.6035546875 0.75553125 0.6057203125 0.7628203124999999 0.6130375 0.7607015625 0.6122093750000001 0.7578140624999999 0.6329703125 0.7516296875 0.6336609375 0.7538875 0.6408640625 0.7514406250000001 0.638728125 0.7446578125000001 0.6385671875 0.744540625 0.63215625 0.7235 0.70833125 0.700225 0.7088828125 0.702121875 0.7169375 0.6998656249999999 0.724040625 0.698771875 0.7232734375 0.6960875 0.7713015624999999 0.6878124999999999 0.771859375 0.6901578125000001
10 0.5867375 0.6487671875000001 0.5838765625 0.6392703125 0.5677859375 0.6441890625 0.570609375 0.6536984375 0.5867375 0.6487671875000001
1 0.6557062499999999 0.6923015625 0.6471984375 0.6645515625 0.6368625 0.6677125 0.6362953124999999 0.665975 0.6262187499999999 0.6691 0.625475 0.6665546875 0.618753125 0.66871875 0.6285453125 0.7003812500000001 0.6557062499999999 0.6923015625
3 0.8854218749999999 0.6444953124999999 0.8705281250000001 0.5822671875000001 0.86313125 0.5836625 0.8637515625000001 0.5862437500000001 0.8542375 0.58793125 0.8536625000000001 0.5856328125 0.851090625 0.5860937500000001 0.8660625 0.64766875 0.8854218749999999 0.6444953124999999
2 0.5415890625 0.7298296875 0.5663203125 0.8109234375 0.5767625 0.8076734374999999 0.575990625 0.80543125 0.60350625 0.7968578125 0.604321875 0.7996125000000001 0.6152624999999999 0.7961953125 0.60443125 0.7605328124999999 0.6024578125 0.76110625 0.588509375 0.71550625 0.586475 0.7161359375 0.5796187500000001 0.6938640625 0.5728984374999999 0.6959375 0.5701921875 0.6872640624999999 0.556625 0.6913828125 0.566128125 0.7223859375 0.5415890625 0.7298296875
2 0.6993921875 0.7703171875 0.6985671875 0.767825 0.7159625000000001 0.76263125 0.7166828125 0.7649874999999999 0.7284875000000001 0.7613265625000001 0.7103125 0.701696875 0.671209375 0.7138203125 0.689121875 0.7733203125 0.6993921875 0.7703171875
10 0.6354703125000001 0.6549671874999999 0.63825 0.6646062500000001 0.6481578125 0.661303125 0.6575859375 0.6921390625 0.6873171874999999 0.6830640625 0.6790984375 0.656253125 0.71725 0.6445890624999999 0.714609375 0.632709375 0.70013125 0.6351078125 0.6354703125000001 0.6549671874999999
2 0.6878171875 0.7736765625 0.669653125 0.714159375 0.635484375 0.7246109374999999 0.6427625 0.7488312500000001 0.6409234374999999 0.7495171875 0.6517265625 0.7847000000000001 0.661884375 0.78158125 0.661153125 0.7792671875 0.6785687499999999 0.7738828125 0.67929375 0.776253125 0.6878171875 0.7736765625
2 0.266196875 0.2805796875 0.2654671875 0.278071875 0.28238125 0.27290156250000003 0.28307812499999996 0.2754171875 0.28593437499999996 0.274446875 0.27442968749999996 0.2373421875 0.2307453125 0.25034531250000003 0.23885 0.276971875 0.2400390625 0.2764546875 0.24857187500000003 0.3046421875 0.26761406249999997 0.298871875 0.26237343750000003 0.28164531249999997 0.266196875 0.2805796875
2 0.13710625 0.3375421875 0.1241078125 0.2949171875 0.0929828125 0.3040515625 0.09586093749999999 0.313575 0.09754531250000001 0.3130125 0.104771875 0.3371796875 0.1032328125 0.33769375 0.1061578125 0.34726093750000003 0.11120000000000001 0.34565625 0.1111796875 0.345484375 0.13710625 0.3375421875
2 0.2579734375 0.3731234375 0.2572546875 0.37063125 0.27773593750000003 0.36430625 0.278478125 0.3667375 0.286609375 0.364178125 0.2741203125 0.323309375 0.236959375 0.3347171875 0.24965312499999998 0.37591874999999997 0.2579734375 0.3731234375
8 0.207803125 0.3411671875 0.2308671875 0.3341171875 0.231634375 0.3366265625 0.23879999999999998 0.33416875 0.23796875 0.331796875 0.2735609375 0.3211390625 0.26753593750000004 0.3018078125 0.15329062499999999 0.33709375 0.15206875 0.3331015625 0.15218281250000001 0.33278125 0.143184375 0.303446875 0.1404953125 0.30424843749999997 0.13997656249999998 0.30255156250000004 0.1290640625 0.3058875 0.140003125 0.3411625 0.11220156249999999 0.3496265625 0.1121375 0.3494828125 0.10734375 0.35097812500000003 0.10961406250000001 0.3585125 0.111365625 0.357990625 0.126265625 0.406625 0.124396875 0.40723281250000004 0.125103125 0.409540625 0.175228125 0.394171875 0.16391093750000002 0.3570953125 0.2085140625 0.34343124999999997 0.207803125 0.3411671875
6 0.20516874999999998 0.281528125 0.2062859375 0.2851796875 0.201134375 0.2868734375 0.2104875 0.317171875 0.21488125 0.3158140625 0.21546249999999997 0.3177125 0.2305890625 0.3130890625 0.220190625 0.27753125 0.218896875 0.2779859375 0.218628125 0.2771734375 0.20516874999999998 0.281528125
2 0.0740875 0.2375359375 0.0838859375 0.2697953125 0.085078125 0.26948906250000004 0.09244375 0.2936015625 0.0904265625 0.2942875 0.092309375 0.300446875 0.1244828125 0.2901984375 0.1257796875 0.29440625 0.125546875 0.2944765625 0.1289765625 0.30565312499999997 0.1426375 0.3014921875 0.138209375 0.2869078125 0.1618859375 0.2796234375 0.1586359375 0.26878125 0.159784375 0.26843125 0.156784375 0.2584140625 0.1323625 0.26606562500000003 0.11950625 0.223978125 0.0740875 0.2375359375
7 0.17347656250000001 0.394696875 0.17556093749999999 0.40181875 0.177525 0.401078125 0.1820046875 0.41609375000000004 0.18012187500000001 0.4165984375 0.182421875 0.4242109375 0.1929125 0.4207734375 0.192228125 0.4184046875 0.20960937500000001 0.41315468749999995 0.2103609375 0.41554531250000004 0.22298749999999998 0.41177343750000006 0.2030734375 0.34510625 0.16394999999999998 0.35713125 0.175228125 0.394171875 0.17347656250000001 0.394696875
10 0.5153140625 0.174125 0.5131125 0.16686406250000002 0.49120468749999996 0.1730984375 0.49357968750000003 0.180865625 0.5012531250000001 0.178425 0.5153140625 0.174125
7 0.5701078125000001 0.1892203125 0.560065625 0.1562671875 0.5603703125 0.156159375 0.555503125 0.140440625 0.5487484375 0.14250625 0.5495671875 0.14503749999999999 0.532425 0.150228125 0.5316125 0.147571875 0.50925 0.15459375 0.5119859375 0.1638296875 0.51399375 0.1631515625 0.518715625 0.1781796875 0.51848125 0.17826718749999998 0.52601875 0.20262656250000002 0.5701078125000001 0.1892203125
6 0.5074 0.208090625 0.49972031250000004 0.182415625 0.491134375 0.18506875 0.49018125 0.1816046875 0.47480625 0.18618125000000002 0.47578750000000003 0.1895234375 0.47179374999999996 0.1908625 0.47970625 0.21647500000000003 0.49787968749999995 0.21092499999999997 0.49512968749999997 0.2020921875 0.49625312499999996 0.201715625 0.49899375 0.21061875 0.5074 0.208090625
10 0.46168750000000003 0.1789625 0.473815625 0.21815625 0.47798281249999997 0.21688125 0.470265625 0.1914484375 0.4692453125 0.1917609375 0.4649078125 0.1779203125 0.46168750000000003 0.1789625
2 0.6142140625 0.2385875 0.61469375 0.24039843749999998 0.6374359375 0.2332875 0.6193546875 0.17373125 0.5774468749999999 0.18684218749999998 0.5823359375 0.2028015625 0.5936453125 0.2397953125 0.593621875 0.23995937500000003 0.5955390625 0.24656562499999998 0.597715625 0.2459484375 0.5970046875 0.2437484375 0.6142140625 0.2385875
8 0.593221875 0.24841406250000003 0.5909187499999999 0.2407296875 0.5907640625 0.24063125 0.57454375 0.1877 0.572840625 0.18824687499999998 0.5728875 0.18841406249999998 0.5260281250000001 0.20271093750000002 0.5265390625 0.20438125000000001 0.4745265625 0.22034375 0.476371875 0.2265515625 0.47677031249999996 0.226446875 0.48080468749999994 0.2395765625 0.4843671875 0.23848750000000002 0.4842015625 0.2379453125 0.4953765625 0.2345734375 0.49553593749999997 0.23505625000000002 0.5166390625 0.22865000000000002 0.5164890625 0.2281921875 0.5303453124999999 0.22404687499999998 0.5404234375 0.2571484375 0.5403203125 0.257403125 0.542275 0.2640703125 0.5490062499999999 0.261971875 0.548271875 0.2596640625 0.5860203125 0.24819062500000003 0.5867218750000001 0.2505984375 0.593221875 0.24841406250000003
2 0.53745625 0.2578203125 0.5281281250000001 0.22733750000000003 0.4976375 0.236615625 0.5089515625 0.2742703125 0.5159828125 0.27212187499999996 0.51525625 0.269746875 0.532590625 0.2645453125 0.533296875 0.26685781249999996 0.5398015625 0.2649265625 0.5377640625 0.2581390625 0.53745625 0.2578203125
2 0.48180468750000005 0.282509375 0.48111249999999994 0.2802484375 0.49827656249999996 0.2749390625 0.499015625 0.27749375 0.5075921875 0.274803125 0.49613593749999996 0.2371625 0.462190625 0.2474671875 0.47348749999999995 0.285175 0.48180468750000005 0.282509375
3 0.562928125 0.1553921875 0.5629984375 0.155653125 0.5910484375 0.1470921875 0.600446875 0.1777296875 0.6188984375000001 0.171965625 0.604546875 0.1255453125 0.598990625 0.127246875 0.5996640625 0.12944843749999999 0.5897281249999999 0.132671875 0.5890234375000001 0.13023125 0.5793078125 0.1330171875 0.5800859375 0.1354328125 0.56289375 0.140778125 0.562115625 0.138234375 0.5567624999999999 0.1399125 0.56174375 0.1557390625 0.562928125 0.1553921875