0 0.35189325312499997 0 0 0.2285221515625 0 0.24646458437500002 0.4893516203125 1 0.648106746875 1 1 0.77147785 1 0.7541549109375 0.8458421218750001 0.5161531 0.5106483796875 0 0.35189325312499997 0
10 0.4345567078125 0.3794194703125 0.4534689140625 0.366222975 0.4431300546875 0.3504890046875 0.4072347109375 0.3740717234375 0.4198359421875 0.3935419 0.4362873109375 0.3823999421875 0.4345567078125 0.3794194703125
7 0.5014778859375 0.5190328281250001 0.5294024359375 0.5009803890625 0.5265947671875 0.49656802187500004 0.527966946875 0.4955912171875 0.5306715921875 0.499813384375 0.5590306593750001 0.48105585 0.48121501718750004 0.361258959375 0.465070484375 0.37204143125 0.4809172515625 0.39645191875 0.48026726093749994 0.3967678328125 0.46442296875 0.372547634375 0.4481943609375 0.38325801875 0.4639236890625 0.40748766718749996 0.46258539218749994 0.408421975 0.446646190625 0.38387775625 0.42334494375 0.399240784375 0.46318125156249995 0.46006118437500004 0.46513634374999996 0.458616403125 0.49321390468750004 0.5015881203125 0.4910728 0.503148109375 0.5014778859375 0.5190328281250001
2 0.6403588640625 0.45412243124999996 0.6426336312500001 0.452475640625 0.638036365625 0.44533909375 0.58993378125 0.4784142625 0.6446585078125 0.5629354140625 0.6939147125 0.53134116875 0.6781805999999999 0.5071127625 0.6758100453125 0.50865221875 0.6403588640625 0.45412243124999996
1 0.5307801000000001 0.31654188906249997 0.5473240421875001 0.30599002343750004 0.5093255046875 0.2481401171875 0.491552240625 0.25968220937500003 0.5257180140625 0.312410509375 0.5275495671875 0.31143533749999996 0.5307801000000001 0.31654188906249997
8 0.5615856640625 0.32779320625 0.5504341796875 0.31062142656249997 0.5290430921875 0.3240602359375 0.53185649375 0.32839249375 0.48248739687500003 0.36068790625 0.498855959375 0.3854227875 0.4973678203125 0.38613209375 0.5589596875 0.4809752515625 0.5388865390625 0.494702103125 0.5683452921875001 0.5399068171875 0.59300945 0.524120746875 0.653111021875 0.6160379015624999 0.6692766515625 0.60508709375 0.5819488890625 0.47061413124999996 0.6143694375 0.449791 0.6168833515625 0.4527210984375 0.6345371156249999 0.439658096875 0.6244941546875 0.4245088703125 0.6222291921875 0.4262051859375 0.5593592546874999 0.329239053125 0.5615856640625 0.32779320625
13 0.455895109375 0.36524542968749996 0.4748761953125 0.35259106875 0.4404556046875 0.3000412890625 0.4073559515625 0.32219411875000004 0.4277645984375 0.35362067656249996 0.44229298281249996 0.3442081890625 0.455895109375 0.36524542968749996
2 0.44606521718750003 0.193981809375 0.357029853125 0.2518020515625 0.375912659375 0.280879021875 0.3779432078125 0.279286496875 0.3966152796875 0.3082283125 0.3942476578125 0.309488265625 0.4007518390625 0.319503828125 0.4397385390625 0.293907971875 0.4770203046875 0.3516812015625 0.526972196875 0.3185676328125 0.5250189187500001 0.3151840265625 0.5229598828124999 0.31597530156250003 0.48764793749999996 0.26197549531250003 0.489332534375 0.260607634375 0.44606521718750003 0.193981809375
10 0.6197304890625001 0.616496996875 0.61845578125 0.6171534000000001 0.6361357390625 0.6445187234375 0.6309837843749999 0.6482445078125 0.66068278125 0.6939769515624999 0.6719327609375 0.6866711296875 0.6373437859375 0.6332768109375 0.6324362531250001 0.6364638 0.6197304890625001 0.616496996875
11 0.4498994203125 0.1912477875 0.49056438281250003 0.2538663390625 0.5024102171875 0.24584566406250002 0.501360084375 0.244228603125 0.5075085171875 0.240565528125 0.4679390875 0.17986059062499998 0.4498994203125 0.1912477875
13 0.67401024375 0.684995959375 0.7071677421875 0.6636178625 0.67274714375 0.610457003125 0.639999103125 0.6326348687500001 0.67401024375 0.684995959375
6 0.586155109375 0.56735735 0.5914079921875001 0.56334804375 0.5915439453125 0.5613799187499999 0.5957726703125 0.5677739625 0.5941855828125 0.56889033125 0.5935183312500001 0.5678685921875 0.58842981875 0.571040834375 0.5912410484375 0.57555335625 0.5882912874999999 0.577468953125 0.615027115625 0.61845778125 0.61975335 0.616182196875 0.6180641171875 0.6135810078125 0.6187136625 0.6127623546875001 0.6301732078125 0.6304085078125 0.6369702296875001 0.6258621921875 0.6256536609375 0.608255465625 0.6266266640625 0.6077484171875 0.6354738109375 0.6212857625 0.647111675 0.6137280453125 0.638127684375 0.5998939109375 0.641154653125 0.5981890046875 0.61376084375 0.55609230625 0.6074443140625 0.5601104703125 0.603489384375 0.554049103125 0.6043382453125 0.5534140078124999 0.605115096875 0.5544036953125 0.6088086781250001 0.5522621578125 0.5936765 0.529081140625 0.5708811640625 0.5437486015624999 0.586155109375 0.56735735
2 0.7054882078125 0.5547111890624999 0.7074289125 0.55226596875 0.6962638125 0.5350732218750001 0.6476222296875 0.566661434375 0.7097463625 0.6623270781249999 0.758568815625 0.6310145140625 0.7428464046875 0.6065344484375 0.7401831999999999 0.60786711875 0.7054882078125 0.5547111890624999
1 0.5335406078125 0.5049255484375 0.5068662500000001 0.5225219515624999 0.5089207265625 0.5255995015625 0.506798640625 0.5269477921875 0.5452740625 0.58600826875 0.5789987609375 0.56492694375 0.5403591734375001 0.5054271984375001 0.53536918125 0.5081199953125 0.5335406078125 0.5049255484375