10 0.7329379640625 0.3692823796875 0.7194913421875 0.362257375 0.7095028359375 0.38195385000000004 0.7142642109375 0.38427993437499997 0.713359778125 0.3860549859375 0.722184321875 0.3904460984375 0.7248879328125 0.3851089890625 0.7240906203125 0.384739565625 0.7311766515625 0.370894396875 0.73193400625 0.3712802890625 0.7329379640625 0.3692823796875
13 0.8954825265625 0.157094259375 0.8998324171875 0.14256167343749998 0.8909488031249999 0.1380352453125 0.8844225046874999 0.1602568828125 0.8954825265625 0.157094259375
2 0.7516980640625001 0.253714028125 0.7468549453125 0.251293684375 0.7358649421875 0.2727560890625 0.7407527953125 0.2751746765625 0.7516980640625001 0.253714028125
13 0.6800010546874999 0.39127817343750004 0.6891841765625 0.39593265781250003 0.6982363203124999 0.378166821875 0.6888848890625 0.373591421875 0.6800010546874999 0.39127817343750004
10 0.7868469171875 0.18647202031250001 0.78278614375 0.1875893078125 0.7688647046875 0.21503557031249998 0.7772540875 0.219310175 0.7868469171875 0.18647202031250001
10 0.8656094515625 0.1672780734375 0.8648630265625 0.16756939375 0.8623609296874999 0.176093821875 0.8652914359375 0.17529498906250002 0.8708700875 0.15630645468749998 0.86869095625 0.1569901 0.8656094515625 0.1672780734375
3 0.8756257062499999 0.190503671875 0.881997821875 0.1886841765625 0.8815606953125 0.19029925781249998 0.886276453125 0.188877378125 0.8951115359375 0.158834228125 0.87974391875 0.16276566406249998 0.8709641640625 0.19343675 0.8749068859375001 0.19231367500000002 0.8756257062499999 0.190503671875
5 0.812633915625 0.267909965625 0.8108661906249999 0.27137932187499997 0.7927052953125 0.2619908546875 0.8045932109375 0.23850807187499998 0.7987710406249999 0.235541528125 0.8106364312500001 0.194866909375 0.80078154375 0.19769837031249998 0.792546996875 0.225864234375 0.785881146875 0.23885377812500003 0.7828851375 0.237327234375 0.774561246875 0.25360528125 0.7861081343749999 0.2594887140625 0.7718975421875001 0.28746805625 0.7781109203125001 0.2906339296875 0.7859798515625 0.27519028125 0.8033753625 0.2840537359375 0.7954563109375 0.29947184843749997 0.80368386875 0.30352370781250004 0.8199319953125 0.27169691406249996 0.812633915625 0.267909965625
8 0.80243589375 0.10054468750000001 0.8028260828124999 0.0988530796875 0.8000342125 0.0997997125 0.796067153125 0.10762680625000001 0.7968147625 0.1080077328125 0.77612595625 0.148653103125 0.7752603140625001 0.148355834375 0.77412380625 0.15069305 0.790622521875 0.159220565625 0.873545065625 0.1346740125 0.8749552359375 0.1298861171875 0.8506084828124999 0.1174808265625 0.8468339640625 0.1305055953125 0.7984771796875 0.1446447078125 0.812132315625 0.09787623906250001 0.811189796875 0.09739600312499999 0.811035375 0.097946875 0.80243589375 0.10054468750000001
10 0.7720533109375001 0.2448569390625 0.7673373406249999 0.242348815625 0.76515820625 0.2467150921875 0.774227778125 0.2512310515625 0.78630085 0.227567290625 0.7820056546874999 0.2254138515625 0.7720533109375001 0.2448569390625
10 0.790500675 0.22810789374999998 0.7881704734375 0.22696794374999998 0.7837676796874999 0.2356743046875 0.7859924125 0.2368078625 0.790500675 0.22810789374999998
10 0.80742428125 0.23313419687499998 0.8013100140624999 0.22998374843749997 0.8000298078125001 0.2342205859375 0.8054222078125 0.23700497656250002 0.80742428125 0.23313419687499998
13 0.706717 0.3613022828125 0.7023134796875 0.3590585765625 0.6940017203125 0.3753954140625 0.698384146875 0.3776564296875 0.706717 0.3613022828125
10 0.7955623843749999 0.21268765625000002 0.7786317578124999 0.21751495625 0.7779794234375 0.21967975156250003 0.7912246 0.226546 0.7916883359375 0.22565995781249998 0.7955623843749999 0.21268765625000002
10 0.799771715625 0.19807643749999998 0.7828468890625 0.2029680703125 0.7791182671875 0.215930296875 0.7959414625 0.2109868796875 0.799771715625 0.19807643749999998
13 0.790648075 0.161837734375 0.784555846875 0.1825707453125 0.7947319015625001 0.1793154609375 0.8007272921874999 0.15872776093750002 0.790648075 0.161837734375
10 0.5140384375 0.1713266265625 0.51084040625 0.16962525 0.5083913765625 0.174473040625 0.5116092703125 0.1761354359375 0.5140384375 0.1713266265625
10 0.5455320921875 0.08371784843749999 0.541240703125 0.0816154515625 0.536382825 0.0910807375 0.5406411671875 0.0932101375 0.5455320921875 0.08371784843749999
10 0.7377009984375 0.359975696875 0.73431269375 0.3583930671875 0.7306590578125001 0.36571172500000004 0.733884409375 0.367404225 0.7377009984375 0.359975696875
6 0.80636940625 0.176299775 0.808942415625 0.175555528125 0.8032499890624999 0.1942511046875 0.81146273125 0.19178592187500001 0.8233146828125 0.151316646875 0.8153672484375001 0.1535364703125 0.8149395703125 0.1549196265625 0.8123811578125 0.15576600625 0.80636940625 0.176299775
2 0.7896422109375 0.161877615625 0.7729322859375001 0.15309693124999998 0.771243253125 0.1563258015625 0.7719809328125 0.15672621874999998 0.75127368125 0.19740778750000001 0.7505177187500001 0.1970226046875 0.7470396796875 0.2037625984375 0.7673545953125 0.2142100140625 0.7827440765625 0.18410970625 0.7793659890625 0.18219383125 0.7896422109375 0.161877615625
13 0.8079839515625 0.1664059640625 0.79799156875 0.16930765781249998 0.795148453125 0.17921380468749998 0.8051343265625001 0.1762491703125 0.8079839515625 0.1664059640625
6 0.8403159203125 0.1472215171875 0.8239309296874999 0.1519725984375 0.818132953125 0.171777053125 0.8344831390625 0.1670082375 0.8403159203125 0.1472215171875
1 0.721488678125 0.3917804 0.7139155671874999 0.38795502656249997 0.7047383093749999 0.406000825 0.712249215625 0.4098278234375 0.721488678125 0.3917804
13 0.8692314109374999 0.1552032015625 0.8724219062499999 0.1543071140625 0.8693877359375 0.1646192046875 0.8833751281250001 0.1604264234375 0.890113484375 0.13760962968749998 0.8811922828125001 0.13306405 0.8752891249999999 0.13478228750000001 0.8692314109374999 0.1552032015625
6 0.80255418125 0.19422625625 0.8074955609375 0.17725937812499998 0.7896541703125 0.182394221875 0.7845280203125 0.19967554999999998 0.80255418125 0.19422625625
0 0.4391084703125 0 0.022409165624999998 0.8178184343750001 0.37996061875 1 0.5608915296875 1 0.977590834375 0.182181565625 0.62003938125 0 0.4391084703125 0
13 0.7020920921875 0.3589492828125 0.6976997093749999 0.3567112515625 0.6893582968749999 0.3729961515625 0.693739171875 0.3752774203125 0.7020920921875 0.3589492828125
4 0.81846863125 0.2388475015625 0.8087064953124999 0.2337875171875 0.7953847109375001 0.2599329890625 0.8051706812500001 0.2648911328125 0.81846863125 0.2388475015625
2 0.8274845453124999 0.11447377968750001 0.8211125499999999 0.136712659375 0.8455100906249999 0.12944875625000002 0.8492552671875 0.116791328125 0.8331183031249999 0.108569134375 0.831795071875 0.11313477499999999 0.8274845453124999 0.11447377968750001
10 0.240832409375 0.7492508421874999 0.233621475 0.7456748906249999 0.231841040625 0.7490693796875 0.23903591875000002 0.7527353531250001 0.240832409375 0.7492508421874999
10 0.22361007656249998 0.70947486875 0.2312454375 0.7133845703125 0.23438041874999999 0.7071905234375 0.2349871328125 0.707445296875 0.23764723906250002 0.7021316171875001 0.22956213124999997 0.6978173953125 0.22361007656249998 0.70947486875
10 0.30972670468749997 0.530112271875 0.312643984375 0.5244280890625 0.3102655859375 0.5231934375 0.30734480625 0.528970534375 0.30972670468749997 0.530112271875
4 0.29258903593749996 0.6581286328125 0.305668371875 0.6325312671875001 0.2943161453125 0.626871528125 0.28120036875 0.6525748328125001 0.29258903593749996 0.6581286328125
10 0.261581165625 0.6644409125 0.25904619218749997 0.6630282796875 0.24706328906250002 0.68650475 0.2497288046875 0.687750665625 0.261581165625 0.6644409125
10 0.17927513281250002 0.786168871875 0.1821856375 0.780456684375 0.179807240625 0.779222034375 0.17684605312499999 0.7850749921875 0.17927513281250002 0.786168871875
2 0.5180741609374999 0.04491515625 0.5172708640625 0.0445058546875 0.514781009375 0.04939246875 0.532107246875 0.058267976562500004 0.5492113203125 0.0246098609375 0.5318840265625 0.0157811640625 0.529409115625 0.02072449375 0.5301800562500001 0.0210699578125 0.5180741609374999 0.04491515625
6 0.5085838875 0.142486628125 0.5004589875 0.13844323593750002 0.48385778593750006 0.1709388859375 0.491534396875 0.174753865625 0.5085838875 0.142486628125
10 0.534235346875 0.10591305312499999 0.5298840921875 0.103780153125 0.525071084375 0.1132262140625 0.52934613125 0.11536412656249999 0.534235346875 0.10591305312499999
10 0.5390163328125 0.0827354984375 0.5361515546875 0.0813196625 0.5269677734375 0.0994883984375 0.5297424234375 0.10090215312499999 0.5390163328125 0.0827354984375
8 0.24128214374999998 0.6055065796875 0.2388093140625 0.61035978125 0.260411509375 0.6211614734375 0.25426375 0.6331927140625 0.2601111265625 0.6363369421875 0.29747809062499997 0.5630001453125 0.2915031703125 0.559996103125 0.28428459375 0.5744559 0.26261029687500004 0.5635788890625 0.260238515625 0.5681924734375 0.2610435703125 0.5686465093749999 0.24205227499999998 0.6057744734375 0.24128214374999998 0.6055065796875
3 0.185488321875 0.7666233265625 0.1798476953125 0.777759071875 0.18343418281249999 0.7795619265625 0.179925440625 0.7865721203125 0.1891765546875 0.791475190625 0.19820040625 0.7733863000000001 0.185488321875 0.7666233265625
2 0.2269115671875 0.6853049796875 0.232274415625 0.6746765453125 0.229122440625 0.673259925 0.22978660781250002 0.6720218171875 0.23291630156249998 0.6735200265625 0.24217605625 0.6552847828125 0.22127342187500001 0.644565965625 0.21878782343749997 0.6494442265625 0.2196311578125 0.649826578125 0.20926562187500003 0.67012534375 0.2084901609375 0.6698231703124999 0.2059531703125 0.67484359375 0.2269115671875 0.6853049796875
11 0.33833505 0.5581182874999999 0.3466142578125 0.5418350109375 0.340293753125 0.5383287109375 0.331698946875 0.55503865 0.33833505 0.5581182874999999
6 0.7549990703125 0.2655074328125 0.7760250937500001 0.2761733796875 0.7834322328125001 0.26163605 0.77194799375 0.2557845390625 0.7735482640625 0.25255778906250004 0.7645887296875 0.24809088125 0.7623390765625 0.2526334171875 0.7616748125 0.25231950937500003 0.7549990703125 0.2655074328125
2 0.769461515625 0.21889603281249997 0.76461601875 0.216328925 0.753669171875 0.23781331875 0.7585004359374999 0.24032231875 0.769461515625 0.21889603281249997
7 0.8342877109375 0.1841907328125 0.8334856328125 0.1843572453125 0.82704530625 0.20630001718750002 0.83310729375 0.20446279375 0.833557346875 0.2028016890625 0.8484234671875001 0.1984709296875 0.8478597109375 0.200289796875 0.855092478125 0.1980442828125 0.8735440375 0.1347173296875 0.8463905 0.142712909375 0.8455663796874999 0.1457827328125 0.8412119859375 0.1471011390625 0.8334795546875 0.173283453125 0.837962521875 0.17214980468750002 0.8342877109375 0.1841907328125
1 0.8214722625 0.1903993390625 0.8159035640625 0.209457828125 0.8258926843750001 0.206617603125 0.8314791187499999 0.187524309375 0.8214722625 0.1903993390625
10 0.78066469375 0.1811352375 0.783681771875 0.18264796562500002 0.7888392734375 0.165194971875 0.78066469375 0.1811352375
10 0.8612613796874999 0.19473412031249998 0.8699021234375 0.1922239703125 0.8693906281249999 0.19387832031250002 0.8700912625000001 0.1936355671875 0.8789455390625 0.16336545625 0.8687530640625001 0.16629847343749998 0.8657485328125001 0.176480115625 0.8619526828125 0.177586834375 0.858690646875 0.188735046875 0.8624996843750001 0.18764030625 0.8598874375 0.1965908609375 0.8608254671875001 0.1962814296875 0.8612613796874999 0.19473412031249998
13 0.4662951171875 0.2294753859375 0.46190112968749997 0.2272645953125 0.4536007203125 0.24357915624999998 0.457933028125 0.24581463593750003 0.4662951171875 0.2294753859375
12 0.5755928015625 0.0754201 0.5628530125 0.06890079375 0.5374169609375 0.1187977625 0.5502945312499999 0.1253013421875 0.5755928015625 0.0754201
13 0.4578304015625 0.24644626249999999 0.44855505781250005 0.241697440625 0.4387147265625 0.261113428125 0.44795645312500004 0.2657802359375 0.4578304015625 0.24644626249999999
6 0.565641803125 0.029330542187500003 0.5580499703124999 0.02539391875 0.54153251875 0.0578112421875 0.5491170265624999 0.061700292187500005 0.565641803125 0.029330542187500003
8 0.43526827968750004 0.2054243390625 0.4378623140625 0.2066969640625 0.43874210625 0.20494618281250002 0.4600635484375 0.21600289843749998 0.50962078125 0.1188446046875 0.5036245859374999 0.115789390625 0.47799926875 0.16604060625 0.45999728281249996 0.15689093437499999 0.45669946875 0.1633632609375 0.45751790156250005 0.1637118828125 0.44024903281250005 0.19753855468749998 0.439499659375 0.19720583125 0.43526827968750004 0.2054243390625
2 0.500304325 0.07974568125 0.49944868593749997 0.0795113796875 0.4970581421875 0.0842030859375 0.5143659453125 0.09302185156250001 0.5314647984375 0.059590803125 0.5140616921875 0.0508076515625 0.511566871875 0.055704010937500006 0.51234275 0.056043224999999995 0.500304325 0.07974568125
2 0.31324938593749996 0.5492488625 0.3044124359375 0.5666508625 0.298108359375 0.563373890625 0.29154740156250003 0.5759854843750001 0.2997750375 0.580395125 0.2962752859375 0.587325725 0.31025586875 0.5940633875 0.31363270781249997 0.5874910343749999 0.3213450515625 0.591201465625 0.32368751875 0.5865834671875 0.322906090625 0.5863308609375 0.33336708437499996 0.5657001953125 0.33410179375000004 0.56612365 0.33757562343749997 0.5594779609375 0.3314617609375 0.55655043125 0.330684534375 0.558137775 0.31324938593749996 0.5492488625
2 0.220350003125 0.7362892999999999 0.216888590625 0.7430482875 0.20867990781249998 0.7388113921875 0.20213145937500002 0.7517081875 0.208485509375 0.75484578125 0.1995503625 0.7722959515625 0.21694296249999998 0.7810825171875 0.21604227968749998 0.782915596875 0.22220440625000001 0.7857449640625 0.22554333125 0.779288321875 0.224720846875 0.77901304375 0.235194 0.7584376749999999 0.23594003125000002 0.7588423484375 0.2384722890625 0.7538931640625 0.23081495625 0.7501160671875 0.234195640625 0.7434053828125 0.220350003125 0.7362892999999999
10 0.274342315625 0.6394267203124999 0.271737884375 0.6380505953125 0.259831825 0.661438203125 0.2625259125 0.662786359375 0.274342315625 0.6394267203124999
2 0.2436225140625 0.6525285484375 0.252891796875 0.6344191593749999 0.24977447968750002 0.6328553578125 0.25055903281249997 0.6313155874999999 0.253630690625 0.6329104875 0.25891958125 0.6224512984375 0.2380933046875 0.611799446875 0.2356368234375 0.61652419375 0.2363926078125 0.61684089375 0.22596810312499999 0.637451571875 0.22516167656250002 0.637086271875 0.2227136734375 0.6418907453125 0.2436225140625 0.6525285484375
7 0.3143109796875 0.6079595906249999 0.3201996234375 0.5962785734375 0.3191039640625 0.5957203078125 0.3188758953125 0.5961231765624999 0.31838108906249996 0.5958552765625 0.3178464359375 0.5969699828125 0.3111861625 0.5935764046875 0.3094852359375 0.597083303125 0.2951229859375 0.5897180234375 0.2917828421875 0.596335378125 0.2910991203125 0.59591510625 0.2983759953125 0.58169194375 0.2902600125 0.5774864984375 0.2765779546875 0.6039604640625 0.285436321875 0.6084985781250001 0.2812564546875 0.6167433328125 0.303915896875 0.6281924453125 0.3083659921875 0.6196066359375 0.3076156296875 0.6191278578125 0.31338098593749997 0.6075786765625 0.3143109796875 0.6079595906249999
7 0.25359104375 0.7270534578125 0.25804522812499997 0.718204934375 0.23553221249999998 0.706705921875 0.231240378125 0.715063728125 0.22237420000000002 0.7106338671875 0.208834071875 0.737097728125 0.21706869062499998 0.7412320984375 0.22433777500000002 0.726838371875 0.2251969875 0.72706221875 0.22175589375000002 0.733629890625 0.23607934843749998 0.7409508515625001 0.23430283749999997 0.7445647921874999 0.24098305312499999 0.7479089078125 0.24037545 0.749060096875 0.240832409375 0.7492508421874999 0.24064975937500002 0.7496540546875 0.24176821093749998 0.750339675 0.24777294374999997 0.738554721875 0.24708609374999999 0.7381784484375 0.2529252015625 0.726763296875 0.25359104375 0.7270534578125
2 0.17617424375 0.7848344 0.1862527078125 0.764978584375 0.1893261359375 0.7664323421875 0.193569090625 0.75797773125 0.190716903125 0.7564683515625 0.20101583125000003 0.736382909375 0.1799658015625 0.725657384375 0.17562563125 0.734030896875 0.17646769843750001 0.7344880093749999 0.1610222765625 0.764777265625 0.1602999375 0.7643811578124999 0.1552982390625 0.7741975437499999 0.17617424375 0.7848344
10 0.2945732734375 0.55986288125 0.2973075375 0.554537884375 0.29493978125 0.55328235 0.29218144375 0.5587406328125 0.2945732734375 0.55986288125
10 0.25754833125 0.6631664500000001 0.25477684375 0.6616122609375 0.2453348234375 0.680015928125 0.24825429531249998 0.6814070234375 0.25754833125 0.6631664500000001
3 0.20583908750000002 0.7995951578125 0.2149932078125 0.781467425 0.1990790484375 0.773351740625 0.1899030234375 0.7914192124999999 0.20583908750000002 0.7995951578125
13 0.24496192031250003 0.6791542828125 0.2535686078125 0.66235219375 0.2423890546875 0.6565910421875001 0.2336602921875 0.67382545625 0.24496192031250003 0.6791542828125
10 0.26831490156250004 0.6419567093749999 0.265544428125 0.6405450828125 0.2561015109375 0.658974596875 0.2589570953125 0.6604050390625 0.26831490156250004 0.6419567093749999
3 0.3132707375 0.5247123625000001 0.3096155046875 0.531965321875 0.30598153125 0.530066371875 0.30028001249999997 0.5412149312500001 0.313256309375 0.547600465625 0.3225134984375 0.5296111765625 0.3132707375 0.5247123625000001
6 0.2631303125 0.632325040625 0.2629195671875 0.6321948640625 0.2607481296875 0.6365598015625 0.2689655296875 0.6408449796875 0.2782045546875 0.6226710718749999 0.2700850390625 0.6186549718750001 0.2631303125 0.632325040625
7 0.57274585 0.0329028875 0.5663321546875 0.0296139015625 0.5516925390625 0.058325115625 0.558234846875 0.0616094859375 0.57274585 0.0329028875
11 0.5232724765625 0.15344128125 0.5152086812500001 0.14935712343750002 0.506859903125 0.1657838234375 0.514873765625 0.1698179875 0.5232724765625 0.15344128125
11 0.575376696875 0.051050206249999994 0.567312903125 0.046966048437500005 0.5589641249999999 0.06339274843750001 0.5669779859374999 0.0674269125 0.575376696875 0.051050206249999994
2 0.481880903125 0.115893359375 0.4810138609375 0.11568832031250001 0.47865027343750005 0.1203271234375 0.49594685156249996 0.129243634375 0.512922521875 0.0959304453125 0.495579153125 0.08710232500000001 0.4931961734375 0.0918101609375 0.4939284703125 0.092183284375 0.481880903125 0.115893359375
13 0.5351573593750001 0.08129534375 0.5242762265625001 0.0754372296875 0.5156991671875 0.09229474843749999 0.5267425046875001 0.0978654921875 0.5351573593750001 0.08129534375
7 0.5131658484375 0.1498524328125 0.506864225 0.14643641875 0.49213263749999997 0.1752042359375 0.49851154218750005 0.1782896078125 0.5131658484375 0.1498524328125
8 0.54094379375 0 0.536726315625 0.008277265625 0.535927346875 0.0079420703125 0.5326867578125001 0.014240134375 0.550655853125 0.0233958453125 0.5250392203125 0.073791778125 0.53100445625 0.0766909265625 0.5701637453124999 0 0.54094379375 0
10 0.4761421765625 0.24580891718750003 0.475397721875 0.24538049687500002 0.48244560625000005 0.231589546875 0.4831864421875 0.2319424703125 0.484030375 0.230220765625 0.47043413906250003 0.2233895875 0.46172988437500007 0.24061719843749999 0.4752900765625 0.247501909375 0.4761421765625 0.24580891718750003
10 0.4692369125 0.2240597234375 0.4599950671875 0.21922450625 0.4580522828125 0.22310971249999997 0.467380253125 0.2277380421875 0.4692369125 0.2240597234375
10 0.5398084843750001 0.094830603125 0.5355327265625001 0.0926940828125 0.5307336140625 0.10215073125 0.53501108125 0.1042460359375 0.5398084843750001 0.094830603125
7 0.5701837421875 0 0.5616035609375001 0.016802003125 0.5624709015625 0.017243934375 0.558973 0.024022909375000002 0.5733117671875 0.0313516734375 0.5767842703125 0.024512409375 0.5776134640625 0.02500855625 0.56734405625 0.045163403125 0.5722639046875 0.047601798437499995 0.575597115625 0.040977403125 0.57942943125 0.0430756171875 0.5865852968749999 0.029052090625 0.5858401328125 0.0286250625 0.5997196328125 0.0013643593750000001 0.600478346875 0.00184739375 0.601411365625 0 0.5701837421875 0
6 0.548884375 0.0633511671875 0.5408722703125 0.059361739062499995 0.5320222921875 0.07673079687499999 0.5399677171875 0.0808510921875 0.548884375 0.0633511671875
2 0.463961603125 0.1509896875 0.4631664390625 0.15070553281250001 0.4607771546875 0.15541541718750002 0.47815583281249996 0.1641948890625 0.495193171875 0.130674628125 0.47783595468750006 0.121921871875 0.47535095937499994 0.12681271562500002 0.47615445 0.1271046203125 0.463961603125 0.1509896875
7 0.51024473125 0.1692971875 0.5054308703125 0.1669811859375 0.4993712765625 0.17890478125 0.49922509687499994 0.1788302984375 0.4951325921875 0.1867968984375 0.4943501765625 0.1863982375 0.49768178281250003 0.179801084375 0.4833872546875 0.1724440046875 0.47994709531249996 0.1791647203125 0.479075759375 0.17878914375 0.4600687453125 0.21605464843750002 0.484922821875 0.2285518390625 0.4896985 0.21914462656249997 0.4890033765625 0.218753615625 0.5029229046875 0.1915589046875 0.5035950984374999 0.19193296875000002 0.510916875 0.17759414843750002 0.506989246875 0.1756244859375 0.51024473125 0.1692971875
12 0.2627156390625 0.7168651671874999 0.28142816875 0.680098459375 0.2685418671875 0.673732475 0.2499296953125 0.7103504046875 0.2627156390625 0.7168651671874999
13 0.2998419 0.5621984062500001 0.30820317343750003 0.545874525 0.3038470546875 0.5434620703124999 0.29534683125 0.559955403125 0.2998419 0.5621984062500001
13 0.19413843749999998 0.7703345875000001 0.1986798203125 0.7725520875 0.20726561718749997 0.755832296875 0.202666796875 0.7534487484375 0.19413843749999998 0.7703345875000001
10 0.282225803125 0.6619233609374999 0.28448605625 0.6575493140625001 0.27840024375 0.6543326984375 0.2761417140625 0.6588479140625 0.282225803125 0.6619233609374999
10 0.320572346875 0.5927455187499999 0.31353079687499996 0.58913311875 0.311749653125 0.5925290015625 0.3188758953125 0.5961231765624999 0.320572346875 0.5927455187499999
11 0.2131312328125 0.8037035046875 0.22153166093749999 0.78719264375 0.2152097375 0.783689128125 0.20661635 0.8003962828125 0.2131312328125 0.8037035046875
2 0.285046846875 0.5714352218750001 0.2949856859375 0.551653815625 0.29803320625 0.5532066046875 0.3026847921875 0.544128978125 0.29953915468750003 0.542613878125 0.30964968437499996 0.5228603296875 0.28872966093749997 0.5121309000000001 0.283621903125 0.522110696875 0.28446557499999997 0.52254056875 0.26900310156249996 0.55286673125 0.26820555156250003 0.5525287515625 0.264141665625 0.5606835421875 0.285046846875 0.5714352218750001
10 0.28908998750000003 0.665150778125 0.29121820781249996 0.6608637765625 0.285069871875 0.657690709375 0.2827589546875 0.6622949734375 0.28908998750000003 0.665150778125
10 0.2765800671875 0.6056152171875 0.27054636875 0.6172573984375 0.27881153593749997 0.6214178546875 0.2815272375 0.6159606453124999 0.281045909375 0.61566629375 0.2842341640625 0.609450290625 0.2765800671875 0.6056152171875
6 0.2304064359375 0.696415040625 0.23851041093749997 0.700637165625 0.24779128906249998 0.68238111875 0.23957349687499999 0.6784236703125 0.2304064359375 0.696415040625
3 0.3299648625 0.5561016234375 0.3391161984375 0.5379724718750001 0.3232034328125 0.5298574984375 0.3140288 0.547925678125 0.3299648625 0.5561016234375
13 0.193917946875 0.7701994453125 0.202359459375 0.7537077625 0.19786756562500002 0.7515067109375 0.1894824046875 0.7679394234375 0.193917946875 0.7701994453125
8 0.1837718765625 0.718325209375 0.18136343906250002 0.7230726828125 0.20303183749999998 0.733806396875 0.1956337671875 0.74825365 0.2015485796875 0.751351571875 0.2388093515625 0.678195653125 0.23281067656249999 0.6752829734375 0.2267586546875 0.6871297609375 0.2052061609375 0.676316565625 0.20274427031250003 0.6810175140625 0.20353800937500002 0.6813973921875001 0.1844693671875 0.7186805984375 0.1837718765625 0.718325209375
13 0.2560441359375 0.65723556875 0.2644951140625 0.6406014046874999 0.25372093125 0.6342787078125001 0.2445364078125 0.65217700625 0.2560441359375 0.65723556875
13 0.2999009546875 0.5628878640625 0.3045273 0.5649592625000001 0.31296765937500004 0.5484354265625 0.30847093281250004 0.5458583890625001 0.2999009546875 0.5628878640625
5 0.28281045625 0.68054849375 0.2739816609375 0.697796821875 0.2840964140625 0.7027085453125 0.30274103124999996 0.66605103125 0.29274741249999997 0.66101514375 0.28945708125 0.6675140828125 0.2740302578125 0.6598220718750001 0.278566615625 0.6509189671875 0.2800791125 0.6517983484375 0.28297151249999997 0.646169878125 0.284194915625 0.6467458859375 0.2899034546875 0.6355009468749999 0.2886868265625 0.6349529421875 0.293058434375 0.6263043453125 0.2808875171875 0.6202379828125 0.272523915625 0.6364081140625 0.275937425 0.6381684265625001 0.2496788546875 0.689727865625 0.2463913265625 0.6880334953125 0.2380531484375 0.704260421875 0.248651021875 0.7097830625 0.26741855000000003 0.672767303125 0.28281045625 0.68054849375
10 0.1944438578125 0.756336621875 0.19725473437500002 0.7508612671875 0.19483028125 0.7497101203125001 0.1920712875 0.755162809375 0.1944438578125 0.756336621875
6 0.5180917593750001 0.12378507812499999 0.5102138703125 0.11969743906250001 0.5013776890625 0.1369981203125 0.5092895140625 0.1411258484375 0.5180917593750001 0.12378507812499999
5 0.5615174703125 0.06827641875 0.5507724875 0.0628015765625 0.54198280625 0.0800522984375 0.547038121875 0.0825036015625 0.5236760546875 0.128354240625 0.5186418671874999 0.12578919375 0.5098782921875 0.1430988125 0.5221491234375 0.1493511125 0.5361880703125 0.12179812812499999 0.5346469078125 0.1210128671875 0.5615174703125 0.06827641875
13 0.5241561765625 0.1029414453125 0.513169171875 0.0972222859375 0.5045751609375 0.11419567500000001 0.515608546875 0.119696465625 0.5241561765625 0.1029414453125
2 0.42049856874999997 0.2415151984375 0.4198020203125 0.2412199125 0.415658646875 0.24935173906250002 0.4380004234375 0.2607635015625 0.4593189890625 0.2191781453125 0.4369484015625 0.20769558593749998 0.43195805312499996 0.21748969687500003 0.4326098140625 0.21779372812500003 0.42049856874999997 0.2415151984375
4 0.5488006328125 0.1280474328125 0.537467771875 0.12232215312500001 0.5233721484375 0.15006897187499998 0.5346564421875 0.1557484609375 0.5488006328125 0.1280474328125
10 0.5283529125 0.1037049390625 0.5255473421875 0.10231400937499999 0.51626335 0.1204281796875 0.51906584375 0.12185612187499999 0.5283529125 0.1037049390625
10 0.5285275296874999 0.1169707234375 0.5243174515625 0.11474315937499999 0.51948741875 0.124222634375 0.52371523125 0.1264153921875 0.5285275296874999 0.1169707234375
3 0.46611962656249994 0.26547927968749996 0.46536184687500004 0.2651492875 0.47072066562500003 0.25468364062500004 0.4714125875 0.2550361921875 0.47441843125 0.2491919578125 0.4607677203125 0.24226463125 0.44865533593749996 0.266136334375 0.462233228125 0.2730826734375 0.46611962656249994 0.26547927968749996
13 0.46170669999999997 0.22710239687499997 0.4573129234375 0.22486365625000002 0.44898540625 0.2411591453125 0.4533511453125 0.24350109375 0.46170669999999997 0.22710239687499997
8 0.7659976421875 0.24181175625 0.760052865625 0.23897914843749998 0.7345244125 0.2890815578125 0.709963909375 0.2766655609375 0.70819973125 0.28012795625 0.708958478125 0.2805145578125 0.6870012890625 0.32356322656250003 0.6862805015625 0.323146865625 0.6826322625000001 0.3303069375 0.713062675 0.345568253125 0.7659976421875 0.24181175625
2 0.711249340625 0.3480498703125 0.681339703125 0.332857496875 0.6788636718750001 0.337672240625 0.6795522859375 0.33800030937500003 0.6639816703125 0.3685800125 0.663273009375 0.36831538125 0.656546809375 0.381430246875 0.6783778609375 0.3925537234375 0.6978338734375 0.35441045 0.7058732578125 0.358580375 0.711249340625 0.3480498703125
12 0.8033599953125 0.2840529203125 0.785977015625 0.27519585 0.7781087921875 0.29063810625 0.79541638125 0.29948482187500003 0.8033599953125 0.2840529203125
6 0.477081834375 0.8238192421875 0.4689569359375 0.8197758500000001 0.4523557328125 0.8522715015625 0.46003234531250004 0.8560864796875001 0.477081834375 0.8238192421875
2 0.48657281875 0.726246378125 0.4857695203125 0.725837078125 0.48327895625000006 0.7307250843750001 0.5006051953124999 0.7396005921875 0.5177078484375001 0.705945259375 0.50038055625 0.6971165625 0.4979070640625 0.7020571078125 0.49867658437499995 0.7024053578125 0.48657281875 0.726246378125
13 0.434793065625 0.910808 0.4303976578125 0.90859999375 0.42209866875 0.924911771875 0.426430975 0.92714725 0.434793065625 0.910808
12 0.5440907484374999 0.7567527140625 0.531350959375 0.750233409375 0.505914909375 0.800130378125 0.518792478125 0.8066339578124999 0.5440907484374999 0.7567527140625
13 0.42632835 0.9277788765625001 0.4170537140625 0.9230286640625 0.407210546875 0.94245021875 0.4164551109375 0.9471114578125001 0.42632835 0.9277788765625001
6 0.53413833125 0.7106659421875 0.5265479171874999 0.7067265328125 0.5100304671875 0.73914385625 0.5176149734375 0.7430329078125 0.53413833125 0.7106659421875
8 0.40376622656250005 0.886756953125 0.40636026249999996 0.888029578125 0.4072400546875 0.886278796875 0.4285614953125 0.8973355140624999 0.478118728125 0.80017721875 0.47212253281249994 0.7971220046874999 0.446497215625 0.847373221875 0.42849523125 0.83822355 0.42519670625000006 0.8446972687500001 0.42601655781250003 0.8450431046875 0.4087469796875 0.8788711687499999 0.40799760625000003 0.8785384453124999 0.40376622656250005 0.886756953125
13 0.56725176875 0.6394442390624999 0.5627860171875 0.6372056515625 0.5545385453125 0.653450734375 0.5589032640625 0.6557430625 0.56725176875 0.6394442390624999
2 0.468800853125 0.76108108125 0.467945215625 0.7608467796875 0.465556090625 0.7655357015625001 0.48286389218750003 0.7743544671875 0.499962746875 0.74092341875 0.4825582203125 0.73214305 0.48006269062499995 0.7370408015625001 0.4808406984375 0.7373758390625 0.468800853125 0.76108108125
10 0.4377355703125 0.905390946875 0.428493015625 0.9005571203124999 0.4265495203125 0.90444371875 0.435877490625 0.90907205 0.4377355703125 0.905390946875
7 0.5274709468750001 0.7053555234375 0.541809715625 0.7126842875 0.545280090625 0.7058492000000001 0.5461114109375 0.706341171875 0.5358398765625 0.72650019375 0.5407618515625 0.7289344140625 0.5440936437499999 0.722312803125 0.5479280875 0.724406840625 0.555081115625 0.71038888125 0.5543366625 0.7099604609375 0.5682161625 0.6826997593749999 0.5689748765625 0.6831827921875 0.573757309375 0.6737141375 0.5489932609375 0.6611400656249999 0.530101509375 0.6981346171875 0.5309688484375 0.6985765484375001 0.5274709468750001 0.7053555234375
6 0.517382321875 0.7446837828125 0.5093687984375 0.7406971390625 0.5005209500000001 0.7580620203125 0.508465665625 0.7621837078125 0.517382321875 0.7446837828125
2 0.43245813125000004 0.8323250874999999 0.43166438749999997 0.8320381484375 0.429273684375 0.8367508171875 0.446653071875 0.8455288968750001 0.4636918296875 0.81200585 0.4463324828125 0.803257271875 0.4438474890625 0.8081481140625 0.444652396875 0.8084372359374999 0.43245813125000004 0.8323250874999999
6 0.486590415625 0.8051163000000001 0.4787118171875 0.8010300546875 0.46987563593750004 0.8183307359375 0.4777874625 0.8224584625 0.486590415625 0.8051163000000001
5 0.5300154171875 0.7496090328125 0.5192704359375 0.744134190625 0.5104807546875 0.7613849125 0.51553606875 0.7638362171875 0.49217400156249996 0.8096868562499999 0.48713981562499997 0.807121809375 0.478376240625 0.824431428125 0.4906470703125 0.8306837281250001 0.5046845984375 0.8031335281249999 0.5031434359375 0.802348265625 0.5300154171875 0.7496090328125
13 0.492654834375 0.78427266875 0.4816657015625 0.7785576859375001 0.4730731078125 0.795528290625 0.48410720312500005 0.8010276875000001 0.492654834375 0.78427266875
2 0.3889950984375 0.9228505984375 0.3882999671875 0.922552528125 0.38415730312499996 0.9306829625 0.4064990796875 0.9420947234374999 0.42781551875 0.90051354375 0.4054463484375 0.8890282015625001 0.40045670937500005 0.8988209203125 0.4011084703125 0.89912495 0.3889950984375 0.9228505984375
4 0.5172971609375 0.8093828328124999 0.5059643 0.803657553125 0.49187009687499994 0.8314015875 0.5031550984375001 0.837079684375 0.5172971609375 0.8093828328124999
10 0.5083043046875 0.77616739375 0.5040292562500001 0.7740294828125001 0.4992315609375 0.783483346875 0.5035097390625001 0.7855772578125 0.5083043046875 0.77616739375
10 0.49685156875 0.7850361625 0.49404387187500004 0.7836494093749999 0.48475987812500004 0.801763578125 0.487562371875 0.8031915203125 0.49685156875 0.7850361625
10 0.497024059375 0.7983061218749999 0.4928153984375 0.796075775 0.487985365625 0.8055552484374999 0.492213178125 0.80774800625 0.497024059375 0.7983061218749999
2 0.5342412171875 0.6377408546875001 0.5335367062499999 0.6374818453125 0.5286904234375001 0.6471687359375 0.551011290625 0.6585733515625 0.5722410015625 0.6168182140625 0.549816521875 0.6055309078125 0.5457448406250001 0.6136080749999999 0.5463977812499999 0.6139407640625001 0.5342412171875 0.6377408546875001
3 0.434617575 0.94681189375 0.4338597953125 0.9464819015625 0.43921861250000005 0.9360162546874999 0.43991053593749996 0.93636880625 0.4429149609375 0.9305273578125 0.42926425 0.92360003125 0.41715399375000006 0.94746755625 0.4307318859375 0.954413896875 0.434617575 0.94681189375
13 0.43020535625 0.9084336203125 0.4258115796875 0.9061948796875001 0.4174833546875 0.9224917593749999 0.42184980312500003 0.924832315625 0.43020535625 0.9084336203125
10 0.482536384375 0.852659240625 0.47933835468749997 0.8509578640625 0.476889325 0.8558056562499999 0.4801072171875 0.8574680515624999 0.482536384375 0.852659240625
10 0.514030040625 0.7650504640625 0.50973865 0.7629480656250001 0.5048807734375 0.7724133531249999 0.509139825 0.7745413609375 0.514030040625 0.7650504640625
10 0.575525565625 0.67017490625 0.574814596875 0.66984596875 0.58180768125 0.656093734375 0.5825558953125001 0.6564872421875 0.583417190625 0.654779646875 0.5698944171875 0.647752665625 0.561025525 0.66512786875 0.5746464296875 0.6719312828125 0.575525565625 0.67017490625
7 0.47874267968749995 0.8506298015624999 0.47392881718749996 0.8483138 0.467869225 0.8602373968749999 0.46772304374999996 0.8601629140625 0.4636305390625 0.8681295125 0.462848125 0.8677308531250001 0.46617973125 0.8611336984375001 0.4518837828125 0.8537794046875 0.44844504374999994 0.860497334375 0.44757370625000004 0.8601217578125 0.428567403125 0.897385871875 0.45342077031250005 0.909884453125 0.45819644843749996 0.900477240625 0.4574999046875 0.900089015625 0.471420853125 0.87289151875 0.47209162656250003 0.8732683671875 0.47941553125 0.8589253703124999 0.475487903125 0.856955709375 0.47874267968749995 0.8506298015624999
10 0.444640125 0.9271415328125 0.4438956703125 0.9267131125000001 0.4509435546875 0.9129221609375 0.45168297031250004 0.91327786875 0.45252832187500003 0.9115533796875 0.4389320859375 0.9047222015624999 0.43022783281250004 0.9219498125 0.4437887328125 0.9288331328125 0.444640125 0.9271415328125
8 0.5011847046875 0.6955727484375 0.5191538015625 0.704728459375 0.49353575000000005 0.7551271765625 0.499502403125 0.758023540625 0.5489942890624999 0.6610967484375 0.527540496875 0.650169003125 0.52839101875 0.6484997578125 0.525895046875 0.64719643125 0.521665584375 0.6554387125 0.5224645531250001 0.6557739078125 0.5052235546875 0.6896112734375001 0.50442529375 0.6892746843750001 0.5011847046875 0.6955727484375
3 0.5872521046875 0.6471465109375 0.58657174375 0.646743734375 0.5918431843749999 0.63637385625 0.5926415515625 0.6366964703125 0.596428725 0.6291845625 0.58282480625 0.6221688453125 0.5706448203125001 0.6462007562500001 0.584219928125 0.6531456765625 0.5872521046875 0.6471465109375
7 0.48166379531250003 0.831185046875 0.47536288125 0.8277676421875 0.4606312953125 0.8565354578125 0.4670094890625 0.8596222234375 0.48166379531250003 0.831185046875
13 0.5718733359375 0.641869190625 0.5674707625 0.6395926484375 0.55926724375 0.6557549093749999 0.5636033828125 0.6580379359374999 0.5718733359375 0.641869190625
13 0.50365530625 0.7626279578124999 0.492774175 0.75676984375 0.48419569687499997 0.773630146875 0.4952404515625 0.7791981078125 0.50365530625 0.7626279578124999
2 0.45037885 0.7972259734375 0.449510390625 0.79702371875 0.44714892968750003 0.8016583453124999 0.4644426703125 0.810580425 0.4814204703125 0.777263059375 0.4640763921875 0.76843633125 0.46169412187500003 0.773142775 0.4624264171875 0.7735158984375 0.45037885 0.7972259734375
11 0.5438732265625 0.7323856046875 0.5358094312499999 0.728301446875 0.527460653125 0.744728146875 0.5354745140625 0.7487623109375 0.5438732265625 0.7323856046875
11 0.4917704234375 0.834773896875 0.4837066296875 0.8306897390625 0.47535856093750006 0.8471150453125 0.4833717125 0.851150603125 0.4917704234375 0.834773896875
7 0.541242378125 0.7142382859375 0.5348301015625 0.7109465171875 0.5201890671875 0.7396605140625 0.526731375 0.7429448859375001 0.541242378125 0.7142382859375
3 0.7132770671875 0.38590411874999997 0.69897814375 0.3786658 0.6899625671875 0.396401165625 0.7043504796875 0.403423534375 0.7132770671875 0.38590411874999997
3 0.7166598515625 0.3658458359375 0.70770418125 0.3613300421875 0.6996920046875 0.3771408671875 0.7085968734375 0.381629021875 0.7166598515625 0.3658458359375
2 0.8202014484375001 0.13697268125 0.8270861593750001 0.11365526562499999 0.8313018171875 0.11247835937499999 0.8325224421874999 0.10826552812500001 0.812821453125 0.0982273734375 0.7997410984375 0.1429213 0.8202014484375001 0.13697268125
2 0.7639220875 0.2161489578125 0.74556620625 0.20667166250000002 0.7432039234375 0.21141459375 0.7438620874999999 0.211795540625 0.731724696875 0.2356474875 0.73102686875 0.23524457656250003 0.7285908921875001 0.2401218171875 0.7524254890625001 0.252427484375 0.7578121906249999 0.241786653125 0.7522642828125 0.23895985312499998 0.7639220875 0.2161489578125
2 0.7462169875 0.2508283375 0.7278767515625 0.24149930312499998 0.7253073234375 0.24646637343750002 0.7260044765625 0.24677424218750002 0.7138578109375 0.27065127499999997 0.7131509125 0.270338440625 0.7107211953125 0.2751276796875 0.734609915625 0.287299590625 0.740025515625 0.276626134375 0.7345364187500001 0.27387664843750004 0.7462169875 0.2508283375
10 0.562904184375 0.6598404 0.5536125046875 0.6550341546875 0.5515812625 0.659065434375 0.560869853125 0.663726309375 0.562904184375 0.6598404
13 0.581315475 0.6236339328125 0.5720872328125 0.618847734375 0.56306475625 0.6364796265625 0.572313125 0.64119190625 0.581315475 0.6236339328125
10 0.5075128609374999 0.7640708984375 0.5046495015625 0.7626522765625 0.49546572031249997 0.7808210140625 0.49824037031249996 0.78223476875 0.5075128609374999 0.7640708984375
10 0.502731875 0.7872484531249999 0.498380621875 0.785115553125 0.49356903125 0.7945588296875 0.4978440796875 0.7966967421875 0.502731875 0.7872484531249999
10 0.8327690656250001 0.1858702796875 0.83631055625 0.1739017109375 0.8320119421875001 0.1750521328125 0.8339342453125 0.16852603906250002 0.817688959375 0.1731922296875 0.81236944375 0.191551721875 0.813901453125 0.19105742812499998 0.8143294234375 0.189635840625 0.8209092015625 0.1877082109375 0.8203273734375 0.1895143625 0.8327690656250001 0.1858702796875
10 0.861256309375 0.189326834375 0.85827825625 0.1901294984375 0.8560038703125 0.1977458296875 0.8589988156249999 0.196927221875 0.861256309375 0.189326834375
13 0.780668996875 0.2260410015625 0.769535353125 0.2203996921875 0.7610710625 0.23731467031250003 0.772093728125 0.2428468234375 0.780668996875 0.2260410015625
7 0.7251123171875 0.3630994625 0.7299498734375 0.3654240296875 0.7344447765625 0.35655065937499997 0.7383638328125001 0.358636953125 0.7418790234375 0.35178962812500003 0.7411165234375 0.3513449984375 0.7533010171875001 0.327455675 0.754063703125 0.3278758484375 0.7609370921874999 0.3143344375 0.735683475 0.3013548453125 0.7131224203125 0.3454303453125 0.7134271 0.3456136453125 0.7094414765625 0.353308528125 0.72578941875 0.36172239375 0.7251123171875 0.3630994625
10 0.7188281203125 0.3617142703125 0.707939928125 0.3561419078125 0.7064594921875 0.35904742500000003 0.7174065625 0.364504234375 0.7188281203125 0.3617142703125
13 0.8110489234375 0.1559026390625 0.8010783109374999 0.1588820640625 0.7981737546875001 0.16878145312499998 0.8081478015625001 0.1659019828125 0.8110489234375 0.1559026390625
2 0.77535935 0.277435234375 0.75472295625 0.2669923640625 0.737771090625 0.30057546875 0.76169684375 0.31283990156249997 0.7633625796875 0.3095500578125 0.7626133921875 0.309192878125 0.7696515046875 0.29540045625 0.7703716078125 0.295814715625 0.7726160234375 0.2914098015625 0.7691691281249999 0.2896289703125 0.77535935 0.277435234375