10 0.4600171875 0.6725218749999999 0.4544265625 0.67409375 0.457178125 0.683634375 0.46274218749999996 0.6820203125 0.4600171875 0.6725218749999999
10 0.44742812499999995 0.7391296875 0.4581421875 0.7766093749999999 0.46978749999999997 0.7732703125 0.4573421875 0.7299 0.44565781250000003 0.7332687499999999 0.4473328125 0.7391390624999999 0.44742812499999995 0.7391296875
13 0.547140625 1 0.5390046875000001 0.9717515625 0.5246390625 0.9758140624999999 0.531559375 1 0.547140625 1
2 0.40937343750000005 0.8160953125000001 0.42856249999999996 0.883128125 0.461028125 0.8737828125 0.4418421875 0.806784375 0.40937343750000005 0.8160953125000001
10 0.4776140625 0.8813609375 0.4949109375 0.8764015625000001 0.497609375 0.8858421875 0.5019109375 0.8846640625 0.470759375 0.776053125 0.4643265625 0.7778796875 0.47750624999999997 0.82384375 0.462371875 0.8282031249999999 0.4776140625 0.8813609375
10 0.4230296875 0.5619921875 0.4205953125 0.562728125 0.426503125 0.5833609375 0.43385468749999995 0.581253125 0.427734375 0.5599375 0.422828125 0.5613265625 0.4230296875 0.5619921875
1 0.3359890625 0.5477703125 0.3457578125 0.58180625 0.35638593749999997 0.57874375 0.34665625 0.5445781249999999 0.3359890625 0.5477703125
1 0.4735984375 1 0.481521875 0.9977375 0.467496875 0.9487765625 0.44761093750000003 0.95445625 0.46067656250000005 1 0.4735984375 1
2 0.47116718750000003 0.9394265624999999 0.47119687499999996 0.9392828124999999 0.4791609375 0.9369703125 0.46180468750000003 0.8762796875 0.429309375 0.8856203125000001 0.44679062500000005 0.9465984375 0.46814062500000003 0.9405171875 0.4681453125 0.9402921875000001 0.47116718750000003 0.9394265624999999
7 0.3955296875 0.5954375 0.39448125 0.5957890625 0.4189828125 0.6812343750000001 0.4199171875 0.6809859375 0.42324062500000004 0.692609375 0.43892968750000005 0.688165625 0.43545 0.6760890625 0.4433140625 0.6738515625 0.44686875 0.68624375 0.4558328125 0.6836249999999999 0.4524203125 0.6718078125 0.4591390625 0.6699140625 0.434459375 0.5841953125 0.4170640625 0.5893515625 0.413071875 0.5754859375 0.3915984375 0.5816140625 0.3955296875 0.5954375
3 0.39935 0.4809234375 0.37965468750000003 0.486571875 0.3882234375 0.5166203125 0.40799531250000004 0.5111015625 0.39935 0.4809234375
13 0.46167499999999995 0.8251890625 0.475315625 0.821221875 0.46318906249999997 0.7789328125 0.45771875 0.7804625 0.4506984375 0.7559515625000001 0.4425 0.7583203125 0.46167499999999995 0.8251890625
1 0.5068921875 0.8906765625 0.5025265625 0.891934375 0.5234984375 0.9651078125 0.543478125 0.9594093750000001 0.5207671875 0.8802218749999999 0.5051453125 0.884640625 0.5068921875 0.8906765625
13 0.3904078125 0.576671875 0.398625 0.574315625 0.3916265625 0.5498671875000001 0.397053125 0.5483781249999999 0.3890015625 0.520128125 0.375340625 0.5240453125 0.3904078125 0.576671875
2 0.3607703125 0.577134375 0.38694687499999997 0.569775 0.37295625 0.521071875 0.3875453125 0.5169265625 0.378915625 0.4868015625 0.3365546875 0.4989484375 0.359159375 0.5778359375 0.3607734375 0.5773734375 0.3607703125 0.577134375
10 0.553859375 1 0.5443265625 0.96686875 0.539534375 0.9682359375 0.548646875 1 0.553859375 1
6 0.4342546875 0.7344671875000001 0.435140625 0.73419375 0.43743125000000005 0.7421 0.4464890625 0.7394328125 0.44414999999999993 0.731390625 0.4565140625 0.7278640625 0.4547578125 0.721828125 0.45740625 0.72103125 0.4516125 0.700928125 0.448990625 0.701640625 0.4484125 0.699596875 0.44266249999999996 0.701228125 0.44035 0.6932 0.424725 0.69766875 0.4268546875 0.705121875 0.42593125 0.7053859375 0.4342546875 0.7344671875000001
1 0.40755468749999996 0.6953453125 0.375896875 0.7044046875000001 0.4059015625 0.8089859374999999 0.4375703125 0.79990625 0.40755468749999996 0.6953453125
10 0.44290312500000006 0.6768468750000001 0.4374328125 0.6783781249999999 0.44017343750000004 0.6878234375 0.44028124999999996 0.68779375 0.44168593749999996 0.6927234375 0.44160468750000004 0.692784375 0.4431 0.6980578125 0.4478546875 0.69669375 0.44497656250000006 0.6867453125 0.44567500000000004 0.6865453125000001 0.44290312500000006 0.6768468750000001
13 0.5485125 0.0192515625 0.5286359375 0.024784375 0.5372625 0.055015625 0.557159375 0.04940625 0.5485125 0.0192515625
10 0.5254 0.058871875 0.5358703125 0.0558140625 0.52700625 0.025015625000000003 0.516478125 0.028015625 0.5254 0.058871875
8 0.4941 0 0.5128765625 0.065440625 0.5141265625 0.0650953125 0.54773125 0.182409375 0.558690625 0.1791984375 0.50713125 0 0.4941 0
1 0.5082234375 0.1397390625 0.508071875 0.13978125 0.5076578125 0.138340625 0.5073859374999999 0.138409375 0.5032890625 0.1241828125 0.4933421875 0.1269640625 0.5121546875 0.1925671875 0.5221078125 0.1896890625 0.5179421875 0.17533749999999998 0.5182203125 0.17527187500000002 0.517909375 0.1742140625 0.5181218750000001 0.1741421875 0.5082234375 0.1397390625
13 0.51656875 0 0.5181046874999999 0.005376562499999999 0.5117578125 0.007190625000000001 0.5167671875 0.024771875 0.541271875 0.017671875 0.5361906249999999 0 0.51656875 0
6 0.5469046875 0.073421875 0.5308312500000001 0.077984375 0.5330921875 0.085840625 0.5320171874999999 0.0861484375 0.53976875 0.11318125000000001 0.556875 0.1082125 0.5563671875 0.106440625 0.5583109375 0.10595312500000001 0.5525171875 0.0857171875 0.5505765625000001 0.0862484375 0.5469046875 0.073421875
1 0.5009328125 0.07483125 0.49891406250000003 0.07541718750000001 0.4989609375 0.07560781250000001 0.4971984375 0.076096875 0.4942078125 0.065640625 0.4766515625 0.0709046875 0.4909890625 0.12090624999999999 0.512375 0.11477343749999999 0.5009328125 0.07483125
7 0.4548203125 0 0.47289375 0.0630015625 0.5091281249999999 0.052593749999999995 0.49402656250000004 0 0.4548203125 0
8 0.685984375 0.6291781249999999 0.6862296875 0.62913125 0.6876734375 0.634134375 0.669015625 0.6395375 0.66890625 0.6393640625 0.6662281250000001 0.64014375 0.6923109375000001 0.731175 0.6925734375 0.7311375 0.69255625 0.7309 0.6955796875 0.7300515625 0.6955859375 0.7299015625 0.7254640625000001 0.7213984375 0.724596875 0.7182593749999999 0.7244828125 0.71823125 0.700521875 0.6348906249999999 0.699425 0.6351843749999999 0.672840625 0.541846875 0.6618984375 0.5450328125 0.685984375 0.6291781249999999
13 0.739521875 0.7647796875 0.7531796875000001 0.7610125 0.744971875 0.73253125 0.7423234375 0.733328125 0.7370921874999999 0.7150859374999999 0.726140625 0.7181703125000001 0.739521875 0.7647796875
10 0.6631453125 0.5080203125 0.6522171875 0.5111484374999999 0.6612140625 0.5426546875 0.6721296875 0.5394328125000001 0.6631453125 0.5080203125
11 0.6953921875 0.7772453125000001 0.692390625 0.7780296875 0.7027890625000001 0.81440625 0.713784375 0.811221875 0.7033765625 0.7749515625 0.702421875 0.775203125 0.7019734375 0.773640625 0.6949375 0.7756265625000001 0.6953921875 0.7772453125000001
3 0.7574140625 0.76333125 0.7390718749999999 0.7686359375 0.748475 0.8014828125 0.7743984375 0.79410625 0.750128125 0.7093671875 0.7426765625 0.7114640624999999 0.7431578125 0.7130546875 0.7430140625 0.7130765625000001 0.7574140625 0.76333125
2 0.66488125 0.6354609375 0.667590625 0.6346468749999999 0.66760625 0.6343859375 0.6849359374999999 0.6294765625000001 0.669246875 0.57480625 0.6491703125 0.5805734375 0.66488125 0.6354609375
10 0.696078125 0.5354109375 0.6863890625 0.5381078125000001 0.690865625 0.5538390625 0.7005125 0.550875 0.696078125 0.5354109375
6 0.6780953125 0.5597749999999999 0.685321875 0.585025 0.7072328125 0.5784546875000001 0.7000953125 0.5535703125 0.6905453125000001 0.5562703124999999 0.688309375 0.5483859375 0.67674375 0.551728125 0.6789953125 0.559553125 0.6780953125 0.5597749999999999
13 0.68455625 0.5024078125 0.664771875 0.5081296875 0.6733781249999999 0.5382734375 0.6931468749999999 0.5324375 0.68455625 0.5024078125
10 0.7185359375 0.626340625 0.721125 0.6255984375 0.710225 0.5876171875 0.710321875 0.5873468749999999 0.7091578125 0.583315625 0.7074374999999999 0.5837546875 0.707553125 0.58409375 0.7065015625 0.5843765624999999 0.7185359375 0.626340625
2 0.6317609375 0.5167953125 0.630946875 0.517084375 0.6483828125 0.5779156249999999 0.6684859375000001 0.5721890625 0.6510875 0.5115140625000001 0.633709375 0.516534375 0.6336265625 0.516334375 0.6318921875 0.5169640625 0.6317609375 0.5167953125
10 0.70509375 0.584784375 0.6867656249999999 0.5900140625 0.698496875 0.63099375 0.7168484375 0.62570625 0.70509375 0.584784375
10 0.685059375 0.5381812499999999 0.67406875 0.5413328125 0.676175 0.54876875 0.687225 0.54561875 0.685059375 0.5381812499999999
1 0.691684375 0.7368140624999999 0.6911484375 0.736915625 0.6283359374999999 0.518015625 0.6185640625 0.5209078125 0.6228906249999999 0.53595625 0.6225796875 0.5360703124999999 0.631140625 0.5657484375 0.6314171875000001 0.5656953125 0.640328125 0.59685625 0.6400578125 0.596934375 0.6486156249999999 0.6267765625 0.6488796875 0.626675 0.6573265625 0.6560875 0.65705 0.6561921875000001 0.676059375 0.7224468749999999 0.6763078124999999 0.722375 0.6824250000000001 0.7436625 0.6821875000000001 0.7437296875 0.69081875 0.7738609375000001 0.7019234375 0.7706906250000001 0.6931140625000001 0.739975 0.6926249999999999 0.7400953125 0.691684375 0.7368140624999999
10 0.7427484375 0.729903125 0.7454609375000001 0.7291703125 0.754615625 0.7611078124999999 0.755428125 0.7608374999999999 0.741834375 0.7134265625 0.738284375 0.714334375 0.7427484375 0.729903125
2 0.7484109375 0.8015203124999999 0.7269546874999999 0.7264046875 0.6968796875 0.7350109375 0.696803125 0.734809375 0.6942625 0.7355375000000001 0.715796875 0.810815625 0.7484109375 0.8015203124999999
1 0.751559375 0.6596124999999999 0.7513203125000001 0.65968125 0.738878125 0.6162921875 0.739125 0.616221875 0.7346359375 0.60056875 0.734421875 0.6006296875 0.728940625 0.581546875 0.7133890625 0.5859296875 0.723584375 0.62156875 0.7275234375 0.6204156249999999 0.739478125 0.6624 0.7389875 0.6625390624999999 0.747915625 0.6934234375 0.7483531250000001 0.6932984375 0.77700625 0.7932546874999999 0.783765625 0.79136875 0.7804734375 0.7798984375 0.7807640625000001 0.779825 0.7762796875 0.764346875 0.776053125 0.7644031250000001 0.7634390625 0.7203109375000001 0.7623203125 0.720684375 0.7575046875 0.7037687499999999 0.76348125 0.7020921875 0.7598265625 0.689375 0.7600687500000001 0.689290625 0.751559375 0.6596124999999999
7 0.7231203125000001 0.7132359375 0.7416828125 0.70793125 0.741828125 0.7084140624999999 0.749275 0.7063515625 0.7265375 0.6271125 0.718303125 0.629475 0.71835625 0.6296265625 0.70056875 0.6348203125 0.7231203125000001 0.7132359375
10 0.498778125 0.064534375 0.49652031250000006 0.06522343750000001 0.498246875 0.0712640625 0.500540625 0.07067812500000001 0.498778125 0.064534375
1 0.5796828125 0.2152140625 0.5800890625 0.2150828125 0.571271875 0.1842296875 0.5708390624999999 0.18437187500000002 0.569825 0.1808921875 0.560621875 0.183634375 0.5617296875 0.18755 0.561415625 0.187640625 0.5699953125 0.21738749999999998 0.570259375 0.21734218749999998 0.5717296875 0.2224734375 0.5809968750000001 0.21981875 0.5796828125 0.2152140625
2 0.5606546875 0.18036093749999998 0.5716265625 0.177234375 0.58363125 0.2190421875 0.6034015625 0.213428125 0.58176875 0.1379546875 0.55091875 0.14648125 0.5606546875 0.18036093749999998
10 0.558334375 0.10988437499999999 0.5417546875 0.11463281249999999 0.5502078125 0.1441390625 0.566696875 0.1393078125 0.558334375 0.10988437499999999
10 0.5583234375 0.0523875 0.5262359375 0.06158281249999999 0.5301421875 0.07523125 0.546315625 0.070540625 0.562259375 0.0662046875 0.5583234375 0.0523875
0 0.42972968749999996 0 0.0918265625 0.0968921875 0.35078906249999997 1 0.5702703125 1 0.9081734375 0.9031078125 0.6492109375 0 0.42972968749999996 0
2 0.5284 0.11956562500000001 0.5065546875 0.1257171875 0.524646875 0.1889796875 0.5465375 0.18270312500000002 0.5284 0.11956562500000001
1 0.5146453125 0.1143640625 0.514903125 0.11429843749999999 0.5150453125000001 0.1147375 0.5246484375 0.1118765625 0.5232140625 0.1068734375 0.5235078125 0.10677031249999999 0.523109375 0.10538281249999999 0.5233187499999999 0.10532187500000001 0.5123453125 0.0672328125 0.5121796875 0.0672625 0.511784375 0.0658875 0.511534375 0.0659671875 0.51008125 0.0609578125 0.5005875 0.06373593749999999 0.50353125 0.07406718749999999 0.5031265625 0.0741609375 0.5146453125 0.1143640625
10 0.548328125 0.0101484375 0.541246875 0.0121234375 0.5428171875000001 0.017540625 0.5498671875000001 0.015482812500000002 0.548328125 0.0101484375
10 0.40886875 0.5140953125000001 0.39381093749999996 0.518346875 0.409153125 0.5718359375000001 0.412984375 0.5707375 0.41424843750000007 0.575134375 0.41402031250000004 0.5751999999999999 0.417075 0.5859171875 0.4252015625 0.583575 0.4185140625 0.5602265625 0.4217984375 0.5592515625 0.40886875 0.5140953125000001
11 0.335546875 0.5025734374999999 0.32391875 0.5058953125000001 0.335128125 0.5447968750000001 0.346540625 0.541484375 0.335546875 0.5025734374999999
8 0.5163078125 1 0.528896875 0.9964578124999999 0.5103 0.9316890624999999 0.49214843750000004 0.936825 0.43634375 0.7423375 0.4364203125 0.742315625 0.4237125 0.6979968750000001 0.42349218750000006 0.698040625 0.42202812500000003 0.6929078125 0.42225156249999996 0.6928453125 0.3904703125 0.5820000000000001 0.39023906249999996 0.5820593749999999 0.38894687499999997 0.5775265625 0.38911562499999997 0.5774781250000001 0.3883203125 0.5747125 0.3621921875 0.5822421875 0.3620859375 0.582109375 0.3601140625 0.58261875 0.3600078125 0.5825140625 0.34370781250000004 0.5871515625 0.3751328125 0.696740625 0.40880625000000004 0.6870859375 0.480225 0.936615625 0.4804734375 0.93658125 0.48193281250000003 0.9416421875 0.472634375 0.9443250000000001 0.4725125 0.94415625 0.4699234375 0.9448984375 0.485709375 1 0.5163078125 1
10 0.39927812500000004 0.5509640625000001 0.39381093749999996 0.552559375 0.4000828125 0.5744328125 0.4079 0.57221875 0.39251718750000003 0.5185296875 0.390146875 0.5192359375 0.39927812500000004 0.5509640625000001
1 0.4927046875 0.9325187500000001 0.509415625 0.92826875 0.50070625 0.8981765625 0.49970781249999996 0.898471875 0.4944046875 0.8799890625 0.4788203125 0.8844203125 0.4927046875 0.9325187500000001
10 0.44699375 0.742190625 0.43838906250000004 0.7445640625000001 0.441540625 0.7555296874999999 0.45011406249999997 0.7530718750000001 0.44699375 0.742190625
7 0.1939328125 0.14303125 0.23908281250000002 0.1303546875 0.219940625 0.063309375 0.1746890625 0.0761703125 0.1939328125 0.14303125
10 0.28714062500000004 0.1876234375 0.2714 0.1920890625 0.2798171875 0.22136406250000001 0.295525 0.2169171875 0.28714062500000004 0.1876234375
6 0.26287343750000003 0.1634 0.2617984375 0.1637078125 0.26955 0.190740625 0.28664999999999996 0.1857890625 0.27668750000000003 0.1509796875 0.2606125 0.15554062500000002 0.26287343750000003 0.1634
10 0.288053125 0.12992187500000002 0.25596718749999997 0.139121875 0.25987187500000003 0.15276875 0.29200312500000003 0.14355 0.288053125 0.12992187500000002
10 0.2289484375 0.1419078125 0.22615625 0.14275625 0.2279109375 0.148815625 0.230709375 0.14799374999999998 0.2289484375 0.1419078125
3 0.306246875 0.0784875 0.294775 0.0386984375 0.27205625 0.0452125 0.2835453125 0.084978125 0.306246875 0.0784875
1 0.22061875 0.198421875 0.24206093750000002 0.1922515625 0.2305640625 0.1522609375 0.2267671875 0.15335000000000001 0.22391875 0.1431765625 0.2062734375 0.1483953125 0.22061875 0.198421875
10 0.25520468749999997 0.1363078125 0.265553125 0.1333234375 0.2567484375 0.1026171875 0.24640468750000002 0.10541562499999999 0.25520468749999997 0.1363078125
13 0.2709375 0.09493281249999999 0.25781875 0.0492953125 0.2332328125 0.0563453125 0.24642031250000002 0.1020515625 0.2709375 0.09493281249999999
2 0.248109375 0.1997765625 0.2247578125 0.206415625 0.242903125 0.2697859375 0.276240625 0.2602265625 0.25802187499999996 0.1967515625 0.24805312499999999 0.1996109375 0.248109375 0.1997765625
2 0.2962390625 0.2195609375 0.280646875 0.2240515625 0.3023609375 0.2996578125 0.3331109375 0.2909140625 0.31141718749999997 0.2154078125 0.2963140625 0.21979687499999997 0.2962390625 0.2195609375
10 0.2406828125 0.13239375 0.22960937499999998 0.1354796875 0.24728124999999998 0.1971078125 0.25821875 0.19390000000000002 0.2406828125 0.13239375
10 0.277525 0.087725 0.2709125 0.08960625 0.2724640625 0.0950484375 0.27904062500000004 0.093159375 0.277525 0.087725
13 0.27824218749999996 0.09675625 0.258315625 0.10217968749999999 0.2669421875 0.1324140625 0.28687968750000004 0.126771875 0.27824218749999996 0.09675625
8 0.190596875 0.0685703125 0.191190625 0.0706328125 0.22070937499999999 0.062168749999999995 0.277340625 0.25985625 0.2883640625 0.256790625 0.23089062500000002 0.057015625 0.190596875 0.0685703125