0 0.21875 0 0.21875 1 0.78125 1 0.78125 0 0.21875 0
13 0.5523703125 0.3126578125 0.51025 0.3124328125 0.5102203125 0.3949421875 0.563896875 0.3948453125 0.563978125 0.3091046875 0.5523703125 0.30893281250000004 0.5523703125 0.3126578125
8 0.5077281250000001 0.6957234375 0.507440625 0.6270203125 0.5096375 0.6270921875 0.5102453125 0.4292328125 0.5075359374999999 0.4291828125 0.507553125 0.1687203125 0.47883906249999997 0.16873125 0.47893437499999997 0.38222187500000004 0.392503125 0.38203125 0.3926421875 0.62696875 0.47896875000000005 0.6263468750000001 0.478871875 0.695978125 0.5077281250000001 0.6957234375
7 0.5667609375 0.389271875 0.56676875 0.40059843749999996 0.5103625 0.4009625 0.5097484375 0.6270921875 0.5926828125 0.627034375 0.592634375 0.3893671875 0.5667609375 0.389271875
2 0.47619531249999997 0.22350781249999999 0.40474062499999997 0.22350781249999999 0.40487343750000004 0.37548125 0.47609531250000003 0.37570312499999997 0.47619531249999997 0.22350781249999999
2 0.47601562499999994 0.21713125 0.47601562499999994 0.0469375 0.40465625000000005 0.0466796875 0.4048265625 0.21738593750000001 0.47601562499999994 0.21713125
10 0.40186093749999996 0.3753046875 0.40186093749999996 0.3581140625 0.36156875 0.35774531249999997 0.36156875 0.3753046875 0.40186093749999996 0.3753046875
1 0.3897 0.3815875 0.3610296875 0.38197187499999996 0.36141875 0.6269843749999999 0.38966406249999996 0.6272031250000001 0.3897 0.3815875
10 0.3896078125 0.6334500000000001 0.3772796875 0.6333609375 0.377159375 0.6565328125 0.3894078125 0.6568015625 0.3896078125 0.6334500000000001
10 0.3896953125 0.8706890625 0.3896953125 0.8076984375 0.3614 0.8076984375 0.3612984375 0.8706890625 0.3896953125 0.8706890625
1 0.374671875 0.6633421875 0.37455937499999997 0.63318125 0.36136406249999997 0.6332890625 0.3613796875 0.8016953125 0.38976875 0.8016953125 0.389825 0.663378125 0.374671875 0.6633421875
2 0.47630156250000005 0.8644390625 0.4763453125 0.6334828124999999 0.3923546875 0.63325625 0.392415625 0.8648046875000001 0.47630156250000005 0.8644390625
10 0.43949375 0.949853125 0.43965468750000003 0.8704359374999999 0.4172296875 0.8703468750000001 0.41711093750000006 0.9499421874999999 0.43949375 0.949853125
13 0.5124828124999999 0.9495421875 0.512403125 0.870478125 0.44202031249999996 0.8702125 0.44214062500000006 0.9498109375 0.5124828124999999 0.9495421875
10 0.52361875 0.8982890625 0.5149921875000001 0.898325 0.5150140624999999 0.94970625 0.523440625 0.9498609374999999 0.52361875 0.8982890625
10 0.5233140625 0.8705640625 0.5153453125 0.8705999999999999 0.5154093750000001 0.8921640625 0.5232828125 0.8919484375 0.5233140625 0.8705640625
3 0.52350625 0.864796875 0.5235234375 0.7811203124999999 0.510165625 0.7813359375 0.510153125 0.7752671875 0.523490625 0.775353125 0.52350625 0.7018125000000001 0.4789140625 0.7018859375 0.47898281249999997 0.7752671875 0.48999531249999995 0.7752671875 0.49004375 0.7813640625 0.478946875 0.7815859374999999 0.479221875 0.8642609374999999 0.52350625 0.864796875
2 0.5103500000000001 0.6332953125 0.51045 0.6959859374999999 0.5261765625 0.6959140625 0.5261765625 0.7842296875 0.59520625 0.7836671875000001 0.59539375 0.6330875 0.5103500000000001 0.6332953125
10 0.60481875 0.773025 0.5980531250000001 0.773025 0.5980359375 0.7840578125000001 0.6047875 0.78380625 0.60481875 0.773025
10 0.6093734375000001 0.6334671875 0.5981640625 0.6334671875 0.5981640625 0.6555718749999999 0.609375 0.65539375 0.6093734375000001 0.6334671875
1 0.5979265625 0.6619875000000001 0.5981171875 0.76715 0.6076890625 0.7672218749999999 0.607721875 0.7843078125 0.62704375 0.7842015625000001 0.6271890625000001 0.6416734374999999 0.61193125 0.6416625 0.6121265625000001 0.6619015625 0.5979265625 0.6619875000000001
10 0.6271390625000001 0.5978265625 0.6120609375 0.5979296875 0.6120671875 0.635903125 0.6269984375 0.6356859375 0.6271390625000001 0.5978265625
10 0.5953625 0.48726562500000004 0.5953109375000001 0.6269843749999999 0.6094593749999999 0.62705625 0.6094265625 0.5916265625 0.62708125 0.5917015625000001 0.6268812500000001 0.48719375 0.5953625 0.48726562500000004
1 0.6114921875 0.35910625 0.6115578125 0.42922656249999996 0.5952984375 0.42929375 0.59533125 0.4812125 0.6393609375 0.4811828125 0.6393609375 0.3589234375 0.6114921875 0.35910625
10 0.609084375 0.3829734375 0.5953328124999999 0.3829625 0.5953328124999999 0.42381718749999997 0.60905 0.423659375 0.609084375 0.3829734375
10 0.6088765625 0.37670625 0.6088765625 0.3589734375 0.5954703125 0.35936875 0.5954234375 0.3767421875 0.6088765625 0.37670625
10 0.5667 0.30853125000000003 0.5665921875000001 0.38361875 0.5926078125 0.3834890625 0.5927171875 0.35315625 0.6046109375000001 0.3531 0.6044937499999999 0.3089015625 0.5667 0.30853125000000003
6 0.5076328125 0.2211015625 0.5076171875 0.28450312499999997 0.5102703125 0.2845421875 0.5103390625 0.3067984375 0.5499171875 0.306546875 0.5500453125 0.22124375000000002 0.5383718749999999 0.2213875 0.538346875 0.2147921875 0.549915625 0.21490312500000003 0.549915625 0.1845640625 0.5102484375 0.18444218750000002 0.5102249999999999 0.2148421875 0.5214218749999999 0.2148328125 0.5214218749999999 0.22120781250000002 0.5076328125 0.2211015625
10 0.47883437500000003 0.0465828125 0.47872812500000006 0.1620859375 0.5102562500000001 0.16224375 0.5102296875000001 0.1787609375 0.5268843750000001 0.178675 0.5268453125 0.1213359375 0.49414687500000004 0.12173437499999999 0.49417968749999996 0.046546875 0.47883437500000003 0.0465828125
10 0.5499625 0.178778125 0.5499171875 0.170378125 0.529471875 0.17053281250000002 0.529471875 0.178725 0.5499625 0.178778125
10 0.5499796875 0.1648125 0.5499796875 0.12119687500000001 0.529478125 0.12137187499999999 0.5295171875 0.1648125 0.5499796875 0.1648125