0 1 0.5717420359375 0.3767216453125 0.0105403171875 0.20566781406249998 0.07965055 0 0.30806816718749996 0 0.42825796406250005 0.6232783546875 0.9894596828125 0.7943321859375 0.92034945 1 0.6919318328124999 1 0.5717420359375
3 0.40985434062500004 0.5523498203125 0.348251209375 0.4970786921875 0.3322991421875 0.5152814593749999 0.393500425 0.5703880140625001 0.40985434062500004 0.5523498203125
1 0.7330862125000001 0.557851584375 0.643431815625 0.47685949375 0.6258432671875 0.49639247031249994 0.7156212453124999 0.5772941875 0.7330862125000001 0.557851584375
1 0.8623245140625 0.6741974203125001 0.7400274078125 0.5643579484375 0.7192546828124999 0.5872215765625 0.8416144375 0.6969700140625 0.8623245140625 0.6741974203125001
2 0.8398439265625001 0.698389765625 0.714808184375 0.586318371875 0.64652973125 0.6605158953125 0.7728751375 0.7741562375 0.8398439265625001 0.698389765625
2 0.7144293828125 0.5789907671875001 0.606368384375 0.482422190625 0.5566010296874999 0.5386401984375 0.664124275 0.6352625765625 0.7144293828125 0.5789907671875001
8 0.5034801984375 0.3920498421875 0.32136820625 0.227957565625 0.25188324375 0.30498330937499996 0.6432320625 0.6574717484375 0.6618172390625 0.6367558546875001 0.454191065625 0.449539084375 0.5034801984375 0.3920498421875
7 0.60185085625 0.48019614375 0.5075611953125 0.3954060875 0.497063165625 0.40802137812500006 0.5169969234375 0.42571763437500004 0.5155112625 0.42761717812500005 0.4914826703125 0.406088296875 0.454191065625 0.449539084375 0.524825228125 0.512956228125 0.5261889140625 0.5114430078125001 0.55222315625 0.5346826296875 0.60185085625 0.48019614375
10 0.6398437875 0.4739225484375 0.6256477828125 0.4612556078125 0.6082552515625 0.48066894375 0.6224645625 0.493072671875 0.6398437875 0.4739225484375
10 0.62977824375 0.449918740625 0.606560934375 0.42948439687500006 0.5956342984375 0.4413308234375 0.6187036015625 0.461924390625 0.62977824375 0.449918740625
10 0.6032860078125 0.4263046703125 0.55611841875 0.3835801109375 0.5298772281249999 0.41222073281249993 0.6033746828125001 0.4782575890625 0.616790546875 0.46332084375000004 0.591057696875 0.44014314062500004 0.6032860078125 0.4263046703125
1 0.5517644796875001 0.3799987828125 0.48918681875000003 0.3232457515625 0.4637060203125 0.3525296140625 0.5259480015625 0.408368384375 0.5517644796875001 0.3799987828125
10 0.46436603125 0.34329763281250003 0.4452701375 0.326161075 0.440473671875 0.3317744171875 0.459209234375 0.348586384375 0.46436603125 0.34329763281250003
10 0.44133787968749993 0.3225222875 0.3279079296875 0.22017713906249997 0.3228723765625 0.22629152968750002 0.4363233609375 0.32809228125 0.44133787968749993 0.3225222875
10 0.32405944531249997 0.2168499734375 0.3015699 0.196686140625 0.296867028125 0.20251445 0.31914085000000003 0.22238626875 0.32405944531249997 0.2168499734375
10 0.29816453125 0.1935422640625 0.27148240156250003 0.1694707046875 0.2666723078125 0.1754215390625 0.2933398484375 0.1993860828125 0.29816453125 0.1935422640625
1 0.317465521875 0.22439614687499998 0.2651968328125 0.1772461890625 0.19559528125 0.2545381140625 0.2480264875 0.3018650796875 0.317465521875 0.22439614687499998
10 0.24637261875 0.3033691515625 0.2189088359375 0.2784640875 0.21236182499999998 0.2863182375 0.239810346875 0.3110895953125 0.24637261875 0.3033691515625
1 0.2148115265625 0.2748380578125 0.1934750609375 0.25568459374999997 0.1486950484375 0.3064447 0.20093868750000002 0.3533991828125 0.23800970000000002 0.312939453125 0.20645760625 0.2844097796875 0.2148115265625 0.2748380578125
10 0.19986650781249998 0.35555465625 0.1466375046875 0.3075085609375 0.12682988906249998 0.3305586015625 0.17962453750000001 0.3776005421875 0.19986650781249998 0.35555465625
13 0.490754853125 0.5229989234375 0.399108453125 0.440968034375 0.3742625140625 0.4691662734375 0.465880703125 0.55092713125 0.490754853125 0.5229989234375
2 0.3954793859375 0.43732471406249995 0.25030929999999996 0.3067769640625 0.1836935296875 0.3813441796875 0.32806966718749997 0.5113616750000001 0.3954793859375 0.43732471406249995
3 0.3653654359375 0.479157984375 0.3613028375 0.4755010796875 0.34641850937499996 0.4921922328125 0.41144430625000006 0.5507418078125 0.43400676875000005 0.5253923484375 0.3727446546875 0.4702311640625 0.3653654359375 0.479157984375
13 0.49977339374999996 0.5845492515624999 0.43788987500000004 0.52883023125 0.3975052375 0.5740311921875 0.45901387812500005 0.629414646875 0.49977339374999996 0.5845492515624999
6 0.566665021875 0.5914954390625 0.5505959671875 0.5767827546875 0.5281227328125 0.6015063390625001 0.6142600140625001 0.678506540625 0.6360178546874999 0.6540686234375 0.6183711296875 0.6383165734375 0.6197371828125 0.6371512359375 0.567701965625 0.590474865625 0.566665021875 0.5914954390625
10 0.7738307625 0.7778854234375 0.639956453125 0.6574436421875001 0.595749775 0.7063610437500001 0.609353946875 0.7187143515625001 0.648963946875 0.67570874375 0.769008746875 0.783493921875 0.7738307625 0.7778854234375
10 0.5444653140625 0.6189565171875 0.5231463765625 0.6000049390625 0.5347206171875001 0.587150315625 0.518363365625 0.572666978125 0.5306029718749999 0.55907335625 0.4944921671875 0.5263137078125 0.4691968375 0.5541087453125 0.505248603125 0.5863260171875 0.4628442890625 0.63296819375 0.501259103125 0.6675472250000001 0.5444653140625 0.6189565171875