10 0.24840625 0.186884375 0.24877968749999999 0.199009375 0.2519625 0.1989125 0.251559375 0.186775 0.24840625 0.186884375
10 0.272834375 0.1887765625 0.2749421875 0.247975 0.28283125 0.247684375 0.280721875 0.18845625 0.272834375 0.1887765625
1 0.2089890625 0.34864687499999997 0.20933125000000002 0.3583140625 0.23006406250000003 0.35743281250000003 0.2291265625 0.329184375 0.20358125 0.3300578125 0.20425468750000003 0.348796875 0.2089890625 0.34864687499999997
6 0.2834390625 0.2182265625 0.284434375 0.2478109375 0.2890296875 0.2476375 0.28909843749999997 0.24962499999999999 0.3049078125 0.24907343750000002 0.3038046875 0.21747343749999998 0.3027546875 0.2175140625 0.30262968749999997 0.21397499999999997 0.29088125 0.2143671875 0.29098125 0.21792656250000003 0.2834390625 0.2182265625
3 0.2222 0.13416875 0.22364375 0.1761609375 0.24642031250000002 0.1754 0.2449703125 0.13327031250000002 0.2222 0.13416875
11 0.15751874999999999 0.13815468749999998 0.158503125 0.167209375 0.1728328125 0.1667265625 0.1718078125 0.13764218749999999 0.15751874999999999 0.13815468749999998
13 0.2630234375 0.2278515625 0.26298750000000004 0.2265 0.2723125 0.2261296875 0.27106093750000004 0.18925625 0.2535046875 0.189925 0.2547421875 0.22814062499999999 0.2630234375 0.2278515625
10 0.5992124999999999 0.140790625 0.59944375 0.14708125 0.605215625 0.14689375 0.6050078125 0.14055 0.5992124999999999 0.140790625
2 0.5999265625 0.3019953125 0.597759375 0.24438906249999998 0.5861953125 0.244921875 0.5861765625 0.2443546875 0.5659078125 0.24500468749999998 0.5679359374999999 0.30305468750000003 0.5999265625 0.3019953125
8 0.5858156250000001 0.22190781249999997 0.58583125 0.22235 0.5827953124999999 0.22236875 0.5827828125 0.2220140625 0.57284375 0.22230468750000001 0.5728390625 0.22274687499999998 0.558234375 0.22325625 0.5582265625 0.2230125 0.5482390625 0.2233625 0.5485265625 0.23127031250000002 0.5472406249999999 0.231315625 0.5475921875 0.2419625 0.5489171875000001 0.24193281249999998 0.5489640625 0.2429671875 0.5642796875 0.24236249999999998 0.5642890625 0.242928125 0.5863 0.24213281250000002 0.586275 0.24156249999999999 0.5979 0.24115625000000002 0.5979078125 0.24130156249999998 0.600759375 0.24121718749999999 0.602896875 0.30181874999999997 0.6559765625 0.30000781249999997 0.6526640625 0.2178828125 0.6481874999999999 0.21799531249999998 0.648178125 0.2177109375 0.602140625 0.219315625 0.6021765625 0.2213359375 0.5858156250000001 0.22190781249999997
13 0.678009375 0.20111249999999997 0.6775859375 0.189025 0.6610515625 0.1894796875 0.6612281249999999 0.194546875 0.650521875 0.1948 0.6512234375 0.21488125 0.678290625 0.214059375 0.677709375 0.20118437500000003 0.678009375 0.20111249999999997
10 0.6593515625 0.1920515625 0.6591578124999999 0.18708125 0.6778359375 0.186415625 0.677784375 0.184925 0.6500734375 0.1859234375 0.650278125 0.19235312499999999 0.6593515625 0.1920515625
10 0.6773171875 0.182725 0.676703125 0.1660015625 0.677103125 0.1659875 0.6766828125 0.154453125 0.6478109375 0.15543281250000002 0.64876875 0.183428125 0.649996875 0.183384375 0.6500265625 0.18367968750000002 0.6773171875 0.182725
1 0.576065625 0.14186875000000002 0.5772999999999999 0.1778296875 0.598625 0.17715625 0.59735625 0.14142656250000002 0.576065625 0.14186875000000002
1 0.6788265625000001 0.300940625 0.6781453125 0.28145 0.6604453125 0.2820671875 0.6604859375000001 0.283225 0.6579734375 0.2832828125 0.6586578125 0.301703125 0.6788265625000001 0.300940625
11 0.6798968750000001 0.2807953125 0.680603125 0.3010125 0.70229375 0.300240625 0.701609375 0.2800515625 0.6798968750000001 0.2807953125
10 0.5847359375 0.19201875 0.5857046875 0.21973906250000003 0.6004546875 0.21925 0.5995203124999999 0.191528125 0.5847359375 0.19201875
10 0.6558890625 0.21755624999999998 0.657875 0.2778109375 0.700484375 0.2763234375 0.698365625 0.21594531250000001 0.6912359375 0.2161796875 0.6911734375 0.21466249999999998 0.6983015625 0.2143984375 0.697590625 0.19404375000000001 0.6796953125 0.19475 0.6799046875 0.20082031250000001 0.68021875 0.200809375 0.680725 0.2147328125 0.6804125 0.21474375 0.680453125 0.2167125 0.6558890625 0.21755624999999998
10 0.5280781250000001 0.22402031249999999 0.5287546875 0.2441890625 0.5465734375 0.2436109375 0.54596875 0.22381406250000002 0.5453796875 0.22383437499999997 0.5452953125 0.22142187500000002 0.537709375 0.22168593749999999 0.5378125 0.22408437499999997 0.5367375 0.2241359375 0.536721875 0.22371875000000002 0.5280781250000001 0.22402031249999999
13 0.5368828125 0.2210125 0.5368671875000001 0.22057500000000002 0.54588125 0.22033125 0.5445109375 0.1840796875 0.52700625 0.184690625 0.5282828125 0.22124375000000002 0.5368828125 0.2210125
2 0.5663015625 0.3031390625 0.5643 0.2455875 0.5523578125 0.246046875 0.5523125 0.24551093750000003 0.528825 0.2462796875 0.5307453125 0.29945468750000004 0.53053125 0.299740625 0.5306859375 0.3043703125 0.5663015625 0.3031390625
3 0.6900859374999999 0.192465625 0.6901234374999999 0.19292499999999999 0.697521875 0.19263125 0.6962046875000001 0.153765625 0.6782140625 0.154365625 0.679671875 0.1928296875 0.6900859374999999 0.192465625
10 0.5520078125000001 0.220803125 0.55114375 0.196040625 0.5490359375 0.19611406250000002 0.5485156250000001 0.181478125 0.5462765625 0.18155625 0.5476625 0.2209546875 0.5520078125000001 0.220803125
7 0.64805625 0.21565625000000002 0.6469640625 0.1835265625 0.647246875 0.18350781249999998 0.6459453125 0.148015625 0.59975 0.1495984375 0.6021156249999999 0.2192921875 0.64030625 0.2179578125 0.6402375 0.215971875 0.64805625 0.21565625000000002
6 0.57354375 0.2109859375 0.57398125 0.22018437500000002 0.5826781249999999 0.219921875 0.581840625 0.195334375 0.57306875 0.1956140625 0.5730999999999999 0.1965375 0.5718765625 0.19657968750000002 0.571840625 0.1956203125 0.57100625 0.19564062499999998 0.570834375 0.19075625000000002 0.5589765625 0.19111562499999998 0.5591625 0.19625937499999999 0.5530078125 0.19640312499999998 0.553775 0.22086875 0.5727265625 0.22014843750000002 0.572428125 0.2110125 0.57354375 0.2109859375
10 0.5844234375 0.188396875 0.584459375 0.189690625 0.5994234374999999 0.189153125 0.5991 0.17960937500000002 0.5771890625 0.1803765625 0.577496875 0.1886390625 0.5844234375 0.188396875
2 0.32365 0.21681875 0.3246671875 0.2456453125 0.36881875000000003 0.24402812499999998 0.366846875 0.18726875 0.3228546875 0.1888484375 0.323790625 0.21680000000000002 0.32365 0.21681875
7 0.6459703125 0.64825625 0.648621875 0.7209296875 0.69590625 0.7193890625 0.693340625 0.646596875 0.6459703125 0.64825625
10 0.6394484375 0.64805625 0.6396875 0.65546875 0.6445953125 0.6552546875 0.6443375 0.6478859375 0.6394484375 0.64805625
10 0.5964265625 0.7485921875 0.5985328125 0.8097671875 0.6201171875 0.8090578125000001 0.6179718750000001 0.7478984375 0.5964265625 0.7485921875
6 0.5696609375 0.692075 0.5699734375000001 0.7012546875 0.5671265625 0.7013874999999999 0.567709375 0.7180640625 0.5705578124999999 0.7179640625 0.5707765625000001 0.725234375 0.58714375 0.7247671875 0.587071875 0.7230078125 0.5921031250000001 0.7228328125 0.590853125 0.6913765625 0.5696609375 0.692075
3 0.74670625 0.6707265625 0.7472578125 0.6879484375 0.766421875 0.6873218750000001 0.7647359375 0.639053125 0.7278140625 0.6402281249999999 0.72886875 0.6713218750000001 0.74670625 0.6707265625
2 0.5546125 0.75006875 0.556709375 0.8112718750000001 0.5969078125 0.8098234375000001 0.5947843749999999 0.7486921875 0.5546125 0.75006875
10 0.696446875 0.68869375 0.6973984375 0.7158781249999999 0.7079765625000001 0.715540625 0.7070609375 0.688315625 0.696446875 0.68869375
13 0.7272921875 0.6715109375 0.72665625 0.6550796875 0.717853125 0.6554015625 0.7174734375 0.6456796875 0.6953671875 0.6466828125 0.6967749999999999 0.6862734374999999 0.7126734375 0.6857171875 0.7122124999999999 0.672003125 0.7272921875 0.6715109375
10 0.5848859375 0.6897390624999999 0.584278125 0.67261875 0.5902125 0.6724390625 0.5897390625 0.6594796875 0.567134375 0.660296875 0.5681828125 0.6903343750000001 0.5848859375 0.6897390624999999
10 0.718546875 0.715034375 0.7177140625 0.6912 0.7128765625 0.69136875 0.712784375 0.6878453125 0.7108671875 0.6878953125 0.7118328125 0.7152703125000001 0.718546875 0.715034375
10 0.5927859375 0.70238125 0.5934999999999999 0.722525 0.611925 0.72185625 0.6112359374999999 0.7018234375 0.5927859375 0.70238125
8 0.6453781249999999 0.7232062499999999 0.64535 0.7227234375 0.5874625 0.7247984375 0.5874875 0.7253828125 0.56945625 0.7258984374999999 0.570121875 0.745559375 0.573265625 0.745409375 0.573259375 0.745253125 0.6576906250000001 0.742290625 0.659303125 0.7875109375 0.65898125 0.7875359375000001 0.6596453125 0.8076328125 0.7203015625 0.8055125000000001 0.7193671875 0.7798671875000001 0.719153125 0.779534375 0.7169828125000001 0.717471875 0.711884375 0.71765 0.7118984375 0.717784375 0.7080234375 0.7179203125 0.708034375 0.7176203125 0.6959546875 0.7179875 0.6960531249999999 0.721034375 0.6487140625000001 0.7226203124999999 0.64873125 0.7231046875 0.6453781249999999 0.7232062499999999
13 0.71928125 0.6888687499999999 0.7201593749999999 0.71455 0.7463062500000001 0.713665625 0.744953125 0.6734734375 0.7140375 0.674553125 0.71448125 0.6889937500000001 0.71928125 0.6888687499999999
11 0.74885 0.785359375 0.7496 0.8063421875 0.7705484375 0.805640625 0.7698078125000001 0.7846390624999999 0.74885 0.785359375
10 0.2236171875 0.7616109375 0.2250078125 0.801790625 0.2465109375 0.8010671874999999 0.24515781250000002 0.7609171875 0.2236171875 0.7616109375
2 0.27128125000000003 0.6966109375 0.271078125 0.692209375 0.2711078125 0.6918984375 0.2711234375 0.6917328125 0.239159375 0.692784375 0.24053593750000002 0.734671875 0.272415625 0.7336875 0.2711046875 0.6969703125 0.27128125000000003 0.6966109375
13 0.21896875 0.6744109375 0.220290625 0.712865625 0.2380140625 0.7121187499999999 0.23661875000000002 0.673740625 0.21896875 0.6744109375
7 0.2738671875 0.6773875 0.27580781249999997 0.7339484374999999 0.3230921875 0.7324078125 0.321053125 0.6756953125 0.2738671875 0.6773875
13 0.34646875 0.7018875 0.3473453125 0.72756875 0.37349375 0.7266843749999999 0.3721421875 0.68649375 0.341225 0.6875718749999999 0.34166875 0.7020125 0.34646875 0.7018875
1 0.384028125 0.6503265625 0.3840046875 0.65001875 0.374959375 0.6503171875 0.3749703125 0.6506421875 0.3549859375 0.6514 0.35565 0.6695578125 0.37298593750000003 0.6689875 0.37308281249999997 0.6715140625 0.3838859375 0.6711640625 0.38376875 0.668653125 0.392446875 0.668259375 0.3918546875 0.6501406249999999 0.384028125 0.6503265625
11 0.37603593750000003 0.7983781249999999 0.3767859375 0.8193625000000001 0.39773749999999997 0.818659375 0.39699375 0.7976578125 0.37603593750000003 0.7983781249999999
10 0.58600625 0.6746453125 0.586496875 0.6892437499999999 0.5909265625 0.68913125 0.590403125 0.674478125 0.58600625 0.6746453125
6 0.19679531249999999 0.7049953125 0.1979765625 0.738271875 0.21433125 0.7377859375 0.2142578125 0.7360265625 0.2192890625 0.7358515625 0.2180140625 0.7043859375 0.2121 0.704690625 0.2117671875 0.6954875 0.1961046875 0.696034375 0.1964140625 0.7050125 0.19679531249999999 0.7049953125
1 0.7223109375 0.7879859375 0.7229671875 0.8072421875 0.7478687500000001 0.8064171874999999 0.7472140625 0.7869984375 0.7223109375 0.7879859375
10 0.719071875 0.645109375 0.7192999999999999 0.6531343749999999 0.7266390625 0.65290625 0.7261328125000001 0.6384109375 0.718753125 0.6386390625 0.7189859375000001 0.644984375 0.719071875 0.645109375
2 0.6573562500000001 0.807728125 0.656653125 0.7876265625000001 0.6563203125 0.7876234375 0.6548984375 0.746565625 0.61939375 0.7477765625 0.6215296875 0.8089640625 0.6573562500000001 0.807728125
13 0.5917828125 0.6613921875 0.5931046875 0.699846875 0.6108265625 0.6990999999999999 0.609428125 0.6607203125 0.5917828125 0.6613921875
2 0.611271875 0.6586875 0.61335 0.721653125 0.6452359375000001 0.7206921875 0.6433859375 0.6575546875 0.611271875 0.6586875
10 0.32363437500000003 0.7017125 0.32458437500000004 0.728896875 0.3351671875 0.728559375 0.3342484375 0.701334375 0.32363437500000003 0.7017125
3 0.37389375 0.6837453124999999 0.375446875 0.7292140625 0.3945640625 0.7285781250000001 0.39264062499999997 0.673225 0.3541171875 0.6745546874999999 0.3545109375 0.6843796875 0.37389375 0.6837453124999999
1 0.2117375 0.69054375 0.21160312499999998 0.6858296875 0.2174953125 0.6856234375 0.21699843749999997 0.6705625000000001 0.21096875 0.6707484375 0.2109375 0.6702578124999999 0.201903125 0.6705953124999999 0.20190468749999999 0.671065625 0.1942546875 0.6713281249999999 0.19490625 0.6911609375000001 0.197703125 0.6910640625 0.1977921875 0.693640625 0.20860937499999999 0.69336875 0.20851562499999998 0.6906859375 0.2117375 0.69054375
10 0.26541875 0.6596234375 0.2657375 0.668503125 0.27178749999999996 0.6682203125 0.2714796875 0.6594046875 0.26541875 0.6596234375
8 0.27256562500000003 0.736225 0.2725375 0.7357421875 0.2146515625 0.7378171874999999 0.214675 0.7384015625 0.1976046875 0.7389515624999999 0.19824375 0.758478125 0.20045156249999999 0.758428125 0.200446875 0.7582718749999999 0.284878125 0.7553093750000001 0.2862640625 0.7946609375 0.286165625 0.7947062500000001 0.28635781250000003 0.7996328125 0.3466515625 0.797484375 0.3464390625 0.79108125 0.3462265625 0.790790625 0.34416875 0.7304906250000001 0.33907031249999997 0.73066875 0.339084375 0.730803125 0.3352109375 0.7309390625 0.3352203125 0.7306390625 0.3231453125 0.73100625 0.323240625 0.734053125 0.2759015625 0.7356390625 0.27591875 0.7361234375000001 0.27256562500000003 0.736225
10 0.3459609375 0.651671875 0.3464875 0.666196875 0.3537765625 0.6659578125000001 0.353246875 0.6514031250000001 0.3459609375 0.651671875
1 0.33408906250000003 0.6571828125 0.33407343749999996 0.6567406250000001 0.324909375 0.6570437499999999 0.3249359375 0.6574718749999999 0.2982390625 0.65845625 0.29822187499999997 0.6580046875 0.280765625 0.658603125 0.28077968750000004 0.6590125 0.2731390625 0.6593625000000001 0.27353125 0.670578125 0.26311874999999996 0.6709140625 0.26303125 0.6689406250000001 0.2610546875 0.669009375 0.2610203125 0.6685156250000001 0.2435671875 0.6691265625 0.24358125 0.6695640625 0.23822656250000002 0.669778125 0.2388765625 0.6878484375 0.24393906250000003 0.6877046874999999 0.2439953125 0.688625 0.2619515625 0.6879625 0.261909375 0.6870953125 0.2706078125 0.6867671875 0.2700578125 0.6725921875 0.2821140625 0.67220625 0.28213125 0.6730671874999999 0.3001953125 0.672415625 0.3001640625 0.6715359375000001 0.3243734375 0.6706640625 0.32542031250000003 0.700875 0.339940625 0.7002953125 0.33938125 0.6850921875 0.3526890625 0.6845687500000001 0.352040625 0.668346875 0.34493593749999996 0.6686234375 0.3445203125 0.6568390625 0.33408906250000003 0.6571828125
2 0.349325 0.7957296875 0.39688124999999996 0.7940546875 0.394603125 0.728846875 0.34721250000000003 0.7303359375 0.3493390625 0.7904234375 0.3491578125 0.7909734375 0.349325 0.7957296875
10 0.219971875 0.7154015625000001 0.2206859375 0.7355437499999999 0.23911406249999997 0.734875 0.2384234375 0.7148421875000001 0.219971875 0.7154015625000001
10 0.21319531249999998 0.6876640625 0.213684375 0.7022625 0.21811250000000001 0.7021499999999999 0.217590625 0.687496875 0.21319531249999998 0.6876640625
2 0.181825 0.763 0.1832015625 0.80325 0.22329062500000002 0.8018218750000001 0.22197031250000002 0.7617109375 0.181825 0.763
10 0.34573437500000004 0.7280546875 0.3449015625 0.70421875 0.3400640625 0.7043874999999999 0.339971875 0.7008640625 0.338053125 0.700915625 0.33901875000000004 0.7282890625 0.34573437500000004 0.7280546875
2 0.283546875 0.799759375 0.2833734375 0.7947890625 0.2832578125 0.7946796875000001 0.282084375 0.759584375 0.2465796875 0.7607953125 0.248025 0.8009859374999999 0.283546875 0.799759375
1 0.194034375 0.825940625 0.194046875 0.8263703124999999 0.2150265625 0.8256515625 0.215009375 0.8251828124999999 0.22966406250000002 0.8247 0.2296703125 0.8251406250000001 0.2434703125 0.8246437500000001 0.24345468750000002 0.824175 0.2561734375 0.8237453125 0.25617812500000003 0.8242 0.2771578125 0.8234671875 0.2771421875 0.8230140625000001 0.29441562499999996 0.8224109374999999 0.29443125000000003 0.8228640625000001 0.3403125 0.82125 0.34030625 0.8207812499999999 0.357471875 0.8202359375 0.3574875 0.8206921875000001 0.37483125 0.820071875 0.3747734375 0.8194781250000001 0.3750515625 0.8194250000000001 0.374340625 0.7989015625 0.3564046875 0.799496875 0.356428125 0.8004374999999999 0.350275 0.8005828125000001 0.3503265625 0.8023187500000001 0.3399078125 0.8027078124999999 0.3398875 0.801825 0.29340937500000003 0.8034625 0.29345 0.8042875 0.2768640625 0.8049250000000001 0.2768328125 0.8040265625 0.25532343750000003 0.804803125 0.25534218750000004 0.80563125 0.24314062500000003 0.806071875 0.2431109375 0.8052046875000001 0.228678125 0.8056906250000001 0.228709375 0.8065765624999999 0.21473124999999998 0.8070281250000001 0.21470625000000002 0.8061875000000001 0.1930984375 0.8069296874999999 0.1931203125 0.8078078124999999 0.1833515625 0.8081578125 0.1840234375 0.826234375 0.194034375 0.825940625
2 0.7664390625 0.688684375 0.7472875 0.6893921875 0.7482859375 0.7163062499999999 0.7200265625 0.7173171875000001 0.7222265625000001 0.779259375 0.7220203125 0.7796953125 0.7221437500000001 0.782675 0.7696640625 0.781021875 0.7664390625 0.688684375
8 0.21025468749999998 0.2527375 0.17709375 0.25389218750000003 0.177090625 0.25358125 0.1628890625 0.2540921875 0.165465625 0.329 0.2306640625 0.326575 0.22875937500000001 0.27202031249999997 0.34430625 0.2681796875 0.3436578125 0.247834375 0.22412031250000003 0.25225 0.2239515625 0.24773593749999998 0.224209375 0.24769999999999998 0.2231375 0.2171 0.208796875 0.217684375 0.20990000000000003 0.2488265625 0.21015156250000003 0.248828125 0.21025468749999998 0.2527375
10 0.2076890625 0.3587765625 0.20741562500000002 0.35098124999999997 0.20271875 0.35114531250000003 0.201953125 0.33003593750000004 0.197284375 0.3301703125 0.1982828125 0.359090625 0.2076890625 0.3587765625
10 0.3048875 0.215940625 0.3059078125 0.246325 0.32316406249999996 0.245740625 0.322090625 0.21532656249999998 0.3048875 0.215940625
2 0.1769859375 0.2501484375 0.176984375 0.2497234375 0.20849375 0.2485890625 0.2068734375 0.20395781249999997 0.161153125 0.205209375 0.16275 0.2506625 0.1769859375 0.2501484375
13 0.22447499999999998 0.20258906250000003 0.2257703125 0.24804374999999998 0.25339999999999996 0.24693593749999998 0.251765625 0.2015796875 0.22447499999999998 0.20258906250000003
7 0.27121875 0.3560734375 0.2684578125 0.27275 0.22925625 0.273978125 0.2321125 0.3575609375 0.27121875 0.3560734375
1 0.1597078125 0.20156562500000003 0.1728890625 0.2011203125 0.1718578125 0.1693328125 0.15849531249999999 0.1697140625 0.1597078125 0.20156562500000003
10 0.269840625 0.27273281250000003 0.27044375 0.2913875 0.30648437500000003 0.29012812499999996 0.30583125 0.2714390625 0.269840625 0.27273281250000003
10 0.2734 0.24815625 0.27269375 0.22877968750000002 0.25467968750000003 0.229465625 0.255346875 0.24891562500000003 0.2734 0.24815625
10 0.273946875 0.295390625 0.2741359375 0.30059375 0.2776703125 0.3004796875 0.277459375 0.29528906250000003 0.273946875 0.295390625
2 0.20833437500000002 0.20389374999999998 0.20875781249999997 0.21557343750000002 0.2230625 0.21510625 0.22253124999999999 0.1999109375 0.2473328125 0.1991078125 0.24645625 0.177365625 0.22215781250000002 0.17824062499999999 0.22063125 0.13425937500000001 0.17428593750000002 0.135659375 0.1765703125 0.2009484375 0.17874062500000001 0.2008734375 0.1787078125 0.20062031249999998 0.20837656249999997 0.1995859375 0.208584375 0.2038859375 0.20833437500000002 0.20389374999999998
2 0.3080359375 0.2899859375 0.30951249999999997 0.33311875 0.346559375 0.3317671875 0.3444296875 0.27027812500000004 0.3072921875 0.271575 0.30793593750000003 0.29000312500000003 0.3080359375 0.2899859375
0 0.49127187499999997 0 0 0.01715625 0 0.508728125 0.01715625 1 0.508728125 1 1 0.98284375 1 0.49127187499999997 0.98284375 0 0.49127187499999997 0