10 0.3258578125 0.9519671875 0.3185140625 0.9520031250000001 0.318521875 0.9575546875000001 0.3258734375 0.9576078125 0.3258578125 0.9519671875
13 0.3415265625 0.9174749999999999 0.3208546875 0.9173828125 0.3208546875 0.948753125 0.3414859375 0.9489140624999999 0.3415265625 0.9174749999999999
10 0.3431171875 0.9491406250000001 0.3540640625 0.9491578125 0.3539921875 0.9170375 0.343084375 0.9170921875 0.3431171875 0.9491406250000001
8 0.3896609375 1 0.3896609375 0.9971390625 0.3678546875 0.9971046875 0.36784062500000003 0.9141765625 0.3665453125 0.9141640625 0.36657812500000003 0.79213125 0.3551578125 0.7921968749999999 0.3553453125 1 0.3896609375 1
1 0.3929859375 0.8082296875000001 0.39276093749999996 0.8082390625 0.39279375 0.8440390624999999 0.3929515625 0.8440390624999999 0.3929515625 0.8455390625 0.39323281250000003 0.8455468749999999 0.3932484375 0.8603515625 0.40357656249999996 0.8604203125 0.40357656249999996 0.7921734375 0.39321562499999996 0.7921968749999999 0.3932640625 0.8071406250000001 0.392978125 0.8071265625 0.3929859375 0.8082296875000001
13 0.346234375 1 0.346259375 0.970471875 0.35286093749999997 0.970478125 0.3528921875 0.9521968749999999 0.3273796875 0.9522671875000001 0.3274125 1 0.346234375 1
6 0.335325 0.8837578125000001 0.33733749999999996 0.8837828125 0.33733124999999997 0.897125 0.354040625 0.89716875 0.35403281249999996 0.88899375 0.35514999999999997 0.88899375 0.35514999999999997 0.860871875 0.33733749999999996 0.8609328125 0.33733749999999996 0.8627765625 0.335334375 0.862709375 0.335325 0.8837578125000001
1 0.40416875 0.8668921875000001 0.381921875 0.8668921875000001 0.3819109375 0.9084406250000001 0.3840125 0.908434375 0.3840203125 0.9082375 0.38584999999999997 0.9082546875 0.3858421875 0.9191296875000001 0.40416875 0.9189078125 0.40416875 0.8668921875000001
7 0.367928125 0.996975 0.4056109375 0.9970140625000001 0.405603125 0.927540625 0.367903125 0.9275578124999999 0.367928125 0.996975
1 0.38606562499999997 0.0792140625 0.386040625 0.0945359375 0.3855625 0.094553125 0.3855625 0.12667343749999999 0.38605 0.12667343749999999 0.38606562499999997 0.1579203125 0.3855546875 0.15795625 0.38557031249999996 0.189846875 0.38605 0.1898828125 0.38605 0.2195421875 0.3855625 0.2195609375 0.38557031249999996 0.2895140625 0.386040625 0.28953281249999996 0.386040625 0.308084375 0.38101562499999997 0.30806875 0.38101562499999997 0.342421875 0.392034375 0.34231406249999996 0.39204218750000003 0.311175 0.3917625 0.3111921875 0.391778125 0.3041765625 0.3963640625 0.304121875 0.3963640625 0.28892656250000004 0.396525 0.28889062499999996 0.396509375 0.22005781249999998 0.396325 0.2200765625 0.39633281249999996 0.189453125 0.396525 0.189453125 0.396525 0.15835 0.3963171875 0.15835 0.39633281249999996 0.1260328125 0.396509375 0.1260328125 0.3965171875 0.09512343749999999 0.39633281249999996 0.09510625 0.39633281249999996 0.0792140625 0.38606562499999997 0.0792140625
10 0.34870625 0.1610078125 0.334840625 0.16095781250000002 0.33483125 0.1766328125 0.3487171875 0.1766515625 0.34870625 0.1610078125
1 0.30696249999999997 0.24938125000000003 0.30670000000000003 0.24936250000000001 0.30670312499999997 0.28029375 0.3069578125 0.28029375 0.30696093750000003 0.29341249999999997 0.313446875 0.2933828125 0.3134390625 0.31100625000000004 0.31232187499999997 0.311025 0.31232187499999997 0.3149015625 0.3120484375 0.3148828125 0.3120625 0.345878125 0.312325 0.345878125 0.31231718750000004 0.3631265625 0.312053125 0.3631078125 0.31204375 0.3792484375 0.3123 0.3792484375 0.3123203125 0.39071875 0.3193703125 0.39071406249999996 0.3192671875 0.34131875 0.31981875 0.3413 0.3197828125 0.3092125 0.319240625 0.3092125 0.3192484375 0.28019375 0.319815625 0.28021250000000003 0.3198140625 0.24813749999999998 0.3192546875 0.24813749999999998 0.3192625 0.205225 0.3226859375 0.20521093750000002 0.32266875 0.167796875 0.307015625 0.16778593749999998 0.307028125 0.1879375 0.30670312499999997 0.18795625 0.30669375 0.20408906249999997 0.30698125 0.20408906249999997 0.30696249999999997 0.24938125000000003
10 0.3121203125 0.29633750000000003 0.3069546875 0.296278125 0.306940625 0.306396875 0.3121203125 0.30645781250000004 0.3121203125 0.29633750000000003
6 0.3497328125 0.1590125 0.3497484375 0.1330140625 0.3489015625 0.13305 0.3489015625 0.12506875 0.334909375 0.12510468749999998 0.334821875 0.1590125 0.3497328125 0.1590125
11 0.39171093749999997 0.3456484375 0.3803203125 0.3455625 0.3803015625 0.38481875 0.3917203125 0.3848390625 0.39171093749999997 0.3456484375
13 0.3314109375 0.35352656250000003 0.3456171875 0.3535078125 0.345609375 0.2986953125 0.33706718750000003 0.2986421875 0.33706718750000003 0.32403125 0.3314109375 0.32403125 0.3314109375 0.35352656250000003
10 0.349940625 0.0792265625 0.3499671875 0.11169375 0.3613515625 0.11167656249999999 0.36135625 0.0792625 0.349940625 0.0792265625
2 0.3625015625 0.1452890625 0.3624890625 0.20219062499999998 0.3832921875 0.2023453125 0.38330312499999997 0.1453140625 0.3625015625 0.1452890625
13 0.34840468750000003 0.0799609375 0.3277484375 0.0799421875 0.32772812500000004 0.11107031249999999 0.34851875 0.11139687499999999 0.34840468750000003 0.0799609375
10 0.3261203125 0.2083734375 0.3308703125 0.20840156250000003 0.3309109375 0.179121875 0.3312140625 0.179121875 0.3312140625 0.1692171875 0.32610625 0.1691578125 0.3261203125 0.2083734375
3 0.34707187500000003 0.356921875 0.32990624999999996 0.35695 0.3299234375 0.298390625 0.3297796875 0.2980890625 0.3297890625 0.296184375 0.32206250000000003 0.2961515625 0.3220640625 0.3887234375 0.3471125 0.38873125000000003 0.34707187500000003 0.356921875
10 0.3346140625 0.12194218750000001 0.34862187499999997 0.121978125 0.34862187499999997 0.114390625 0.32646406250000004 0.1143734375 0.32646406250000004 0.1183703125 0.3345984375 0.11844218749999999 0.3346140625 0.12194218750000001
2 0.36247656250000004 0.0792140625 0.36246875 0.14240625 0.3832921875 0.14229843749999999 0.3833234375 0.0790359375 0.36247656250000004 0.0792140625
10 0.34871875 0.1818671875 0.332196875 0.18183125 0.332215625 0.208453125 0.34871875 0.208453125 0.34871875 0.1818671875
8 0.361375 0.1140515625 0.3499390625 0.1142078125 0.3499921875 0.1249625 0.3498328125 0.1249625 0.34985468750000004 0.1766515625 0.349996875 0.176646875 0.3498609375 0.21097031249999998 0.347590625 0.21102343750000002 0.3476640625 0.293228125 0.34725625 0.293246875 0.34725625 0.2982828125 0.3470703125 0.29829374999999997 0.3470703125 0.30120625 0.3754484375 0.30157500000000004 0.37548906249999997 0.3017546875 0.3786015625 0.30174375000000003 0.3786671875 0.30194062499999996 0.3833046875 0.3019484375 0.3833125 0.20720156250000002 0.38038906250000004 0.20725625 0.3803328125 0.20745312500000002 0.3610859375 0.20737343749999998 0.3610921875 0.18175625 0.3613234375 0.18175625 0.361375 0.1140515625
10 0.3357109375 0.2984765625 0.33114374999999996 0.298465625 0.33115937500000003 0.3210625 0.3356859375 0.32107968750000004 0.3357109375 0.2984765625
7 0.322059375 0.293540625 0.32975 0.29360624999999996 0.32975 0.29319687499999997 0.3476390625 0.29319375000000003 0.3475359375 0.2105546875 0.32206875 0.2111359375 0.322059375 0.293540625
2 0.3471359375 0.38871875 0.37820312500000003 0.38871875 0.3782109375 0.3067125 0.375453125 0.30669375 0.3753984375 0.306909375 0.3469921875 0.3069234375 0.3471359375 0.38871875
1 0.35455156250000003 0.7470046875 0.3449125 0.7470015625 0.34490625 0.751790625 0.3444796875 0.7518046875 0.34445156250000003 0.7838921875 0.34490625 0.783875 0.344921875 0.7875 0.354525 0.7874 0.3545390625 0.78333125 0.354865625 0.78333125 0.3548171875 0.7523703125 0.35455156250000003 0.7523421875 0.35455156250000003 0.7470046875
1 0.6771109375 0.3114390625 0.677103125 0.26721249999999996 0.666325 0.26726875 0.6663125 0.27990781249999996 0.665540625 0.2799109375 0.6655984375 0.3115015625 0.6771109375 0.3114390625
2 0.640778125 0.115175 0.6647671875000001 0.115175 0.6647578125 0.1157671875 0.6760640625 0.11573125 0.6760640625 0.0520921875 0.6407875 0.0520375 0.640778125 0.115175
7 0.5850765625000001 0.24393281249999998 0.626384375 0.24407968750000003 0.6264859375 0.1633359375 0.6262453125 0.1633265625 0.62623125 0.14939375 0.58509375 0.1491734375 0.5850765625000001 0.24393281249999998
13 0.622709375 0.9175859375 0.6019890625000001 0.9175140624999999 0.6020187499999999 0.948746875 0.6226671875 0.9490265625 0.622709375 0.9175859375
10 0.602096875 0.2669296875 0.6076578125000001 0.266965625 0.6076578125000001 0.2608390625 0.60776875 0.2608578125 0.60776875 0.24685937500000002 0.602096875 0.24689531250000002 0.602096875 0.2669296875
2 0.6408046875 0 0.64086875 0.0494375 0.676065625 0.0495125 0.676078125 0 0.6408046875 0
10 0.5906781249999999 0.1361015625 0.5840140625 0.13611875 0.5840062500000001 0.14620625 0.5906625 0.14633281250000002 0.5906781249999999 0.1361015625
10 0.5952796874999999 0.29485625 0.5778453125 0.294909375 0.5778375 0.3064078125 0.5953046875 0.306425 0.5952796874999999 0.29485625
6 0.6055484375 0.057787500000000006 0.6270421875000001 0.057715625000000007 0.6270265625 0.029843750000000002 0.6262125000000001 0.0298796875 0.6262359375 0.021718750000000002 0.6055484375 0.021718750000000002 0.6055484375 0.057787500000000006
10 0.59845625 0 0.5984609375 0.0203296875 0.6026640624999999 0.0202765625 0.602640625 0 0.59845625 0
3 0.5817609375 0.35129375 0.6105671874999999 0.3513484375 0.6105078125000001 0.3175796875 0.5951359375 0.3176234375 0.5951359375 0.30924375 0.58173125 0.30920468749999996 0.5817609375 0.35129375
10 0.627184375 0 0.6271953124999999 0.018885937499999998 0.6383578125 0.0190296875 0.6383578125 0 0.627184375 0
10 0.6254125 0.2463265625 0.6090484375 0.2463078125 0.60905625 0.26058906249999997 0.625428125 0.26051718749999997 0.6254125 0.2463265625
13 0.596665625 0.3142734375 0.6249390625 0.3143421875 0.6249484375 0.26989843750000003 0.6023343750000001 0.27011093750000004 0.602365625 0.2952859375 0.5966796875 0.29531718749999997 0.596665625 0.3142734375
2 0.6264890624999999 0.3176234375 0.611371875 0.317640625 0.6113015625 0.3513828125 0.6633046874999999 0.3513484375 0.6632953125000001 0.267403125 0.66145 0.267403125 0.6613140625 0.2675984375 0.626575 0.26766718749999996 0.626575 0.2695578125 0.626478125 0.2696125 0.6264890624999999 0.3176234375
13 0.6041015625 0 0.6041015625 0.0180796875 0.6256765625 0.018453125 0.625709375 0 0.6041015625 0
11 0.6771515625 0.314621875 0.66529375 0.3147109375 0.66529375 0.35129375 0.6771109375 0.35129375 0.6771515625 0.314621875
8 0.6615578125 0.2622796875 0.6616359375 0.262440625 0.6760578125000001 0.262534375 0.6760796874999999 0.15490781250000002 0.6385875000000001 0.1549359375 0.6386625 0.1204515625 0.638346875 0.1204515625 0.63835 0.0217015625 0.6270781249999999 0.0214796875 0.6271234375 0.1633515625 0.6265546875 0.1633328125 0.6263984375 0.2605671875 0.626559375 0.26053125 0.626559375 0.2619609375 0.6615578125 0.2622796875
10 0.6262125000000001 0.0599515625 0.6055484375 0.0599140625 0.6055406249999999 0.08485625 0.626196875 0.08483906249999999 0.6262125000000001 0.0599515625
2 0.59195 0.14465625 0.6064437500000001 0.14469218749999999 0.6064437500000001 0.1441546875 0.62595625 0.14411875000000002 0.6259875 0.087428125 0.5919328125 0.0876265625 0.59195 0.14465625
10 0.6760890625 0.12006874999999999 0.6405062499999999 0.1204625 0.6405546875 0.151959375 0.67608125 0.1520125 0.6760890625 0.12006874999999999
1 0.578928125 0.2914484375 0.6006609375 0.29140156250000004 0.6006812499999999 0.24680156250000002 0.5925296875 0.24676562500000002 0.5925296875 0.24754375 0.57901875 0.24755312499999998 0.578928125 0.2914484375
7 0.6488421875 0.99696875 0.6958859375 0.9970796875 0.6958171875 0.9275046874999999 0.648921875 0.92724375 0.6488421875 0.99696875
10 0.6348499999999999 0.8285328125 0.618525 0.828478125 0.6185109375 0.8589484374999999 0.6348734375 0.85899375 0.6348499999999999 0.8285328125
6 0.618459375 0.897053125 0.63516875 0.8971 0.6351609375 0.888921875 0.6362796875 0.888921875 0.6362796875 0.8608 0.6184765624999999 0.860846875 0.618459375 0.897053125
10 0.635115625 0.89996875 0.6016890625 0.8999734374999999 0.6017296875 0.9141625 0.6351078125 0.9141625 0.635115625 0.89996875
10 0.66475 0.9125781249999999 0.6618328124999999 0.912596875 0.6618484375 0.9189328124999999 0.664765625 0.9188859375 0.66475 0.9125781249999999
3 0.5937578125 1 0.5936734375 0.9586078125 0.5700624999999999 0.9585890625 0.5701234375 1 0.5937578125 1
1 0.6670328125 0.9190984375 0.6854328125 0.9189468749999999 0.6854328125 0.866903125 0.6631203125 0.866925 0.6631484375000001 0.908534375 0.6670984375 0.908534375 0.6670328125 0.9190984375
10 0.6242953124999999 0.9490375 0.635009375 0.9491984375 0.635065625 0.917078125 0.6242953124999999 0.9170953125000001 0.6242953124999999 0.9490375
13 0.6341453125000001 1 0.6340671875 0.952428125 0.6085375 0.9525140625 0.60856875 1 0.6341453125000001 1
2 0.6490171874999999 0.8581984374999999 0.6593890625000001 0.8581984374999999 0.6593796875 0.8580234375 0.6836562500000001 0.8580781249999999 0.68368125 0.7921609375 0.6490015625 0.7921609375 0.6490171874999999 0.8581984374999999
2 0.6028328125 0.8255484375 0.6185609375000001 0.8254921875000001 0.61856875 0.8257390625 0.6347937499999999 0.8257203125 0.6347609375000001 0.7470578125 0.6027921875 0.7469875 0.6028328125 0.8255484375
10 0.659440625 0.8608171875 0.6480421875 0.8608859375 0.6479453125 0.92484375 0.659440625 0.9249296875 0.659440625 0.8608171875
10 0.6071015625 0.95198125 0.600259375 0.951984375 0.60021875 0.9576265625 0.60709375 0.957640625 0.6071015625 0.95198125
8 0.6784984374999999 1 0.678496875 0.997853125 0.6477890625 0.997853125 0.6478421875 0.7922140625 0.6364 0.7921234375 0.63658125 1 0.6784984374999999 1
10 0.383509375 0.9126109375 0.38114375 0.9125421875 0.38114375 0.9189328124999999 0.3835046875 0.91889375 0.383509375 0.9126109375
2 0.32160625 0.8254812499999999 0.3536109375 0.8257890625 0.353590625 0.7905375 0.34218125 0.79051875 0.342165625 0.747021875 0.3216140625 0.74696875 0.32160625 0.8254812499999999
3 0.312575 1 0.31254375 0.9585359375 0.288846875 0.9586109374999999 0.2888390625 0.9683078125 0.2889515625 0.9683265625 0.288934375 1 0.312575 1
10 0.35296875 1 0.352953125 0.9738031250000001 0.3476390625 0.9737859375 0.3476234375 1 0.35296875 1
10 0.3536484375 0.8282359375 0.3364671875 0.8283359375 0.3363953125 0.8589234375 0.35364062500000004 0.8589296875000001 0.3536484375 0.8282359375
10 0.337103125 0.9000562499999999 0.3205828125 0.8998296874999999 0.32055781250000004 0.914196875 0.3539359375 0.9142015625000001 0.35394375 0.90000625 0.337103125 0.9000562499999999
0 0.21875 0 0.21875 1 0.78125 1 0.78125 0 0.21875 0
2 0.3905796875 0.7921781250000001 0.36780625 0.7921781250000001 0.3678390625 0.85786875 0.3905328125 0.8579765625 0.3905796875 0.7921781250000001
1 0.379203125 0.908459375 0.3796171875 0.90848125 0.37962656250000004 0.8666609375000001 0.3793609375 0.866653125 0.37934531250000003 0.866190625 0.369325 0.86629375 0.369325 0.8714984375 0.3690140625 0.8715171875 0.3690140625 0.8729609375 0.368796875 0.8729609375 0.3688453125 0.9126 0.3690140625 0.9126171875000001 0.3690140625 0.914046875 0.36927656249999996 0.9140390625 0.36929218750000004 0.9192562499999999 0.379184375 0.9192015625 0.379203125 0.908459375