0 0.1936 0 0 0.37996093750000004 0 0.8064 0.37996093750000004 1 0.8064 1 1 0.6200390625 1 0.1936 0.6200390625 0 0.1936 0
10 0.26855 0.34540000000000004 0.26370312500000004 0.34283125000000003 0.26278437499999996 0.344634375 0.25203125000000004 0.3392296875 0.253096875 0.3371359375 0.2406375 0.3310625 0.21352500000000002 0.3839265625 0.2413984375 0.398046875 0.26855 0.34540000000000004
10 0.3015078125 0.395678125 0.284309375 0.386915625 0.2795140625 0.39614375 0.29688906249999997 0.40492968749999997 0.3015078125 0.395678125
13 0.18495 0.31089687499999996 0.16805781250000001 0.3021796875 0.1449125 0.347584375 0.1619609375 0.35599375 0.18495 0.31089687499999996
6 0.241928125 0.40079062499999996 0.26828124999999997 0.41435625 0.28619062500000003 0.37977656249999997 0.28135625000000003 0.3772796875 0.2827765625 0.37436875000000003 0.27121249999999997 0.36835 0.26968437500000003 0.3713515625 0.25950937500000004 0.3661671875 0.241928125 0.40079062499999996
2 0.1058125 0.40589531250000005 0.12708124999999998 0.41669999999999996 0.1260671875 0.4186109375 0.1311015625 0.4212296875 0.162303125 0.3593875 0.1188171875 0.337390625 0.08770781250000001 0.399328125 0.10472656250000001 0.4079578125 0.1058125 0.40589531250000005
10 0.2634796875 0.3067203125 0.2566140625 0.303128125 0.2431078125 0.32963749999999997 0.250028125 0.3331203125 0.2634796875 0.3067203125
1 0.1265671875 0.4236546875 0.1238609375 0.42234218749999997 0.12461249999999999 0.4208671875 0.10372656250000001 0.41022499999999995 0.103028125 0.4115953125 0.08587343750000001 0.40311874999999997 0.0763375 0.42173906250000004 0.117071875 0.4422921875 0.1265671875 0.4236546875
10 0.18838749999999999 0.30775 0.18095937499999998 0.322603125 0.189625 0.32694999999999996 0.197171875 0.31222656249999997 0.18838749999999999 0.30775
7 0.19021875 0.3300046875 0.179859375 0.32472500000000004 0.16623125 0.35143125 0.16960625000000001 0.35314999999999996 0.1654921875 0.36122343749999997 0.21144687499999998 0.384959375 0.2383390625 0.33178125 0.23989531249999999 0.33254375 0.2553765625 0.3025609375 0.2470171875 0.2981109375 0.2459171875 0.30026875 0.2202640625 0.287325 0.2213671875 0.2850734375 0.2132921875 0.2807671875 0.196265625 0.3140546875 0.19783125 0.314884375 0.19021875 0.3300046875
13 0.2954875 0.40731406249999996 0.278478125 0.39864687499999996 0.2615046875 0.4319578125 0.278521875 0.4404875 0.2954875 0.40731406249999996
2 0.220775 0.4871734375 0.24009062499999997 0.49704218750000007 0.239115625 0.49903125 0.2470484375 0.5030187500000001 0.27670625000000004 0.4441296875 0.2420828125 0.4261953125 0.21207343750000002 0.48503125 0.219884375 0.4889859375 0.220775 0.4871734375
11 0.15281093750000002 0.2715140625 0.159109375 0.2746671875 0.15270625 0.2873921875 0.15924375 0.290721875 0.1720484375 0.2656734375 0.1592640625 0.258928125 0.15281093750000002 0.2715140625
3 0.1681484375 0.2975609375 0.14528749999999999 0.285990625 0.1199546875 0.3356859375 0.1428875 0.3471796875 0.1681484375 0.2975609375
2 0.1834125 0.4704921875 0.18434375 0.4685890625 0.2037015625 0.4784515625 0.20278437500000002 0.4802515625 0.21078125 0.48427031249999997 0.24072812500000002 0.425415625 0.205365625 0.40761875 0.1755234375 0.46641875 0.1834125 0.4704921875
8 0.1271875 0.447496875 0.12810468749999998 0.445584375 0.1665828125 0.465309375 0.1656765625 0.4670859375 0.17304375 0.4708734375 0.17621718749999998 0.4646890625 0.1750625 0.4640640625 0.2009859375 0.41282500000000005 0.1978734375 0.4111859375 0.20196718749999998 0.40306875 0.2591046875 0.4324296875 0.26828124999999997 0.41435625 0.1638703125 0.3604703125 0.132253125 0.42209062499999994 0.13094531250000002 0.42145937499999997 0.11949218749999999 0.4435765625 0.1271875 0.447496875
10 0.156478125 0.2761265625 0.151759375 0.27375625000000003 0.1463609375 0.284309375 0.1511890625 0.286640625 0.156478125 0.2761265625
1 0.17343124999999998 0.2665375 0.16073593749999998 0.291584375 0.1966671875 0.309990625 0.20949374999999998 0.284815625 0.17343124999999998 0.2665375