10 0.44865781250000003 0.3866390625 0.4542078125 0.37132187499999997 0.4443046875 0.3677484375 0.4387140625 0.38325 0.44865781250000003 0.3866390625
1 0.5465875 0.6060203125 0.4876296875 0.768334375 0.49895781250000004 0.77241875 0.49444218749999996 0.7849171875 0.5078921875 0.790346875 0.57175625 0.614925 0.5465875 0.6060203125
13 0.47343437499999996 0.7641281249999999 0.495665625 0.7029234375 0.454296875 0.68759375 0.4318890625 0.749159375 0.47343437499999996 0.7641281249999999
13 0.5668203125 0.3425765625 0.602071875 0.245734375 0.5721875 0.23486250000000003 0.5371640625 0.3311375 0.5668203125 0.3425765625
10 0.50764375 0.7068515625 0.49753125000000004 0.7033625 0.4751796875 0.7646796874999999 0.4853515625 0.7684203125 0.50764375 0.7068515625
10 0.511865625 0.21325 0.5018453125 0.21002187499999997 0.49636718750000003 0.22544843750000002 0.5062234375 0.2288453125 0.511865625 0.21325
2 0.49253125000000003 0.22961718750000001 0.49972656249999997 0.20970781249999998 0.48619375 0.2045546875 0.430640625 0.3577015625 0.5143234375 0.3883109375 0.5699125 0.2353703125 0.5137046875 0.21472031249999998 0.506609375 0.2344 0.49253125000000003 0.22961718750000001
0 0.382684375 0 0.0647015625 0.873653125 0.41183593749999997 1 0.617315625 1 0.9352984375 0.126346875 0.5881640625 0 0.382684375 0
7 0.6064578125 0.5417671875 0.625046875 0.4907421875 0.6104171875 0.4856484375 0.6201375 0.458853125 0.5393265625 0.429821875 0.5008890625 0.535096875 0.502975 0.5357421875 0.49292968750000005 0.5633421875 0.5519499999999999 0.5852453125 0.5722421875 0.5289312500000001 0.6064578125 0.5417671875
3 0.44576093749999995 0.6857578125 0.46429375000000006 0.6349796875 0.442275 0.6267 0.40135 0.73885625 0.42970312499999996 0.7493296875000001 0.45194062500000004 0.6880453125 0.44576093749999995 0.6857578125
10 0.572021875 0.3391640625 0.570484375 0.3386046875 0.568896875 0.3429671875 0.570415625 0.34356718750000004 0.572021875 0.3391640625
1 0.572678125 0.5344359375 0.5540578125 0.5862484375 0.56523125 0.5902000000000001 0.5594140624999999 0.6062265625000001 0.5804078125000001 0.6137171875 0.6049249999999999 0.54619375 0.572678125 0.5344359375
2 0.5096234374999999 0.702371875 0.550534375 0.5892796875 0.4915015625 0.5676359375 0.45033593749999995 0.68045 0.5096234374999999 0.702371875
8 0.456496875 0.37174843750000003 0.44940781249999995 0.3919328125 0.435190625 0.3867578125 0.44261249999999996 0.3669234375 0.429053125 0.3617578125 0.364975 0.5383734375 0.37837187499999997 0.5431390625 0.3857296875 0.5223687499999999 0.400065625 0.527359375 0.392184375 0.548734375 0.46204062500000004 0.5738859374999999 0.44475468749999997 0.62123125 0.46666718749999997 0.6293562500000001 0.56903125 0.34809687500000003 0.5355875 0.3360671875 0.5148640624999999 0.3930078125 0.456496875 0.37174843750000003
10 0.33245625 0.7056578124999999 0.322853125 0.7022234375 0.3205046875 0.708725 0.330075 0.7122468750000001 0.33245625 0.7056578124999999
10 0.389625 0.5483984375000001 0.3954890625 0.5321953125000001 0.38586875 0.5286187499999999 0.3800015625 0.544971875 0.389625 0.5483984375000001
6 0.567159375 0.3540921875 0.547440625 0.407753125 0.5493953125 0.4083875 0.5429640625000001 0.4258703125 0.5677953125 0.4349078125 0.599334375 0.348296875 0.57445 0.3393625 0.5689171875000001 0.35465625 0.567159375 0.3540921875
10 0.3218171875 0.65575625 0.30493125 0.7022921875 0.31863281250000003 0.7071640625 0.32280000000000003 0.6955296875 0.33475156250000004 0.7001078125 0.34745781249999996 0.66510625 0.3218171875 0.65575625
1 0.3487171875 0.661403125 0.38801718749999997 0.55360625 0.3622546875 0.5444625000000001 0.32308125 0.6522249999999999 0.3487171875 0.661403125
2 0.40006250000000004 0.7368781249999999 0.45765 0.5782796875 0.3903546875 0.5533328125 0.332634375 0.7122484375 0.40006250000000004 0.7368781249999999
10 0.6267546875 0.48616562500000005 0.6348078125 0.46406562500000004 0.6220671875 0.4595671875 0.613790625 0.48178906250000003 0.6267546875 0.48616562500000005
10 0.557353125 0.6054203125 0.5612625 0.5944921875 0.5522328125 0.5911296875 0.5483 0.6021640625 0.557353125 0.6054203125