3 0.3145866125 0.691054284375 0.3141122453125 0.6924398359375 0.3079092375 0.6901418453125 0.3083828015625 0.6888418296875 0.3049240203125 0.6875370203125 0.2956285296875 0.7131161671874999 0.30980695156250004 0.718188090625 0.319093225 0.6927152078125001 0.3145866125 0.691054284375
13 0.28458631875 0.7205364390625 0.28158695312500004 0.72877355625 0.29124737968750003 0.7323301046874999 0.29431444687499997 0.7240779515625 0.28458631875 0.7205364390625
10 0.258715609375 0.6708104625 0.25647851250000003 0.6768480953125 0.2593617703125 0.6778626171875 0.26157379375 0.6718142171875 0.258715609375 0.6708104625
10 0.20277517500000003 0.67260978125 0.199910640625 0.680604125 0.20551388125 0.6827043359375 0.20838991562500003 0.674743753125 0.20277517500000003 0.67260978125
10 0.1504625828125 0.631393375 0.150000696875 0.6327081437500001 0.1418386203125 0.6297600890624999 0.1423584234375 0.6283508171875 0.1413437203125 0.627995784375 0.132011821875 0.6534304765625001 0.14231573749999998 0.6572067921875 0.151509146875 0.6317476796875 0.1504625828125 0.631393375
7 0.25605506875 0.6779808359375 0.2528710640625 0.68692316875 0.259947921875 0.6894751984374999 0.2598487578125 0.6897496484375 0.264566009375 0.691520696875 0.264032546875 0.6929894375 0.2601092421875 0.6916106531249999 0.2503001734375 0.7184557890625001 0.25428115 0.71993041875 0.253736753125 0.7215241609375 0.2758385765625 0.7296020109375 0.29267551875 0.6831005015625 0.2870903953125 0.6810955078125 0.28658859375 0.682420690625 0.2704745125 0.6764489734375 0.27095685937499997 0.6751711312500001 0.2624542484375 0.6720487953125 0.25979771406249996 0.6793944015625 0.25605506875 0.6779808359375
10 0.1389302015625 0.6573491875 0.1325368796875 0.6748105265625 0.134937315625 0.675647890625 0.1412198609375 0.658274909375 0.1389302015625 0.6573491875
13 0.1174431890625 0.6495907640625 0.11108198437500001 0.66694194375 0.12153019062499999 0.6708087515625001 0.127841975 0.653467896875 0.1174431890625 0.6495907640625
10 0.2000747765625 0.6834524609375 0.1981532015625 0.6887984390625 0.2089531328125 0.6926050953125 0.210846396875 0.68740168125 0.2000747765625 0.6834524609375
10 0.2159450578125 0.677381703125 0.2130398984375 0.685489465625 0.21864448749999998 0.6875280375 0.22153029375000002 0.67953903125 0.2159450578125 0.677381703125
6 0.2355249765625 0.69633370625 0.230053215625 0.711510996875 0.2493170390625 0.718596584375 0.2544834359375 0.70426029375 0.2355249765625 0.69633370625
2 0.165503075 0.7386534 0.164954865625 0.7401607921875 0.1678531546875 0.7412160437499999 0.1797134578125 0.7087035 0.1597313953125 0.7015071359375 0.14790756562500001 0.7339927921875 0.150851828125 0.734994271875 0.15134293593749998 0.7335767671875 0.165503075 0.7386534
13 0.28774448124999996 0.7119116296875 0.28476656562499997 0.720135078125 0.2944478015625 0.723636590625 0.2974249140625 0.7154986765625 0.28774448124999996 0.7119116296875
12 0.2056491140625 0.6301084578125 0.1969332171875 0.65401121875 0.2265303625 0.6648053218750001 0.235274925 0.640695009375 0.2056491140625 0.6301084578125
13 0.29786794687499996 0.7152896203125 0.2915201453125 0.7326907609375 0.303054725 0.7368030703125 0.30933021875 0.71949706875 0.29786794687499996 0.7152896203125
6 0.1682170890625 0.6728452218750001 0.1629855140625 0.6871192484375 0.1822170125 0.6941182171875 0.1874114828125 0.6798836609375 0.1682170890625 0.6728452218750001
8 0.2604140171875 0.7749230296875 0.262146853125 0.7700895640625001 0.2611062625 0.76972838125 0.27580020312500003 0.72963966875 0.218177203125 0.7085792093750001 0.2140848578125 0.7198206125 0.24388974375 0.730705290625 0.2316228453125 0.76444398125 0.2354604375 0.765840971875 0.23596846093749999 0.76434553125 0.2560253078125 0.7717026375 0.2555507578125 0.773080225 0.2604140171875 0.7749230296875
13 0.125007540625 0.66247028125 0.1219862875 0.6708225359375 0.1316350234375 0.6742834125 0.1346635359375 0.666060953125 0.125007540625 0.66247028125
2 0.1861591484375 0.7462113625 0.1857241671875 0.74769746875 0.1885077703125 0.748710284375 0.20032101562500002 0.7162576671875 0.1805065671875 0.70893854375 0.1686928875 0.7415195984375 0.17159733125 0.7425759359375 0.1720861765625 0.741153271875 0.1861591484375 0.7462113625
5 0.1960640921875 0.6564837984375 0.188731075 0.676628984375 0.1989645625 0.6803548015625001 0.20232274062500002 0.6709465734375 0.2295246015625 0.6808471015625 0.22608804375 0.6902859343750001 0.2363728421875 0.693936709375 0.24474690625 0.6709288078125 0.228401928125 0.6649798421875001 0.227349571875 0.6678707078125 0.1960640921875 0.6564837984375
10 0.30291742187500004 0.686805590625 0.30237254999999996 0.6882310687500001 0.294197703125 0.685220471875 0.29468429218750003 0.68384659375 0.2936538453125 0.6835268640625001 0.2844473078125 0.70896145 0.2946881109375 0.7125648015625 0.30392497343749997 0.6871561890625 0.30291742187500004 0.686805590625
3 0.38216546406249996 0.089754128125 0.3827290171875 0.0807812953125 0.3838044578125 0.080521915625 0.384164596875 0.073926440625 0.3643881625 0.07763933125 0.3626877546875 0.09954720156249999 0.382950634375 0.0953790515625 0.38329996718750003 0.08982565625 0.38216546406249996 0.089754128125
10 0.36179305 0.1191712203125 0.36178540625 0.120177365625 0.3673985234375 0.11911721718749999 0.367686140625 0.1149666046875 0.355183790625 0.1173235890625 0.35503794375000003 0.120355259375 0.36179305 0.1191712203125
10 0.3523616328125 0.23201977031249998 0.3519706921875 0.23776415312500002 0.368272115625 0.2435912046875 0.373996965625 0.227860390625 0.3523616328125 0.23201977031249998
13 0.47310669687500007 0.28017000312499996 0.4793547796875 0.2629654703125 0.46881687968749997 0.25913044531249996 0.46257625 0.27655365625 0.47310669687500007 0.28017000312499996
10 0.37457467499999997 0.20289867187500002 0.37307185625 0.22674530625 0.3744916125 0.2265038 0.3836171234375 0.2016007203125 0.3830958296875 0.20138980625 0.37457467499999997 0.20289867187500002
13 0.45877821250000006 0.25566745156250004 0.4557722421875 0.26392403125 0.46546678437500005 0.2674310625 0.46847818906249994 0.259197653125 0.45877821250000006 0.25566745156250004
10 0.39342701406249997 0.17220446875 0.3892298875 0.18368918750000002 0.3920083953125 0.1832192171875 0.39571657656250003 0.1730857484375 0.39342701406249997 0.17220446875
10 0.3845660046875 0.20182515156249997 0.383010959375 0.2061632125 0.38818594375000004 0.207992759375 0.38970399218749996 0.203819528125 0.3845660046875 0.20182515156249997
2 0.39198391875 0.2479372421875 0.38871358125 0.2569912796875 0.4014310703125 0.26171040625 0.4047118078125 0.252588390625 0.39198391875 0.2479372421875
13 0.342698503125 0.0816748953125 0.3419766875 0.09746601875000001 0.36222576875 0.0936460765625 0.3632008703125 0.078074140625 0.342698503125 0.0816748953125
10 0.47265272812500003 0.20966218749999999 0.46334715156249995 0.23497459375 0.475046021875 0.23915395 0.4782206234375 0.23028294218749998 0.4792730734375 0.23066684375 0.4852164078125 0.21418283906250002 0.4820452125 0.2130556671875 0.48152813437499997 0.2145304703125 0.4733253140625 0.21148955468750003 0.473842128125 0.21007023593750002 0.47265272812500003 0.20966218749999999
2 0.41684465312499996 0.19672784062499998 0.402815421875 0.23537729999999998 0.42278777187500005 0.2423768 0.4391681171875 0.19747499531249998 0.4372135703125 0.196781303125 0.436721190625 0.198170025 0.428542090625 0.19517454375 0.4290687765625 0.1937982171875 0.4264567046875 0.192847378125 0.42408471406250003 0.1993260984375 0.41684465312499996 0.19672784062499998
10 0.3915094171875 0.22106059218750002 0.388214528125 0.22996592031250002 0.39081708437499996 0.2308357515625 0.3969286203125 0.2138927296875 0.3828961875 0.2087576984375 0.37998966093750003 0.2167922359375 0.3915094171875 0.22106059218750002
8 0.33314201250000003 0.24206778125 0.3398323953125 0.12580545625 0.2992133 0.13338435312500002 0.298910275 0.13737041562500002 0.3000374953125 0.13715031093750002 0.29791886875 0.1723626828125 0.29687809062500004 0.1725964421875 0.2965740828125 0.176687046875 0.3286581359375 0.1703448453125 0.324624640625 0.23824632499999998 0.29263605312499996 0.244407034375 0.2925728359375 0.246079275 0.2935317046875 0.24586915 0.2928773390625 0.25789446250000003 0.2917316765625 0.2582731484375 0.29159490312499997 0.262117171875 0.2962451578125 0.263773278125 0.2967553671875 0.2623734203125 0.32087418749999996 0.27111472187499996 0.32039042812499996 0.27265251875 0.32179497968750004 0.27307311875 0.33314201250000003 0.24206778125
13 0.33683055781250004 0.21182699062500002 0.336045490625 0.22579029843749998 0.3425634453125 0.2245565109375 0.3434233578125 0.21052865625 0.33683055781250004 0.21182699062500002
10 0.46274171875 0.23633862031250003 0.455291978125 0.256767853125 0.45701543750000007 0.25739541250000003 0.46439656406249996 0.2369413890625 0.46274171875 0.23633862031250003
7 0.4656718578125 0.2256237140625 0.468868346875 0.2166375703125 0.46359723124999996 0.21475934218749998 0.4663377546875 0.20736032031249998 0.46228400000000003 0.2058395390625 0.4617213015625 0.207303125 0.447553365625 0.2021267484375 0.44809769062499993 0.200677375 0.440055734375 0.1977949265625 0.422738565625 0.24521131718750003 0.44885487187499995 0.2548887 0.449083878125 0.254300784375 0.45362933437499997 0.256065340625 0.46484788125 0.225365775 0.4656718578125 0.2256237140625
13 0.38005452812499996 0.2185299 0.372480303125 0.23938619062500002 0.382561865625 0.24279487031250002 0.39002081093749996 0.22217845625 0.38005452812499996 0.2185299
10 0.3769495421875 0.1130904234375 0.3766499875 0.11730874218750001 0.38165289062499996 0.11642499843750001 0.3819470109375 0.11218350937499999 0.3769495421875 0.1130904234375
10 0.3657699125 0.160008771875 0.35789926875 0.1614546390625 0.3574603140625 0.167552303125 0.353165121875 0.1683545765625 0.3517473390625 0.19121505781249998 0.3638577609375 0.18882228437499998 0.36395196093750004 0.1866953921875 0.3630189734375 0.186857721875 0.363563934375 0.1776214078125 0.3647382328125 0.1774762421875 0.3657699125 0.160008771875
2 0.38817420937499997 0.25826858750000004 0.3756696203125 0.292644434375 0.37860593593749997 0.2937809609375 0.3790443859375 0.2925001390625 0.39321485 0.297626190625 0.3927688 0.298923125 0.3956135 0.29994036875 0.4119152046875 0.2551516265625 0.405577065625 0.2528821671875 0.40186510000000003 0.2631450703125 0.38817420937499997 0.25826858750000004
2 0.367612271875 0.2507256375 0.3549922953125 0.285216 0.3578225921875 0.28615295937499996 0.35830503281250003 0.2848925875 0.3724598375 0.2900174640625 0.371948171875 0.2913536015625 0.37485694999999997 0.29233137187499997 0.39124364843750004 0.247546509375 0.3849178203125 0.24530619374999998 0.3811341890625 0.25570560000000003 0.367612271875 0.2507256375
2 0.3105039 0.20540313437500002 0.294769790625 0.2085150875 0.2942143265625 0.21837784531249999 0.2953178421875 0.21822019843749998 0.29405325625 0.23882615624999998 0.2928988171875 0.2392366125 0.2926800546875 0.24319469531250001 0.323720096875 0.2372665546875 0.3254510484375 0.208517875 0.3101097296875 0.21135479375 0.3105039 0.20540313437500002
3 0.4651720453125 0.2373303984375 0.45909714218750003 0.2540926578125 0.46848826250000003 0.2574398859375 0.47452887343750005 0.240773121875 0.4651720453125 0.2373303984375
3 0.4791358859375 0.230886990625 0.469412434375 0.2576694796875 0.47994145781249997 0.2614648609375 0.4895275984375 0.2346692671875 0.4791358859375 0.230886990625
10 0.3649312171875 0.20484270000000002 0.36347690625 0.2286391828125 0.372034325 0.2269066546875 0.37341851406250004 0.2033008921875 0.3649312171875 0.20484270000000002
10 0.46713783593749997 0.2076188046875 0.46493299375 0.21388742343749997 0.46929710937499997 0.21534869375 0.47153456406250005 0.20927304531250002 0.46713783593749997 0.2076188046875
13 0.3351065625 0.24049122031249998 0.3487553234375 0.237922275 0.3493959984375 0.223797059375 0.3358257234375 0.22643378749999998 0.3351065625 0.24049122031249998
6 0.35065327343749997 0.20722771875 0.3508752515625 0.20361132343750002 0.36312176875 0.20160746718749997 0.3637591 0.1901106625 0.337104578125 0.195192165625 0.3363655609375 0.2064108359375 0.33726904375 0.20627186250000001 0.33712978437499996 0.2098060609375 0.35065327343749997 0.20722771875
2 0.3348329765625 0.242051796875 0.323230946875 0.27354050937499996 0.32513164843750003 0.274305625 0.325653896875 0.27290947656250003 0.3497934453125 0.28165919375000004 0.349277175 0.283075434375 0.3532635875 0.2846002078125 0.3671989375 0.24645618749999998 0.3493568734375 0.239873565625 0.346908121875 0.24631971406250003 0.3348329765625 0.242051796875
2 0.29968605937500004 0.12434156562500001 0.299273628125 0.1311166265625 0.3393498921875 0.12337696406250001 0.34178571406249997 0.0819296375 0.301767446875 0.0895113453125 0.30127203593749996 0.097737796875 0.3023637984375 0.09768279375 0.30088792343750004 0.1239140859375 0.29968605937500004 0.12434156562500001
13 0.3437504671875 0.21049113749999998 0.34290349999999997 0.2245355546875 0.34944425 0.22319948437499998 0.350242709375 0.20920521875000003 0.3437504671875 0.21049113749999998
6 0.339177371875 0.17080345937500002 0.3377818796875 0.1938344640625 0.35082620468750003 0.191346159375 0.3521974484375 0.1683806890625 0.339177371875 0.17080345937500002
1 0.48600364531249995 0.21449617656250003 0.48086003593750004 0.2286762375 0.4915710015625 0.23254653749999998 0.49669570625 0.21846468593749999 0.48600364531249995 0.21449617656250003
13 0.3538654625 0.120553103125 0.354159728125 0.11604985000000001 0.360947496875 0.114779546875 0.36203626875 0.09519767968750001 0.3418843875 0.0989252859375 0.3404408859375 0.12299339843749998 0.3538654625 0.120553103125
6 0.3628942828125 0.20271764218750002 0.35171095625 0.2048915171875 0.35016142656250004 0.2299928515625 0.36152461874999997 0.22792367656249998 0.3628942828125 0.20271764218750002
0 0.1498960828125 0 0.015192145312499999 0.37009672656250003 0 0.456255665625 0 0.8501039171875 0.37009672656250003 0.9848078546875 0.456255665625 1 0.8501039171875 1 0.9848078546875 0.6299032734375001 1 0.543744334375 1 0.1498960828125 0.6299032734375001 0.015192145312499999 0.543744334375 0 0.1498960828125 0
13 0.45562322499999997 0.2643372453125 0.45262621249999996 0.27257001875000003 0.46227505625000004 0.2761562546875 0.465300940625 0.26791270625 0.45562322499999997 0.2643372453125
4 0.40102985625 0.151446834375 0.3943032078125 0.1697997734375 0.40981306875 0.1754459984375 0.41647092968750005 0.1571142484375 0.40102985625 0.151446834375
2 0.32746853593749997 0.1730512640625 0.29651843125 0.1787303 0.2962361296875 0.18269780468750002 0.29738897343750004 0.1825393359375 0.29608756875000003 0.203291115625 0.2949672203125 0.203463246875 0.29486893593749997 0.20744891875000002 0.31114212812500003 0.204240040625 0.310843003125 0.2102465390625 0.325530159375 0.2072323953125 0.32746853593749997 0.1730512640625
10 0.380990421875 0.10990624062500001 0.3817242421875 0.09776325 0.382804946875 0.09759999531249999 0.38283504375 0.0966374734375 0.3628960609375 0.100453390625 0.362009853125 0.11479234218750001 0.36870819843749997 0.113552284375 0.3683899734375 0.1188842796875 0.37573438124999997 0.11748048281250001 0.3760657265625 0.11211906875 0.3819636796875 0.11098221562499999 0.3820146390625 0.1096854265625 0.380990421875 0.10990624062500001
10 0.3465089421875 0.2448943671875 0.3485506765625 0.23925384374999997 0.33706810625 0.24137019375 0.3465089421875 0.2448943671875
1 0.3657462265625 0.1751519046875 0.378301246875 0.17273915625 0.37919265156250004 0.15866766875 0.3666171734375 0.1610704640625 0.3657462265625 0.1751519046875
10 0.7128750687500001 0.28604141875 0.7039999796874999 0.2828089796875 0.6994712062499999 0.29489683437499997 0.70844993125 0.29811740000000003 0.7128750687500001 0.28604141875
10 0.755481828125 0.38241031406250003 0.7528728328125001 0.38146001875 0.754613559375 0.37608691250000004 0.7575338328125001 0.3770714703125 0.7747992625 0.32859879687500004 0.772547078125 0.3277034828125 0.7742836828125 0.322632690625 0.7769421000000001 0.3235996359375 0.781000696875 0.31245065 0.741713525 0.298078915625 0.739344684375 0.304440784375 0.7268340515625 0.29996121875 0.7251717796875 0.3045294703125 0.7278054046875 0.3055650265625 0.7259463609375 0.3108173140625 0.7231694671875 0.30988342343749997 0.70561755 0.3582532234375 0.7082296218749999 0.35920406250000003 0.7063239625 0.3644417828125 0.7036873703125 0.3635580171875 0.6918341140625001 0.3959766078125 0.6945185890625 0.39687675 0.69353736875 0.39971510781249997 0.7188905859375 0.40894220312499996 0.7198930875 0.40619010156249996 0.7239985328125 0.4077596609375 0.7231388671875 0.410565509375 0.739946209375 0.4166816796875 0.7409487125 0.41392957656249996 0.7436285703125 0.4148289046875 0.755481828125 0.38241031406250003
7 0.6964382359375 0.321797596875 0.7138210703125 0.3279882703125 0.72222720625 0.304546534375 0.698354584375 0.295821671875 0.6946892796874999 0.3057659625 0.7012165171875 0.30814174843750003 0.6964382359375 0.321797596875
12 0.7137487375 0.23950647187500002 0.704930825 0.2633579265625 0.73288415625 0.2734687015625 0.741621146875 0.24959028593750002 0.7137487375 0.23950647187500002
10 0.6528397218750001 0.3306979484375 0.6489720734375 0.340961959375 0.657236346875 0.3439692859375 0.66108084375 0.3338455734375 0.6528397218750001 0.3306979484375
2 0.7062240453124999 0.250786821875 0.70154465 0.249170003125 0.701126109375 0.2504099109375 0.6908166640625 0.24656598437500002 0.6912628140625 0.2453404640625 0.685631690625 0.24320042968750002 0.674068525 0.2742977578125 0.6947913046874999 0.28183733593750004 0.7062240453124999 0.250786821875
5 0.7154797796875 0.28613419375000004 0.7815926484375 0.309813375 0.7951386140625 0.2723479875 0.792686034375 0.27145541562500003 0.79384491875 0.2685182828125 0.7737475078125 0.2610762796875 0.764275053125 0.2872271328125 0.7459529484375 0.2809374796875 0.7494364640625 0.27136730625 0.751140353125 0.2718629 0.754542003125 0.26264003593749996 0.752876221875 0.26216226875 0.75554773125 0.254452796875 0.741621146875 0.24959028593750002 0.732145546875 0.2759119375 0.7206323359375 0.2718494078125 0.7154797796875 0.28613419375000004
2 0.673675728125 0.3343020875 0.6731649765625 0.335705021875 0.6743725734375 0.33614483906250003 0.687177984375 0.30080978125 0.667227609375 0.29365866875 0.6544129546875 0.3289111796875 0.6628843328125 0.33199468906249996 0.6633581687500001 0.33069313437500003 0.673675728125 0.3343020875
10 0.71495381875 0.2875154078125 0.71324801875 0.2921505546875 0.7211374625 0.2950521234375 0.72291303125 0.29029124375 0.71495381875 0.2875154078125
8 0.6951390265625 0.2835725171875 0.6894100609375 0.2814564828125 0.683238565625 0.2981096875 0.689133884375 0.3001550984375 0.6758132078125 0.3363338109375 0.681931703125 0.3388231578125 0.6823875328125 0.337551746875 0.7007120312499999 0.3441337578125 0.7002223609375 0.34548011875 0.7065542609375 0.3477849703125 0.7138210703125 0.3279882703125 0.6964382359375 0.321797596875 0.7012165171875 0.30814174843750003 0.6946892796874999 0.3057659625 0.706941259375 0.272138875 0.700294796875 0.2696294171875 0.7001963328125 0.2703767984375 0.6951390265625 0.2835725171875
1 0.6621303875 0.334155978125 0.6582630109375 0.34441845 0.7029669953125001 0.3604450078125 0.7065172343749999 0.3503344609375 0.6621303875 0.334155978125
10 0.7109345234375 0.294257390625 0.7094663171875 0.29821094062500003 0.723567028125 0.303570615625 0.7251542125 0.2992842328125 0.7109345234375 0.294257390625
6 0.70365444375 0.28116938125 0.7141556921875 0.2850503015625 0.7172403046875 0.276050778125 0.7164458312499999 0.275769484375 0.717927634375 0.27195477968750004 0.7016642859375 0.26590279843750003 0.700294796875 0.2696294171875 0.706941259375 0.272138875 0.70365444375 0.28116938125
1 0.712015028125 0.23871209843750002 0.6891358734375 0.23060665937499997 0.6856275375 0.24068651718749998 0.7083223375000001 0.24894666718749997 0.712015028125 0.23871209843750002
10 0.7297036015625 0.2928832296875 0.7280243359374999 0.2976198390625 0.7385669296875 0.3013652546875 0.74023669375 0.29665552968750003 0.7297036015625 0.2928832296875
10 0.6738254421875001 0.27715203437499997 0.66844238125 0.2923211671875 0.682261071875 0.29715672031249996 0.6877638312500001 0.28228952343749997 0.6738254421875001 0.27715203437499997
10 0.7237889875 0.2907312875 0.7220429984375001 0.295351415625 0.727080765625 0.297185325 0.728779953125 0.29251569375 0.7237889875 0.2907312875
4 0.7719691453124999 0.26071510937500003 0.7572134859374999 0.2553986078125 0.7484575 0.27935776562500003 0.7633779609375 0.284522453125 0.7719691453124999 0.26071510937500003
7 0.36497392500000003 0.1586023078125 0.364857415625 0.1597669578125 0.3793045703125 0.1570341625 0.37976066406250003 0.14856278750000002 0.3786571640625 0.148828325 0.3799071390625 0.12794530937499998 0.38109564218749997 0.1277645703125 0.38160174687500004 0.11768685000000001 0.339863709375 0.12578083281250002 0.33764248124999996 0.1638785984375 0.3396861078125 0.1633742453125 0.3393582125 0.1694629328125 0.3565821578125 0.1662789046875 0.3570884125 0.159880546875 0.36497392500000003 0.1586023078125
2 0.371334725 0.240385253125 0.36795542187499997 0.24952637968750002 0.3807014109375 0.2541648546875 0.3840326609375 0.2450803046875 0.371334725 0.240385253125
6 0.4017912359375 0.235813896875 0.41610231249999996 0.1964208328125 0.4074788640625 0.19328194999999998 0.3996411578125 0.2148136859375 0.3977132296875 0.21418497812499998 0.391672446875 0.230924696875 0.39438769375 0.2318032921875 0.3939533109375 0.23303406093749998 0.4017912359375 0.235813896875
8 0.38740803125 0.23238925156249998 0.3834966828125 0.24342299218750002 0.413221275 0.254241153125 0.3965332453125 0.300231059375 0.3985877265625 0.300978865625 0.39910535468749997 0.2995549296875 0.42463662500000005 0.30888799218749996 0.42410785781250004 0.31026712343749996 0.4283555859375 0.3118125890625 0.44893977500000004 0.254902084375 0.38740803125 0.23238925156249998
2 0.45024625625 0.2563017796875 0.42987049062500005 0.3123541890625 0.43272108125 0.31342800312499997 0.4331728359375 0.3121527 0.4513177578125 0.318736365625 0.45090582812499996 0.3200107578125 0.45867353125 0.3229099 0.47356983281250004 0.281979478125 0.450948346875 0.2737084546875 0.456490175 0.2585927046875 0.45024625625 0.2563017796875
12 0.430238084375 0.14871795625 0.41837625312500004 0.1813111484375 0.4275365625 0.18464465000000002 0.43936817968749997 0.15217781875 0.430238084375 0.14871795625
10 0.5671109921874999 0.6740542265625 0.5628125749999999 0.6724903046875 0.5571382953125 0.688033296875 0.5613143328125 0.6895534265625 0.5671109921874999 0.6740542265625
10 0.5504549421875 0.6871007640625 0.5461832140625 0.685457459375 0.5396983718749999 0.7034738375 0.5497724671875 0.7072128015625 0.5501016234375 0.7062728671875 0.556360209375 0.7085885890625 0.5624827531250001 0.6914031734375 0.5548682328125001 0.688742059375 0.555469546875 0.6870504656249999 0.55096096875 0.6855716546874999 0.5504549421875 0.6871007640625
10 0.5554182734374999 0.8173634968749999 0.549063915625 0.8149880484375001 0.5403010484374999 0.8389412328124999 0.546595565625 0.8412331453125 0.5554182734374999 0.8173634968749999
13 0.51334365625 0.815992740625 0.4994706046875 0.81076364375 0.494340378125 0.8248588015625 0.5082902609375 0.8299761046875 0.51334365625 0.815992740625
2 0.62317539375 0.6947399062499999 0.5901724234375 0.6826915859375 0.577762353125 0.7165763859375 0.6107413453125 0.728688703125 0.62317539375 0.6947399062499999
13 0.5574127609375 0.76168266875 0.547314334375 0.7580726890625 0.5398652484375 0.778651178125 0.5497709656249999 0.7822113109375 0.5574127609375 0.76168266875
6 0.5430403484374999 0.8558979546875 0.543813371875 0.8561929203125 0.5424182625 0.8598848765625 0.5530299296875001 0.8637154562499999 0.558016709375 0.849740971875 0.54681151875 0.8457041953125 0.5430403484374999 0.8558979546875
13 0.5920290125000001 0.8736383265625 0.6049672625 0.8783471921875 0.6084549265625 0.868663515625 0.60487975 0.867388953125 0.60836591875 0.8580286796875001 0.5990090046875001 0.8546224328124999 0.5920290125000001 0.8736383265625
7 0.48908651562500005 0.8233866125 0.4931977328125 0.8248064640624999 0.5016258828125 0.8015098187499999 0.49759650000000005 0.8001567546875 0.49805450156250003 0.79890000625 0.5032831609375 0.8007310828125 0.5001720359374999 0.809134128125 0.5183736484375 0.8159451546875 0.5268834203125 0.7924915484375 0.5215328234375 0.7905421859375 0.51888670625 0.79795468125 0.514042653125 0.7962279109375 0.51634924375 0.7900391124999999 0.4860068828125 0.7791072625 0.47164598281250003 0.8181980187500001 0.48866415312499994 0.8244862265625 0.48908651562500005 0.8233866125
2 0.5462435703125 0.7574777140625 0.5424333890625 0.7559792562500001 0.5428415171875 0.7546994328125 0.5468343484375 0.75616980625 0.5501965890625 0.74734140625 0.526355496875 0.7388426406249999 0.5148060296875 0.7708070828125 0.5383174859375 0.7793936921875 0.5462435703125 0.7574777140625
11 0.5800536328125 0.7980257234375 0.5660147 0.793008540625 0.5620334484375 0.80385384375 0.5759984359375 0.8088944781249999 0.5800536328125 0.7980257234375
12 0.49746694687500004 0.8785898968750001 0.5289119203125 0.8900350734375 0.537994040625 0.8648831781249999 0.5293183640625 0.8617255671875 0.5289157421875 0.8628841921875001 0.50616084375 0.8546499359374999 0.49746694687500004 0.8785898968750001
10 0.5344066703125 0.8196051765625001 0.5206288765625 0.8146546656250001 0.5152480609375 0.8296940921875 0.5290452343750001 0.8347146578125001 0.5344066703125 0.8196051765625001
13 0.5658528703125 0.8509021609375 0.5710008359375001 0.8368053718749999 0.5569369187500001 0.8317679171875 0.5518125687500001 0.845811753125 0.5658528703125 0.8509021609375
6 0.5584646249999999 0.7858068234375 0.5609121312500001 0.78666518125 0.56605660625 0.7722012703125001 0.5639836625 0.7714771828125 0.5635016828125 0.7727979281249999 0.5553702890625 0.7698378296875 0.5498891718750001 0.784780240625 0.5578494765625 0.7876038671875001 0.5584646249999999 0.7858068234375
3 0.5620217359375 0.6898606203125001 0.584536478125 0.6979271890625001 0.5880088812500001 0.6885010234375 0.587310528125 0.6881874921875 0.5893774781250001 0.682269 0.56768074375 0.6744942218750001 0.5620217359375 0.6898606203125001
6 0.506444965625 0.8468479312499999 0.5078152640625 0.843089721875 0.5084991203125 0.8433055015625 0.512224753125 0.833037075 0.5010106828125 0.8289336828125 0.495838453125 0.842988115625 0.506444965625 0.8468479312499999
2 0.4662967421875 0.829243184375 0.446205971875 0.8220244781250001 0.43444611406250006 0.8543722734375001 0.45435321562500003 0.861453878125 0.4662967421875 0.829243184375
10 0.5178895031249999 0.8173051828125001 0.514349709375 0.815982915625 0.5090711390625 0.8307754078125 0.5125074703125 0.832063565625 0.5178895031249999 0.8173051828125001
10 0.5311685046875 0.85364438125 0.5092771578125 0.8458035578124999 0.5069137046875001 0.852494803125 0.528725221875 0.8603564562500001 0.5311685046875 0.85364438125
8 0.6100205015625 0.7306622625 0.574353815625 0.717937996875 0.5619789609375 0.7518750187500001 0.5508718796875 0.74778573125 0.5475735390625001 0.7565936671875 0.5585547656250001 0.7610367890624999 0.5557540671875 0.768552128125 0.5636841734375 0.77161000625 0.5678794703125 0.7599916921875 0.5956328625 0.770138609375 0.6100205015625 0.7306622625
10 0.5204697703125001 0.79137016875 0.5172884203125 0.790120625 0.51532574375 0.7954117562499999 0.51856428125 0.7965349359375 0.5204697703125001 0.79137016875
10 0.5705504546875 0.809602959375 0.5673939109374999 0.8083926953124999 0.5654957625 0.8136238078125 0.5686853468749999 0.8148446578125 0.5705504546875 0.809602959375
10 0.5321095640625 0.7346706296875001 0.528409921875 0.733328109375 0.5268213796875 0.7376221859375 0.530524825 0.7389701359374999 0.5321095640625 0.7346706296875001
8 0.455519121875 0.8621481328125 0.47692020468749996 0.8696740406250001 0.488919140625 0.8362672968749999 0.4962261296875 0.839151840625 0.49996846406250006 0.8285817312500001 0.46421096874999995 0.8156796203125 0.4604470390625 0.8258683093749999 0.46787273437500004 0.8284215578125 0.455519121875 0.8621481328125
2 0.6230205484375 0.8287806484375 0.603189378125 0.8216283421874999 0.58912023125 0.8596313609375 0.5952680296875 0.861954521875 0.6005599984375001 0.84718501875 0.6014232671874999 0.8474990703125 0.5993655125 0.8531494609375001 0.611864296875 0.8576872296875001 0.613831096875 0.85212075625 0.6146156031250001 0.852314615625 0.6230205484375 0.8287806484375
5 0.5572958406249999 0.7897988890625001 0.5476294578124999 0.7863571140625 0.5295043609375 0.8363219265625 0.5149004671874999 0.8308195812499999 0.5098882078125 0.8444706656250001 0.532496853125 0.8528235140625 0.5293356390625 0.861636590625 0.5380402703125 0.8647199765625 0.546261171875 0.8422657671874999 0.5391776125 0.83968875625 0.5572958406249999 0.7897988890625001
4 0.5423079796875 0.7959221125 0.5293390296875 0.7910904234375 0.521572509375 0.8122904203125 0.5346526828125 0.8169862328124999 0.5423079796875 0.7959221125
2 0.47776879531249994 0.8698823734375001 0.49564923437499997 0.8764543093749999 0.5060169937500001 0.8479703546874999 0.4945548265625 0.8438612937500001 0.49590810625000004 0.8400826312499999 0.48941236874999994 0.8377171593750001 0.47776879531249994 0.8698823734375001
2 0.46920611093750003 0.799363196875 0.47003769999999995 0.7996859421875 0.4646452609375 0.81445835625 0.47079604062499997 0.8167376171875 0.484474859375 0.7784737921875 0.464695003125 0.7712734171875 0.45415653593750005 0.800401578125 0.46715895312500005 0.80506146875 0.46920611093750003 0.799363196875
13 0.453760128125 0.8123946328124999 0.45033701718749997 0.8111484703125 0.44690499843750003 0.8206785390625001 0.4596287171875 0.8252813546875 0.46643758437500005 0.8065161156249999 0.45713289843749993 0.8031285984375 0.453760128125 0.8123946328124999
10 0.456275721875 0.8023570921875001 0.4536116109375 0.801449434375 0.45058636874999997 0.809761321875 0.45332824374999997 0.810758846875 0.456275721875 0.8023570921875001
11 0.531438078125 0.7803828734375 0.5174212140625001 0.7752585203125 0.5134718390625 0.7862109859374999 0.5273985437500001 0.7912797765625 0.531438078125 0.7803828734375
7 0.5745175796875001 0.8266508390625 0.5796810781249999 0.8285545187500001 0.5792399125000001 0.82982375625 0.5752277015625 0.8282833265624999 0.5667577328125 0.8515741859375 0.5707995265625 0.853000834375 0.5703667609374999 0.8541414515625 0.58740911875 0.8605624374999999 0.6017754156249999 0.821225121875 0.5713835984375 0.8100338671875 0.5690991890625 0.8162678296875001 0.5642029921875 0.8144858546875 0.567071671875 0.8070078875 0.5616988890625 0.804986390625 0.5530967999999999 0.8284776640624999 0.5714807890625 0.8352351718750001 0.5745175796875001 0.8266508390625
8 0.5503458015625 0.896502153125 0.5715532953125 0.904154171875 0.5836470609375 0.8705515453125001 0.590987003125 0.87348315 0.5947038453125 0.8631386046875 0.5591026484375 0.8501149124999999 0.5552817015625 0.8603570125 0.562526103125 0.8629306515625 0.5503458015625 0.896502153125
7 0.5635275703125 0.7448560484375 0.564240221875 0.7451514734375 0.5742197499999999 0.7178255078125 0.539110871875 0.7049251171875001 0.5292565 0.732081171875 0.53353944375 0.7336788578125 0.53141300625 0.7394488265625 0.5615676234375 0.750239684375 0.5635275703125 0.7448560484375
10 0.5561098109375 0.8311318156249999 0.5527236296875 0.829892165625 0.547254784375 0.8445670171874999 0.5507227015625 0.8458290125 0.5561098109375 0.8311318156249999
2 0.5315566484375001 0.88955896875 0.54952208125 0.8961347843749999 0.5613559140625 0.86397931875 0.5547989859375 0.8615919515625 0.5534397265625 0.8653235468749999 0.5420354546875 0.8609851171875 0.5315566484375001 0.88955896875
11 0.561706909375 0.6708515359375 0.551579859375 0.6670889546875001 0.546067021875 0.6824002109375 0.55603350625 0.686191596875 0.561706909375 0.6708515359375
10 0.6120980125 0.8590611875 0.6094177000000001 0.8581554328125 0.6064205046875 0.866380240625 0.6090834375 0.867276584375 0.6120980125 0.8590611875
10 0.564477784375 0.7923488234375 0.5582039156249999 0.790128775 0.5493600171875 0.8139296359375001 0.55575291875 0.816194471875 0.564477784375 0.7923488234375
2 0.567909678125 0.770870015625 0.5618076578125 0.7878940453125 0.5860200828125001 0.7967343546875 0.595301465625 0.7712352234375001 0.5683437109375 0.761273021875 0.5652569703125 0.7699516765625 0.567909678125 0.770870015625
2 0.6045826671875 0.8796105390625 0.5845744953125 0.8721033546875001 0.5727737609375 0.9047009734374999 0.5927461468749999 0.911970203125 0.6045826671875 0.8796105390625
10 0.54665423125 0.7860931328125 0.533013640625 0.7810303656250001 0.5300990296875 0.78885880625 0.5439555640625 0.7937676687499999 0.54665423125 0.7860931328125
13 0.5833166765625 0.6988972984374999 0.5635563015625 0.6918383921875 0.5574160874999999 0.7088810718749999 0.5769471359375 0.716178784375 0.5833166765625 0.6988972984374999
7 0.173027915625 0.659553684375 0.1686368046875 0.6715896546875 0.18566591875 0.67780680625 0.1900943828125 0.6655679921875 0.173027915625 0.659553684375
11 0.2481399359375 0.666757759375 0.2426557640625 0.6818614640625 0.25240805312500003 0.6853739187500001 0.2578395625 0.6703799234375001 0.2481399359375 0.666757759375
11 0.1873799796875 0.6447538640625 0.18189399687500002 0.6598588375000001 0.191646015625 0.6633728296875 0.1970780671875 0.6483757578125 0.1873799796875 0.6447538640625
2 0.20760018750000003 0.7540235562500001 0.20718548124999997 0.7555116515625 0.2099360453125 0.7565138828125 0.2218195234375 0.724022878125 0.2020563234375 0.716827025 0.1902260703125 0.7493401078125 0.1930247859375 0.7503302046875 0.19352576562499998 0.7489556921875 0.20760018750000003 0.7540235562500001
13 0.197834996875 0.69037811875 0.190175196875 0.7109638781250001 0.2001797625 0.7145842796874999 0.20767363906249997 0.6939137328125 0.197834996875 0.69037811875
13 0.128214478125 0.653766809375 0.1251834390625 0.6620395953125 0.134783565625 0.6654792078125 0.137795703125 0.6573046328125 0.128214478125 0.653766809375
7 0.24241069999999998 0.6847899625 0.2379560359375 0.6967274625 0.254999284375 0.703053409375 0.259231025 0.6911924234375 0.24241069999999998 0.6847899625
3 0.1367961203125 0.62643235 0.1362893375 0.6277407890625 0.130137209375 0.6255231671875 0.1306165453125 0.6240734406249999 0.1261505890625 0.6225148828125 0.11680341093749999 0.6480722234375 0.13107931718750002 0.6531581625 0.1403650484375 0.62768835625 0.1367961203125 0.62643235
8 0.14699849062499998 0.7336325859375 0.15926005625 0.6999421375 0.1891760796875 0.710727415625 0.1931422703125 0.6996256 0.13567114687499998 0.6785316296875 0.121034790625 0.7187526640625 0.1200463359375 0.7183927406249999 0.1183183703125 0.723090615625 0.1231969234375 0.7249186640625 0.123691465625 0.7234636875 0.1437621546875 0.7307692890624999 0.143270690625 0.732224809375 0.14699849062499998 0.7336325859375
5 0.4209767828125 0.14358171718749999 0.42303588124999997 0.1443303375 0.410543115625 0.178459171875 0.396588821875 0.1735108578125 0.39261563593750004 0.18442739375 0.3658109640625 0.1896045890625 0.364952025 0.20347395625 0.3835078203125 0.19991710000000001 0.3911999421875 0.20279498125 0.3891545828125 0.2084110671875 0.398802609375 0.211974946875 0.40668329375 0.190325446875 0.4232947453125 0.19629284062500002 0.4275350234375 0.184644378125 0.418373446875 0.181309065625 0.43024369218749997 0.14869514687500002 0.4393715203125 0.152122878125 0.44488027968750005 0.13678075781250001 0.426008490625 0.1298563203125 0.4209767828125 0.14358171718749999
10 0.2845853671875 0.7104549890625 0.278185159375 0.7278564078125 0.280501590625 0.7286392953124999 0.2867745359375 0.7112217828125 0.2845853671875 0.7104549890625
10 0.2093495875 0.6751049484375 0.20646350937500002 0.6830954921875 0.21207886718750002 0.6851089921875 0.21493444374999998 0.6771384546875 0.2093495875 0.6751049484375
7 0.1622386890625 0.68646874375 0.172041053125 0.659571653125 0.167979521875 0.658112965625 0.1686007625 0.6565153203125 0.18055798125 0.660867159375 0.1838639640625 0.6516829578125 0.17992228593749998 0.6503183875 0.182644634375 0.6430494359375001 0.17432985 0.64000464375 0.1737852484375 0.6414285828125 0.1576100859375 0.63556033125 0.15820093125 0.6340810828125 0.1525698296875 0.6321028859375 0.135705809375 0.678506009375 0.157638278125 0.6865635171875 0.1582297375 0.6849368218749999 0.1622386890625 0.68646874375
6 0.1885728640625 0.6792808625 0.1831744796875 0.6942489671875001 0.1934796578125 0.6980001171875 0.1989556171875 0.683059971875 0.1885728640625 0.6792808625
2 0.2284106875 0.7616595187499999 0.22795859062499998 0.7630807296875 0.23075540625 0.764081596875 0.24255741562500002 0.7315397359375 0.222659353125 0.724370875 0.2108825 0.7568600546875001 0.21378730468749998 0.7579053484375 0.214248540625 0.756468296875 0.2284106875 0.7616595187499999
6 0.22442351875000002 0.6923295015625001 0.21899370468749998 0.7071429234375 0.2292496453125 0.7109123640624999 0.23471999999999998 0.6960220015624999 0.22442351875000002 0.6923295015625001
13 0.21068226874999998 0.6950090671875 0.20309643125000001 0.7156792640625 0.21318281562500002 0.7192585609375 0.22062094375000002 0.6986432359375 0.21068226874999998 0.6950090671875
2 0.282916521875 0.7770122890625 0.28248458906249996 0.7782831546875 0.287309096875 0.7800397953125 0.30257754375 0.73813259375 0.277946265625 0.72895029375 0.2626184546875 0.7709422234375001 0.2684286109375 0.7730567078125 0.268852496875 0.7718494734375 0.282916521875 0.7770122890625
4 0.2368771109375 0.641434459375 0.22917820781249998 0.6626558984375001 0.2456528875 0.6685801359375 0.253299940625 0.647463790625 0.2368771109375 0.641434459375
10 0.21251924687499998 0.6879473328125 0.21063594375 0.6931842359375 0.2213657546875 0.697181615625 0.223277475 0.6919275109374999 0.21251924687499998 0.6879473328125
10 0.22248317499999998 0.67988475 0.21954848437500002 0.6878270578125 0.22517226406250002 0.6898737734375 0.228085953125 0.6819245890625 0.22248317499999998 0.67988475
2 0.11377065156249999 0.7154901312499999 0.11336578125 0.7167514890625 0.11914124687500001 0.7187027828125 0.134396484375 0.6768345046875 0.109613721875 0.6678904546875 0.09441153906250001 0.709853765625 0.099215759375 0.7115275 0.0996616375 0.71030351875 0.11377065156249999 0.7154901312499999