0 0.3834015625 0 0.065334375 0.8738828125 0.41183593749999997 1 0.617315625 1 0.9352984375 0.126346875 0.5881640625 0 0.3834015625 0
8 0.6221078125 0.2179125 0.5906578125 0.206846875 0.43005000000000004 0.6525203125 0.4540453125 0.661015625 0.44519374999999994 0.68574375 0.555384375 0.7256609375 0.6414953125 0.48799374999999995 0.5375140625 0.450375 0.6221078125 0.2179125
10 0.367525 0.6381140624999999 0.377134375 0.641646875 0.3885234375 0.6096546875 0.3791265625 0.606121875 0.367525 0.6381140624999999
3 0.5927015625000001 0.20142968749999998 0.6239625 0.2128078125 0.6530265625 0.13321875 0.6219609375 0.1210421875 0.5927015625000001 0.20142968749999998
10 0.5706359375 0.1294171875 0.5810921875 0.13310781249999998 0.5895671874999999 0.10970312499999998 0.5793375000000001 0.10597812499999999 0.5706359375 0.1294171875
10 0.37915 0.6426624999999999 0.38729375 0.6453828125000001 0.39883125 0.6136359375 0.39068437500000003 0.610746875 0.37915 0.6426624999999999
10 0.559253125 0.1607953125 0.5696515625 0.1644734375 0.57871875 0.139375 0.56841875 0.1355109375 0.559253125 0.1607953125
1 0.4796625 0.80773125 0.513053125 0.8195046874999999 0.546159375 0.7287828125 0.5128765625 0.716478125 0.4796625 0.80773125
13 0.619421875 0.120415625 0.592040625 0.1104109375 0.57010625 0.1709328125 0.557378125 0.1662203125 0.527246875 0.2491421875 0.5672328125 0.263428125 0.619421875 0.120415625
1 0.3870171875 0.5756765625 0.3424921875 0.558859375 0.28993281249999997 0.7045890625 0.334028125 0.7213890625 0.3870171875 0.5756765625
6 0.5587890625 0.29290781250000003 0.556678125 0.29233125000000004 0.5650484375 0.2695703125 0.5251109375 0.25472968749999997 0.494675 0.33849375 0.5065765625 0.34278749999999997 0.5047890625 0.347740625 0.492896875 0.3435640625 0.4784171875 0.3831609375 0.518440625 0.3977671875 0.532875 0.35815312499999996 0.5209484375 0.353715625 0.522778125 0.3485453125 0.5367124999999999 0.35379375 0.5587890625 0.29290781250000003
10 0.444234375 0.9052046875 0.477471875 0.9174046875 0.5109609374999999 0.8250703125 0.4775296875 0.8133593749999999 0.444234375 0.9052046875
10 0.40032968750000003 0.3998078125 0.41417656249999996 0.40476093750000003 0.4196640625 0.38944999999999996 0.4058078125 0.3847578125 0.40032968750000003 0.3998078125
2 0.44037812499999995 0.6907546875 0.4491890625 0.6666531250000001 0.42710625 0.6591109375 0.35042968750000003 0.8710890625 0.4416921875 0.9038484375 0.5101765625 0.7158781249999999 0.44037812499999995 0.6907546875
13 0.43622500000000003 0.6267890625 0.40124531250000006 0.6139421875 0.3876953125 0.6514953125 0.3656125 0.643209375 0.336721875 0.7227718750000001 0.393775 0.7434203125 0.43622500000000003 0.6267890625
10 0.40790625 0.37920625 0.4217171875 0.3841375 0.42688750000000003 0.3699328125 0.412946875 0.36505 0.40790625 0.37920625
7 0.3811921875 0.6005890625 0.4284515625 0.61805 0.4418921875 0.5807109374999999 0.45385156249999997 0.5850203125 0.5192812499999999 0.40394218750000005 0.42912343750000004 0.3708734375 0.4146453125 0.411240625 0.398428125 0.4050375 0.3446125 0.5528953125 0.39250625 0.569875 0.3811921875 0.6005890625
2 0.5425093750000001 0.44530156249999997 0.64359375 0.48227656249999995 0.698375 0.33246875 0.59728125 0.295215625 0.5425093750000001 0.44530156249999997
2 0.5993 0.289203125 0.7002265624999999 0.32700625 0.7569140625 0.170459375 0.655915625 0.13430781249999998 0.5993 0.289203125
3 0.2683859375 0.8406812499999999 0.348284375 0.87023125 0.39199687499999997 0.7497125 0.3122859375 0.7196328125 0.2683859375 0.8406812499999999