0 0.3937213765625 0 0.053761306249999995 0.151360153125 0 0.4562556671875 0 0.6062786234375 0.151360153125 0.94623869375 0.4562556671875 1 0.6062786234375 1 0.94623869375 0.848639846875 1 0.5437443328125 1 0.3937213765625 0.848639846875 0.053761306249999995 0.5437443328125 0 0.3937213765625 0
8 0.1702659515625 0.384336659375 0.2678993234375 0.6030253906249999 0.2756538953125 0.5993854078124999 0.2730935625 0.5936331078125 0.333339021875 0.566743928125 0.3359815484375 0.5725519718750001 0.3494258390625 0.5667245796875 0.307269721875 0.473441759375 0.25596096875 0.4962584109375 0.20044785781250002 0.3707589171875 0.1702659515625 0.384336659375
1 0.3513510828125 0.5721284921875001 0.2706630625 0.6082899765625001 0.271321940625 0.609826165625 0.2683143625 0.6110823640625 0.287983221875 0.6551295015624999 0.37169449375 0.617820884375 0.3513510828125 0.5721284921875001
10 0.19213239531249998 0.31410741249999996 0.2113049796875 0.356919928125 0.248034896875 0.34019231875 0.22877571406250002 0.2968901390625 0.19213239531249998 0.31410741249999996
1 0.207722815625 0.69086343125 0.28368835468750003 0.6569647109375001 0.26417865625000003 0.61320266875 0.188249328125 0.6471299859374999 0.207722815625 0.69086343125
6 0.14764499375 0.3330608265625 0.1702361359375 0.384064853125 0.2006555578125 0.3705527890625 0.199394653125 0.3675539 0.20990946250000003 0.3628727234375 0.188959253125 0.3158976625 0.1809925671875 0.31925590625 0.180396121875 0.3182114671875 0.14764499375 0.3330608265625
10 0.1821344125 0.42144098281250003 0.1440364375 0.3351788859375 0.065433196875 0.370611628125 0.10390850781250001 0.45742417343749997 0.1821344125 0.42144098281250003
2 0.18569070781250002 0.6413319765625001 0.2186065796875 0.6265560921875 0.2160355046875 0.6210176765625001 0.25743700625 0.6024689234375 0.259940040625 0.6081952546875 0.2642825203125 0.6063779593749999 0.21229355156250002 0.48939798124999995 0.13345895937500002 0.5241901953125 0.18569070781250002 0.6413319765625001
10 0.1446271828125 0.51300491875 0.1263371625 0.47192669531250003 0.1507138484375 0.46112842499999995 0.1435096671875 0.4451265140625 0.1057025234375 0.46164672656250005 0.1315266515625 0.519402225 0.1446271828125 0.51300491875
7 0.307337459375 0.4730396 0.2520504359375 0.3493712453125 0.2013817359375 0.3717882828125 0.25596096875 0.4962584109375 0.307337459375 0.4730396
13 0.1566643203125 0.4646876609375 0.1321982140625 0.4755431484375 0.1481227640625 0.5114285984375 0.21009691562500002 0.48376058125 0.1849297484375 0.42676032499999994 0.1472619453125 0.44357007031249995 0.1566643203125 0.4646876609375