10 0.686696875 0.3215703125 0.7033125 0.2968796875 0.7062125 0.29886875 0.7146578124999999 0.286403125 0.7280234375 0.29548593749999996 0.7372124999999999 0.28184375 0.737471875 0.282 0.7398078124999999 0.2785890625 0.7021484375 0.25320312500000003 0.6997296875 0.2567328125 0.69978125 0.256853125 0.6695328125 0.301646875 0.6693875 0.3017375 0.6655734375 0.307390625 0.686696875 0.3215703125
10 0.7811140625 0.356065625 0.7809546875 0.356303125 0.7899812500000001 0.3623921875 0.801953125 0.344515625 0.79323125 0.33866406250000003 0.78138125 0.35624687499999996 0.7811140625 0.356065625
1 0.5755484375 0.76766875 0.5710359375 0.77436875 0.606521875 0.7983234375 0.627190625 0.7677125 0.5887703125 0.74180625 0.572603125 0.765715625 0.5755484375 0.76766875
13 0.257125 0.5730875 0.24273906250000002 0.5943796875 0.2644125 0.6090328125 0.2869421875 0.5757234375 0.26129531250000004 0.5584234375 0.2531671875 0.5703671875 0.257125 0.5730875
2 0.20427499999999998 0.650684375 0.243734375 0.6772828125 0.28021875 0.623190625 0.24100468749999998 0.596540625 0.20740625000000001 0.6464015625 0.2069375 0.6467390625 0.20427499999999998 0.650684375
13 0.7034515625 0.30005625 0.6902234375 0.3196140625 0.70489375 0.3296125 0.726565625 0.2974484375 0.71475 0.289478125 0.7063296875 0.301946875 0.7034515625 0.30005625
2 0.8091906249999999 0.40201562500000004 0.8446468749999999 0.3495609375 0.814221875 0.329009375 0.790009375 0.36458124999999997 0.7799546875 0.3578359375 0.76869375 0.37460468750000003 0.8091906249999999 0.40201562500000004
10 0.8476265625 0.3241234375 0.8468546874999999 0.3236171875 0.8396734374999999 0.3342984375 0.840384375 0.3348109375 0.838809375 0.337125 0.84851875 0.34369375 0.85889375 0.3283125 0.8491843749999999 0.32177968749999997 0.8476265625 0.3241234375
10 0.7961625 0.40158125 0.7964328125 0.40115937500000004 0.776178125 0.387453125 0.775878125 0.38789843749999997 0.756609375 0.374903125 0.756890625 0.3745078125 0.73069375 0.35675625 0.73039375 0.3572203125 0.7176375 0.348615625 0.7178890625000001 0.348221875 0.7034625 0.33840625 0.703175 0.33885312500000003 0.6613890625 0.3106125 0.6304140625 0.356665625 0.774578125 0.4539046875 0.8056218749999999 0.4079171875 0.7961625 0.40158125
13 0.45190937499999995 0.09743906249999999 0.426240625 0.134975 0.4492421875 0.15031875 0.47458125000000007 0.11266406250000001 0.45190937499999995 0.09743906249999999
7 0.3995109375 0.2490859375 0.446253125 0.18005312499999998 0.41381562499999996 0.15800625 0.3669984375 0.2273046875 0.3995109375 0.2490859375
1 0.4001125 0.058542187499999995 0.4110390625 0.0659296875 0.4288890625 0.0396078125 0.417853125 0.0320609375 0.4001125 0.058542187499999995
10 0.44738125 0.180853125 0.43690468750000006 0.1962984375 0.4668015625 0.21646562500000002 0.47725937500000004 0.20096093750000002 0.44738125 0.180853125
10 0.46470625 0.1630609375 0.4755234375 0.1469703125 0.460546875 0.1369375 0.44965625 0.153065625 0.46470625 0.1630609375
2 0.5237796875 0.167246875 0.507659375 0.191165625 0.544328125 0.21580781249999997 0.5760953125 0.1687296875 0.5395765625 0.14415 0.523903125 0.1673140625 0.5237796875 0.167246875
10 0.437384375 0.20159687499999998 0.4344796875 0.20591718750000002 0.43740625 0.207903125 0.4402875 0.203578125 0.437384375 0.20159687499999998
2 0.438084375 0.0890078125 0.4315609375 0.09870625 0.443409375 0.10673593750000002 0.4519109375 0.09413125 0.472446875 0.108059375 0.48451875 0.08995468749999999 0.4643453125 0.0763796875 0.48896249999999997 0.0399015625 0.450646875 0.0137921875 0.41411875 0.06795625 0.4159171875 0.06916875 0.41604062500000005 0.0689453125 0.44065000000000004 0.08554843749999999 0.4382921875 0.0891484375 0.438084375 0.0890078125
2 0.4681421875 0.2172609375 0.4439828125 0.253025 0.4747484375 0.27370625 0.50916875 0.222709375 0.4783609375 0.2019296875 0.46805 0.217215625 0.4681421875 0.2172609375
0 0.2341453125 0 0 0.347134375 0 0.7658546875 0.347134375 1 0.7658546875 1 1 0.652865625 1 0.2341453125 0.652865625 0 0.2341453125 0
10 0.48050156250000003 0.0988015625 0.4736765625 0.1088296875 0.47630937500000003 0.11062187500000001 0.4831171875 0.10056562499999999 0.48050156250000003 0.0988015625
10 0.4991515625 0.1146890625 0.4660609375 0.163821875 0.47261406250000004 0.1682234375 0.5057203125 0.1190671875 0.4991515625 0.1146890625
1 0.35352968749999997 0.2065 0.348125 0.21452343749999997 0.36541718749999996 0.225996875 0.3812625 0.20259062499999997 0.36008125 0.188284375 0.3496125 0.2038390625 0.35352968749999997 0.2065
6 0.49042031250000007 0.14475 0.47383593749999997 0.16926875 0.47765625 0.1718296875 0.47654375 0.17347812499999998 0.489659375 0.1823234375 0.5073390625 0.1561109375 0.5064656249999999 0.15552656250000002 0.5084453124999999 0.15258906249999998 0.49870937499999995 0.14600156250000002 0.4967 0.1489390625 0.49042031250000007 0.14475
10 0.43335 0.6373624999999999 0.42484374999999996 0.6500609374999999 0.43484531249999997 0.6568234375 0.44344062500000003 0.6441171875 0.43335 0.6373624999999999
7 0.4607015625 0.7106328125 0.4688390625 0.6985859375000001 0.47486562499999996 0.702615625 0.47592187499999994 0.70104375 0.4218296875 0.6647515625 0.3966984375 0.7020109375 0.40336718749999995 0.7065796875 0.40229375 0.708221875 0.44374531250000004 0.7361828125 0.4447140625 0.7347625 0.45034375000000004 0.738578125 0.4665796875 0.7145625 0.4607015625 0.7106328125
3 0.641821875 0.8673875000000001 0.6647640625 0.8334453125 0.652290625 0.8249796875 0.6468796875 0.8329296875000001 0.64069375 0.82879375 0.6231296875 0.8547781249999999 0.641821875 0.8673875000000001
1 0.5429625 0.8612375 0.522390625 0.8917125 0.5461484375000001 0.907721875 0.566696875 0.8772781249999999 0.5429625 0.8612375
10 0.6031125 0.8409515624999999 0.61615 0.8215875 0.6220265625 0.8255890625 0.626528125 0.8189265625000001 0.6193609375 0.8140562499999999 0.601815625 0.8400765625 0.6031125 0.8409515624999999
8 0.3932859375 0.7023843750000001 0.3919421875 0.70148125 0.3649265625 0.74156875 0.3647890625 0.741615625 0.3627390625 0.7445999999999999 0.36260625 0.744665625 0.35805 0.7514578125 0.4111828125 0.787365625 0.4337328125 0.7538625 0.5548078125 0.8357859375000001 0.555028125 0.8354374999999999 0.557365625 0.8369765625 0.5572390625 0.8371828125 0.587903125 0.8578140624999999 0.6055328125 0.83161875 0.57415 0.8105015625 0.5676046875 0.81998125 0.47321406250000003 0.7563875 0.47329375 0.7562703125 0.45179375000000005 0.7417687500000001 0.4515625 0.7420921875000001 0.44908281250000004 0.7404015625 0.4493125 0.7400609375 0.3955421875 0.7037859375 0.3953015625 0.7041359375 0.39311250000000003 0.7026421875 0.3932859375 0.7023843750000001
1 0.46471406249999997 0.8302890625 0.45458437500000004 0.8453671875 0.5202265625 0.8897328124999999 0.530453125 0.8746 0.46471406249999997 0.8302890625
1 0.43381406250000004 0.76138125 0.4010703125 0.80990625 0.45182500000000003 0.8441078125000001 0.484575 0.7955515625 0.43381406250000004 0.76138125
10 0.5681015625 0.8782015624999999 0.547321875 0.9089921875 0.5501625 0.910959375 0.57089375 0.8800984375 0.5681015625 0.8782015624999999
1 0.47955 0.6974140625 0.484946875 0.689434375 0.47836875 0.68503125 0.48644687500000006 0.6730890625 0.444821875 0.6450125 0.43493281250000004 0.6597109375 0.42223125 0.650990625 0.42667968749999996 0.6443953125 0.3873875 0.6179265625 0.37982499999999997 0.6291203125 0.39855 0.641734375 0.390434375 0.6537859375 0.412675 0.6687875 0.42021875 0.6575484375 0.47955 0.6974140625
10 0.5421828125 0.8000078125 0.560071875 0.7734890625 0.5646421875 0.7765890625 0.5691015625 0.7700328125 0.516403125 0.7345046875000001 0.5097437499999999 0.7443562499999999 0.5320437499999999 0.759396875 0.5163953125 0.7826140625 0.5421828125 0.8000078125
10 0.48467343749999997 0.739371875 0.50281875 0.7516812500000001 0.5148625 0.7338250000000001 0.49381250000000004 0.719646875 0.48173125 0.7375734375 0.4845703125 0.73950625 0.48467343749999997 0.739371875
13 0.5151140625 0.7814062500000001 0.5292125000000001 0.7604515625 0.5086968749999999 0.7466140625000001 0.50303125 0.7549750000000001 0.4911484375 0.74694375 0.48267499999999997 0.759525 0.5151140625 0.7814062500000001
1 0.5568796875 0.8427453125 0.5462765625 0.8584640625000001 0.5721875 0.8758890625 0.5827312499999999 0.8602437500000001 0.5568796875 0.8427453125
10 0.4689140625 0.7012578125 0.46325000000000005 0.7096171874999999 0.46786874999999994 0.712665625 0.46797812499999997 0.7125015625 0.4703609375 0.714125 0.4702828125 0.7142765625 0.47282343750000005 0.7160234375 0.47774062500000003 0.7087343749999999 0.4728875 0.7055125 0.473609375 0.7044421875 0.4689140625 0.7012578125
10 0.6294109375 0.7718671875 0.6244515625 0.7792140625 0.6408125 0.7902390625 0.645803125 0.7828593749999999 0.6294109375 0.7718671875
1 0.5637234375 0.896065625 0.55306875 0.9118421874999999 0.5946953125000001 0.939934375 0.605340625 0.9241531249999999 0.5637234375 0.896065625
2 0.5453125 0.8497281250000001 0.5453203125 0.8495890625 0.55355 0.83735625 0.5241578125 0.8174359375 0.5024921875 0.8496406249999999 0.5321625 0.8695 0.5422203125 0.8545281250000001 0.5421875 0.8543609375000001 0.5453125 0.8497281250000001
13 0.624490625 0.7824093750000001 0.6096250000000001 0.80439375 0.6468640625 0.8296140624999999 0.6618359375 0.8073984375000001 0.624490625 0.7824093750000001
11 0.32215625000000003 0.7205546875 0.310128125 0.738375 0.3290609375 0.7510296875 0.34085624999999997 0.7335046875 0.32215625000000003 0.7205546875
1 0.5674578125 0.8161890625 0.584834375 0.79095 0.57015 0.7812109375 0.5691171875000001 0.7827484375 0.560146875 0.7767046875 0.544025 0.8005734375 0.5674578125 0.8161890625
10 0.48473437500000005 0.7421203125 0.47582031249999995 0.7552453125 0.4811484375 0.7588234375 0.4900125 0.7456796875 0.48473437500000005 0.7421203125
1 0.66875625 0.830025 0.679325 0.8143593750000001 0.6738609375 0.8106249999999999 0.6741625 0.8101593749999999 0.6672078124999999 0.8054890625000001 0.656315625 0.8216531249999999 0.66875625 0.830025
1 0.40960937499999994 0.792159375 0.3524859375 0.75355625 0.35743749999999996 0.7460875 0.34156718750000004 0.7353375 0.3304203125 0.752046875 0.348153125 0.764084375 0.3437734375 0.7706031249999999 0.3989 0.8078078124999999 0.40960937499999994 0.792159375
10 0.399684375 0.6700781250000001 0.394034375 0.6784796875 0.4046453125 0.6856375 0.412734375 0.6736703125 0.3867015625 0.6560875 0.3842546875 0.6597421875 0.399684375 0.6700781250000001
2 0.3625390625 0.7400078125 0.3624953125 0.739840625 0.3895921875 0.699809375 0.351275 0.6741515625 0.32261875 0.7166453125000001 0.3608703125 0.74248125 0.3625390625 0.7400078125
1 0.6064171875000001 0.8263015625 0.613709375 0.815490625 0.601503125 0.8072921875000001 0.6050796875 0.801975 0.5887390625 0.7908859374999999 0.5778 0.8070515625000001 0.6064171875000001 0.8263015625
10 0.487646875 0.6740390625 0.480928125 0.68398125 0.4862640625 0.687496875 0.4929453125 0.6776125000000001 0.487646875 0.6740390625
3 0.37835 0.6340375 0.35152656250000003 0.6738609375 0.3661203125 0.6836171875 0.3929296875 0.6438890625 0.37835 0.6340375
1 0.3178171875 0.55345 0.317978125 0.5531875 0.31048437500000003 0.5481125 0.310303125 0.54838125 0.293690625 0.5372484375 0.2835546875 0.5523281250000001 0.297915625 0.56205625 0.29650937499999996 0.5641578125 0.305453125 0.570225 0.306834375 0.5681234374999999 0.31408749999999996 0.5729062500000001 0.3242578125 0.5579 0.3178171875 0.55345
6 0.46957812499999996 0.7535890625 0.47049062499999994 0.75221875 0.47435312500000004 0.7547734375 0.48370781249999995 0.7408359375 0.47977187499999996 0.7382484375 0.492559375 0.71930625 0.48960468749999997 0.7173640625 0.49233593750000004 0.7132765625 0.48255 0.7067390625 0.479834375 0.7107281249999999 0.47885156249999994 0.7100484375 0.4729015625 0.7188546875 0.46899687500000004 0.716240625 0.4528359375 0.7401890625 0.4564421875 0.7426390625 0.4554890625 0.7440515624999999 0.46957812499999996 0.7535890625
2 0.567640625 0.8926265624999999 0.6068718750000001 0.9192734375 0.640671875 0.869096875 0.6208140625 0.8556671874999999 0.6394765625 0.8279828124999999 0.6277296875 0.820028125 0.622078125 0.8283875 0.61613125 0.8243812500000001 0.6030953125 0.84374375 0.601521875 0.8426828125 0.567640625 0.8926265624999999
13 0.39454687499999996 0.7000921875 0.40304531250000003 0.68749375 0.391196875 0.6794781249999999 0.3968203125 0.6712046875000001 0.38316875 0.6618968749999999 0.3690421875 0.682840625 0.39454687499999996 0.7000921875
2 0.4688578125 0.8268531250000001 0.501240625 0.8487109374999999 0.52288125 0.8167 0.49040625000000004 0.7947421875 0.4688578125 0.8268531250000001
7 0.21278906250000001 0.5105921875 0.1811140625 0.557490625 0.2202734375 0.5840375 0.25195625 0.5369578125000001 0.21278906250000001 0.5105921875
13 0.170125 0.475915625 0.148590625 0.507803125 0.1633671875 0.517615625 0.1847984375 0.48574687499999997 0.170125 0.475915625
2 0.1993984375 0.524625 0.2018203125 0.52094375 0.2020265625 0.520709375 0.2021375 0.520584375 0.175659375 0.5026484375 0.152153125 0.53734375 0.178521875 0.5552875 0.19904375000000002 0.5248109375000001 0.1993984375 0.524625
10 0.1226296875 0.5491937499999999 0.1001390625 0.5825171874999999 0.117959375 0.594571875 0.14046562499999998 0.56129375 0.1226296875 0.5491937499999999
6 0.1342078125 0.487625 0.11560625 0.515240625 0.129121875 0.5244609375 0.130096875 0.5229953125 0.13427031250000002 0.5258109375 0.151734375 0.49960468750000003 0.14676875 0.496375 0.15190937499999999 0.48873437500000005 0.13891718749999998 0.4799703125 0.13389062499999999 0.48741406249999997 0.1342078125 0.487625
10 0.23875312499999998 0.5595234375 0.22354375 0.582075 0.232303125 0.588021875 0.24756406250000002 0.56545625 0.23875312499999998 0.5595234375
3 0.289975 0.5745296875 0.26450625 0.612228125 0.2803453125 0.62295 0.31132499999999996 0.5770390625 0.2793765625 0.5554703125 0.2739203125 0.56365 0.289975 0.5745296875
1 0.15479218749999998 0.48471562500000004 0.1574546875 0.48082343749999995 0.1623421875 0.4841203125 0.17079375000000002 0.47164375 0.1658046875 0.46825 0.16606875000000001 0.46783437499999997 0.1585609375 0.462796875 0.1582859375 0.46317812500000005 0.1519421875 0.45889375 0.1408125 0.475321875 0.1431328125 0.4768875 0.14169062500000001 0.47902500000000003 0.1506015625 0.4851640625 0.152103125 0.48293749999999996 0.15479218749999998 0.48471562500000004
10 0.2163953125 0.4912546875 0.211434375 0.4986265625 0.21649531249999998 0.501953125 0.221428125 0.494640625 0.2163953125 0.4912546875
8 0.1771515625 0.5574265625 0.1774125 0.5570203125 0.1293625 0.524675 0.1290375 0.5251609375 0.1149046875 0.5155734375 0.10394375 0.5317453125 0.10575937500000002 0.533003125 0.105846875 0.5328734374999999 0.17589531249999998 0.5801046875 0.1538875 0.6127546875000001 0.15377968749999998 0.6127343749999999 0.15104062499999998 0.6168328125 0.20108125000000002 0.650534375 0.204671875 0.6452296875 0.204671875 0.64486875 0.23845156250000002 0.5948765625 0.23422187499999997 0.5920234375 0.2341546875 0.5921406250000001 0.23094062499999998 0.589971875 0.23112343750000003 0.5897359375 0.22113906249999998 0.5829359375000001 0.21942499999999998 0.58545625 0.1801953125 0.5589140625 0.1799234375 0.559315625 0.1771515625 0.5574265625
10 0.2862296875 0.5321625 0.27811875 0.5442234375 0.2841546875 0.5483140625 0.2922828125 0.5362281249999999 0.2862296875 0.5321625
1 0.2733859375 0.52964375 0.2736328125 0.5292765625 0.266040625 0.5241359375 0.2658109375 0.524496875 0.24363281250000002 0.5096015625 0.24388593749999998 0.5092265625 0.22941093750000002 0.49945000000000006 0.22918124999999998 0.499790625 0.2227953125 0.49558125000000003 0.21651875 0.5048843749999999 0.2078984375 0.49903593749999997 0.20898750000000002 0.49738906250000003 0.2073484375 0.49628281249999995 0.207609375 0.49586406250000004 0.19313125 0.48609843750000004 0.1928859375 0.4864625 0.188428125 0.4834875 0.1783328125 0.4984875 0.1825109375 0.5013484375 0.1820171875 0.502125 0.1969328125 0.51214375 0.197409375 0.5114171875 0.2046390625 0.5162656250000001 0.2125265625 0.5044734375 0.22250625 0.5112484375 0.2220140625 0.511953125 0.23701093750000002 0.5220453125 0.237503125 0.521315625 0.2576015625 0.534840625 0.240690625 0.5598953125 0.2527796875 0.5679624999999999 0.2612625 0.5553328125 0.27233593749999996 0.5627328125 0.281346875 0.549228125 0.2754359375 0.545275 0.2820265625 0.535496875 0.2733859375 0.52964375
10 0.1468421875 0.5096671875000001 0.13558125000000001 0.5263828125 0.15088437500000002 0.5366734375 0.1620984375 0.5200609375 0.1468421875 0.5096671875000001
10 0.1576640625 0.48324375 0.1494796875 0.49534218750000003 0.153128125 0.49785312499999995 0.1613171875 0.48569218750000004 0.1576640625 0.48324375
2 0.088003125 0.525753125 0.0654578125 0.559125 0.0987296875 0.5815328125 0.12123906250000001 0.54830625 0.088003125 0.525753125
10 0.2411484375 0.5938234375 0.25448593750000004 0.5740515625 0.2504734375 0.5713453125 0.25247031249999996 0.568440625 0.25088750000000004 0.5673546875000001 0.23557968749999997 0.5900671875 0.2411484375 0.5938234375
2 0.14869062500000002 0.6152828125 0.15147187499999998 0.611159375 0.15144375000000002 0.611003125 0.171121875 0.581921875 0.14168750000000002 0.56203125 0.11923125000000001 0.5953953125 0.14869062500000002 0.6152828125
1 0.0608859375 0.58385 0.060643749999999996 0.5842046875 0.07803750000000001 0.5959546875 0.07830000000000001 0.595565625 0.090440625 0.6037874999999999 0.09018593750000001 0.6041484374999999 0.10164218750000001 0.6118578125 0.1019046875 0.61146875 0.11244687499999999 0.6185984375 0.112184375 0.61896875 0.12958750000000002 0.6307078125000001 0.1298421875 0.63033125 0.1441703125 0.6399953125 0.1439171875 0.6403734375 0.181984375 0.666034375 0.1822546875 0.6656515625 0.1964625 0.6753015625 0.1962078125 0.6756796875 0.210603125 0.6853703125 0.21090468750000002 0.6848562499999999 0.2111609375 0.684978125 0.22265000000000001 0.66795625 0.2077890625 0.6578953125 0.20725625 0.6586703125 0.20219218749999998 0.655171875 0.20121406249999998 0.6566046875 0.1925546875 0.6507953125 0.1930578125 0.6500703125 0.15449531249999998 0.624075 0.1540421875 0.6247671875 0.1402484375 0.6155328124999999 0.1407515625 0.6147875 0.12289375 0.6027734375 0.12242187499999999 0.6034546875 0.1122921875 0.596640625 0.11277812499999999 0.5959203125 0.100815625 0.5878296875 0.1003203125 0.588565625 0.088746875 0.5807156250000001 0.0892203125 0.58001875 0.071303125 0.56791875 0.07080468749999999 0.56864375 0.062696875 0.563184375 0.0526140625 0.578203125 0.0608859375 0.58385
11 0.224328125 0.6685296875 0.2126015625 0.6859453125 0.22996406249999998 0.6976921875000001 0.2417078125 0.6802640625 0.224328125 0.6685296875
3 0.490284375 0.040749999999999995 0.4667703125 0.075571875 0.48564375000000004 0.08834375 0.5092359375 0.0534078125 0.490284375 0.040749999999999995
11 0.4356140625 0.00595625 0.4193328125 0.0300390625 0.431209375 0.038071875 0.447475 0.013939062499999998 0.4356140625 0.00595625
13 0.468246875 0.14053593749999999 0.46901093749999995 0.139421875 0.47677500000000006 0.144603125 0.497434375 0.1140359375 0.48283906249999997 0.10425781249999999 0.461378125 0.13590312499999999 0.468246875 0.14053593749999999
8 0.41092812500000003 0.12965312499999998 0.38342187499999997 0.1110953125 0.3836015625 0.1108421875 0.3718125 0.1029078125 0.3298671875 0.165025 0.3840390625 0.201384375 0.41456406250000005 0.1561296875 0.5103015625 0.2209390625 0.5217359375 0.204096875 0.42243125 0.1374078125 0.4249484375 0.1336578125 0.4251796875 0.1337796875 0.44229843750000003 0.10839375 0.4303515625 0.1004375 0.41294062499999995 0.12627968750000002 0.4131421875 0.1264296875 0.41092812500000003 0.12965312499999998
10 0.346525 0.21393125 0.3508859375 0.207465625 0.3469890625 0.2048359375 0.3587765625 0.1873078125 0.3549203125 0.1846734375 0.3387296875 0.20865781249999998 0.346525 0.21393125
10 0.5091171875 0.1555078125 0.49208281249999997 0.1806890625 0.5063875 0.1903578125 0.5233953125 0.165121875 0.5091171875 0.1555078125
2 0.3855359375 0.108003125 0.3857828125 0.10765781249999999 0.41194218749999995 0.1252609375 0.436865625 0.0882015625 0.39913906250000003 0.062340625000000004 0.373715625 0.1000515625 0.3855359375 0.108003125
10 0.7625859375 0.2528296875 0.7473171875 0.275378125 0.7691734375 0.2901046875 0.765365625 0.295659375 0.8010343750000001 0.31963125 0.8047437499999999 0.31411406249999996 0.8363781250000001 0.3354859375 0.8465453125 0.3203921875 0.822334375 0.30407812500000003 0.827384375 0.29655312500000003 0.7625859375 0.2528296875
8 0.7598765625 0.30041875 0.7571609375 0.304465625 0.757203125 0.30458124999999997 0.739659375 0.3306484375 0.716834375 0.3152359375 0.705515625 0.33199999999999996 0.7667734375 0.37331875000000003 0.7791750000000001 0.3546984375 0.7789328125 0.35453437499999996 0.7952328125 0.33033437499999996 0.795428125 0.33026093749999996 0.7981625 0.326209375 0.7598765625 0.30041875
10 0.79769375 0.3320640625 0.7945234375 0.33671093750000003 0.8031593750000001 0.342534375 0.8139687500000001 0.3265359375 0.8053578124999999 0.32064375 0.7976656249999999 0.3318734375 0.79769375 0.3320640625
10 0.737134375 0.28725625 0.7180078125 0.3156609375 0.7378671875 0.3290546875 0.7569874999999999 0.3006515625 0.737134375 0.28725625
10 0.7430328125 0.278621875 0.73863125 0.285146875 0.7594390625 0.2992 0.7638578125000001 0.29266875 0.7430328125 0.278621875