10 0.7329937046875 0.720194759375 0.719282034375 0.689340221875 0.700957125 0.6973844015624999 0.714839796875 0.728450146875 0.7329937046875 0.720194759375
2 0.7896887296874999 0.886652396875 0.7875785671875 0.8878826656250001 0.7706748453125 0.8499162874999999 0.772741984375 0.8488813421874999 0.7596736640625 0.8195294125 0.7370028828125 0.8280119265625 0.770700378125 0.903697740625 0.7726600218749999 0.9027670984375 0.7706695140625001 0.8982348796874999 0.7877027046875 0.890420315625 0.7899734390625001 0.89552046875 0.7929888187499999 0.8940068968749999 0.7896887296874999 0.886652396875
2 0.7439818765624999 0.916330753125 0.7415653343749999 0.9109722578125 0.75864516875 0.903646615625 0.7606498 0.9079416468750001 0.7680138328125 0.9046629671875 0.7347986359374999 0.8306865859375 0.7013814140625 0.8448157500000001 0.734964378125 0.920278896875 0.7439818765624999 0.916330753125
1 0.7241843593749999 0.731425340625 0.7979595203125001 0.8985292312500001 0.6924536921875 0.94493903125 0.698650715625 0.9588731421875 0.8160441625000001 0.9066062125000001 0.7358298796875 0.726538025 0.7241843593749999 0.731425340625
11 0.5596904359375 0.7711104421874999 0.5429078875 0.73357756875 0.5308790734375 0.7389485359375 0.5476097046875 0.776422425 0.5596904359375 0.7711104421874999
10 0.4652656484375 0.25842360625 0.45580865312499996 0.2625486140625 0.4683966578125 0.2910368625 0.4779348296875 0.28683295468750003 0.4652656484375 0.25842360625
0 0.39372172031249997 0 0.03969701875 0.1576219515625 0.4147478890625 1 0.6062782796875 1 0.9603029812500001 0.8423780484375 0.5852521109375 0 0.39372172031249997 0
13 0.41482884374999995 0.25195888593750004 0.43518089375 0.2978585734375 0.4639960046875 0.2848599328125 0.4436219796875 0.2390760734375 0.41482884374999995 0.25195888593750004
1 0.280662721875 0.09736028906250001 0.2686728453125 0.102595903125 0.35146421562499996 0.288498425 0.3633811828125 0.2831259453125 0.280662721875 0.09736028906250001
1 0.4664389625 0.2537484375 0.47836462968750004 0.2483378765625 0.44018669531250004 0.16261956718749998 0.42818875468749995 0.1678946890625 0.4664389625 0.2537484375
9 0.388684346875 0.050158775 0.3708344078125 0.0101900875 0.333794421875 0.0266813515625 0.351578346875 0.06662470000000001 0.388684346875 0.050158775
8 0.2852290875 0.100275309375 0.28936131875000004 0.109617915625 0.29150224375 0.1086065625 0.336307265625 0.20918266562499999 0.33418041718749997 0.2101296 0.3385401875 0.22001399843749997 0.4050191609375 0.1901505453125 0.3325003265625 0.027401190625 0.3192176625 0.03317134375 0.2995678703125 0.04191999375 0.3189854453125 0.0853366609375 0.2852290875 0.100275309375
1 0.390601496875 0.33326924999999996 0.40197364999999996 0.358888353125 0.45624622812500004 0.33479990000000004 0.444922784375 0.309186475 0.390601496875 0.33326924999999996
1 0.280544509375 0.089334846875 0.266070728125 0.0568338828125 0.254100428125 0.0621634046875 0.2685656453125 0.09466818125000001 0.280544509375 0.089334846875
2 0.27539546875 0.0707283453125 0.28522009531250003 0.09284091718750001 0.31357283593749996 0.0802174640625 0.297041346875 0.043044874999999996 0.2708083171875 0.054724571875 0.277462775 0.0697053 0.27539546875 0.0707283453125
3 0.45436469218750003 0.2589942609375 0.46371670624999994 0.2549330984375 0.45585702968749997 0.2373299171875 0.4538170765625 0.23821079687500002 0.43684238437499995 0.20015800156250002 0.43888085937500004 0.1992008140625 0.43265333906250003 0.18521357656249998 0.3901509703125 0.20416079531250003 0.4103833484375 0.249499740625 0.4436458609375 0.23484253906250002 0.45436469218750003 0.2589942609375
10 0.49257244843750003 0.2802491609375 0.4799362453125 0.25180631875000004 0.4678225375 0.25715179843749997 0.48052589062499995 0.2856571046875 0.49257244843750003 0.2802491609375
7 0.706425953125 0.9328003031250001 0.7040387921875 0.9274885890625001 0.7176671375 0.9212156140625 0.7200179484375 0.9264956218749999 0.7318935046874999 0.9213605062499999 0.7031411890625 0.8565282046875 0.66602583125 0.8734840390624999 0.694540915625 0.9379909515625 0.706425953125 0.9328003031250001
10 0.6247187234375 0.6913138375 0.6204787515625 0.6930887109375 0.6420094546875 0.7415012437499999 0.6363463046875 0.744082503125 0.6472705578125 0.7686764 0.657157009375 0.763818 0.6247187234375 0.6913138375
13 0.596322565625 0.7040164843750001 0.602982309375 0.7188323750000001 0.594064703125 0.7229395765625 0.6078980578125 0.7537946703125 0.6389572671875 0.739136690625 0.6190872484375001 0.6942966140625 0.596322565625 0.7040164843750001
10 0.7134409671874999 0.72888480625 0.6996231984375 0.6980877671875 0.6905555328124999 0.7019847015625 0.7043214 0.7329878578125 0.7134409671874999 0.72888480625
10 0.70186543125 0.8535129859374999 0.697578253125 0.84400675625 0.689834184375 0.8474152984375 0.69421231875 0.8569990484375 0.70186543125 0.8535129859374999
1 0.607323859375 0.9102583375 0.6403707984375 0.9848210328125001 0.652519525 0.9794120718749999 0.6193238375 0.9047035171875001 0.607323859375 0.9102583375
3 0.6643647875 0.8109621593749999 0.6350436296875 0.7455091234375 0.6077275656250001 0.7577565374999999 0.6366763046874999 0.8233411765625 0.6643647875 0.8109621593749999
12 0.6333475046875 0.5734280609375 0.6763630671875 0.6702615640625 0.6752156125 0.670815203125 0.6880329015625 0.699603303125 0.689357915625 0.6990988875 0.690188578125 0.7010106859375 0.719167378125 0.6881991421875 0.6618501390625 0.5605189421875 0.6333475046875 0.5734280609375
2 0.34709809375 0.23328865 0.36734831875 0.27874450781250004 0.3651401078125 0.279727665625 0.38641325625 0.327550196875 0.43535608124999997 0.3056739296875 0.3901609625 0.204156346875 0.34114335156250003 0.2259376328125 0.3448902359375 0.234326384375 0.34709809375 0.23328865
7 0.38990371874999996 0.053074242187499995 0.35165464687500003 0.0702457875 0.4051037609375 0.190213790625 0.42994325 0.179053625 0.4228190984375 0.1629564828125 0.43616114531249994 0.1570162203125 0.4093074125 0.09661339375 0.40706084843749996 0.0976563890625 0.393445309375 0.0670292875 0.3956419140625 0.06600853749999999 0.38990371874999996 0.053074242187499995
11 0.3647046140625 0.28674764375 0.35323023125 0.2922959328125 0.37175050781249996 0.334039134375 0.3834414140625 0.32868520625 0.3647046140625 0.28674764375
1 0.45074359375000006 0.15049290937499998 0.385358353125 0.0037236109375 0.3733966171875 0.00904931875 0.4387818390625 0.1557878390625 0.45074359375000006 0.15049290937499998
10 0.6003006234375 0.716316546875 0.595062209375 0.7046545984375 0.5874486812499999 0.7080221250000001 0.592694771875 0.719778146875 0.6003006234375 0.716316546875
13 0.73907415625 0.7799810375 0.7209515875 0.7389313421875 0.7002789359375 0.7480755375 0.7186604953125 0.789245953125 0.73907415625 0.7799810375
1 0.5940038515625 0.848083596875 0.5609632328124999 0.7742073671874999 0.5490450546875 0.779669325 0.5820649546875 0.8533991359374999 0.5940038515625 0.848083596875
2 0.6366763046874999 0.8233411765625 0.5858820765625 0.7088136921875 0.54349439375 0.727496053125 0.5684298515624999 0.78344054375 0.570625215625 0.7824631046875 0.590654978125 0.82776569375 0.588435271875 0.8288805375000001 0.5967497578125001 0.8469174828125 0.6184390984375 0.8376404687499999 0.616112321875 0.8324797484375001 0.6366763046874999 0.8233411765625
10 0.685764225 0.8023324593750001 0.667993390625 0.7627527234375 0.6487079625 0.77142466875 0.666444328125 0.8111805249999999 0.685764225 0.8023324593750001
8 0.6941936859375 0.9373416734375001 0.66592163125 0.8735304328125 0.6940921453125 0.8602748874999999 0.6871181359375 0.844995159375 0.7572349593750001 0.813760034375 0.75549671875 0.8099826562500001 0.753325621875 0.8109492906250001 0.74322834375 0.78820896875 0.7455910140625 0.7864010578125 0.7439484875 0.7824544984374999 0.6176794859375 0.839810475 0.621014090625 0.8473001203124999 0.622972771875 0.84610993125 0.6400907 0.8843691921874999 0.63794454375 0.88538800625 0.6420760578125 0.8946060734374999 0.6219687421875 0.9036217109375 0.6282117656249999 0.918027928125 0.6303833828125 0.917127765625 0.6572085828125 0.9773243687500001 0.6961969890625 0.9599656109374999 0.687605565625 0.940569078125 0.6941936859375 0.9373416734375001
4 0.6591759453125 0.69593934375 0.630706346875 0.632087778125 0.6077328015625 0.6424103296875 0.636101053125 0.70630701875 0.6591759453125 0.69593934375
6 0.6755514078125 0.7494760874999999 0.6767508375 0.7524620078125001 0.6670143296875 0.756627653125 0.6894735515625 0.8069067046875 0.7187725671875 0.7941920437500001 0.6964389265625 0.7438108999999999 0.6919991578125 0.7457363015625 0.690581959375 0.74283365625 0.68919754375 0.743477403125 0.6907996437499999 0.7469835828125 0.6787220859375 0.7525370265625 0.67705688125 0.7488468562499999 0.6755514078125 0.7494760874999999
10 0.6676068640625 0.7493342234375 0.6490578078125 0.7077338234375 0.63879188125 0.71236608125 0.6572702031250001 0.753999684375 0.6676068640625 0.7493342234375
5 0.612050421875 0.5830674874999999 0.664658528125 0.7010735671874999 0.649559359375 0.7075926156250001 0.6680564999999999 0.74913403125 0.7015886421875 0.7341258828125 0.630585084375 0.57457245 0.612050421875 0.5830674874999999