12 0.60203375625 0.8293645406250001 0.6105927484375 0.78900746875 0.5964978984375 0.7861936203125001 0.5879973374999999 0.8263810078124999 0.60203375625 0.8293645406250001
10 0.35238523437499997 0.607880678125 0.3383958921875 0.604856034375 0.33756684375 0.6087563984375 0.3515506859375 0.6117543140625 0.35238523437499997 0.607880678125
6 0.26626471875 0.8657477312499999 0.2571546640625 0.8638991859375 0.25338935937499996 0.8819817953125 0.2624749234375 0.883802771875 0.26626471875 0.8657477312499999
10 0.3221886484375 0.6682465953125 0.3155323203125 0.66675826875 0.31446280781249997 0.6719477453125 0.32113408125 0.6733657671875 0.3221886484375 0.6682465953125
10 0.3271886453125 0.59235748125 0.3250299203125 0.5918794609375 0.32081967968749997 0.6118674515625 0.3229739375 0.6122838203125001 0.3271886453125 0.59235748125
11 0.3718695734375 0.4926463671875 0.3616029453125 0.49039224375 0.3586390359375 0.5040207015625 0.369040853125 0.5061949359375 0.3718695734375 0.4926463671875
7 0.35447835 0.5194618234374999 0.34641834843749997 0.5178812015625 0.34782904062500003 0.5114623593750001 0.334728759375 0.5086889890624999 0.32839839375 0.538275621875 0.32923196093749996 0.53842724375 0.3277314015625 0.545870090625 0.3362969203125 0.5476651890625 0.3360097640625 0.548963546875 0.34822963906250004 0.5515050515625 0.3497070671875 0.544659509375 0.3603734609375 0.546926721875 0.361071825 0.5435209328124999 0.3602676078125 0.5432988734374999 0.3650157015625 0.520840603125 0.3658633265625 0.5210463296875 0.3686343328125 0.507836921875 0.35748956249999997 0.5054680281249999 0.35447835 0.5194618234374999
2 0.30605445468750003 0.610313634375 0.3027669625 0.60961485625 0.303164253125 0.6076705953125 0.30642590468750003 0.6082504656250001 0.310523846875 0.5889861921875 0.2916162640625 0.5847883515625 0.290475909375 0.5900330546875 0.2913201734375 0.59018695 0.2865476265625 0.6126400234375 0.2857437109375 0.6124691453125 0.2846382046875 0.617670140625 0.3035896828125 0.6216840234375 0.30605445468750003 0.610313634375
13 0.28440140625 0.73058045625 0.2787546421875 0.7294904203125 0.27568614375 0.744016753125 0.28448907343749996 0.74584474375 0.2888351515625 0.7254431453125 0.28679221875 0.724968971875 0.2857380421875 0.7299284859374999 0.28456466406250003 0.7297222062500001 0.28440140625 0.73058045625
10 0.29878097656249997 0.7647384453125 0.292125296875 0.7632470609374999 0.2910542578125 0.7684362124999999 0.29772705781250003 0.7698545609375 0.29878097656249997 0.7647384453125
13 0.32382635625 0.5930852640625 0.311695796875 0.590506834375 0.3078333734375 0.608790840625 0.31991322968749997 0.6113297390625 0.32382635625 0.5930852640625
2 0.2558418859375 0.743902465625 0.2550226875 0.7437283390625 0.25315408125 0.752519440625 0.2721805203125 0.7565939859374999 0.2810876015625 0.71443395 0.2621191796875 0.7104020875 0.25981785 0.7213567484375 0.2605996078125 0.7214590203125 0.2558418859375 0.743902465625
2 0.2179528875 0.917857484375 0.2160573984375 0.926692390625 0.21688932656249998 0.9267765734375001 0.2121312203125 0.949251884375 0.2112532875 0.9491962609375 0.21113299218749998 0.94976971875 0.23016560468749997 0.9538152265625 0.23695449062499999 0.9219586984375001 0.2179528875 0.917857484375
10 0.332041115625 0.5694006421875 0.3298821625 0.568916184375 0.325671596875 0.5889057015625 0.327826178125 0.5893205421875 0.332041115625 0.5694006421875
8 0.274839340625 0.663672478125 0.29458793125 0.667836625 0.2917992046875 0.680888915625 0.297681403125 0.6822015140625 0.3128124015625 0.611812378125 0.306807934375 0.610473790625 0.303998646875 0.623960996875 0.284204803125 0.6196865953125 0.2831460703125 0.624795296875 0.283940371875 0.6250264296875 0.2767886375 0.658537421875 0.275916153125 0.6584110734374999 0.274839340625 0.663672478125
4 0.3508773125 0.614764465625 0.3396032453125 0.61234253125 0.3337628546875 0.63987201875 0.34505954375000003 0.6422476453125 0.3508773125 0.614764465625
6 0.3362061125 0.5498359328125 0.3270960578125 0.5479873890625 0.323331728125 0.5660654140625 0.3324181703125 0.5678897703125 0.3362061125 0.5498359328125
2 0.3121908015625 0.49198333906249997 0.3113700734375 0.49180888749999996 0.30950114218749997 0.5006015171875 0.3285294359375 0.504674859375 0.3374365171875 0.46251482343749994 0.3184696234375 0.4584832859375 0.316167415625 0.469434565625 0.3169488484375 0.46953836562499995 0.3121908015625 0.49198333906249997
7 0.251352946875 0.8913218796875 0.250458378125 0.89117166875 0.2440679953125 0.9209579984375 0.257261815625 0.923674575 0.2586458546875 0.9173059765625 0.266655965625 0.9190085781249999 0.26369442187500003 0.933076825 0.274814375 0.9354196781249999 0.2777263359375 0.92218591875 0.2768307203125 0.9219955499999999 0.2816136640625 0.8994935703125 0.28242369218749996 0.899665746875 0.2831420421875 0.8962035046875 0.272536709375 0.8939045437500001 0.27395896249999996 0.8870856125 0.25290533593750003 0.883875671875 0.251352946875 0.8913218796875
10 0.3317222234375 0.5862845453125 0.329987540625 0.5859158265625 0.32774999375 0.5963073828125001 0.3295167359375 0.5966605515625 0.3317222234375 0.5862845453125
6 0.41576012812499996 0.152446928125 0.40686557187499994 0.1506441890625 0.39924053593750003 0.18632928437500001 0.40764296250000004 0.1880274171875 0.41576012812499996 0.152446928125
2 0.391524134375 0.0939867359375 0.390637009375 0.0939818734375 0.3895422234375 0.09913243125 0.408542740625 0.103171115625 0.41640637500000005 0.06645369375 0.397323015625 0.0624740765625 0.3961804765625 0.06784930312500001 0.3970177125 0.0679761453125 0.391524134375 0.0939867359375
10 0.42849316093749995 0.178892484375 0.42496375156250005 0.1780767921875 0.423852871875 0.1833932546875 0.42739137656250004 0.184166153125 0.42849316093749995 0.178892484375
2 0.38308418125 0.1336710421875 0.382193615625 0.13369739687499999 0.38111117656250004 0.13878987812500002 0.40012615 0.14292588281250002 0.4079013015625 0.10635418593749998 0.38886400781249997 0.10231567187499999 0.38778070468750003 0.10747985156249999 0.38858461875 0.1076507296875 0.38308418125 0.1336710421875
3 0.40657564375 0.2822392640625 0.40575827656249996 0.2821166453125 0.40822578906249996 0.27062064218750004 0.40898538125000006 0.2707820984375 0.41037620468749997 0.2643590328125 0.39539770625 0.2612008125 0.38987649375 0.287394021875 0.404789575 0.29058945468749997 0.40657564375 0.2822392640625
11 0.4566115421875 0.046838875 0.44776545624999997 0.0449809453125 0.4439526984375 0.063008740625 0.4527376125 0.06483130468750001 0.4566115421875 0.046838875
4 0.4508693828125 0.1280908765625 0.43844086875 0.125493840625 0.4320069484375 0.155943425 0.44437669687500003 0.1585088 0.4508693828125 0.1280908765625
10 0.41116561875 0.260645128125 0.41033564843750003 0.260423984375 0.41357402031249996 0.245278821875 0.41438095625000004 0.245427978125 0.414750521875 0.24354651249999998 0.39984952812499996 0.240467065625 0.39590069843750003 0.2593604875 0.41078073125000003 0.262500971875 0.41116561875 0.260645128125
2 0.37485906562500004 0.17220934999999998 0.3740174515625 0.1721406796875 0.3729285890625 0.177308471875 0.391987396875 0.1812908578125 0.3997685203125 0.14450318281250002 0.38073735625 0.14054104843749998 0.379602878125 0.1459084046875 0.38045454218749997 0.14598240468749998 0.37485906562500004 0.17220934999999998
11 0.43278348906249997 0.1592266234375 0.42393740468749996 0.15736869375 0.420124646875 0.1753964890625 0.4289095609375 0.177219053125 0.43278348906249997 0.1592266234375
5 0.447683028125 0.06706514999999999 0.4358871796875 0.0645578640625 0.4318618140625 0.08349571875 0.43737931718749995 0.084555084375 0.4266803125 0.1348899484375 0.421153778125 0.1337152484375 0.41716887343750003 0.1527032359375 0.43063979999999996 0.15556656875 0.43706914374999994 0.1253188828125 0.4353772546875 0.12495926093750001 0.447683028125 0.06706514999999999
10 0.42842020625000005 0.1226386609375 0.423777046875 0.1215766484375 0.4215650609375 0.131983221875 0.4262163421875 0.133007025 0.42842020625000005 0.1226386609375
2 0.356306725 0.27089933906249997 0.355557484375 0.2707943953125 0.353659965625 0.27972152031249997 0.3781940453125 0.2849619578125 0.38802311718750004 0.23927593749999998 0.3634428828125 0.233974571875 0.3611574796875 0.24472655468750001 0.3618657203125 0.2448515375 0.356306725 0.27089933906249997
7 0.449373465625 0.0299908234375 0.44232706093749996 0.028473895312500004 0.43561728593750004 0.059995809375 0.44278672812500003 0.06147499375 0.449373465625 0.0299908234375
7 0.4220923734375 0.15837584843750002 0.41512134375 0.15670721406250002 0.4083373828125 0.18830760625 0.4152974828125 0.18963686562499998 0.4220923734375 0.15837584843750002
10 0.43358648750000006 0.098333221875 0.42890344999999996 0.0973761484375 0.4267154234375 0.107752671875 0.4313894453125 0.108669490625 0.43358648750000006 0.098333221875
8 0.3612321671875 0.23221556250000003 0.36406719375 0.23277343906249998 0.364463871875 0.23085460625 0.387920490625 0.2360161796875 0.41064268593750003 0.12934211874999998 0.4040600578125 0.12794293750000002 0.3923138734375 0.18311420625 0.3725571828125 0.17893555781249998 0.3710468984375 0.1860408828125 0.371927675 0.1861657984375 0.3640022140625 0.22330936562499998 0.363192259375 0.22318193281249998 0.3612321671875 0.23221556250000003
6 0.44158689375 0.028378865625 0.433234871875 0.026541290625000002 0.42567046093750005 0.0621290515625 0.4340030921875 0.06392257031250001 0.44158689375 0.028378865625
6 0.4342056453125 0.06557740937499999 0.42543400781249996 0.0637976015625 0.421381028125 0.08286536718750001 0.4301221296875 0.0847888390625 0.4342056453125 0.06557740937499999
13 0.4255906609375 0.08646296406250001 0.41356410468749993 0.0836207046875 0.4096423484375 0.10212372343750001 0.42175120625 0.10464642500000002 0.4255906609375 0.08646296406250001
6 0.4201037109375 0.13192179843750002 0.41143629531250003 0.130012390625 0.4073789453125 0.14901053749999998 0.4160895171875 0.150949884375 0.4201037109375 0.13192179843750002
8 0.411508021875 0 0.40820768906250005 0.0155268421875 0.4073491890625 0.015409856250000001 0.405849078125 0.02233204375 0.425575565625 0.0265250390625 0.41387522499999996 0.08183384375 0.42038755468750005 0.0830902890625 0.43812381718750004 0 0.411508021875 0
10 0.398866540625 0.24142423281249997 0.3886881578125 0.23914573749999998 0.3878171359375 0.24340138906250003 0.3980251640625 0.24545775625 0.398866540625 0.24142423281249997
10 0.4248181015625 0.10987009218749999 0.42174812968750003 0.1092526921875 0.41746877343750005 0.1291525109375 0.42054535312499997 0.1298064578125 0.4248181015625 0.10987009218749999
2 0.399673675 0.055743859375 0.3987918140625 0.055556414062500004 0.39765154687500004 0.06092094218750001 0.416684559375 0.0650096640625 0.42449446249999995 0.028071559375 0.4054725484375 0.0240283265625 0.4043613953125 0.0294437703125 0.4051954796875 0.02957793125 0.399673675 0.055743859375
7 0.4381419796875 0 0.4344436265625 0.017322399999999998 0.43539579218749996 0.0175247890625 0.4337716078125 0.0249781 0.44951861718749997 0.028345996875 0.451102665625 0.020841025 0.4520320171875 0.0211056546875 0.447328990625 0.043231659374999995 0.45271230156250003 0.04431361875 0.45421741562499995 0.037052246875 0.45846220625 0.0380870890625 0.46174468593749995 0.0226893265625 0.460914390625 0.0224697125 0.46568327812500004 0 0.4381419796875 0
13 0.3923804140625 0.2463121921875 0.387556925 0.245286928125 0.38373074375 0.26318248125 0.388553865625 0.26431469375 0.3923804140625 0.2463121921875
10 0.43107159843750004 0.11048048125000001 0.42631657343749996 0.10954644531249999 0.42411238593749995 0.1199163375 0.42879509687499995 0.12087493906249999 0.43107159843750004 0.11048048125000001
12 0.46312767343749994 0.0703224515625 0.4491346625 0.0673225875 0.4374796109375 0.1221026921875 0.45160163750000004 0.1250517078125 0.46312767343749994 0.0703224515625
13 0.393642759375 0.26600019218750004 0.38345437968749996 0.26381381875 0.378974578125 0.2851150859375 0.3891092578125 0.2872309421875 0.393642759375 0.26600019218750004
10 0.436238875 0.086117746875 0.4315495703125 0.0851976796875 0.42930701875 0.09559775625 0.4339713890625 0.0965524578125 0.436238875 0.086117746875
13 0.42056675937500004 0.11021880937499999 0.4084739 0.107538171875 0.40456575937499994 0.12615749999999998 0.41664690000000004 0.1286152046875 0.42056675937500004 0.11021880937499999
13 0.3974266609375 0.247416753125 0.3926102 0.24641854218749998 0.388815140625 0.2643255015625 0.3935784109375 0.265363525 0.3974266609375 0.247416753125
7 0.42430346406249997 0.1779140796875 0.41905420624999995 0.1769229140625 0.41628714218749996 0.19000856093750002 0.41612666562499995 0.18997445156249998 0.41423551718749996 0.19872881250000002 0.41337658125 0.19854624062499998 0.414887196875 0.1913115953125 0.3991755890625 0.18790489999999999 0.3975921015625 0.195286990625 0.3966532484375 0.1951497296875 0.38793890468750003 0.23606482187500002 0.4151806109375 0.2417034703125 0.4173587953125 0.23138076562499998 0.41658615625 0.23118299062499997 0.4229928796875 0.2013122765625 0.4237389828125 0.20149961875 0.42710011562499994 0.185754365625 0.4227965328125 0.1848683640625 0.42430346406249997 0.1779140796875
10 0.42969088437499997 0.086855271875 0.42655727499999996 0.0862291375 0.4223888390625 0.106155728125 0.4254348515625 0.106803178125 0.42969088437499997 0.086855271875
2 0.2685340484375 0.6973346328125001 0.2676554671875 0.6972820671875 0.265386778125 0.7080455890625 0.284396465625 0.712086221875 0.29335361249999997 0.6700438546874999 0.274352659375 0.6659395828125 0.2724590234375 0.6747732859375 0.2732899765625 0.674862053125 0.2685340484375 0.6973346328125001
10 0.26570903281249997 0.9202545515624999 0.25905182656250003 0.9187628437500001 0.25798319375 0.9239556999999999 0.2646529375 0.9253733984375 0.26570903281249997 0.9202545515624999
6 0.3226444234375 0.6139693312500001 0.31353469375 0.6121192578125 0.3097693890625 0.6302018671875 0.31885648125 0.6320231671875 0.3226444234375 0.6139693312500001
10 0.2752734046875 0.8383054359375001 0.27353872031250004 0.83793671875 0.2713008484375 0.8483298015624999 0.273067915625 0.8486814421875 0.2752734046875 0.8383054359375001
13 0.23515766562499998 0.9348911609374999 0.23207324062499998 0.9492895109375 0.23765265468750002 0.9505010109375001 0.23743465000000002 0.951579246875 0.2386032734375 0.951747775 0.23780279843750002 0.9554385625 0.23986455 0.9558768000000001 0.2438861046875 0.9367464468750001 0.23515766562499998 0.9348911609374999
13 0.26746231875 0.8448350453125 0.2553332890625 0.842256940625 0.2514699859375 0.8605375656250001 0.263550721875 0.863079846875 0.26746231875 0.8448350453125
10 0.2727355828125 0.8502449500000001 0.27101006875 0.84987818125 0.2686217125 0.8609341515625 0.2703651671875 0.8612616046875001 0.2727355828125 0.8502449500000001
13 0.23188088593749998 0.950171925 0.2310765046875 0.95400884375 0.2366473609375 0.955192965625 0.23745985625000002 0.9514456296875 0.23188088593749998 0.950171925
13 0.2868944625 0.718693725 0.2813185484375 0.7174206703125 0.278965890625 0.7286168125 0.2844836171875 0.7298104078125001 0.2868944625 0.718693725
10 0.32915250625 0.5984041765625 0.32742852031249997 0.59803773125 0.3250379859375 0.6090964328124999 0.326781440625 0.6094238859375001 0.32915250625 0.5984041765625
8 0.21842151406250002 0.9152319171875 0.23816760312500002 0.919400325 0.23538170468750003 0.9324468265625001 0.24137826406250001 0.9337549796875001 0.25639239687500004 0.86337455 0.250389459375 0.8620362874999999 0.247581146875 0.8755189078125 0.2277860015625 0.8712506187500001 0.2266190828125 0.8766653906249999 0.2275697203125 0.8768674546874999 0.2203672328125 0.9105721265625 0.21945527812500001 0.9104661421875001 0.21842151406250002 0.9152319171875
2 0.2496048390625 0.8622480953125 0.2463173453125 0.8615493171875 0.2467156109375 0.8596004718750001 0.2499772625 0.8601803421875 0.2540752046875 0.84091606875 0.2351651171875 0.8367224890625 0.2340266171875 0.8419659890625001 0.23487088125 0.842119884375 0.230098334375 0.86457295625 0.22929289062499997 0.8644017546875 0.22818803437500002 0.8695996921875 0.2471395109375 0.8736135765625 0.2496048390625 0.8622480953125
2 0.2993124671875 0.5487158359375 0.298175471875 0.5540123703125001 0.29896501875000003 0.554205753125 0.29416033124999996 0.5767574234375 0.293316065625 0.5766035265625 0.2922475515625 0.5817357078125001 0.31125149375 0.5856680953125 0.3157989421875 0.5644243359375001 0.31827018906250004 0.552745425 0.2993124671875 0.5487158359375
10 0.27794316406249997 0.8256399906249999 0.2762141515625 0.8253347765625 0.2738838421875 0.836252928125 0.275613903125 0.8365983 0.27794316406249997 0.8256399906249999
13 0.3408226125 0.4786894734375 0.3351758484375 0.47759943906249996 0.33210767343750003 0.49212424375 0.340910603125 0.493952234375 0.3452557078125 0.47355522031249997 0.34321375 0.4730764625 0.3421595734375 0.47803597656249996 0.3409861953125 0.47782969687500004 0.3408226125 0.4786894734375
10 0.27077956875 0.844259028125 0.268583684375 0.8438130453125 0.2643452828125 0.86379824375 0.26650328437500004 0.864234578125 0.27077956875 0.844259028125
13 0.27248021875 0.8211450171875001 0.260349659375 0.8185665875 0.2564887640625 0.8368509171875 0.2685679703125 0.8393928734375 0.27248021875 0.8211450171875001
8 0.24318328125000002 0.7990826625 0.2629315484375 0.8032483390625 0.260143146875 0.8162990999999999 0.2661397046875 0.817607253125 0.2811553671875 0.7472271484374999 0.2751515515625 0.7458855046874999 0.2723425875 0.7593711828124999 0.25254776875 0.7551013656250001 0.2514915390625 0.76020580625 0.2522843140625 0.760436615625 0.2451325796875 0.7939476062499999 0.244321709375 0.7937944203125 0.24318328125000002 0.7990826625
10 0.2770834328125 0.8864095140625 0.27566511875 0.8861080421875001 0.27461381406249996 0.8912870125 0.275973578125 0.89148818125 0.2770834328125 0.8864095140625
10 0.27561291718750003 0.8212869421875 0.2734548421875 0.8208058656249999 0.2692439515625 0.8407969124999999 0.27139733125 0.8412099 0.27561291718750003 0.8212869421875
4 0.294384725 0.866780846875 0.2831091296875 0.8643585859374999 0.2772687375 0.8918880734375 0.2885654265625 0.8942637 0.294384725 0.866780846875
5 0.320563875 0.6300778328125001 0.33381869062499997 0.6329207890624999 0.3381926328125 0.612343009375 0.335400896875 0.6118294765625001 0.3372773 0.6030016953125 0.3527153 0.606200078125 0.3558067609375 0.5917009890625 0.3402620125 0.5886891765625 0.3475093609375 0.5549237546875 0.337068003125 0.5525973484375 0.3329931203125 0.5718809 0.3354601296875 0.572486746875 0.3272140171875 0.611394384375 0.324661315625 0.6109061015624999 0.320563875 0.6300778328125001
7 0.2980304828125 0.7715308390625 0.2899689546875 0.7699498921875 0.291381175 0.763531375 0.27835378125 0.7606856421875 0.2719505265625 0.7903446375 0.27278409375 0.790496259375 0.2712835359375 0.7979391078125 0.279849053125 0.7997342062499999 0.279561896875 0.8010325625 0.291781446875 0.8035755968749999 0.29326072812500004 0.7967288515625001 0.303924065625 0.7989954125 0.3046251625 0.7955918015625 0.3038182125 0.795367565625 0.308567834375 0.7729096203125 0.30941393125 0.773115021875 0.312186140625 0.7599074671875 0.30103984375000004 0.7575382484375 0.2980304828125 0.7715308390625
5 0.26417108749999996 0.8817975421875 0.27742743124999997 0.8846408234375 0.2818007234375 0.8640661 0.2790096359375 0.8635495109375 0.2808860390625 0.8547217296875 0.29629893125 0.8580457625 0.29939533906250004 0.8435684921875 0.283871078125 0.8404076828125 0.29111689687500003 0.8066419359375001 0.280674565625 0.8043201156249999 0.27660000625 0.8236021375 0.2790691953125 0.8242052531249999 0.2708205796875 0.8631171500000001 0.26827005625 0.8626261375000001 0.26417108749999996 0.8817975421875
10 0.33443031093750003 0.5735665437499999 0.3327028265625 0.5732616546875 0.3303725171875 0.58417980625 0.332100725 0.5845263828125 0.33443031093750003 0.5735665437499999
2 0.35686114999999996 0.505177909375 0.3576174203125 0.50530990625 0.3613564921875 0.48759870781250003 0.360535884375 0.48736358125 0.36425773125 0.46986117812500006 0.3650711640625 0.46997976562500005 0.365418440625 0.46834595312499994 0.34796774375 0.4648092140625 0.341355725 0.49605159375 0.338299721875 0.495368475 0.3359519515625 0.506286109375 0.35575142187500003 0.510398771875 0.3565362875 0.506706265625 0.35686114999999996 0.505177909375
13 0.293867321875 0.6996268062500001 0.2950359453125 0.699795334375 0.2939402296875 0.7048450578125001 0.29601635000000004 0.7052607921875 0.3003187765625 0.68479400625 0.2915903375 0.6829387203125 0.288507440625 0.6973373953124999 0.2940850015625 0.6985500984375 0.293867321875 0.6996268062500001
12 0.308016778125 0.8029627187499999 0.2940355203125 0.7998774937500001 0.2853686734375 0.8404113171875001 0.2994132125 0.8433566406249999 0.308016778125 0.8029627187499999
10 0.2908992015625 0.71658176875 0.28837243125 0.71600155625 0.28692802031250003 0.7227518828124999 0.2894596640625 0.72330916875 0.2908992015625 0.71658176875
2 0.31190080625 0.7162487828125 0.3155977203125 0.6987810156250001 0.3164658265625 0.6989655359375 0.32031108750000004 0.68119065 0.31946607656250003 0.6810477781250001 0.3205860234375 0.675869021875 0.30088136875 0.6714154984375 0.2985465859375 0.682399790625 0.3016231359375 0.682903575 0.2950245546875 0.7143532796875001 0.312402128125 0.7180837375 0.31274492343750004 0.7163131921875 0.31190080625 0.7162487828125
11 0.27453658124999997 0.9370347140625 0.2642709265625 0.9347760062500001 0.26130604375 0.9484090500000001 0.2717088359375 0.9505786984375 0.27453658124999997 0.9370347140625
6 0.2797741796875 0.801905140625 0.2706647734375 0.800053540625 0.26689979375 0.8181346218750001 0.2759853578125 0.819955596875 0.2797741796875 0.801905140625
10 0.3334969296875 0.634344375 0.332136921875 0.6340616859375 0.330981859375 0.639255340625 0.332380778125 0.639640546875 0.3334969296875 0.634344375
11 0.31545153593749997 0.7446051125 0.30518588125 0.7423464046875 0.302220996875 0.7559794484375 0.31262128749999996 0.7581533578124999 0.31545153593749997 0.7446051125
10 0.347334525 0.464714553125 0.3448062265625 0.4641340171875 0.343362465625 0.47088128593749995 0.345893459375 0.47144162968750003 0.347334525 0.464714553125
13 0.2939163765625 0.699396025 0.28833828437500003 0.6981257015625 0.2859871546875 0.70932216875 0.2915024734375 0.7105120578124999 0.2939163765625 0.699396025
10 0.295900390625 0.8597629250000001 0.2819120234375 0.856733696875 0.281082975 0.8606340609375 0.2950668171875 0.8636319765625 0.295900390625 0.8597629250000001
11 0.330973240625 0.6848530937499999 0.32070846406250003 0.6825977671875 0.3177442296875 0.6962277546875 0.3281445203125 0.6984016640624999 0.330973240625 0.6848530937499999
7 0.3078347546875 0.6393862734375 0.3069392125 0.639240646875 0.30055100625 0.6690242453125 0.313744178125 0.671743878125 0.31512886562500003 0.665372221875 0.323138978125 0.6670748234375 0.32017645781250004 0.6811476562500001 0.3312967375 0.68348898125 0.33420717031249997 0.6702548984375001 0.3333130828125 0.670064853125 0.33809602499999997 0.6475628734375001 0.3389060546875 0.64773505 0.3396228765625 0.6442724828124999 0.329019071875 0.6419738484375 0.3304394703125 0.63515611875 0.3093861703125 0.6319446515625 0.3078347546875 0.6393862734375
8 0.2995889015625 0.5471372515625 0.3193344359375 0.5513007484375 0.3165475625 0.5643518359375 0.32254324218749997 0.5656566078124999 0.3375589046875 0.49527650312500004 0.3315574953125 0.4939385640625 0.3287476546875 0.5074208609374999 0.30895130625 0.50315071875 0.30789563124999997 0.5082600703125 0.3086875265625 0.5084874968750001 0.30151750312500003 0.5420920437500001 0.3006738875 0.541935090625 0.2995889015625 0.5471372515625
10 0.295789378125 0.707516009375 0.2932614046875 0.7069339453125 0.29181666875 0.7136857984375 0.2943507203125 0.7142467921875 0.295789378125 0.707516009375
2 0.3004676984375 0.7571562578125001 0.30122735 0.7572873765625 0.304963040625 0.7395770578125 0.304144284375 0.7393407265625 0.3078673375 0.721840175 0.30867924062499996 0.7219584390625 0.3090265171875 0.7203246265625001 0.29157582031249996 0.7167878875 0.284962596875 0.7480284140625 0.28190779843749997 0.7473471484374999 0.279560028125 0.7582647828125 0.29935764531250003 0.7623786484374999 0.30014218593750003 0.7586876703125001 0.3004676984375 0.7571562578125001
13 0.3432919546875 0.46691431406249995 0.337716040625 0.465641259375 0.33536370781249997 0.4768358734375 0.3408811078125 0.478030996875 0.3432919546875 0.46691431406249995
13 0.3289407109375 0.5691218140625 0.31681168125000003 0.566543709375 0.312947728125 0.584827390625 0.32502693437499997 0.587369346875 0.3289407109375 0.5691218140625
10 0.3552132859375 0.5127651609375 0.34855695781249996 0.511276834375 0.347487446875 0.5164663109375 0.35415871875 0.5178843328125 0.3552132859375 0.5127651609375
2 0.25911140781249997 0.8175382296875 0.25582194375 0.8169013312500001 0.25610295 0.8155793046875001 0.2594057265625 0.8162813312500001 0.26196769375 0.8047542875 0.2428287984375 0.8007804374999999 0.2417382296875 0.80603891875 0.2425634828125 0.8062446812499999 0.23778098124999997 0.8286844562500001 0.23696718749999998 0.828545025 0.235884534375 0.83370615 0.2548001640625 0.8378210375 0.25911140781249997 0.8175382296875
2 0.26010026875 0.950917865625 0.2639448796875 0.9331460359375001 0.263098340625 0.9330028390624999 0.2642182875 0.9278240828125 0.2445151625 0.9233708843749999 0.24218135312500003 0.9343505921874999 0.245257903125 0.9348543765624999 0.2407418265625 0.956063271875 0.2573550515625 0.9595945218749999 0.259230634375 0.9507330203125001 0.26010026875 0.950917865625
12 0.364411153125 0.5512129953125 0.3504314234375 0.548128096875 0.3417664296875 0.588660715625 0.3558087921875 0.5916087703125 0.364411153125 0.5512129953125
13 0.580156303125 0.773493484375 0.5840140828125 0.755238840625 0.5719705859374999 0.7519201484375 0.5677314390625 0.7715857078125 0.580156303125 0.773493484375
8 0.5261578234375001 0.8512069828125 0.5250601890625 0.8564160390625 0.54876834375 0.8611758171874999 0.54536158125 0.8770455531250001 0.5518766515625 0.87850705 0.56893365 0.7982000609375001 0.5623855171875001 0.7969392 0.5596058859374999 0.8099486953125 0.535989115625 0.805082146875 0.53482780625 0.8102600984375 0.5356928187500001 0.8104215984375 0.5269235296875 0.8513697390624999 0.5261578234375001 0.8512069828125
13 0.5493842156250001 0.89868765 0.553269728125 0.880573084375 0.54836121875 0.87960961875 0.5445148734374999 0.8976526390625 0.5493842156250001 0.89868765
8 0.6887439984375 0.035879628125 0.688683071875 0.034144671875 0.6862313390625 0.035781637500000005 0.684425253125 0.04436878125 0.68524598125 0.044543231249999996 0.6757819234375 0.089158303125 0.6748688390625001 0.0890952078125 0.674375971875 0.091646934375 0.6925195921875 0.0956137 0.766263503125 0.050441615625000005 0.766386425 0.045451884375 0.7396585421874999 0.0397706984375 0.73938369375 0.053328576562499994 0.6963340984374999 0.0795015671875 0.6974193765625001 0.030792485937500003 0.6963846796875 0.030572554687499996 0.696378096875 0.031144625 0.6887439984375 0.035879628125
10 0.6967474359375 0.18313815 0.691543009375 0.1819360703125 0.6905682015625 0.186717571875 0.7004975515625 0.1887322765625 0.7060346109375 0.162750096875 0.7013284203125 0.1617817140625 0.6967474359375 0.18313815
10 0.7102312484375 0.162185284375 0.70768540625 0.16168727968750002 0.70568600625 0.1712365046875 0.70812831875 0.17175563437500002 0.7102312484375 0.162185284375
10 0.7278791 0.16266016875 0.721157775 0.161199559375 0.721017765625 0.16562337031250002 0.726947078125 0.1669172296875 0.7278791 0.16266016875
13 0.663775678125 0.312525996875 0.6589414890625 0.3114984578125 0.65514123125 0.329429871875 0.659959525 0.330479590625 0.663775678125 0.312525996875
11 0.63398978125 0.6564550859375 0.637772459375 0.63858383125 0.6307598249999999 0.6368328734375 0.6267827296874999 0.6551979343750001 0.63398978125 0.6564550859375
10 0.7114136734375001 0.1307776046875 0.6963315953125 0.1398830265625 0.6960848921875 0.1533686140625 0.7110554015624999 0.1442394765625 0.7114136734375001 0.1307776046875
13 0.693221646875 0.0981350765625 0.6927031046875001 0.11973841249999999 0.7016898890625 0.11396029218749999 0.702152503125 0.0925223796875 0.693221646875 0.0981350765625
10 0.6933605765624999 0.3032253640625 0.6896781125 0.30257361875 0.688043178125 0.3105885296875 0.6915966796874999 0.311388578125 0.6933605765624999 0.3032253640625
6 0.7121503390624999 0.1080353546875 0.7144430500000001 0.10665052500000001 0.713783359375 0.126182371875 0.7210782234375 0.121675575 0.7220521109375 0.0795177453125 0.7149500109375 0.08371887812499999 0.714894890625 0.0851655953125 0.712642715625 0.0866453015625 0.7121503390624999 0.1080353546875
2 0.6922603796875 0.0984339359375 0.6738472234375 0.09427729375 0.6730514359375 0.097833296875 0.6738676140625001 0.0980291453125 0.6643951109375 0.14268395312499998 0.6635652140625 0.14250755312500002 0.661950125 0.14991806875 0.6842768171875 0.1547516109375 0.6913513828125 0.1216938546875 0.687592534375 0.120717575 0.6922603796875 0.0984339359375
13 0.7111491640625001 0.09806079375 0.702248275 0.1034498328125 0.7020659375 0.11375428750000001 0.710944246875 0.1083061375 0.7111491640625001 0.09806079375
6 0.7374141453124999 0.07116191093749999 0.72281713125 0.07999185 0.7223424859375001 0.1006221125 0.7369012921875 0.09178404999999999 0.7374141453124999 0.07116191093749999
1 0.685932340625 0.33814240624999997 0.6776271984375 0.33640744375 0.67343324375 0.356213596875 0.6816787234375 0.3579662265625 0.685932340625 0.33814240624999997
13 0.767410178125 0.0713877453125 0.7702600359375 0.06969643125 0.7699982171875 0.08044244687499999 0.782423828125 0.072772328125 0.7830271609375 0.0489889828125 0.7732334578125 0.046907267187500004 0.7679761593750001 0.05009480625 0.767410178125 0.0713877453125
6 0.7131048296875 0.126338459375 0.713486484375 0.108670790625 0.6975820203125 0.118248359375 0.697103275 0.1362675875 0.7131048296875 0.126338459375
0 0.3187449890625 0 0.1209401421875 0.9305986374999999 0.4474478796875 1 0.6812550109375 1 0.8790598578125 0.0694013625 0.5525521203125 0 0.3187449890625 0
13 0.658699359375 0.31145018593749996 0.6538773984375 0.310425246875 0.6500350546875 0.3283141703125 0.654857090625 0.329383853125 0.658699359375 0.31145018593749996
4 0.7400258359375 0.1653203109375 0.729286715625 0.16295936718749998 0.72318580625 0.1916618859375 0.7339215890624999 0.1939182890625 0.7400258359375 0.1653203109375
2 0.7165442515625 0.0428510296875 0.716145221875 0.06598133125 0.7378313999999999 0.052650390625 0.7381729796875 0.039454932812499996 0.720457809375 0.03568945625 0.7203613421874999 0.0404420046875 0.7165442515625 0.0428510296875
10 0.7699430734375 0.111634478125 0.7776397171875 0.1069734703125 0.7775738265625 0.1087038328125 0.7781877578125 0.10828801562499998 0.7789058515625 0.0767576765625 0.769819796875 0.0822287609375 0.769552846875 0.0928411015625 0.7661727765624999 0.09489254999999999 0.7659072609375001 0.106505171875 0.76930316875 0.10446188281249999 0.76909650625 0.11378355312499999 0.7699224874999999 0.1132418859375 0.7699430734375 0.111634478125
10 0.6885730031249999 0.11935892343750001 0.6918787984375 0.12003922812500001 0.6923433953125 0.10184607187500001 0.6885730031249999 0.11935892343750001
1 0.7303878140625 0.11774558125000001 0.7299415625 0.137595953125 0.738855209375 0.1322671328125 0.73930958125 0.11237855156250001 0.7303878140625 0.11774558125000001
7 0.74115968125 0.108431646875 0.740428028125 0.108800078125 0.739886359375 0.1316620484375 0.7452662796875 0.12831846875 0.7452710734375 0.1265974828125 0.7585097609375 0.11856665468750001 0.7584359703125 0.12046945625000001 0.7648411046875 0.11642847812499998 0.766273721875 0.0504837234375 0.742114825 0.0652347125 0.7421133156249999 0.0684132328125 0.7382485234375 0.070813715625 0.73755605 0.0981051890625 0.741592853125 0.0958498921875 0.74115968125 0.108431646875
2 0.6875247765625 0.1587326453125 0.6821799687500001 0.1575071171875 0.6771666984375 0.1810927 0.68248271875 0.1822657859375 0.6875247765625 0.1587326453125
6 0.6856190453125001 0.2074989578125 0.7086891750000001 0.212359534375 0.712081384375 0.1964004453125 0.699473978125 0.193720659375 0.7001845765625 0.190189678125 0.690374209375 0.188193875 0.6893769062499999 0.19316387968749998 0.68865403125 0.1930325921875 0.6856190453125001 0.2074989578125
8 0.6901099578125 0.1817640515625 0.6836346109375 0.1805665828125 0.6719434765625001 0.23556904531249998 0.6450063562499999 0.2299328390625 0.644198425 0.23373385937500002 0.645031378125 0.23391090937499998 0.634964178125 0.28117566875 0.6341601890625 0.2809600484375 0.6324894234375 0.28882038125 0.6658328625000001 0.29568570781250003 0.6901099578125 0.1817640515625
2 0.66472360625 0.29855209375 0.6319010390625001 0.291618571875 0.6307555234375 0.2969101 0.6315055843749999 0.2970487640625 0.6243801343750001 0.330616459375 0.623627128125 0.3305442609375 0.620524496875 0.3449531171875 0.644490640625 0.3500472796875 0.6534115 0.3081681203125 0.6622562046875 0.3101152109375 0.66472360625 0.29855209375
12 0.7371320375 0.2128957953125 0.7180489890625 0.2088395671875 0.71444561875 0.2257920875 0.7334531656250001 0.229857825 0.7371320375 0.2128957953125
5 0.7419118515625 0.1949026296875 0.7411022953125 0.1987112921875 0.7211303046875 0.1943431140625 0.7265353578125 0.1685836703125 0.720143775 0.167225096875 0.721077496875 0.12486544375 0.7122912421875001 0.13015105625 0.7116271421875 0.15948845 0.7085503671875 0.173760634375 0.7052613453125 0.17306153124999998 0.701434153125 0.190939296875 0.714110334375 0.193633703125 0.7076255421875 0.22433764374999998 0.71444659375 0.225787503125 0.7180502890625 0.2088334546875 0.7371470921875 0.21289260468750001 0.7334883765625 0.22983495937499998 0.7424842843749999 0.23161930625 0.7499413890625 0.196671659375 0.7419118515625 0.1949026296875
3 0.7827230265625 0.1038304171875 0.788407096875 0.10042369375 0.7884028796875 0.1020968796875 0.7925899421875 0.09950292187500001 0.7933482374999999 0.0681967796875 0.779521790625 0.0759716875 0.778979459375 0.1078700484375 0.7824971625 0.105764790625 0.7827230265625 0.1038304171875
10 0.767036840625 0.083988609375 0.7663912484375001 0.08446319062499999 0.7661806921875 0.093344746875 0.7688045906250001 0.0918146625 0.769278559375 0.07202928593749999 0.7673506234375 0.0732536375 0.767036840625 0.083988609375
10 0.6959258328125 0.12291378281250001 0.6922926015625 0.12504400468750002 0.685949140625 0.1551581921875 0.6951590125 0.1571158109375 0.6959258328125 0.12291378281250001
13 0.6457283875 0.3483950796875 0.655803271875 0.3505141984375 0.6599488359375 0.3310108515625 0.6497318453125 0.329011684375 0.6457283875 0.3483950796875
2 0.679378159375 0.1969617671875 0.6740736359375 0.19587738593749998 0.6690129859375 0.21945289843750002 0.6743602671875 0.22052400468750002 0.679378159375 0.1969617671875
13 0.79325625 0.066420078125 0.7936966109375 0.05125684375 0.7839441734375 0.0491839 0.7833916375000001 0.07233748281249999 0.79325625 0.066420078125
10 0.6911685859375 0.31344769375000003 0.6763619421875 0.3101423 0.6718116078125 0.33175285 0.677012778125 0.332767340625 0.6765985796875 0.33471599531249996 0.6862589390625 0.3366735234375 0.6874890796875001 0.33081852500000003 0.686623321875 0.33066804843750003 0.689884509375 0.31546064375 0.690715934375 0.31563736875 0.6911685859375 0.31344769375000003
2 0.70837270625 0.2137507 0.6857366671875 0.20900475468750002 0.6780543703124999 0.24583100781249997 0.7043391406249999 0.2514851 0.7050966453124999 0.24787623124999997 0.704280540625 0.2477251265625 0.7075090937499999 0.23258107187500002 0.708311878125 0.2327948390625 0.7093397421875001 0.22795912187499998 0.7055493828125 0.2271310921875 0.70837270625 0.2137507
13 0.7113912390625 0.0871220875 0.7025314984375 0.092580575 0.7022880625 0.10289440624999999 0.7111769890625 0.0975315765625 0.7113912390625 0.0871220875
10 0.6755807515625001 0.3097893578125 0.6636213328125 0.307224940625 0.6629433453125 0.31041461875 0.674929728125 0.31285218124999997 0.6755807515625001 0.3097893578125
7 0.682009334375 0.30950088125 0.687283696875 0.31049418906250004 0.68932884375 0.300759803125 0.6936543328125 0.3017606828125 0.6952775296875 0.29423687656249997 0.6944259328125 0.294004746875 0.7000122375 0.26777585312499996 0.7008576843750001 0.2679843109375 0.7039920921875 0.25312535 0.6762396046875 0.24712414218749998 0.6658548796875 0.29553703750000004 0.66619661875 0.295635234375 0.6643383843749999 0.304099475 0.6823069515625 0.3079954875 0.682009334375 0.30950088125
13 0.7001996265625 0.162733446875 0.6879852734374999 0.160165959375 0.6841873140625 0.1786952921875 0.69626621875 0.18118606718750002 0.7001996265625 0.162733446875
10 0.7685386671875001 0.10641275312500001 0.7658698328125 0.10795884375 0.7656441968750001 0.115904309375 0.7683252203125 0.1143384453125 0.7685386671875001 0.10641275312500001
10 0.7401274812499999 0.11044701875 0.7404506046875 0.09796966406249999 0.7365962140625 0.1001934484375 0.7367639390625 0.093392196875 0.7222798953125 0.10210398125 0.721893425 0.12121468124999998 0.7232452984375 0.120340715625 0.723290753125 0.1188568015625 0.7291474234375 0.1152918828125 0.7290528859375 0.1171870796875 0.7401274812499999 0.11044701875
2 0.673336975 0.19559301093749998 0.6532071359375 0.1913286578125 0.6520108312499999 0.1967914953125 0.6527639125 0.1969084375 0.6472109640625 0.22311566875 0.6464471859375001 0.222996453125 0.6453398046875 0.22825135937500002 0.671564859375 0.2338256671875 0.674033434375 0.222114240625 0.6680197531250001 0.220879121875 0.673336975 0.19559301093749998
2 0.6814631046875 0.15751288593749999 0.6612797796875001 0.153109371875 0.6602255515625 0.15830209687500002 0.6609598859375 0.1584997171875 0.6554094046875 0.184680315625 0.6546310734375 0.1844717453125 0.6535404234375 0.189813275 0.6797478171875 0.19553078906250002 0.6821969218749999 0.1838583546875 0.6761064250000001 0.182563778125 0.6814631046875 0.15751288593749999
2 0.7153324640625 0.06646830468750001 0.7159475937499999 0.042163515624999995 0.719715 0.03993561875 0.7198036734375 0.035550415625 0.6981759125 0.03095329375 0.6971089 0.07750975624999999 0.7153324640625 0.06646830468750001
3 0.67455569375 0.31434133124999997 0.6647364078125 0.3122973078125 0.6610893812499999 0.32964309531249997 0.6708524437500001 0.331673571875 0.67455569375 0.31434133124999997
3 0.676479640625 0.33459167500000003 0.6607945265625 0.3313008296875 0.6566763984375 0.35076528125 0.6723915765624999 0.3538245015625 0.676479640625 0.33459167500000003
2 0.566139028125 0.8590918453124999 0.564544915625 0.8665164046875 0.5555193484375 0.8645484421875 0.55253196875 0.878700653125 0.559481578125 0.8800867859375 0.5553673265625 0.8992549421874999 0.57444141875 0.903240578125 0.5740458625 0.9052443109375 0.5807303125 0.9063823937500001 0.582284365625 0.8992815796875 0.5814186593749999 0.8992285546875 0.58620965 0.8766436234375 0.5870349984375001 0.8768414203124999 0.5882000281249999 0.8714054796875 0.5798260281250001 0.869738946875 0.5813546656249999 0.8623819390625 0.566139028125 0.8590918453124999
10 0.59322171875 0.7515555390624999 0.5903498640625 0.7509003812499999 0.5849026515625 0.7765725906250001 0.58785386875 0.777177528125 0.59322171875 0.7515555390624999
2 0.5669396718749999 0.772161803125 0.57120605625 0.752270409375 0.5677902171875 0.751566715625 0.5681495156249999 0.749876353125 0.5715293 0.7506219046875 0.5739309375 0.7391502375 0.5510573984375 0.7342515765625001 0.5499074734375 0.739451115625 0.5507194734375 0.7395614125 0.5459846109375001 0.762167859375 0.5451111156249999 0.7620237249999999 0.5439900171875001 0.76729808125 0.5669396718749999 0.772161803125
7 0.6236841906249999 0.7108159734374999 0.6263489140625 0.6980088859375 0.6251460984375 0.69775321875 0.6250300703125 0.6982013890625 0.6244827875000001 0.698070684375 0.6242548593749999 0.6992857859375 0.61694320625 0.6977316453125 0.6162078906249999 0.7015592828125 0.600428746875 0.6981621921875 0.5989151125000001 0.705418559375 0.5981459140625 0.7051895671875 0.6014936093750001 0.689567653125 0.5925657234374999 0.6876060765625 0.5862018359375 0.716719140625 0.5959329140625 0.7188099078125 0.5940293703124999 0.7278555578125 0.618879959375 0.73304985625 0.62095625 0.7236048328125 0.6201075406250001 0.7233365765624999 0.622687296875 0.710688740625 0.6236841906249999 0.7108159734374999
7 0.595856996875 0.8415672921875 0.5978692437500001 0.831867446875 0.573147175 0.8265870515625 0.571164740625 0.83577088125 0.5614541390625 0.8337866984375 0.5552247312499999 0.86285326875 0.5642488140624999 0.8647154875 0.567544840625 0.8489308375 0.5684327125 0.8489246765624999 0.5668087109375 0.8561591828124999 0.5825389078125001 0.8595235046875 0.5817582875 0.863474096875 0.5890764015625 0.8649752984375001 0.5887874515625 0.8662445203125 0.5892782078125001 0.866310496875 0.589206140625 0.8667472437500001 0.590463934375 0.867120025 0.593213890625 0.8541824953124999 0.5924530578125 0.8539968140624999 0.59513874375 0.84145935 0.595856996875 0.8415672921875
2 0.5360329187499999 0.9174163390625001 0.540628903125 0.8956285953125 0.54397386875 0.89623735625 0.545884034375 0.8869726703125 0.542738375 0.8862529234375 0.54748788125 0.8641863171875 0.5243791437499999 0.8592744046874999 0.5223540859375 0.8684859140625001 0.5232857703125 0.8687095093750001 0.5162060734375 0.901964253125 0.515405828125 0.901768596875 0.5131152265625001 0.9125450328125 0.5360329187499999 0.9174163390625001
10 0.592170684375 0.669466615625 0.593433571875 0.6636153828125 0.5908215375 0.66301545 0.5895698968749999 0.6690016578125 0.592170684375 0.669466615625
3 0.6253828515625 0.6566735031250001 0.62953019375 0.636793546875 0.61205933125 0.633073609375 0.60787370625 0.6529007015625 0.6253828515625 0.6566735031250001
2 0.607463315625 0.6543805265625 0.6034314453125 0.6734767390624999 0.5964940328125 0.6719430421875 0.5934207546875 0.6858230078124999 0.6025093390625 0.687952925 0.6009226109375 0.695553171875 0.6161706515625001 0.6984428125 0.617731378125 0.6912204171874999 0.6261412609375 0.6928083171874999 0.6272086828125001 0.687741396875 0.626388503125 0.687699646875 0.6311534390625 0.66506445 0.6319727109375 0.66528331875 0.6336081421875 0.6579649828125 0.626944903125 0.6567195906250001 0.62660499375 0.658454009375 0.607463315625 0.6543805265625
6 0.5655325796875 0.817973471875 0.5744531859374999 0.8199542687499999 0.5786928109375 0.7999182125 0.569730771875 0.7982225328125 0.5655325796875 0.817973471875
10 0.586632159375 0.7183169625 0.583817271875 0.7311240812500001 0.592877615625 0.7330035921875 0.594088353125 0.72702945625 0.593547240625 0.7268697125 0.5950180390625001 0.7200403328125 0.586632159375 0.7183169625
10 0.6141247515625 0.7725860921875001 0.615070896875 0.76789434375 0.608310809375 0.766420703125 0.60727030625 0.7714661890625 0.6141247515625 0.7725860921875001
2 0.58596400625 0.6831102578125 0.5904443828125 0.6614305265625 0.593789953125 0.6621416499999999 0.595933578125 0.6521694171875 0.5925029890625 0.6515200921875001 0.597156415625 0.6298228328125 0.57417224375 0.6248735 0.571821490625 0.635835228125 0.5727476734375 0.63603209375 0.565661059375 0.6693269015625 0.5648032093750001 0.6692068578125 0.5629884125 0.6781355921875 0.58596400625 0.6831102578125
11 0.5766143125000001 0.9260773234374999 0.580455178125 0.9079548640624999 0.5734418921875 0.9062069625 0.569465446875 0.9245689671875 0.5766143125000001 0.9260773234374999
10 0.625794515625 0.6944997484375001 0.6180579421875 0.6928329265625 0.6172164078125 0.6965740890625 0.6250300703125 0.6982013890625 0.625794515625 0.6944997484375001
10 0.6066591421875 0.7712452296875 0.6077102921875001 0.766435228125 0.6009993265625 0.7649033390625 0.599986378125 0.7698492531250001 0.6066591421875 0.7712452296875
13 0.5496321703125 0.8987611203125001 0.554592740625 0.899727665625 0.5585585828124999 0.8813554203124999 0.55349955625 0.88024335 0.5496321703125 0.8987611203125001
13 0.5978642671875 0.6703589390625 0.60171570625 0.652427221875 0.596883628125 0.6512244171875 0.59294183125 0.6693557734375 0.5978642671875 0.6703589390625
10 0.7111294328125 0.1459804125 0.6960251015625001 0.1550251953125 0.695955284375 0.1572850640625 0.710526259375 0.1604892453125 0.71074486875 0.159513371875 0.7111294328125 0.1459804125
2 0.5592813 0.808146515625 0.5617105734375001 0.796492228125 0.5582993515625 0.7959396703125 0.558620440625 0.7945718515625 0.5620312578125 0.7952089859375 0.566255865625 0.7751984921874999 0.5432912375 0.770254909375 0.5421529203125 0.77561026875 0.543066478125 0.7757613203125 0.538307846875 0.798051221875 0.5374806015625 0.797960046875 0.5363294390625 0.803466025 0.5592813 0.808146515625
3 0.5403162546875 0.8974151328125 0.5377499703125 0.9096313374999999 0.5416808640624999 0.9104445109375 0.5401060531249999 0.9181239671875 0.55031095 0.9204656046874999 0.5543455703125 0.9006575328125 0.5403162546875 0.8974151328125
8 0.552508865625 0.7273478015625 0.5513763968750001 0.73267565 0.5750381984375 0.737518225 0.5722138343750001 0.7507306671875 0.5786757515625001 0.752254346875 0.5957885078125 0.67174515625 0.5892396734375 0.6703899 0.5860095359375 0.6862252953125 0.5622585953125 0.6813286296875 0.5611617125 0.6863988734375 0.56205685 0.686629075 0.553322090625 0.7274072421875 0.552508865625 0.7273478015625
6 0.5805537046875 0.7475977234375 0.5803164484375001 0.7475265265625 0.5793487296875 0.7523047421875 0.5883952140625001 0.7543170875 0.5926156734375 0.7343712046875 0.58373338125 0.7325934359375 0.5805537046875 0.7475977234375
3 0.6011334265625 0.6306745625 0.5994799453125 0.6386264265625 0.5954783124999999 0.6377327234375 0.592856528125 0.649977065625 0.6070433656249999 0.65278650625 0.611329153125 0.63301425 0.6011334265625 0.6306745625
10 0.5880544921874999 0.7555593296875001 0.5850130640625 0.7549128546875 0.5806618171875 0.77515840625 0.583790325 0.7758010265624999 0.5880544921874999 0.7555593296875001
13 0.5751246859375 0.7975336234375 0.5790894062499999 0.779076478125 0.566799690625 0.7764051140625 0.5628289484375 0.7953114484375 0.5751246859375 0.7975336234375
3 0.5685073218750001 0.9239963093749999 0.572657721875 0.9041170031249999 0.5551853312499999 0.9003967421875 0.5509981765624999 0.920223509375 0.5685073218750001 0.9239963093749999
10 0.5831442703125 0.7788329593750001 0.5800649640625 0.7780490437500001 0.5757078921875001 0.7982693953125 0.578887928125 0.7988574749999999 0.5831442703125 0.7788329593750001
10 0.539373534375 0.9179027718749999 0.54070644375 0.911631928125 0.5380895359375 0.911054921875 0.53674410625 0.9174748562499999 0.539373534375 0.9179027718749999
10 0.5873695421875 0.7790202234375 0.5845553296875 0.7783118234375 0.5790568921875 0.8040897546875 0.5819540484375 0.80460333125 0.5873695421875 0.7790202234375
4 0.6156871078124999 0.7648976000000001 0.621695690625 0.7367872640625001 0.6092654343749999 0.734258546875 0.6032490703125 0.7624806453125 0.6156871078124999 0.7648976000000001
10 0.5991077515625001 0.6368077375000001 0.600454453125 0.6305621890625 0.5978375453125 0.6299851828125 0.5965115109375 0.6363213828125 0.5991077515625001 0.6368077375000001
10 0.5623479328125 0.832347325 0.57073503125 0.8341476296874999 0.572160053125 0.827353246875 0.5728120328124999 0.8274423109375 0.5740062171875 0.8216212031250001 0.56508 0.8195465640625 0.5623479328125 0.832347325
10 0.5892782078125001 0.866310496875 0.58138745625 0.8647227203125001 0.580546246875 0.86846235625 0.5884447890625 0.8701412421875 0.5892782078125001 0.866310496875
10 0.5463042437500001 0.8851610750000001 0.547602215625 0.8791447796874999 0.5449624359375 0.878660353125 0.5437087125 0.8846413249999999 0.5463042437500001 0.8851610750000001
5 0.6120444109375 0.78908440625 0.6079806453125001 0.808030071875 0.6190219953125 0.810156540625 0.62754365 0.7699225203125 0.6165871703125 0.767644765625 0.6150910046875 0.7747738578125001 0.5981989984375 0.771336703125 0.600276490625 0.76156286875 0.6019650515625 0.762020821875 0.6033021390625 0.7558355296875 0.6046329390625 0.7560752703125 0.607236559375 0.7437360140625 0.605919553125 0.7435215687500001 0.6079037796875 0.7340362093749999 0.5945774859374999 0.73132661875 0.59068400625 0.749110425 0.59443680625 0.7499272765625 0.5824175390625 0.8065260875 0.57880349375 0.805740328125 0.574949271875 0.8235724140625 0.5866153953125 0.8261639421875 0.5951630515625 0.785552071875 0.6120444109375 0.78908440625
13 0.598099753125 0.67100961875 0.603104578125 0.67181305 0.6069806546875001 0.653667725 0.6019701656249999 0.652342334375 0.598099753125 0.67100961875