2 0.39201777187500003 0.8235352468749999 0.337451553125 0.8692375453125001 0.3634073578125 0.9002754875000001 0.41792752968749997 0.8545259906249999 0.39201777187500003 0.8235352468749999
1 0.5149853984375 0.785682265625 0.5091564140625 0.7787345265625001 0.5267418828125 0.7639783671875 0.5207354765625001 0.7566304953125 0.5174553734375 0.7593823265624999 0.5153225578125 0.7569072671875 0.46972521250000004 0.7952061265625 0.48370517812499997 0.8119786171875001 0.5149853984375 0.785682265625
10 0.3170311609375 0.7578502484375 0.2991974359375 0.7727737125 0.33143110937500003 0.8112057109374999 0.343861421875 0.8007897328125001 0.3277055765625 0.7815373828125 0.33280310625 0.77730121875 0.3170311609375 0.7578502484375
9 0.4144692765625 0.734543003125 0.4302849078125 0.753579078125 0.5032553656250001 0.6922761890625 0.487435265625 0.6732944375 0.4144692765625 0.734543003125
7 0.44927695468750006 0.7750624578124999 0.3964622640625 0.8195156156250001 0.42874265781250004 0.8580910390625001 0.48177183125 0.813633721875 0.44927695468750006 0.7750624578124999
1 0.46509870624999994 0.6847206640625 0.466809146875 0.6868544109375 0.4889875234375 0.6682450578125 0.4735820421875 0.6498853546875 0.4485823 0.67079251875 0.4622640984375 0.6870986375 0.46509870624999994 0.6847206640625
10 0.352490246875 0.7984358921875 0.33977210625 0.8091473718750001 0.34559547031250004 0.8161984609375 0.3615216765625 0.802835690625 0.356008253125 0.7963854593749999 0.3529152875 0.7989410078125 0.352490246875 0.7984358921875
10 0.3618833859375 0.80444171875 0.3427977984375 0.82037196875 0.3538014671875 0.8333684953124999 0.3727664890625 0.8175545265625 0.3618833859375 0.80444171875
13 0.3432367625 0.7522447031249999 0.3330331 0.7608074640625 0.3434051703125 0.7730574140625001 0.3749235328125 0.746486103125 0.35723447343750003 0.7251849546875 0.3356975109375 0.7432572921875 0.3432367625 0.7522447031249999
2 0.3349776453125 0.8712918546875 0.274380525 0.92217264375 0.30036995 0.9531892171875 0.360886078125 0.9022965109375001 0.3349776453125 0.8712918546875
12 0.266415375 0.8136451765625001 0.2142450640625 0.857382609375 0.25013070625 0.9005083984375 0.3022970265625 0.8565915953125 0.266415375 0.8136451765625001
2 0.43248656875 0.6620410984375 0.3595911234375 0.723167921875 0.4037453203125 0.775900821875 0.4280536203125 0.755422028125 0.4113675203125 0.7352137421875 0.45979169375 0.6945817921875 0.43248656875 0.6620410984375
3 0.376062134375 0.74751816875 0.339324509375 0.7783435437499999 0.3542708421875 0.7963057906250001 0.39111643749999997 0.7653046781249999 0.376062134375 0.74751816875
10 0.524907553125 0.7671085140625 0.5124633328125 0.777567390625 0.5177236671875 0.783874215625 0.5302251921875001 0.7734032421875 0.524907553125 0.7671085140625
10 0.9778503359374999 0.29527646875 0.971939328125 0.3002571921875 0.9803715609375001 0.3102834828125 0.9863014515625 0.3053256140625 0.9778503359374999 0.29527646875
2 0.8422474703124999 0.33595354374999997 0.7874942828125 0.38188723593749996 0.8143181953124999 0.41366477812499997 0.8691407765625 0.367702590625 0.8422474703124999 0.33595354374999997
10 0.909538575 0.4024604328125 0.9003297437500001 0.41020955 0.9207103078125 0.43437724375000003 0.9299101999999999 0.4266778140625 0.909538575 0.4024604328125
10 0.42289942500000005 0.8563762140625 0.4151009390625 0.8629209437500001 0.41896787343749997 0.8674505796875 0.42677944375 0.8609232406249999 0.42289942500000005 0.8563762140625
8 0.40546088593749996 0.777929065625 0.41216960468749997 0.785951625 0.264243996875 0.910191478125 0.2734466296875 0.9210695046874999 0.41078568750000005 0.8058017062499999 0.41160346875 0.8067751718749999 0.44927695468750006 0.7750624578124999 0.4666665046875 0.7957342609375 0.5641552828124999 0.7140469640625 0.5300221640625 0.6732175625 0.40546088593749996 0.777929065625
13 0.39164736875 0.7664158046875 0.35810887187499996 0.794639578125 0.3752587421875 0.8150786999999999 0.4089189875 0.7869991749999999 0.39164736875 0.7664158046875
10 0.5423820640625 0.7383650296875001 0.524073534375 0.753726946875 0.537376515625 0.769669225 0.555701609375 0.754325028125 0.5423820640625 0.7383650296875001
6 0.34038864687500003 0.82240225625 0.3391301625 0.82343438125 0.337914671875 0.8219857765624999 0.3155662125 0.8407375828125 0.316781703125 0.8421861875 0.3079047546875 0.84963416875 0.318998696875 0.8627221140625 0.3278794546875 0.8552709843749999 0.32856505625 0.8561434312499999 0.35227020468750003 0.836234775 0.34038864687500003 0.82240225625
11 0.463486915625 0.637852678125 0.4395222578125 0.6580174140625 0.4486212125 0.66893751875 0.4725756078125 0.6488363828125 0.463486915625 0.637852678125
10 0.333582153125 0.745017915625 0.32365953593749996 0.7533785875000001 0.3303545125 0.7614496765625 0.3403509890625 0.7529914453125001 0.333582153125 0.745017915625
10 0.30394534375000004 0.8585741328125 0.2518527078125 0.9022845625 0.2582427359375 0.9100121734375 0.31033918125 0.8662985984375 0.30394534375000004 0.8585741328125
5 0.8403591046875001 0.4461764421875 0.7824102765625 0.4948005109375 0.8209188453125 0.5406873484375 0.8788261203125 0.49227130781249995 0.8403591046875001 0.4461764421875
10 0.7661876578125 0.45587311562500005 0.7520841734375 0.4677253828125 0.76024525 0.477451421875 0.7743404578125 0.4656566265625 0.7661876578125 0.45587311562500005
4 0.8965476609374999 0.4150502875 0.852750353125 0.45187790000000005 0.8722215468750001 0.47508306874999995 0.9160574515625 0.4382998390625 0.8965476609374999 0.4150502875
8 0.846532675 0.3324129140625 0.8743267453125 0.3651854359375 0.7681215031249999 0.45423490624999996 0.7773533031250001 0.46530803593750003 0.9077323484375001 0.3556736203125 0.9086225140625 0.35673469375 0.9689935828125 0.30612720625 0.9314521765625001 0.2610897671875 0.846532675 0.3324129140625
10 0.902520265625 0.3940251640625 0.8409924078125 0.4456877890625 0.84723698125 0.45302603125 0.9088034328125 0.401407790625 0.902520265625 0.3940251640625
7 1 0.323223078125 0.98629961875 0.30696794843749997 0.976677421875 0.3150778359375 0.9689935828125 0.30612720625 0.8937146515625001 0.3692137609375 0.919830925 0.40178172968750003 1 0.3345815890625 1 0.323223078125
13 0.8592366484375 0.3983189109375 0.813512109375 0.4366856890625 0.8262310015625 0.45159601406250005 0.8718328218750001 0.413331271875 0.8592366484375 0.3983189109375
2 0.785074196875 0.383884896875 0.7243454171875 0.4349026703125 0.7511782703125001 0.4666305234375 0.8118216015625 0.41577308281249997 0.785074196875 0.383884896875
1 0.938383353125 0.4033405015625 0.945497396875 0.41181716562500004 0.9807763171874999 0.3822470328125 0.9660458406249999 0.3647826328125 0.9212343046875 0.40222199375 0.928788478125 0.41139192187500007 0.938383353125 0.4033405015625
1 0.580391396875 0.217921378125 0.75611475625 0.070449059375 0.7445733515625 0.0632371890625 0.572052415625 0.207940459375 0.580391396875 0.217921378125
2 0.7417225562499999 0.1225040921875 0.78346165625 0.0875373 0.7601257578125 0.07295541250000001 0.72501261875 0.102428309375 0.7417225562499999 0.1225040921875
1 0.6803324796875 0.24801410625 0.6870569421875 0.25612941562499997 0.795041503125 0.165450196875 0.7895593734374999 0.158899759375 0.811885975 0.1401858828125 0.805355821875 0.13239650625 0.760073296875 0.17035961718749998 0.765409490625 0.17669541875 0.7574003484375 0.1834180484375 0.7559354015624999 0.1816993328125 0.7400284078125 0.19505199687500002 0.7414413484375 0.1967861203125 0.6803324796875 0.24801410625
6 0.8153202046875 0.1120066765625 0.8165774359375 0.1135034734375 0.8201768390625 0.1104794921875 0.8009738499999999 0.0984801328125 0.81356190625 0.1134818953125 0.8153202046875 0.1120066765625
10 0.8143402796875 0.11811566874999999 0.8065586874999999 0.12464515937500001 0.8218671078125 0.142947896875 0.8296602953125 0.1364293359375 0.8143402796875 0.11811566874999999
10 0.7752003171874999 0.466748509375 0.7612139203125 0.478484165625 0.7753750968750001 0.4954325328125 0.789364475 0.4836950546875 0.7752003171874999 0.466748509375
10 0.6722421109375001 0.2469439375 0.6471016046875 0.2680174015625 0.6578361125 0.2808107328125 0.6829451484375 0.259699178125 0.6722421109375001 0.2469439375
10 0.6647512703125 0.233176096875 0.6568140031249999 0.23983677656250002 0.6635237218750001 0.2479373453125 0.6732734484375 0.23980028281250002 0.6672306140625001 0.2325549375 0.665493015625 0.23401176875 0.6647512703125 0.233176096875
10 0.7516715875 0.1361534453125 0.7689005015625 0.1570233515625 0.8000527078124999 0.1308846859375 0.7826643125 0.1101638578125 0.7516715875 0.1361534453125
10 0.8126509203125 0.14116134062500002 0.7925824375 0.1580011265625 0.7972441390625 0.16360592499999999 0.8173493875 0.1467190984375 0.8126509203125 0.14116134062500002
1 0.6002645296875 0.31130482812500004 0.608903821875 0.3216484359375 0.65364678125 0.2841035796875 0.6517322812499999 0.2818718015625 0.6527390328125 0.2810066484375 0.6458726421875001 0.273018221875 0.6002645296875 0.31130482812500004
8 0.7205316625 0.10615246874999999 0.6296090624999999 0.18242090312499998 0.6565943562500001 0.214848340625 0.797498178125 0.0963082921875 0.7847483046875 0.0883412875 0.73835701875 0.12732690156249998 0.7205316625 0.10615246874999999
3 0.6196405140625 0.2483815328125 0.5806331765625 0.2810405859375 0.6006837953125 0.30498736718749997 0.6395422421875 0.27238083125 0.6196405140625 0.2483815328125
13 0.6535831140624999 0.2199238609375 0.6220024671875 0.24639729375 0.63991678125 0.2677507578125 0.66138451875 0.24974202656250002 0.653775865625 0.24070940625 0.6639152703125 0.2321875625 0.6535831140624999 0.2199238609375
7 0.7471904875 0.140122565625 0.6574352953125 0.2155193734375 0.6799264984375 0.2423362 0.7547195171875 0.1795761390625 0.7495777765625 0.17333605000000002 0.764664325 0.16060935781250002 0.7471904875 0.140122565625
11 0.5377668453125 0.2367936765625 0.5468571875 0.2477157703125 0.5788079703125 0.2208711375 0.5697141546875 0.210007675 0.5377668453125 0.2367936765625
2 0.5523752609375 0.2472559734375 0.5798480171875 0.279997225 0.65269493125 0.2188271765625 0.6252687203125 0.186135278125 0.5523752609375 0.2472559734375
10 0.7968865390625 0.0982070703125 0.7846440328125001 0.10849351249999999 0.799028659375 0.1256828421875 0.81130843125 0.11539573437499999 0.7968865390625 0.0982070703125
11 0.029595371875 0.662962559375 0.038809278125 0.67397291875 0.0708124 0.64713888125 0.06155709375 0.636194775 0.029595371875 0.662962559375
8 0.2241207765625 0.5789792 0.2233183984375 0.5779840375 0.32384498125 0.493664346875 0.31467662500000004 0.48269903437500006 0.2303134171875 0.553597796875 0.202735625 0.5205292828125 0.11153794375 0.5970109015625 0.14934829375 0.6417299843750001 0.2241207765625 0.5789792
10 0.1567290375 0.6594806125 0.148797234375 0.6661354937499999 0.1556021828125 0.6741721234375 0.1652694296875 0.66606090625 0.15919248125000002 0.65886425625 0.157442628125 0.66033185625 0.1567290375 0.6594806125
10 0.142727925 0.7049831640625001 0.1458142625 0.7023792546875 0.14989188281250002 0.70704054375 0.17494544218750002 0.68601776875 0.164163546875 0.6730437453125 0.135832040625 0.696847334375 0.142727925 0.7049831640625001
1 0.072384228125 0.6441487109375 0.0771290015625 0.6401674765625 0.0782379828125 0.641488725 0.114692903125 0.6108533484375 0.10523284531249999 0.5994938765625 0.0639848 0.6342203015625001 0.072384228125 0.6441487109375
13 0.145589196875 0.6461742125 0.11399630000000001 0.672702634375 0.131869378125 0.694098503125 0.15337586718750001 0.67605134375 0.1457284546875 0.6669834484375 0.1558686890625 0.6584750203125 0.145589196875 0.6461742125
13 0.3505245828125 0.4526074609375 0.3170182109375 0.4807591828125 0.334169903125 0.5012012875 0.367664028125 0.473134034375 0.3505245828125 0.4526074609375
10 0.3063114203125 0.544401303125 0.298512271875 0.5509382484375 0.3138857796875 0.5691987453125 0.32162099843749997 0.562684496875 0.3063114203125 0.544401303125
10 0.3349865265625 0.5021942968750001 0.338016628125 0.5057072421875 0.373422403125 0.475998965625 0.37043237812499996 0.472433678125 0.3349865265625 0.5021942968750001
3 0.11156246249999999 0.674645640625 0.07199402656250001 0.7077131765625 0.1028637125 0.7436456953125 0.141816225 0.7109505421875 0.11156246249999999 0.674645640625
2 0.04414716875 0.6736805859375 0.07162520781250001 0.7062482609375 0.14466094062499998 0.6451446125 0.11730527187499999 0.61231623125 0.04414716875 0.6736805859375
10 0.30273906093749997 0.5690598390625 0.2845684859375 0.58430713125 0.2881389296875 0.5886183375 0.306336996875 0.5733476890625 0.30273906093749997 0.5690598390625
10 0.2746483671875 0.5364022875 0.24363196562499997 0.562471046875 0.2609140375 0.583261778125 0.2920351109375 0.5571699875 0.2746483671875 0.5364022875
1 0.29299948124999997 0.5582626890625 0.2447906046875 0.5987270062500001 0.2576486375 0.6138274546875 0.28573934218749997 0.5901939859375 0.28151941875 0.5851913578125 0.3015060875 0.568399940625 0.29299948124999997 0.5582626890625
2 0.26170909375 0.471058609375 0.20690854062500003 0.5170179781249999 0.2338005265625 0.5488104203125 0.2884891265625 0.5029358609375 0.26170909375 0.471058609375
2 0.32477598125 0.4181153953125 0.2640866140625 0.4690583015625 0.2908616890625 0.501061428125 0.351605709375 0.4500900296875 0.32477598125 0.4181153953125
6 0.30549727187500003 0.5397746546875 0.30723851562500004 0.538338525 0.30851031875 0.539800209375 0.3310580078125 0.52087994375 0.3298330765625 0.5194199125 0.33898526875 0.5117201546875 0.3245817640625 0.49456693281249997 0.2910795265625 0.5226530687500001 0.30549727187500003 0.5397746546875
10 0.2888899734375 0.5244705078125 0.27657807343749996 0.5347854437499999 0.29097860625 0.55202893125 0.303334059375 0.5416619859375 0.2888899734375 0.5244705078125
7 0.2391710640625 0.5663606640625 0.14934829375 0.6417299843750001 0.180197546875 0.678762584375 0.255196253125 0.6158030906249999 0.24181955 0.5996544515625 0.2568239609375 0.5870533109375 0.2391710640625 0.5663606640625
10 0.9371235312499999 0.4060023734375 0.9289996203124999 0.4128467484375 0.9354565640624999 0.4205940640625 0.9435188671875 0.4138070015625 0.9371235312499999 0.4060023734375
6 0.815318303125 0.46195984375 0.824510409375 0.45424633593749997 0.8110616937499999 0.43846356875000003 0.8028814703125 0.4452801234375 0.802209609375 0.4443591484375 0.7773533031250001 0.46530803593750003 0.7914121046875 0.48206345937500006 0.7928133453124999 0.48088838593750005 0.7945734703125 0.4829868515625 0.8171668750000001 0.464102521875 0.815318303125 0.46195984375
0 1 0.3180147203125 0.832118415625 0.1179414171875 0.6519452968749999 0.0053567578125 0 0.5524032953125 0 0.6819852796875 0.167881584375 0.8820585828124999 0.348054703125 0.9946432421875 1 0.44759670468749996 1 0.3180147203125
10 0.8891277046875 0.3730485671875 0.8613210171875 0.39636020312500003 0.8698766421874999 0.40642490625 0.8975342671875 0.3831011953125 0.8891277046875 0.3730485671875