13 0.33810625 0.1788546875 0.3046359375 0.17888593749999998 0.3046359375 0.2136421875 0.33816875 0.2135859375 0.33810625 0.1788546875
2 0.3321796875 0.2440890625 0.29222031249999997 0.2440828125 0.29209999999999997 0.28831093750000003 0.3321921875 0.28823906250000003 0.3321796875 0.2440890625
10 0.30312656250000003 0.136671875 0.303090625 0.14756249999999999 0.319284375 0.1476140625 0.31939375000000003 0.136671875 0.30312656250000003 0.136671875
10 0.37423125 0.17715625 0.36546406249999996 0.177096875 0.3654609375 0.21615625 0.374184375 0.2161234375 0.37423125 0.17715625
13 0.22773125 0.18782656250000002 0.22040937500000002 0.18782656250000002 0.2203890625 0.16680625 0.2046984375 0.16680625 0.2046984375 0.21628124999999998 0.22773125 0.2162296875 0.22773125 0.18782656250000002
1 0.2044046875 0.136565625 0.17627656249999998 0.136696875 0.17627656249999998 0.1583015625 0.204434375 0.1583015625 0.2044046875 0.136565625
10 0.395971875 0.17078125 0.3792546875 0.1706875 0.37920937499999996 0.1965265625 0.3959828125 0.1966203125 0.395971875 0.17078125
0 0 0 0 1 1 1 1 0 0 0
10 0.3433359375 0.1700453125 0.34331093749999997 0.1365859375 0.32265625 0.1366265625 0.3225703125 0.1571046875 0.3358875 0.1572046875 0.3359296875 0.1700875 0.3433359375 0.1700453125
10 0.2291734375 0.16674843749999999 0.2220046875 0.1666859375 0.2219625 0.1855 0.229215625 0.185440625 0.2291734375 0.16674843749999999
1 0.23089062500000002 0.13669375 0.2308140625 0.15830468749999999 0.2886484375 0.15830468749999999 0.28867031249999997 0.1711765625 0.3163890625 0.171303125 0.316396875 0.1498828125 0.3014484375 0.1498828125 0.3015078125 0.136528125 0.23089062500000002 0.13669375
10 0.20779375 0.13673125 0.20783437500000002 0.1389421875 0.206959375 0.1389421875 0.207021875 0.1582359375 0.22753593749999998 0.15829218750000001 0.22751562500000003 0.1365546875 0.20779375 0.13673125
6 0.3639234375 0.177096875 0.3632625 0.1771359375 0.36323125 0.1737015625 0.346828125 0.1737015625 0.346859375 0.1771359375 0.33986875 0.17717812500000002 0.339840625 0.21395625 0.3461984375 0.2139125 0.346228125 0.21611875 0.36398281250000003 0.2160359375 0.3639234375 0.177096875
10 0.303090625 0.17899375 0.28622187499999996 0.17881249999999999 0.28622187499999996 0.21395781249999998 0.30296249999999997 0.2138671875 0.303090625 0.17899375
7 0.2829484375 0.16229218750000002 0.270321875 0.1622515625 0.27029375 0.16653125 0.2309171875 0.1664921875 0.23111406250000002 0.21619531250000001 0.28297812499999997 0.216203125 0.2829484375 0.16229218750000002
10 0.37452968750000004 0.21875781249999998 0.3656828125 0.21875781249999998 0.36562968749999997 0.2416015625 0.3745953125 0.24151562499999998 0.37452968750000004 0.21875781249999998
3 0.186025 0.1663359375 0.1787765625 0.16640625 0.1787765625 0.21674218750000002 0.20300156249999998 0.21676250000000002 0.20294374999999998 0.16640625 0.198946875 0.16640625 0.198921875 0.16223749999999998 0.186 0.162271875 0.186025 0.1663359375
10 0.33123281250000003 0.16394375 0.318065625 0.1640015625 0.318028125 0.1765 0.33128281249999997 0.1764578125 0.33123281250000003 0.16394375
13 0.602528125 0.1881171875 0.5952328125 0.188159375 0.5952328125 0.1669515625 0.5795250000000001 0.1669078125 0.5795546875 0.2166140625 0.6026234374999999 0.2166578125 0.602528125 0.1881171875
10 0.5825453125 0.13661718750000001 0.5825703125 0.13985468750000002 0.5801390625 0.139834375 0.5801390625 0.1583875 0.60099375 0.158353125 0.6010171875 0.1366515625 0.5825453125 0.13661718750000001
10 0.6778578125 0.179025 0.6610921875 0.1791734375 0.661065625 0.2143 0.67783125 0.21418906249999997 0.6778578125 0.179025
10 0.706159375 0.1640375 0.692934375 0.1640375 0.6928578125 0.1766828125 0.706159375 0.1767375 0.706159375 0.1640375
2 0.7070515625 0.24440625 0.6669953125 0.24428125 0.6669078125000001 0.3150359375 0.7071875000000001 0.3150359375 0.7070515625 0.24440625
7 0.6582046874999999 0.1403390625 0.60599375 0.140521875 0.6059281249999999 0.21690625 0.6577875 0.21660624999999997 0.6582046874999999 0.1403390625
10 0.6039921875 0.16699375 0.59685 0.1668484375 0.5969046875 0.1856734375 0.60404375 0.185725 0.6039921875 0.16699375
11 0.5691328125 0.294521875 0.5510937499999999 0.29455156250000003 0.551115625 0.318575 0.569178125 0.31851250000000003 0.5691328125 0.294521875
6 0.7209625 0.216340625 0.738809375 0.21628906250000002 0.738734375 0.17745625 0.7380640625 0.17745625 0.7380640625 0.1726046875 0.7216703125 0.1726046875 0.7216703125 0.1774015625 0.71466875 0.1774015625 0.7147046875 0.21418125 0.7210015624999999 0.21418125 0.7209625 0.216340625
1 0.5707734375 0.29669375 0.5707312499999999 0.31858906249999996 0.6024890625 0.31868124999999997 0.6024890625 0.2966625 0.6010859375 0.2966625 0.6011296875000001 0.29373593750000004 0.574309375 0.29376718749999997 0.5743328125 0.2966625 0.5707734375 0.29669375
10 0.7490328125 0.17753593750000002 0.740425 0.17748124999999998 0.7403890625 0.2164203125 0.749003125 0.2164203125 0.7490328125 0.17753593750000002
2 0.7489890625 0.24437812499999997 0.7089234375 0.24435156249999998 0.7088671875 0.3150765625 0.7489921875000001 0.3149671875 0.7489890625 0.24437812499999997
3 0.5775984375000001 0.14029687500000002 0.5536 0.1403859375 0.5536 0.21669999999999998 0.577878125 0.216834375 0.5775984375000001 0.14029687500000002
2 0.602484375 0.2188609375 0.553665625 0.2189859375 0.5536203125 0.288540625 0.6026640624999999 0.28860312499999996 0.602484375 0.2188609375
1 0.6763874999999999 0.1501765625 0.6764171875 0.14047343750000002 0.659903125 0.1403859375 0.659840625 0.1766109375 0.6914140625 0.176696875 0.6913515625 0.150134375 0.6763874999999999 0.1501765625
13 0.6794374999999999 0.1789625 0.67945625 0.21405 0.7129671875 0.2138765625 0.7129765625 0.179021875 0.6794374999999999 0.1789625
10 0.6928234375 0.1398265625 0.6779203125000001 0.1399609375 0.6779203125000001 0.1478625 0.6928234375 0.1477734375 0.6928234375 0.1398265625
10 0.7182453125 0.17026406249999998 0.7182875 0.136828125 0.6975296875 0.1368171875 0.6975359375 0.15744843749999998 0.7107671875 0.157509375 0.7107609375 0.17026406249999998 0.7182453125 0.17026406249999998
8 0.738784375 0.24162656249999998 0.738809375 0.21628906250000002 0.6171125 0.216890625 0.6171234375 0.21913593750000002 0.6059171875 0.21913125 0.60588125 0.3150265625 0.6638578125000001 0.3149765625 0.6637140625 0.24157812500000003 0.738784375 0.24162656249999998
10 0.7541609375 0.1710203125 0.75410625 0.19689375 0.7708984375 0.19697031250000002 0.7708984375 0.1710203125 0.7541609375 0.1710203125
10 0.7490046875 0.218896875 0.7405296875 0.21885156249999999 0.7404124999999999 0.24172968749999998 0.7490046875 0.24172968749999998 0.7490046875 0.218896875
2 0.3741609375 0.244075 0.334071875 0.244071875 0.3340765625 0.2883078125 0.37415625 0.28828906249999997 0.3741609375 0.244075
2 0.22778125 0.2185890625 0.178790625 0.2185890625 0.178790625 0.2882765625 0.22784374999999998 0.2882765625 0.22778125 0.2185890625
8 0.363946875 0.24157812500000003 0.36398281250000003 0.2160359375 0.23111406250000002 0.21619531250000001 0.23111406250000002 0.28204375000000004 0.2887671875 0.28204375000000004 0.2887671875 0.241425 0.363946875 0.24157812500000003
11 0.1942015625 0.294209375 0.1762890625 0.2941828125 0.1762703125 0.31845 0.1942015625 0.3183765625 0.1942015625 0.294209375
8 0.7000953125 0.8759109374999999 0.6999859374999999 0.7852859375000001 0.6324921875 0.7853484374999999 0.632590625 0.5632265624999999 0.6073500000000001 0.5632609375000001 0.607375 0.605078125 0.6145984375 0.6050421874999999 0.6145984375 0.87598125 0.7000953125 0.8759109374999999
2 0.6114171875000001 0.772334375 0.558090625 0.77265 0.5581515625 0.8488203125 0.611428125 0.84836875 0.6114171875000001 0.772334375
10 0.6706796875000001 0.6883734375 0.6340656250000001 0.6883734375 0.63410625 0.7261109375 0.6706796875000001 0.7264328124999999 0.6706796875000001 0.6883734375
10 0.587103125 0.6569390625 0.5870796875 0.6722421875 0.613034375 0.6722609375 0.613034375 0.6569984375 0.587103125 0.6569390625
10 0.6039453124999999 0.5927921875 0.5853640625 0.5927609375 0.5853703125 0.6019687499999999 0.603903125 0.6020125000000001 0.6039453124999999 0.5927921875
2 0.6836234375 0.6289828125 0.6344203125 0.6291765625 0.6343765625 0.686078125 0.683653125 0.6861125 0.6836234375 0.6289828125
10 0.6046671875 0.5695218750000001 0.602465625 0.5694781250000001 0.602465625 0.5595609375 0.5853937499999999 0.5595609375 0.5853015625 0.588153125 0.6047609375 0.588153125 0.6046671875 0.5695218750000001
11 0.5793062499999999 0.854396875 0.559984375 0.8544375000000001 0.5599703125 0.8794953124999999 0.5793062499999999 0.8794562499999999 0.5793062499999999 0.854396875
2 0.6836671875 0.5632375 0.6344125 0.5632375 0.634396875 0.6243609375 0.6836671875 0.6244828124999999 0.6836671875 0.5632375
13 0.6128234375 0.607375 0.58815625 0.607340625 0.58815625 0.6548109375 0.612771875 0.6547562499999999 0.6128234375 0.607375
12 0.5820031250000001 0.559584375 0.543765625 0.55954375 0.543765625 0.659053125 0.5820031250000001 0.6590109375 0.5820031250000001 0.559584375
10 0.3759640625 0.7187546874999999 0.3674890625 0.718709375 0.367371875 0.7415875 0.3759640625 0.7415875 0.3759640625 0.7187546874999999
10 0.319784375 0.6396828125 0.3048796875 0.6398171875 0.3048796875 0.6477203125 0.319784375 0.64763125 0.319784375 0.6396828125
1 0.7001390625 0.6885749999999999 0.6723874999999999 0.6885265625 0.6723015625000001 0.7280968750000001 0.7001031249999999 0.7280703125 0.7001390625 0.6885749999999999
10 0.6128234375 0.7391515625 0.6128234375 0.711225 0.58840625 0.7111921875 0.5883796875 0.7182953125 0.60575 0.7182953125 0.60575 0.7391140625 0.6128234375 0.7391515625
13 0.6114171875000001 0.7415359375 0.604071875 0.7415359375 0.6041203125 0.7205781250000001 0.588390625 0.7206375 0.5883984375 0.7700453125 0.611425 0.7699515625 0.6114171875000001 0.7415359375
7 0.7000437500000001 0.7305265624999999 0.6325390625 0.7307828125 0.6325078125 0.7853609374999999 0.6999859374999999 0.7852859375000001 0.7000437500000001 0.7305265624999999
3 0.5867281249999999 0.7094359375 0.5580078125 0.709346875 0.5581125 0.770290625 0.586665625 0.7700859375 0.5867281249999999 0.7094359375
10 0.7005546875 0.67836875 0.6856515625 0.67844375 0.685615625 0.6861921875 0.7005343749999999 0.6861671874999999 0.7005546875 0.67836875
6 0.6145171875 0.699778125 0.6145625 0.6746140625 0.58709375 0.6746140625 0.58709375 0.67601875 0.5837656250000001 0.676021875 0.5837703125 0.6994125 0.58709375 0.6994125 0.58709375 0.7088796875 0.613265625 0.7089390625 0.6131796875 0.699778125 0.6145171875 0.699778125
1 0.6108046875 0.87978125 0.6108046875 0.8535640624999999 0.5839578125 0.8535640624999999 0.5839375 0.8565687499999999 0.580875 0.856540625 0.580834375 0.8797265624999999 0.6108046875 0.87978125
13 0.2294875 0.6879734375 0.22219375000000002 0.6880171875000001 0.22219375000000002 0.6668078125 0.206484375 0.666765625 0.20651562499999998 0.716471875 0.22958281249999998 0.7165140625 0.2294875 0.6879734375
10 0.2095046875 0.636475 0.20953125 0.6397125 0.2071 0.6396921875 0.2071 0.65824375 0.22795312499999998 0.6582109375 0.2279765625 0.6365093749999999 0.2095046875 0.636475
10 0.3048171875 0.6788828125 0.288053125 0.67903125 0.28802812499999997 0.7141578125 0.30479218750000003 0.714046875 0.3048171875 0.6788828125
10 0.33311875 0.6638953125 0.31989375 0.6638953125 0.31981875 0.676540625 0.33311875 0.67659375 0.33311875 0.6638953125
2 0.3340109375 0.7442624999999999 0.2939546875 0.7441375 0.29386718749999996 0.8148937500000001 0.334146875 0.8148937500000001 0.3340109375 0.7442624999999999
7 0.2851640625 0.640196875 0.232953125 0.640378125 0.2328875 0.7167625 0.2847484375 0.7164625 0.2851640625 0.640196875
10 0.23095156249999998 0.6668515625 0.2238109375 0.6667062500000001 0.2238640625 0.68553125 0.23100468749999997 0.6855828125000001 0.23095156249999998 0.6668515625
11 0.19609375 0.79438125 0.17805312499999998 0.7944078125 0.178075 0.8184328125 0.19613750000000002 0.81836875 0.19609375 0.79438125
6 0.347925 0.7161984375 0.36576875000000003 0.716146875 0.36569375000000004 0.6773125 0.36502500000000004 0.6773125 0.36502500000000004 0.6724625 0.34863125 0.6724625 0.34863125 0.6772578125 0.341628125 0.6772578125 0.3416640625 0.7140375 0.3479609375 0.7140375 0.347925 0.7161984375
1 0.19773281250000002 0.7965515625 0.197690625 0.818446875 0.22944843750000002 0.8185375 0.22944843750000002 0.7965203125 0.22804687499999998 0.7965203125 0.22809062500000002 0.79359375 0.20126875000000002 0.793625 0.2012921875 0.7965203125 0.19773281250000002 0.7965515625
10 0.37599218749999996 0.6773921875 0.367384375 0.6773374999999999 0.3673484375 0.716278125 0.37596250000000003 0.716278125 0.37599218749999996 0.6773921875
2 0.3759484375 0.7442359374999999 0.3358828125 0.744209375 0.33582968750000003 0.8149328125 0.3759515625 0.8148250000000001 0.3759484375 0.7442359374999999
3 0.2045578125 0.640153125 0.18055937500000002 0.6402421875 0.18055937500000002 0.7165578125 0.2048375 0.7166921875 0.2045578125 0.640153125
2 0.22944375 0.7187171875 0.18062499999999998 0.7188421875000001 0.1805796875 0.7883984374999999 0.2296234375 0.7884609375 0.22944375 0.7187171875
1 0.303346875 0.6500343749999999 0.3033796875 0.64033125 0.2868625 0.6402421875 0.2868 0.67646875 0.31837343749999997 0.6765546875 0.3183109375 0.6499921875 0.303346875 0.6500343749999999
13 0.306396875 0.6788203125 0.30641562499999997 0.7139078125 0.339928125 0.7137328125 0.3399359375 0.6788796875 0.306396875 0.6788203125
10 0.3452046875 0.670121875 0.345246875 0.6366859375 0.3244890625 0.6366734375 0.32449531249999997 0.65730625 0.3377265625 0.6573671875 0.337721875 0.670121875 0.3452046875 0.670121875
8 0.36574375 0.7414859375 0.36576875000000003 0.716146875 0.244071875 0.7167484375 0.2440828125 0.71899375 0.2328765625 0.7189875 0.232840625 0.8148843749999999 0.29081875 0.8148328125000001 0.290675 0.7414359375 0.36574375 0.7414859375
10 0.3811203125 0.670878125 0.3810671875 0.6967515625 0.39785781249999996 0.696828125 0.39785781249999996 0.670878125 0.3811203125 0.670878125
1 0.3759734375 0.2962890625 0.28635781250000003 0.2963640625 0.286325 0.290171875 0.233596875 0.29025625 0.233575 0.2962609375 0.19601875 0.2964125 0.1959796875 0.3183765625 0.3765890625 0.3184109375 0.3765390625 0.3052546875 0.3759984375 0.30528125 0.3759734375 0.2962890625