10 0.69055 0.20728125 0.6905703125 0.2212140625 0.6902578125 0.2212140625 0.6902296875 0.2231828125 0.6656515625 0.22316875 0.6655328125 0.28345625 0.70816875 0.28345625 0.7081578125 0.22304062500000002 0.701025 0.2230265625 0.7010156249999999 0.22150781249999998 0.7081484375 0.22149375 0.7081484375 0.2011265625 0.6902390625 0.2012078125 0.6902359375 0.20728125 0.69055 0.20728125
10 0.5474 0.22317187500000002 0.5474187500000001 0.22557187500000003 0.5463421875 0.2255859375 0.5463421875 0.22516875 0.5376921875 0.22516875 0.5376640625 0.2453484375 0.5554921875 0.24539218749999997 0.5555796875000001 0.2255859375 0.5549906250000001 0.2255859375 0.5549906250000001 0.22317187500000002 0.5474 0.22317187500000002
13 0.5556140625 0.22210312499999998 0.555509375 0.185825 0.5379937499999999 0.185825 0.5379937499999999 0.22240000000000001 0.546596875 0.2224703125 0.546596875 0.22203124999999999 0.5556140625 0.22210312499999998
2 0.5376624999999999 0.247440625 0.537725 0.30065 0.5375015624999999 0.300928125 0.5374953125 0.3055609375 0.57313125 0.3055734375 0.5731390625 0.24798593750000003 0.5611890625 0.248028125 0.5611625 0.24749218750000002 0.5376624999999999 0.247440625
3 0.708128125 0.19971250000000002 0.70816875 0.1608234375 0.69016875 0.1607953125 0.6902828125 0.1992875 0.700703125 0.1992875 0.700725 0.199746875 0.708128125 0.19971250000000002
10 0.5596109375 0.1980109375 0.5596015624999999 0.183365625 0.5573625 0.183365625 0.5573718750000001 0.2227875 0.5617203125 0.2227875 0.5617203125 0.1980109375 0.5596109375 0.1980109375
7 0.61191875 0.15329375 0.61185 0.2230265625 0.6500640625 0.2230265625 0.6500640625 0.2210390625 0.6578890625 0.22099687499999998 0.65791875 0.1888484375 0.658203125 0.1888390625 0.6581406249999999 0.1533234375 0.61191875 0.15329375
6 0.5635703125 0.1984375 0.563484375 0.222915625 0.5824484375 0.22285624999999998 0.5824703125 0.213715625 0.5835859375 0.213728125 0.5837015625 0.2229375 0.5924015625 0.22297812499999997 0.5924234375 0.1983765625 0.583646875 0.19835 0.583646875 0.19927343749999998 0.582421875 0.19927343749999998 0.5824203125 0.1983125 0.581584375 0.19830468750000002 0.581584375 0.1934171875 0.5697203125 0.1933625 0.5697265625 0.19850937500000002 0.5635703125 0.1984375
10 0.6102109375 0.1928125 0.6102218749999999 0.1832625 0.5882968749999999 0.18326562500000002 0.588315625 0.1915328125 0.5952468750000001 0.1915328125 0.5952375 0.19282656250000002 0.6102109375 0.1928125
2 0.37783125 0.23960625000000002 0.3778421875 0.1828125 0.333821875 0.18285625 0.33378125000000003 0.2108234375 0.333640625 0.2108375 0.3336515625 0.23968124999999998 0.37783125 0.23960625000000002
6 0.5707187499999999 0.6951984375 0.5707359375000001 0.722234375 0.588378125 0.722234375 0.588353125 0.72066875 0.5929656249999999 0.7207125 0.5929781249999999 0.7000265625 0.5928296875 0.7000171875000001 0.5928578124999999 0.695140625 0.5707187499999999 0.6951984375
2 0.7218312499999999 0.7836828125 0.7217828125 0.7232031250000001 0.6935156250000001 0.7232031250000001 0.6935156250000001 0.7784156249999999 0.6934171874999999 0.778521875 0.6934421875 0.7836453125 0.7218312499999999 0.7836828125
7 0.644521875 0.669971875 0.6443609375 0.7223171875000001 0.6905593750000001 0.7223453125 0.6905296875 0.6840328125 0.6906703125 0.68401875 0.69063125 0.681009375 0.68240625 0.681009375 0.6824265625 0.6698999999999999 0.644521875 0.669971875
1 0.6171125 0.6486484375 0.6170828125 0.6649125 0.68588125 0.6648703125 0.6858515625 0.676378125 0.7068421875 0.676378125 0.7068625 0.66361875 0.7018187499999999 0.6636328125000001 0.7018093750000001 0.6485921875 0.6171125 0.6486484375
8 0.690640625 0.7836484375 0.690640625 0.7788421875 0.6905265625 0.778740625 0.6906 0.7229125 0.570690625 0.7227671875 0.5707046874999999 0.742696875 0.63750625 0.742334375 0.63749375 0.7787546875 0.637403125 0.7788546875 0.63736875 0.7836171875 0.690640625 0.7836484375
10 0.5947250000000001 0.7000140625 0.5946953125000001 0.7202859375 0.6126921875 0.7204843750000001 0.6127421875 0.6999859374999999 0.5947250000000001 0.7000140625
10 0.7095484375 0.6530859375 0.709584375 0.6485953125 0.703475 0.6486203125000001 0.703475 0.6613078125 0.7070328124999999 0.6613187500000001 0.70705 0.6530609375 0.7095484375 0.6530859375
1 0.7245328125 0.6552546875 0.724521875 0.6813703125 0.7198078125 0.6814046874999999 0.7197984374999999 0.7183234374999999 0.72523125 0.7183265624999999 0.7252515625 0.7854890625000001 0.7373921875 0.7855078125 0.737384375 0.6553234375 0.7245328125 0.6552546875
2 0.5706359375 0.7449015625000001 0.5706359375 0.7450875 0.5653671874999999 0.7450609375 0.5653859375 0.7836109375 0.6009609375 0.7836624999999999 0.60098125 0.744825 0.5706359375 0.7449015625000001
13 0.71670625 0.7205921875 0.71670625 0.681103125 0.70244375 0.6811171875 0.702409375 0.6961890625 0.699059375 0.6961890625 0.69905625 0.7205843749999999 0.71670625 0.7205921875
10 0.5707187499999999 0.6723140625 0.5706890625 0.69339375 0.5928671875 0.69339375 0.5928765625 0.6722 0.5707187499999999 0.6723140625
1 0.7168390625 0.80714375 0.7168281249999999 0.8066765625000001 0.7183531249999999 0.806634375 0.71838125 0.787678125 0.699178125 0.787678125 0.6991578125 0.7885578125 0.5643 0.7885578125 0.5642609375000001 0.8066718749999999 0.5744312500000001 0.8066718749999999 0.5744312500000001 0.807128125 0.5918249999999999 0.8071390624999999 0.5918249999999999 0.8066421874999999 0.609971875 0.8066390625000001 0.609971875 0.8071078125 0.6274578125 0.8071046875000001 0.6274578125 0.806634375 0.6446296874999999 0.8066390625000001 0.64464375 0.8071328125000001 0.6834015625000001 0.807115625 0.6834015625000001 0.8066375000000001 0.6994828125 0.8066203125 0.699471875 0.8071015625 0.7168390625 0.80714375
11 0.5698125 0.648703125 0.5697687499999999 0.6683734375 0.5908046875 0.668403125 0.5908484374999999 0.648703125 0.5698125 0.648703125
10 0.59319375 0.649575 0.5931984375 0.6578609375 0.612025 0.657925 0.6120453125 0.6495015625 0.59319375 0.649575
10 0.709884375 0.65724375 0.709884375 0.6763296875 0.721078125 0.67638125 0.721078125 0.6740921875 0.7224796875 0.6740921875 0.7225171875 0.6589734375 0.721078125 0.6589734375 0.7211140625 0.6572421875 0.709884375 0.65724375
13 0.213053125 0.664496875 0.2130328125 0.702975 0.23077031250000002 0.702846875 0.23071562499999998 0.6644421875 0.213053125 0.664496875
10 0.34076093749999997 0.646203125 0.34078125 0.6607375 0.34807343749999997 0.660753125 0.34805312499999996 0.6461890625 0.34076093749999997 0.646203125
8 0.315190625 0.7246937499999999 0.3151796875 0.7277421875 0.2678140625 0.727675 0.2678140625 0.7281593749999999 0.264459375 0.72814375 0.2644484375 0.7276609374999999 0.206525 0.7277140625 0.206528125 0.7282984375 0.18945 0.728253125 0.18940625 0.7477890625 0.191615625 0.7478171875 0.191615625 0.7476609375 0.2760984375 0.747646875 0.27611093750000004 0.787021875 0.2760109375 0.7870640625 0.27603125 0.7919937499999999 0.3363625 0.7919515625 0.3363734375 0.7855453125 0.336171875 0.785246875 0.3362203125 0.7249125000000001 0.33111875 0.7249125000000001 0.331128125 0.725046875 0.3272515625 0.725046875 0.327271875 0.7247484375 0.315190625 0.7246937499999999
10 0.25999062500000003 0.6513390625000001 0.26 0.660225 0.26605625 0.660153125 0.26605625 0.6513328125 0.25999062500000003 0.6513390625000001
1 0.19121875 0.680396875 0.19121875 0.682975 0.2020390625 0.6830812500000001 0.2020390625 0.680396875 0.2052625 0.6803671875 0.20529375 0.6756515624999999 0.2111890625 0.6756515624999999 0.21121875 0.66058125 0.20518593749999997 0.6605578125 0.205171875 0.660065625 0.19613125 0.6600875 0.196115625 0.6605578125 0.18846093749999998 0.6605531250000001 0.1884203125 0.680396875 0.19121875 0.680396875
3 0.3866515625 0.724759375 0.38666093749999997 0.6693734375 0.3481140625 0.6693578125 0.3481640625 0.679190625 0.36755781249999997 0.6792328125 0.3675234375 0.7247281250000001 0.3866515625 0.724759375
10 0.3167015625 0.6954343749999999 0.316703125 0.7226359375 0.327290625 0.7226671875 0.3273234375 0.6954265625 0.3167015625 0.6954343749999999
6 0.20513125 0.6945187500000001 0.20512031249999998 0.685309375 0.1894484375 0.685309375 0.18944375 0.6942921875 0.189825 0.6942890625 0.1898453125 0.7275859375 0.20620625 0.727671875 0.2061953125 0.7259109375 0.2112296875 0.7259109375 0.211053125 0.6944203124999999 0.20513125 0.6945187500000001
10 0.2146546875 0.75180625 0.21464375000000002 0.792009375 0.23615781249999998 0.7920375 0.2362078125 0.7518640624999999 0.2146546875 0.75180625
2 0.232590625 0.6835640625 0.2325046875 0.7254734375 0.2643984375 0.725603125 0.2643703125 0.6888625 0.26455937500000004 0.688509375 0.264509375 0.684103125 0.26455 0.68379375 0.264571875 0.683628125 0.232590625 0.6835640625
7 0.2678140625 0.6693875 0.2677796875 0.72598125 0.3150890625 0.7260921875 0.3150296875 0.66934375 0.2678140625 0.6693875
13 0.365659375 0.72213125 0.3657109375 0.6819171875000001 0.334775 0.6819171875000001 0.33471562499999996 0.6963640625 0.3395171875 0.69640625 0.339496875 0.7221031250000001 0.365659375 0.72213125
1 0.3779828125 0.6670078125 0.377953125 0.66449375 0.38664062499999996 0.664403125 0.38668125 0.6462749999999999 0.378853125 0.6461875 0.3788390625 0.6458796875 0.3697890625 0.6458625 0.3697890625 0.6461875 0.349790625 0.646246875 0.3498203125 0.6644171875 0.367165625 0.6644515625 0.367175 0.6669796875 0.3779828125 0.6670078125
11 0.3656984375 0.7938703125 0.365715625 0.8148671875 0.386678125 0.814896875 0.38666875 0.79388125 0.3656984375 0.7938703125
1 0.3463375 0.679315625 0.34625625000000004 0.6630812500000001 0.3391453125 0.663109375 0.33914218749999997 0.6513171875 0.32870468750000004 0.651296875 0.32870468750000004 0.6508546875000001 0.3195359375 0.6508375 0.319546875 0.651265625 0.29283125 0.65131875 0.29283125 0.6508671875 0.2753640625 0.6508546875000001 0.2753640625 0.651265625 0.267715625 0.6513484375 0.267715625 0.6625703125 0.2572984375 0.6625421874999999 0.25727968749999997 0.6605671875 0.2553015625 0.6605671875 0.255284375 0.6600734375 0.23782031250000002 0.6600734375 0.23782031250000002 0.6605125000000001 0.23246093750000002 0.6605390625 0.2324796875 0.6786203125 0.23754375 0.6786546875 0.23756875000000002 0.679575 0.25553750000000003 0.679540625 0.255525 0.678671875 0.2642296875 0.6786484374999999 0.264175 0.6644625 0.2762375 0.664496875 0.2762234375 0.6653578125 0.2943 0.6653374999999999 0.2943 0.6644578125 0.318525 0.66443125 0.31851562499999997 0.694659375 0.3330484375 0.6945875 0.33301875000000003 0.6793734375 0.3463375 0.679315625
2 0.38668125 0.7250296875 0.3392671875 0.7248640625 0.3392953125 0.7849890625 0.33909531249999997 0.78553125 0.33909531249999997 0.790290625 0.38668125 0.7902765625 0.38668125 0.7250296875
10 0.212625 0.7054968749999999 0.21263593749999998 0.725653125 0.23107656250000003 0.7256265625 0.231084375 0.7055828125 0.212625 0.7054968749999999
10 0.20682031250000002 0.677540625 0.2068 0.6921468749999999 0.2112296875 0.6921890625 0.21121875 0.6775265625 0.20682031250000002 0.677540625
2 0.172840625 0.7517359375 0.1728109375 0.792009375 0.21292499999999998 0.79198125 0.21300625 0.7518484375 0.172840625 0.7517359375
10 0.333028125 0.69868125 0.333059375 0.6951562499999999 0.331140625 0.695140625 0.33115 0.7225312500000001 0.33786875 0.7225312500000001 0.33786875 0.69868125 0.333028125 0.69868125
2 0.27310625 0.7869359375 0.2731578125 0.751821875 0.2376328125 0.7517921875 0.23767343749999997 0.792009375 0.2732171875 0.7920234374999999 0.2732171875 0.78705 0.27310625 0.7869359375
1 0.1825734375 0.79603125 0.182565625 0.7969109375000001 0.172790625 0.79691875 0.17283125 0.8150078125 0.1828453125 0.8150640625 0.18284375 0.8154937500000001 0.203834375 0.8155078124999999 0.203834375 0.8150390625 0.21849687499999998 0.8150671875000001 0.2184875 0.8155078124999999 0.23229687499999999 0.8154937500000001 0.23229687499999999 0.8150234375000001 0.2450234375 0.8150390625 0.2450125 0.8154937500000001 0.2660046875 0.8154937500000001 0.2660046875 0.8150390625 0.2832890625 0.8150390625 0.2832890625 0.8154937500000001 0.3291984375 0.81548125 0.32920781250000003 0.8150124999999999 0.3463828125 0.8150671875000001 0.3463828125 0.8155234374999999 0.3637375 0.8155078124999999 0.3637 0.8149124999999999 0.3639796875 0.8148703125000001 0.36398593749999997 0.794334375 0.346040625 0.794303125 0.34603125 0.79524375 0.3398765625 0.795175 0.3398671875 0.7969109375000001 0.32944062500000004 0.7969359375 0.32945156249999996 0.796053125 0.2829453125 0.7960671875 0.28295625 0.79689375 0.2663578125 0.7969515625 0.2663578125 0.796053125 0.244834375 0.796078125 0.244825 0.7969062499999999 0.232615625 0.796921875 0.232615625 0.796053125 0.218175 0.7960359375 0.218175 0.796921875 0.204190625 0.7968859375 0.20419375 0.79604375 0.1825734375 0.79603125
10 0.615596875 0.6699203125000001 0.6155796875 0.6747515625 0.615728125 0.6747765625000001 0.6156765625 0.7200234375 0.6273203125 0.7199734375 0.6273203125 0.7202453125 0.6428546875000001 0.7202859375 0.6428734375 0.6699140625 0.615596875 0.6699203125000001
13 0.612840625 0.6748109375 0.6128296875 0.65989375 0.5944171875 0.659971875 0.5943796875 0.697675 0.6126140625 0.6977453125 0.6125421875 0.674828125 0.612840625 0.6748109375
10 0.6934109375 0.6807015625 0.6934218750000001 0.6842546875 0.693534375 0.6842890625 0.693528125 0.7208296875 0.6971953125 0.720875 0.6972046875 0.69371875 0.700709375 0.6937328125 0.7006890625 0.68071875 0.6934109375 0.6807015625
2 0.6345171875 0.778540625 0.6345078125 0.7449609374999999 0.602659375 0.7449046874999999 0.6026390625 0.7836140625 0.63461875 0.7836421875 0.6346078125 0.778640625 0.6345171875 0.778540625
8 0.2331796875 0.207609375 0.21882656250000002 0.20769375 0.2188421875 0.2388546875 0.21909375 0.238865625 0.21906093750000002 0.24277656250000001 0.1858796875 0.2427734375 0.1858875 0.24246249999999997 0.17167656250000002 0.2424765625 0.1716375 0.3174296875 0.23688125000000002 0.31728125 0.23688125000000002 0.26269375 0.3524921875 0.2628875 0.35255312499999997 0.24253125 0.232934375 0.2427734375 0.2329234375 0.23825625 0.2331828125 0.238228125 0.2331796875 0.207609375
10 0.20809531250000002 0.3408609375 0.208065625 0.3197375 0.2033953125 0.319709375 0.203384375 0.34864687499999997 0.2127953125 0.3486609375 0.2127953125 0.3408609375 0.20809531250000002 0.3408609375
10 0.3149203125 0.20930468750000003 0.3148796875 0.23970625 0.3321453125 0.2397234375 0.332134375 0.209290625 0.3149203125 0.20930468750000003
2 0.2174453125 0.23856875 0.21738437500000002 0.1939078125 0.171646875 0.1935640625 0.1716578125 0.2390453125 0.185903125 0.239028125 0.185915625 0.23860312499999997 0.2174453125 0.23856875
13 0.235021875 0.1931546875 0.23473125 0.2386265625 0.26238125 0.238484375 0.26233125 0.1930984375 0.235021875 0.1931546875
7 0.27638124999999997 0.3481765625 0.2765296875 0.2648078125 0.237309375 0.2646671875 0.237246875 0.3482984375 0.27638124999999997 0.3481765625
1 0.1703296875 0.189871875 0.18351875 0.1898859375 0.1835984375 0.1580828125 0.1702296875 0.15799687499999998 0.1703296875 0.189871875
10 0.2779125 0.2648390625 0.2778640625 0.283503125 0.3139265625 0.283503125 0.3139265625 0.26480156250000003 0.2779125 0.2648390625
10 0.2823265625 0.2404015625 0.282296875 0.2210125 0.2642703125 0.22106875 0.264259375 0.24052968749999998 0.2823265625 0.2404015625
10 0.281225 0.28762656249999996 0.2812328125 0.29283281250000004 0.28476875 0.2928421875 0.28473906250000003 0.28764687499999997 0.281225 0.28762656249999996
2 0.18937500000000002 0.18984375 0.18935156250000001 0.18958906250000002 0.2190390625 0.1895921875 0.21909687500000002 0.1938953125 0.2188453125 0.1938953125 0.2188609375 0.20558281250000002 0.2331734375 0.20561406249999997 0.2331734375 0.1904109375 0.2579875 0.1904734375 0.25787031250000003 0.1687140625 0.23355625 0.168740625 0.233565625 0.12473281249999998 0.1872 0.1245140625 0.18720468750000002 0.18984375 0.18937500000000002 0.18984375
2 0.35252343750000004 0.3265140625 0.3525421875 0.2649890625 0.31538125 0.2649890625 0.31538125 0.28342812500000003 0.3154828125 0.2834140625 0.315453125 0.326571875 0.35252343750000004 0.3265140625
0 0 0 0 1 1 1 1 0 0 0
10 0.2594875 0.1782953125 0.2594375 0.190425 0.262621875 0.1904390625 0.2626421875 0.1782953125 0.2594875 0.1782953125
10 0.28383437499999997 0.18103750000000002 0.283875 0.24027343750000002 0.29176875 0.240259375 0.291728125 0.18099375 0.28383437499999997 0.18103750000000002
1 0.2352046875 0.34809843749999997 0.235253125 0.319834375 0.20969218750000002 0.3198171875 0.20971250000000002 0.3385671875 0.21444843750000003 0.3385828125 0.214453125 0.34825625 0.2352046875 0.34809843749999997
6 0.3127328125 0.21080312499999998 0.3127328125 0.2072609375 0.3009765625 0.20724375 0.30095312500000004 0.21080312499999998 0.2934046875 0.21084062499999998 0.2933671875 0.24044218750000002 0.297965625 0.240428125 0.297965625 0.2424171875 0.313784375 0.2424171875 0.313784375 0.2107984375 0.3127328125 0.21080312499999998
3 0.2351359375 0.124696875 0.23511406250000003 0.1667140625 0.257903125 0.16674843749999999 0.257925 0.12459374999999999 0.2351359375 0.124696875
11 0.17035625000000001 0.1264234375 0.170325 0.15549375000000001 0.1846625 0.1555109375 0.184653125 0.126409375 0.17035625000000001 0.1264234375
13 0.282009375 0.21835 0.2820453125 0.18145625 0.26447656249999996 0.1815109375 0.2643796875 0.219746875 0.272665625 0.219746875 0.2726765625 0.2183953125 0.282009375 0.21835
10 0.6116890625 0.144471875 0.6117 0.1507671875 0.617475 0.15078125 0.6174890625 0.144434375 0.6116890625 0.144471875
2 0.5950453125 0.24808593750000002 0.5950453125 0.2475171875 0.5747671875 0.2474609375 0.5747671875 0.3055453125 0.6067765625 0.30560312500000003 0.6066203125 0.24795625000000002 0.5950453125 0.24808593750000002
8 0.6579390625 0.22333906250000002 0.6579390625 0.2230546875 0.6118734375 0.22305156249999997 0.6118390625 0.22507187499999998 0.59546875 0.22507187499999998 0.59546875 0.2255140625 0.5924343750000001 0.225428125 0.5924343750000001 0.22507187499999998 0.5824906249999999 0.225015625 0.5824703125 0.22545781250000002 0.5678578125 0.22545781250000002 0.5678578125 0.2252140625 0.5578640625 0.2252140625 0.557875 0.233128125 0.5565890625 0.233128125 0.5565687500000001 0.24378125 0.5578937500000001 0.243796875 0.5579046875 0.24483281250000002 0.57323125 0.2447625 0.573221875 0.24532812499999998 0.5952468750000001 0.2453015625 0.5952421875 0.24473124999999998 0.6068734375 0.24473124999999998 0.6068765625 0.2448765625 0.6097296875 0.24489062499999997 0.60975 0.30553125 0.6628609375 0.3055734375 0.6624171875 0.2233828125 0.6579390625 0.22333906250000002
13 0.66108125 0.20023906249999998 0.66108125 0.2203328125 0.6881609375 0.22045625000000002 0.6880296875 0.20756875 0.68833125 0.20750625 0.68833125 0.1954125 0.6717906250000001 0.1952890625 0.6717906250000001 0.20035937499999998 0.66108125 0.20023906249999998
10 0.688671875 0.1928125 0.688671875 0.191321875 0.66094375 0.19135156250000002 0.6609234374999999 0.1977859375 0.6700015625 0.1978 0.66998125 0.19282656250000002 0.688671875 0.1928125
10 0.659746875 0.1608015625 0.6597265625000001 0.1888125 0.6609546875000001 0.1888125 0.660975 0.1891078125 0.68828125 0.18910625 0.6882515625 0.172371875 0.6886515625 0.172371875 0.688634375 0.16082968749999998 0.659746875 0.1608015625
1 0.5885171875 0.1447421875 0.5884968749999999 0.1807234375 0.6098312499999999 0.1807953125 0.6098109375 0.1450421875 0.5885171875 0.1447421875
1 0.667953125 0.2878 0.667953125 0.28895781249999997 0.665440625 0.288928125 0.66548125 0.30736093750000004 0.6856640625 0.307303125 0.6856640625 0.2878 0.667953125 0.2878
11 0.6874374999999999 0.2872078125 0.6874374999999999 0.3074359375 0.7091421875 0.307421875 0.7091624999999999 0.287221875 0.6874374999999999 0.2872078125
10 0.5954328125 0.1951640625 0.5954328125 0.2229015625 0.6101921875 0.2229265625 0.610225 0.1951890625 0.5954328125 0.1951640625