0 0.21875 0 0.21875 1 0.78125 1 0.78125 0 0.21875 0
10 0.3721421875 0.5643374999999999 0.3721390625 0.5184124999999999 0.36133125 0.5184124999999999 0.361615625 0.564021875 0.3721421875 0.5643374999999999
10 0.3619640625 0.46721250000000003 0.361609375 0.51249375 0.37448125 0.5123375 0.3746234375 0.54173125 0.3932578125 0.5415687499999999 0.39297343749999997 0.46705625 0.3619640625 0.46721250000000003
10 0.4993609375 0.3390609375 0.4993609375 0.3223796875 0.49367031250000004 0.32264375 0.49367031250000004 0.3388 0.4993609375 0.3390609375
10 0.4996921875 0.2795484375 0.4995140625 0.2263234375 0.49370624999999996 0.22645624999999997 0.4935875 0.2794171875 0.4996921875 0.2795484375
10 0.6106125 0.2860109375 0.61085 0.3388390625 0.6264968750000001 0.3391046875 0.6265562499999999 0.30838437500000004 0.6346765624999999 0.3085171875 0.6346171875 0.28574687499999996 0.6106125 0.2860109375
10 0.629253125 0.3387328125 0.6345265625 0.3385984375 0.63453125 0.3144859375 0.62919375 0.3142375 0.629253125 0.3387328125
8 0.49095625 0.7374906250000001 0.491 0.7171875 0.49256875000000006 0.717453125 0.49256875000000006 0.6613609375 0.49083750000000004 0.6613609375 0.49128125 0.5409421875 0.54551875 0.5412296875 0.5458765624999999 0.4894265625 0.49089687499999995 0.48912187500000004 0.490853125 0.22658593749999997 0.395778125 0.22620468749999997 0.3956078125 0.3632875 0.465071875 0.363 0.46523281250000004 0.7381390624999999 0.49095625 0.7374906250000001
7 0.39567968750000004 0.3631796875 0.39567968750000004 0.5413625 0.4624125 0.5413625 0.46253593750000005 0.475746875 0.4497546875 0.475746875 0.44963125000000004 0.4691546875 0.46253593750000005 0.469703125 0.46278125000000003 0.3681234375 0.450084375 0.36850312500000004 0.450084375 0.3631640625 0.39567968750000004 0.3631796875
13 0.5106375 0.8099234375 0.5104671875 0.7428109375 0.46480625 0.7433828124999999 0.46523281250000004 0.809540625 0.5106375 0.8099234375
10 0.523296875 0.6557593749999999 0.5232265625 0.634628125 0.49363906249999995 0.6338328125 0.49378124999999995 0.6556015625 0.523296875 0.6557593749999999
6 0.4938953125 0.7171375 0.493753125 0.7374734375 0.523340625 0.7379484374999999 0.5232703125 0.660415625 0.4928296875 0.66105 0.4928296875 0.717453125 0.4938953125 0.7171375
13 0.5632109375 0.629903125 0.563415625 0.5466234375 0.505653125 0.546165625 0.505653125 0.629215625 0.5632109375 0.629903125
3 0.6196906249999999 0.6288640625 0.6195421875 0.54584375 0.5986015625000001 0.54683125 0.598453125 0.6292046874999999 0.6196906249999999 0.6288640625
3 0.5959359375 0.6283453125 0.59593125 0.5476203125 0.5658453125 0.5479484375 0.5656984375 0.6293265625 0.5959359375 0.6283453125
2 0.462190625 0.8330234375 0.462934375 0.6818109375 0.4021734375 0.682140625 0.4021734375 0.833690625 0.462190625 0.8330234375
2 0.46231875 0.675771875 0.4624625 0.546315625 0.40185000000000004 0.5476203125 0.40214531249999996 0.675778125 0.46231875 0.675771875
2 0.5458765624999999 0.48331093750000004 0.546171875 0.3446109375 0.493521875 0.3449390625 0.4932265625 0.4843 0.5458765624999999 0.48331093750000004
2 0.63073125 0.5413734375 0.63103125 0.344015625 0.548 0.34533281250000003 0.548146875 0.5410328125 0.63073125 0.5413734375
1 0.3996375 0.6761078125 0.3993421875 0.5693671874999999 0.3745640625 0.5693671874999999 0.3745640625 0.6764375 0.3996375 0.6761078125
1 0.393 0.46059687499999996 0.39289375 0.391503125 0.36186250000000003 0.3912734375 0.3619640625 0.46105625000000006 0.393 0.46059687499999996
1 0.49121249999999994 0.221053125 0.49100781250000003 0.16317187500000002 0.39555625 0.16271249999999998 0.3954546875 0.22082812500000001 0.49121249999999994 0.221053125
1 0.49356875 0.2854203125 0.49365312499999997 0.315928125 0.50218125 0.3157390625 0.5021890625000001 0.33918750000000003 0.545971875 0.33918750000000003 0.5456296875 0.28599375 0.49356875 0.2854203125
1 0.608275 0.3386171875 0.608359375 0.2854203125 0.5483609375 0.2854203125 0.5484453125 0.33918750000000003 0.608275 0.3386171875
10 0.39938125 0.5644984375 0.399525 0.546703125 0.37455937499999997 0.547021875 0.37455937499999997 0.5644984375 0.39938125 0.5644984375
10 0.4869109375 0.8350921874999999 0.486996875 0.8150718749999999 0.46506406250000004 0.8146875 0.46497656249999997 0.8348984375 0.4869109375 0.8350921874999999
10 0.5063625 0.8332968749999999 0.506446875 0.8148031250000001 0.48980468750000006 0.8153765625 0.48980468750000006 0.83386875 0.5063625 0.8332968749999999
10 0.508921875 0.815565625 0.5090078124999999 0.8334890625 0.5269296875 0.8344421875 0.527015625 0.74235625 0.5127625 0.7427359375 0.512934375 0.8153765625 0.508921875 0.815565625
10 0.502978125 0.5682859375 0.503065625 0.54634375 0.4937578125 0.5467390625 0.4936828125 0.567915625 0.502978125 0.5682859375
8 0.502709375 0.6279515625000001 0.5029734375 0.5740015625 0.49350625 0.5743984375 0.49375625 0.628721875 0.502709375 0.6279515625000001
10 0.627553125 0.6293765625 0.62775 0.5466234375 0.6218734375 0.5468468750000001 0.6218734375 0.628825 0.627553125 0.6293765625