10 0.5180906249999999 0.657371875 0.518059375 0.666578125 0.53793125 0.6665828125 0.537896875 0.6573984375 0.5180906249999999 0.657371875
6 0.6824749999999999 0.7178609375 0.6814453125 0.7341296875000001 0.6861046875000001 0.7346859375 0.6859437500000001 0.7363890625 0.70286875 0.738453125 0.7029421874999999 0.736834375 0.707340625 0.7373265625000001 0.709178125 0.7082953125 0.7045281250000001 0.7077578124999999 0.7051406250000001 0.6971812500000001 0.7038953125 0.6970390625 0.7043328125 0.692165625 0.69255625 0.6907328125000001 0.6919906250000001 0.6955578124999999 0.6890515625 0.6952328125 0.6875312499999999 0.7186015625 0.6824749999999999 0.7178609375
10 0.6678296875 0.692071875 0.666396875 0.7141296875 0.6860890625 0.716753125 0.6874875 0.69434375 0.6678296875 0.692071875
10 0.8069875 0.720128125 0.8073281250000001 0.715753125 0.779578125 0.7123171875 0.7790453125 0.72180625 0.7881843749999999 0.72285625 0.7884671875 0.7177859375 0.8069875 0.720128125
1 0.5820578125 0.7002984375 0.5820375 0.698415625 0.5642796875 0.6985265625 0.5645 0.7292015625 0.5926781250000001 0.72934375 0.5927 0.7002390625 0.5820578125 0.7002984375
13 0.7899671875000001 0.72035625 0.789621875 0.7253484375 0.779128125 0.7241640625 0.7777499999999999 0.74420625 0.80491875 0.7476171875000001 0.8066578124999999 0.7224625 0.7899671875000001 0.72035625
10 0.714315625 0.66505 0.713703125 0.6754625 0.7191578125 0.6761578125 0.7198515624999999 0.6657625 0.714315625 0.66505
1 0.59356875 0.684275 0.593578125 0.65538125 0.5419984375 0.6553234375 0.5419984375 0.6924 0.5810984375 0.6924328125 0.5810984375 0.6843375 0.59356875 0.684275
2 0.599615625 0.8143968750000001 0.599615625 0.7543921874999999 0.5639921875 0.7544203125 0.5640109375 0.7691250000000001 0.563890625 0.7693078125 0.56388125 0.8143968750000001 0.599615625 0.8143968750000001
3 0.8106703124999999 0.6865 0.8068421875 0.7485671875000001 0.8246062500000001 0.7511921874999999 0.8285390625 0.68854375 0.8106703124999999 0.6865
2 0.521646875 0.8144484375 0.521646875 0.7747703125000001 0.5215421874999999 0.774653125 0.5215609375 0.7691453125 0.5214359375 0.76905625 0.5214171875 0.7320015625 0.5194687499999999 0.73200625 0.5194109375 0.7086546874999999 0.5124296875 0.7086546874999999 0.5123593750000001 0.698603125 0.49820624999999996 0.6986265625 0.4982234375 0.7319718749999999 0.47418281249999994 0.73196875 0.47418125 0.8144203125 0.521646875 0.8144484375
2 0.7821203125 0.7473921875 0.7781906249999999 0.8076343749999999 0.8208078125 0.8129359375 0.82451875 0.7524390624999999 0.7821203125 0.7473921875
8 0.7171140625 0.7386828125 0.71695625 0.740190625 0.6488031249999999 0.7319125 0.5621984375 0.732096875 0.5622703125 0.6985640625 0.524215625 0.69855625 0.524440625 0.76909375 0.5242890625000001 0.7690640625 0.5242890625000001 0.7738953125 0.5610875 0.773971875 0.561125 0.7689453125 0.5610031249999999 0.7688078125 0.561034375 0.751871875 0.56400625 0.7518578125000001 0.5639953125 0.752328125 0.6500265625 0.752196875 0.7141625 0.7601312499999999 0.7103203125 0.82231875 0.7742265625 0.8302171875000001 0.77583125 0.8040875 0.7791921875 0.7471765625 0.7171140625 0.7386828125
13 0.49108437499999996 0.6690484375 0.4910640625 0.6958390624999999 0.53601875 0.6956687500000001 0.5359890625 0.6691874999999999 0.49108437499999996 0.6690484375
1 0.7778937499999999 0.812921875 0.7766640625 0.8324 0.796525 0.8352031249999999 0.7977640625 0.8151359375 0.7778937499999999 0.812921875
10 0.242584375 0.1783109375 0.24257656249999998 0.1905296875 0.2457609375 0.19054374999999998 0.245759375 0.17838125 0.242584375 0.1783109375
13 0.6273671875 0.7042140625 0.6273671875 0.7293390625 0.6628859375 0.72935625 0.6628734374999999 0.7042328125 0.6273671875 0.7042140625
10 0.66461875 0.7163375000000001 0.6646078125 0.731478125 0.679834375 0.7333546875 0.6807578125 0.7182953125 0.66461875 0.7163375000000001
10 0.5258953125 0.7802328125 0.525915625 0.8172390625 0.5293015624999999 0.8172671875 0.5293015624999999 0.7802625 0.5258953125 0.7802328125
3 0.48909531250000005 0.6985953125 0.48913593750000006 0.6667453125 0.4742109375 0.6668171875 0.47419062500000003 0.729875 0.496728125 0.7299171875 0.49673749999999994 0.698609375 0.48909531250000005 0.6985953125
1 0.7095687500000001 0.7657109375 0.6489640624999999 0.7582734375 0.6446359375 0.7582359375000001 0.644675 0.8167375 0.647434375 0.8166859375 0.7059296875000001 0.8239578125 0.7095687500000001 0.7657109375
10 0.6255796874999999 0.701746875 0.6654625000000001 0.701803125 0.6660953125 0.6913765625 0.65143125 0.68964375 0.60185625 0.6896718749999999 0.6018656250000001 0.6902140625000001 0.58600625 0.6901859375 0.5859656249999999 0.6975296875 0.5945140624999999 0.6975140625 0.5945234375 0.7298171875 0.6256 0.729746875 0.6255796874999999 0.701746875
10 0.7995671875 0.8138781249999999 0.79823125 0.8349984375 0.8206875 0.8378078125 0.8219765625000001 0.8166203124999999 0.7995671875 0.8138781249999999
10 0.7852109375 0.6826125000000001 0.785734375 0.6738765625 0.773240625 0.6724281249999999 0.772375 0.685978125 0.7843890625000001 0.6875140625 0.7846984375 0.6825984375 0.7852109375 0.6826125000000001
1 0.2184046875 0.34834375 0.218453125 0.3200796875 0.192890625 0.3200625 0.1929140625 0.3388125 0.19765 0.338828125 0.19765468749999998 0.3485015625 0.2184046875 0.34834375
8 0.2162578125 0.20779687500000002 0.20190625 0.20788281249999999 0.20191875 0.2390421875 0.2021703125 0.239053125 0.2021390625 0.2429609375 0.16895625 0.2429609375 0.168965625 0.24264999999999998 0.15475468750000002 0.2426640625 0.15471718750000002 0.3176171875 0.2199578125 0.31746875 0.2199578125 0.26287812499999996 0.3356296875 0.26297187499999997 0.3356796875 0.24263125 0.21601093750000003 0.2429609375 0.21600000000000003 0.23844375 0.21626093750000003 0.2384125 0.2162578125 0.20779687500000002
10 0.19118125 0.3411140625 0.1912015625 0.3199375 0.1854359375 0.3199515625 0.185415625 0.35040781249999997 0.1959515625 0.350421875 0.19588125 0.3411140625 0.19118125 0.3411140625
2 0.200628125 0.23862031250000001 0.20056875000000002 0.1939578125 0.15482968749999998 0.19361875 0.1548421875 0.23909843749999998 0.1690875 0.23908281250000002 0.1691 0.23865468750000002 0.200628125 0.23862031250000001
10 0.6022390625 0.18846093749999998 0.602196875 0.183678125 0.5774734375 0.1834140625 0.5774453125 0.1864828125 0.57765 0.18649218750000002 0.57765625 0.18844375 0.6022390625 0.18846093749999998
11 0.6801953125 0.30746406249999997 0.7014390625 0.30749218749999996 0.7014890625 0.2871921875 0.6801859375 0.287221875 0.680175 0.2889390625 0.6794718750000001 0.28896875 0.6794921875 0.3019515625 0.6801953125 0.3019375 0.6801953125 0.30746406249999997
10 0.8073078125 0.7132546875 0.8089828125 0.686215625 0.7862359375 0.6833796875 0.7857765624999999 0.6899515625 0.772196875 0.688225 0.771315625 0.7022625 0.777534375 0.7030859375 0.777584375 0.7026875 0.7801734375 0.7030828125 0.779790625 0.7097171875 0.8073078125 0.7132546875
2 0.6011625 0.75440625 0.6011421875 0.8143828125000001 0.6403625 0.8144265624999999 0.6403625 0.7543624999999999 0.6011625 0.75440625
10 0.7126640625 0.6964125 0.7125625 0.697503125 0.7067015624999999 0.6968875 0.7061499999999999 0.7057640625 0.7176359375 0.707221875 0.718309375 0.6972078125000001 0.7126640625 0.6964125
7 0.7137734375 0.67766875 0.712784375 0.6942859375 0.7200390624999999 0.69524375 0.7190671875 0.709603125 0.7120031250000001 0.7087203125 0.7102765625 0.7375890625 0.76689375 0.7453578125 0.766915625 0.7439921875 0.7750734375 0.7450765625 0.7774859375000001 0.7046718750000001 0.7695703125 0.7037125 0.7716203125 0.6725140625 0.7213578125 0.666203125 0.7205265625 0.6786015625 0.7137734375 0.67766875
1 0.530953125 0.7802328125 0.5309609375 0.8167031250000001 0.5595078124999999 0.816753125 0.559521875 0.7802625 0.530953125 0.7802328125
10 0.52245 0.729321875 0.522440625 0.69828125 0.514084375 0.6982671875 0.514084375 0.70608125 0.5212046875 0.7060671875 0.5211953125 0.729321875 0.52245 0.729321875
8 0.2331796875 0.7074671875 0.21882656250000002 0.7075515625000001 0.2188421875 0.7387125 0.21909375 0.7387234375 0.21906093750000002 0.7426328125 0.1858796875 0.74263125 0.1858875 0.74231875 0.17167656250000002 0.742334375 0.1716375 0.8172875 0.23688125000000002 0.8171390625000001 0.23688125000000002 0.7625515625 0.3524921875 0.76274375 0.35255312499999997 0.7423875 0.232934375 0.74263125 0.2329234375 0.7381125 0.2331828125 0.7380859375 0.2331796875 0.7074671875
10 0.20809531250000002 0.84071875 0.208065625 0.8195953125000001 0.2033953125 0.8195671875 0.203384375 0.848503125 0.2127953125 0.84851875 0.2127953125 0.84071875 0.20809531250000002 0.84071875
10 0.3149203125 0.7091624999999999 0.3148796875 0.7395640625000001 0.3321453125 0.73958125 0.332134375 0.7091484375 0.3149203125 0.7091624999999999
2 0.2174453125 0.7384265625 0.21738437500000002 0.6937640625 0.171646875 0.6934218750000001 0.1716578125 0.738903125 0.185903125 0.7388859375 0.185915625 0.7384609375 0.2174453125 0.7384265625
13 0.235021875 0.6930125 0.23473125 0.738484375 0.26238125 0.7383421875 0.26233125 0.69295625 0.235021875 0.6930125
7 0.27638124999999997 0.8480328125 0.2765296875 0.7646640625 0.237309375 0.7645265625000001 0.237246875 0.8481562500000001 0.27638124999999997 0.8480328125
1 0.1703296875 0.6897296875000001 0.18351875 0.68974375 0.1835984375 0.6579390625 0.1702296875 0.657853125 0.1703296875 0.6897296875000001
10 0.2779125 0.764696875 0.2778640625 0.7833609375 0.3139265625 0.7833609375 0.3139265625 0.764659375 0.2779125 0.764696875
10 0.2823265625 0.740259375 0.282296875 0.72086875 0.2642703125 0.7209265625 0.264259375 0.7403875 0.2823265625 0.740259375
2 0.37783125 0.7394640625 0.3778421875 0.6826703125 0.333821875 0.6827124999999999 0.33378125000000003 0.71068125 0.333640625 0.7106953125000001 0.3336515625 0.7395375 0.37783125 0.7394640625
10 0.281225 0.7874828125 0.2812328125 0.7926890625 0.28476875 0.7926984375 0.28473906250000003 0.787503125 0.281225 0.7874828125
2 0.18937500000000002 0.6897015625 0.18935156250000001 0.689446875 0.2190390625 0.68945 0.21909687500000002 0.693753125 0.2188453125 0.693753125 0.2188609375 0.705440625 0.2331734375 0.705471875 0.2331734375 0.6902671875 0.2579875 0.6903312500000001 0.25787031250000003 0.668571875 0.23355625 0.6685984375 0.233565625 0.624590625 0.1872 0.624371875 0.18720468750000002 0.6897015625 0.18937500000000002 0.6897015625
2 0.35252343750000004 0.8263718750000001 0.3525421875 0.764846875 0.31538125 0.764846875 0.31538125 0.7832859375 0.3154828125 0.783271875 0.315453125 0.8264296874999999 0.35252343750000004 0.8263718750000001
10 0.2594875 0.6781531249999999 0.2594375 0.6902828125 0.262621875 0.690296875 0.2626421875 0.6781531249999999 0.2594875 0.6781531249999999
10 0.28383437499999997 0.68089375 0.283875 0.74013125 0.29176875 0.7401171875 0.291728125 0.6808515625 0.28383437499999997 0.68089375
1 0.2352046875 0.84795625 0.235253125 0.8196921875 0.20969218750000002 0.8196749999999999 0.20971250000000002 0.8384234375 0.21444843750000003 0.8384406249999999 0.214453125 0.8481125 0.2352046875 0.84795625
6 0.3127328125 0.7106609374999999 0.3127328125 0.70711875 0.3009765625 0.7071015625 0.30095312500000004 0.7106609374999999 0.2934046875 0.7106984375 0.2933671875 0.7402984375 0.297965625 0.7402859375 0.297965625 0.7422734375 0.313784375 0.7422734375 0.313784375 0.71065625 0.3127328125 0.7106609374999999
3 0.2351359375 0.624553125 0.23511406250000003 0.666571875 0.257903125 0.66660625 0.257925 0.6244515625 0.2351359375 0.624553125
11 0.17035625000000001 0.62628125 0.170325 0.6553515625 0.1846625 0.6553687499999999 0.184653125 0.6262671875 0.17035625000000001 0.62628125
13 0.282009375 0.7182078125 0.2820453125 0.6813140625 0.26447656249999996 0.6813671875 0.2643796875 0.719603125 0.272665625 0.719603125 0.2726765625 0.718253125 0.282009375 0.7182078125
10 0.5493203125 0.2024140625 0.5493328125 0.22283593750000003 0.5536953125 0.22284375 0.5536953125 0.20241718749999998 0.5493203125 0.2024140625
10 0.529621875 0.22509218749999998 0.5296359374999999 0.245403125 0.548084375 0.24538593749999998 0.54796875 0.22523749999999998 0.529621875 0.22509218749999998
10 0.558759375 0.2002703125 0.5587390625 0.1822421875 0.5495593750000001 0.1822578125 0.54953125 0.200065625 0.5553250000000001 0.200065625 0.5553359375 0.2001796875 0.558759375 0.2002703125
13 0.5299640625 0.2223734375 0.5475796875000001 0.22244531250000002 0.5474796875 0.18576718750000001 0.5298734375 0.1858109375 0.5299640625 0.2223734375
10 0.577640625 0.191065625 0.5776296875 0.22495781250000002 0.6016140625 0.224915625 0.6015937499999999 0.1910375 0.577640625 0.191065625
2 0.598703125 0.2853609375 0.598703125 0.247446875 0.56673125 0.247446875 0.5667109375 0.3056171875 0.5990125 0.30563125 0.5990125 0.2853609375 0.598703125 0.2853609375
6 0.5553859375 0.20189218750000001 0.55538125 0.22328593749999998 0.5599421875 0.2232609375 0.5599609375 0.22493593750000002 0.5747515625 0.22494375 0.5746203125 0.183878125 0.5603890625 0.18373124999999998 0.5602921875 0.2019609375 0.5553859375 0.20189218750000001
2 0.5651359375 0.30563125 0.5651359375 0.247403125 0.52963125 0.247446875 0.529671875 0.3007328125 0.529540625 0.3007890625 0.529490625 0.3056453125 0.5651359375 0.30563125
1 0.5794374999999999 0.1507921875 0.5794984375000001 0.181065625 0.6019062500000001 0.1811515625 0.6017953125 0.150878125 0.5794374999999999 0.1507921875
13 0.6636796875 0.1953375 0.6636625 0.20019843750000002 0.65308125 0.2002515625 0.6530484375000001 0.22039843750000002 0.680340625 0.220425 0.6804109375 0.1952640625 0.6636796875 0.1953375
2 0.6823265625 0.2231328125 0.6575578125 0.22311718749999998 0.6574687499999999 0.283453125 0.701559375 0.2835 0.701559375 0.1961921875 0.6823187500000001 0.1961890625 0.6823265625 0.2231328125
3 0.651690625 0.15981406250000002 0.6516609375 0.1888546875 0.6528859375 0.1888546875 0.6528953125 0.18912500000000002 0.6822953125 0.1891640625 0.6822953125 0.1947734375 0.701559375 0.19484375 0.70155 0.15984375 0.651690625 0.15981406250000002
8 0.6076265624999999 0.22338593750000002 0.60765625 0.22497656250000003 0.5494375 0.22514375000000003 0.5494640625 0.24539687500000001 0.598809375 0.24550312500000002 0.598809375 0.24498906250000002 0.6016468749999999 0.2449703125 0.601675 0.2854203125 0.6013734375 0.2854203125 0.6013421875 0.305596875 0.6548390625 0.3056453125 0.6548499999999999 0.28418125 0.6547390625 0.2840828125 0.6547390625 0.280290625 0.65461875 0.28014843749999996 0.6546609375 0.2231625 0.6422546875 0.2230359375 0.6422609375 0.22362500000000002 0.6076265624999999 0.22338593750000002
1 0.6599359375 0.2888609375 0.65750625 0.2888828125 0.657496875 0.30748125000000004 0.6776296875 0.3075015625 0.6779468750000001 0.287678125 0.6599171875 0.2876921875 0.6599359375 0.2888609375
7 0.649925 0.22131093750000003 0.6501125 0.15070937499999998 0.6038421875 0.15070624999999999 0.6039609375 0.22324843749999998 0.6422 0.22352500000000003 0.6421828125 0.221253125 0.649925 0.22131093750000003
10 0.651671875 0.150325 0.6516421875 0.15745625000000002 0.6562421875 0.1574828125 0.6562421875 0.150296875 0.651671875 0.150325
10 0.6806765625 0.19286875 0.6806765625 0.191265625 0.6529078125 0.1913359375 0.6528578125 0.1978 0.6619671874999999 0.197871875 0.66195625 0.19286875 0.6806765625 0.19286875
7 0.259528125 0.34826250000000003 0.259675 0.26489375000000004 0.22045468750000002 0.2647515625 0.22039218749999998 0.348384375 0.259528125 0.34826250000000003
13 0.24757968749999998 0.1815109375 0.2474234375 0.21821875 0.26510781250000004 0.21829218749999998 0.2651484375 0.18145625 0.24757968749999998 0.1815109375
2 0.335659375 0.3266859375 0.335659375 0.2650328125 0.2985125 0.26506093750000004 0.2985125 0.2835 0.2986125 0.2834859375 0.29858125 0.32664218749999996 0.335659375 0.3266859375
13 0.21815 0.1931546875 0.21786093750000002 0.2386265625 0.245509375 0.238484375 0.2454609375 0.1930984375 0.21815 0.1931546875
10 0.26539375 0.240259375 0.265384375 0.2211109375 0.24741718750000002 0.2211109375 0.24732656249999999 0.240159375 0.26539375 0.240259375
10 0.2980921875 0.21082968750000003 0.298065625 0.2399171875 0.31520000000000004 0.239875 0.31523124999999996 0.2108546875 0.2980921875 0.21082968750000003
0 0 0 0 1 1 1 1 0 0 0
1 0.2702 0.2901859375 0.2702 0.2972078125 0.2642578125 0.297090625 0.2643421875 0.32980156250000003 0.2936171875 0.32980156250000003 0.2936046875 0.290134375 0.2702 0.2901859375
11 0.15354062500000001 0.1477390625 0.1535078125 0.1554515625 0.15793125 0.1554609375 0.1579203125 0.15571718750000002 0.16610468750000001 0.155703125 0.166096875 0.1554734375 0.16780937499999998 0.15548125 0.1677796875 0.1264890625 0.15348124999999999 0.12645781250000002 0.15352656250000002 0.131253125 0.1530921875 0.131253125 0.1530625 0.1477390625 0.15354062500000001 0.1477390625
1 0.1675625 0.1589828125 0.1673921875 0.15899687499999998 0.167403125 0.15811718749999998 0.1535125 0.15811718749999998 0.153528125 0.1589765625 0.15339687500000002 0.1589421875 0.15330625 0.18222812500000002 0.153509375 0.18222812500000002 0.1534984375 0.18984375 0.16660312500000002 0.189846875 0.1665984375 0.1830890625 0.1675828125 0.1830328125 0.1675625 0.1589828125
3 0.218265625 0.12480781249999999 0.21824375 0.166825 0.24203281250000003 0.16667343750000002 0.24204374999999997 0.12469843750000001 0.218265625 0.12480781249999999
10 0.26435 0.2878734375 0.26437656249999997 0.29305781249999996 0.267925 0.2930328125 0.2679140625 0.2878453125 0.26435 0.2878734375
10 0.267034375 0.18099375 0.267034375 0.2403328125 0.2750171875 0.24034687500000002 0.275015625 0.1809234375 0.267034375 0.18099375
6 0.29705 0.2424171875 0.2970234375 0.21076718749999998 0.2766578125 0.21073750000000002 0.27663125 0.24044218750000002 0.28123125 0.240428125 0.28123125 0.2424171875 0.29705 0.2424171875
10 0.261025 0.2631578125 0.2609765625 0.28359375 0.297040625 0.28359375 0.2970015625 0.263328125 0.261025 0.2631578125
2 0.1726578125 0.18994843749999998 0.1726328125 0.1896921875 0.20232187499999998 0.18969843749999998 0.20238125 0.1940015625 0.2021296875 0.1940015625 0.20214531249999998 0.20568749999999997 0.21645625000000002 0.20571875 0.21645625000000002 0.19051562500000002 0.24127187499999997 0.190578125 0.2411546875 0.1688203125 0.21683906249999998 0.1688421875 0.2168484375 0.12483906250000001 0.1704828125 0.12461875 0.1704890625 0.18994843749999998 0.1726578125 0.18994843749999998
2 0.3610296875 0.2397171875 0.3610703125 0.18288437500000002 0.316878125 0.18295625 0.3169109375 0.2109171875 0.31677187500000004 0.21093125000000001 0.3167828125 0.239775 0.3610296875 0.2397171875