10 0.720723628125 0.7659293093749999 0.7172633687500001 0.76607919375 0.71755565 0.77083865625 0.72098821875 0.7706275375 0.720723628125 0.7659293093749999
5 0.6561313375 0.6904025828125 0.6670184671875 0.6898941625 0.6658531328125 0.6699414781249999 0.6427522265625 0.671204025 0.6438214328125 0.69107020625 0.6479129171875 0.6908238250000001 0.6496010531249999 0.721421590625 0.6439872624999999 0.7217166546875 0.64387903125 0.7186104531249999 0.6403229640625 0.71875856875 0.6401732906250001 0.7163625140625001 0.6330909484375 0.7167649203125 0.633250990625 0.719129415625 0.62780938125 0.7194702125 0.629144446875 0.7436097234375 0.639380403125 0.7432707703125 0.6390331015624999 0.7364502078124999 0.67153391875 0.734726609375 0.67186835625 0.741292925 0.68212369375 0.7408676640625 0.6810720921875 0.7196513375 0.6577658625 0.7210180125 0.6561313375 0.6904025828125
13 0.5964357171875 0.7615149859375 0.595823234375 0.7525341156249999 0.5853979218750001 0.7530468046875 0.585735753125 0.7622444046875 0.5964357171875 0.7615149859375
13 0.6544937 0.751782828125 0.6440145703125 0.752372678125 0.64475884375 0.7745325296875001 0.656063421875 0.7740438171874999 0.6544937 0.751782828125
8 0.706911090625 0.8143030234375 0.7098989359375001 0.8141279078125001 0.7074976687500001 0.7712090015624999 0.71661696875 0.7707906765625 0.71603805 0.7589336796875 0.669922090625 0.76137310625 0.6706151625000001 0.773207109375 0.6780894562500001 0.772840325 0.6804168609375 0.8156412109375 0.6834018109375 0.8155912375 0.68330853125 0.8140318453125 0.7068387656249999 0.8129129687500001 0.706911090625 0.8143030234375
13 0.7272545125 0.7552181953125 0.7168430531250001 0.7556995421875 0.7173533015625 0.764579525 0.7277177203125 0.7640553406249999 0.7272545125 0.7552181953125
8 0.271793034375 0.82708315 0.232522971875 0.7174493296875 0.198094834375 0.7402974796875 0.19937262656250002 0.74408355625 0.2003255984375 0.7434414015625 0.2121324609375 0.7766831515625 0.2112655265625 0.7773040609375 0.2125848328125 0.7811879421875 0.23963912812500002 0.7628141734375 0.262459596875 0.8268930265625001 0.23541934062499997 0.8450639328125 0.2360156734375 0.8466287609375 0.2368163640625 0.8460597328125001 0.24091287343749998 0.85738605 0.240004303125 0.858180796875 0.24138309375000003 0.8617729296875 0.246310590625 0.8614806171874999 0.24623183750000002 0.8599914421875001 0.271849109375 0.858614721875 0.2720060375 0.8602200874999999 0.27346123906250003 0.8600573031250001 0.271793034375 0.82708315
6 0.27429923125 0.78817155625 0.273088071875 0.784754396875 0.283580134375 0.7781246640624999 0.2796753796875 0.76729408125 0.257124403125 0.7823847749999999 0.2608267796875 0.7930025125 0.2616052125 0.792521015625 0.2628581953125 0.7958287609375 0.27429923125 0.78817155625
10 0.3816742453125 0.7430162296875 0.38209626406249997 0.7496489125 0.386683628125 0.7492870984375 0.3863701765625 0.742822209375 0.3816742453125 0.7430162296875
13 0.27298495156249997 0.824864496875 0.28454471406250004 0.81716708125 0.2796153359375 0.8039146374999999 0.2681537390625 0.8116433734375 0.27298495156249997 0.824864496875
10 0.2865086171875 0.7803969921875 0.2944691875 0.8028699109374999 0.30166963125 0.7979310453124999 0.29371882031249996 0.7756610703125 0.2865086171875 0.7803969921875
11 0.581263446875 0.7052009453125 0.571003734375 0.705763859375 0.5715316734375 0.71859645625 0.58209435 0.718171440625 0.581263446875 0.7052009453125
13 0.3927540296875 0.7905127546874999 0.393214175 0.7992866984375 0.40350732031250003 0.79872656875 0.403064134375 0.7899725859375 0.3927540296875 0.7905127546874999
10 0.299987640625 0.7392193984375 0.3006110890625 0.7514292328125001 0.3029837734375 0.74991285625 0.302439065625 0.7391361859375001 0.299987640625 0.7392193984375
10 0.3034040734375 0.7699458453125 0.3036689921875 0.7745488765624999 0.309145471875 0.7742102515625 0.308912796875 0.769775159375 0.3034040734375 0.7699458453125
10 0.31731251875 0.78494091875 0.31775706718749996 0.79442591875 0.3204941421875 0.794207875 0.31949945 0.776224775 0.3045754078125 0.7769801765625 0.3050394703125 0.7855114203125 0.31731251875 0.78494091875
13 0.26921963125000004 0.79387196875 0.273925971875 0.8071308203124999 0.27942670468749997 0.803346284375 0.27469326562499996 0.7901515578125 0.26921963125000004 0.79387196875
2 0.1949969625 0.7317876765625 0.1972650671875 0.7381867125 0.231129796875 0.7154028796875 0.21717894218749997 0.676298421875 0.18330228125 0.6989141812499999 0.18606215625 0.7066796953125001 0.18704615156249998 0.7062026046875001 0.195936334375 0.7309255359375 0.1949969625 0.7317876765625
2 0.27334315781249996 0.8264081875 0.27496618281249996 0.859927725 0.2770151234375 0.8598880484375 0.27695031875 0.85839974375 0.3025887296875 0.8570208390625 0.302667834375 0.8585268390625 0.3069336015625 0.8583711296875001 0.3048563109375 0.817815028125 0.2858609921875 0.8187284546875 0.28612475000000004 0.825620125 0.27334315781249996 0.8264081875
10 0.2617211328125 0.6912416953125 0.26309542656249996 0.695243121875 0.267355275 0.6924741734375 0.2659666796875 0.688455053125 0.2617211328125 0.6912416953125
13 0.30577938437499996 0.78708659375 0.306955746875 0.8092446609374999 0.317567125 0.8084425109375 0.3163783484375 0.7865511171875 0.30577938437499996 0.78708659375
7 0.387361559375 0.7601616859375 0.386791775 0.7506415796875 0.38120719531249997 0.75097346875 0.38083854375000004 0.7430908859375001 0.3765121515625 0.7432757234375 0.376566421875 0.7448431859375 0.3615022015625 0.7456122578125 0.3614367765625 0.7440665046875 0.35290893749999996 0.744554584375 0.355494315625 0.794969309375 0.3833154203125 0.7936738828125 0.3832966828125 0.793041903125 0.388169940625 0.7928897359375 0.38650201875 0.760248159375 0.387361559375 0.7601616859375
10 0.38885086874999997 0.771172240625 0.3899770609375 0.792888203125 0.3918083109375 0.79279155625 0.390609065625 0.7710794437499999 0.38885086874999997 0.771172240625
13 0.26337144375 0.7978056875 0.268105615625 0.8109661546875 0.2736238484375 0.8072828281250001 0.26893224375 0.7940346968750001 0.26337144375 0.7978056875
2 0.33112473593749997 0.7526420796875 0.3333135375 0.7937008171875 0.354431425 0.792341328125 0.35196600624999996 0.7446085578125 0.349897075 0.7447331046875 0.3499867640625 0.7462040562500001 0.341285521875 0.746643525 0.341232359375 0.7451706484375 0.3384557359375 0.745315515625 0.33880505625 0.7522048156250001 0.33112473593749997 0.7526420796875
10 0.3875499609375 0.742742384375 0.38887594375 0.7696797328125 0.40127693593749997 0.7689547734375 0.40073363124999994 0.7595490359375 0.4018526140625 0.759489928125 0.400882078125 0.741995621875 0.397522996875 0.7421959171875 0.3976232515625 0.74375574375 0.38888416875 0.74416205 0.3888058921875 0.7426540015625 0.3875499609375 0.742742384375
13 0.217918778125 0.6757060015625 0.22342335000000002 0.69052545625 0.2405708578125 0.679096534375 0.235383934375 0.664381584375 0.217918778125 0.6757060015625
2 0.3282498296875 0.8094959375 0.328776828125 0.819107196875 0.3423268234375 0.8184818281249999 0.341783640625 0.8088044484375001 0.3282498296875 0.8094959375
13 0.4155181 0.8074675078125001 0.41454802031250004 0.7891904890625 0.40334938124999997 0.7897768187499999 0.40441068593749996 0.8082527562499999 0.4155181 0.8074675078125001
10 0.2855583609375 0.8103255890625001 0.28744305 0.8157653687499999 0.3047238984375 0.8147598296874999 0.3038491484375 0.7980430296875001 0.2855583609375 0.8103255890625001
10 0.2501458640625 0.702761534375 0.25053245625 0.7036922828125001 0.2552836375 0.7005212671875001 0.2539281875 0.6965882265625 0.24333966093749998 0.7036425265624999 0.24439091406250002 0.7064910234374999 0.2501458640625 0.702761534375
3 0.2574040625 0.6677229437500001 0.254417084375 0.6592424546875 0.25530732968750003 0.658584490625 0.25306053125 0.652371615625 0.23630730937500002 0.663517746875 0.243302515625 0.6843482375 0.260323946875 0.6725943046875 0.25847634531249997 0.6673458703125 0.2574040625 0.6677229437500001
5 0.31416348125 0.7021067421875 0.316351584375 0.7019910203124999 0.3181865578125 0.7382892609375 0.30340708125 0.7391852921875001 0.3040166359375 0.7507865515625001 0.2813654359375 0.766025028125 0.28599393906250004 0.779128503125 0.301684909375 0.768603015625 0.30988935 0.768248815625 0.31020226875 0.7742165812499999 0.32047424375 0.7737265453125 0.319268815625 0.750720215625 0.33689226875 0.74972201875 0.3362443765625 0.73734263125 0.3265074078125 0.7378533968750001 0.324690146875 0.70319245625 0.3344327171875 0.70278285625 0.3335088421875 0.6865061765625 0.3134319875 0.6875069468749999 0.31416348125 0.7021067421875
12 0.32469499062499996 0.7032158609375 0.32651028437499996 0.7378521765625 0.336245815625 0.737342021875 0.334450596875 0.7028329796875 0.32469499062499996 0.7032158609375
2 0.38514884375 0.794430125 0.38829464687500004 0.8539870078125 0.391338121875 0.8538629671875 0.3912549953125 0.8525114453124999 0.4105305625 0.85148245625 0.4106484265625 0.8528158375 0.41893128125 0.8524504203125 0.4166528609375 0.8089531609374999 0.392597846875 0.8101793687500001 0.3917912640625 0.7940990296875 0.38514884375 0.794430125
8 0.3179632609375 0.7969711203125 0.3186740875 0.808655003125 0.350261878125 0.8069998421875001 0.3528703125 0.8558533234375 0.3550541 0.8557394328125 0.35497399218750003 0.854227071875 0.3821222515625 0.8528421156249999 0.3821745859375 0.8543170421875 0.3866882671875 0.8540815609375001 0.383399409375 0.7936518109375 0.3179632609375 0.7969711203125
6 0.3325395265625 0.794504646875 0.3303218875 0.7526501703124999 0.3211574421875 0.7531300937500001 0.322356525 0.7760135078125 0.3203356375 0.7761872546874999 0.32131568593750004 0.793955903125 0.32415854374999997 0.7937031421875 0.324238959375 0.7950082875 0.3325395265625 0.794504646875
2 0.3062901640625 0.8106118468749999 0.3067527203125 0.8203472140624999 0.32029746875 0.8196375031249999 0.3198151796875 0.8099716203125 0.3062901640625 0.8106118468749999
7 0.2684797984375 0.7378157875 0.2688288109375 0.7389339296874999 0.2810608734375 0.7307729078125 0.278170628125 0.722796234375 0.2772569359375 0.7234709421875001 0.270249440625 0.7037591875 0.27127232968750004 0.703129790625 0.2677990609375 0.6936556296874999 0.2325434078125 0.717413496875 0.24538440625 0.7533514484375 0.24706849062499997 0.752088325 0.2491456359375 0.7578215453125 0.263755659375 0.7481605796874999 0.261721596875 0.7420729781250001 0.2684797984375 0.7378157875
1 0.2756583515625 0.7527479375 0.28627380156250004 0.7456211015624999 0.28159530781250003 0.7323198765625001 0.27095893437499996 0.739445409375 0.2756583515625 0.7527479375
10 0.2852005828125 0.8244626500000001 0.2848750203125 0.818473090625 0.275133725 0.8249080546875 0.2852005828125 0.8244626500000001
10 0.2641983609375 0.6867324921875 0.260127978125 0.675267778125 0.26105916875 0.6746942796875001 0.26071041875 0.6737966937500001 0.2438479078125 0.685101246875 0.2486351171875 0.6986465859375001 0.254316309375 0.694887296875 0.256105984375 0.6999192843750001 0.262317696875 0.69575826875 0.2605287578125 0.690692021875 0.2655130125 0.68734229375 0.26505435781250003 0.6861298046875 0.2641983609375 0.6867324921875
2 0.23960200625 0.76576989375 0.2133316125 0.7830912015625 0.2146228234375 0.7868529109375 0.2156211796875 0.7862576921875 0.2225328046875 0.80586755625 0.221568709375 0.8064635093750001 0.2230340890625 0.8101716578125 0.2367619125 0.8008597015625 0.238832590625 0.8065057031249999 0.2511748171875 0.7979923796875 0.23960200625 0.76576989375
4 0.2988741921875 0.7171415640625 0.299853496875 0.7366639828125 0.3163371890625 0.7357999140625 0.3153025375 0.71632305625 0.2988741921875 0.7171415640625
13 0.3932387140625 0.79972440625 0.39369750312499996 0.8084751609374999 0.40397802499999996 0.8080052609375 0.40354494843750005 0.7992351046875 0.3932387140625 0.79972440625
6 0.283804221875 0.7792364234375 0.27435818125 0.785607165625 0.2827407984375 0.8093182984375 0.29239170937500003 0.802974321875 0.283804221875 0.7792364234375
13 0.243389121875 0.7071301359375 0.24189918124999998 0.7028722593750001 0.247652196875 0.6990502328125 0.24100306875 0.680598628125 0.2239087140625 0.6919048375 0.231983534375 0.7146229187500001 0.243389121875 0.7071301359375
1 0.4017290796875 0.7419755796875 0.4025352890625 0.7570393125 0.4139070109375 0.75641685625 0.4131220046875 0.7414510625 0.4017290796875 0.7419755796875
6 0.24950261875000002 0.7591264171875001 0.2572166421875 0.7808705484375 0.268251534375 0.77348419375 0.26054096718749997 0.7518081890625 0.24950261875000002 0.7591264171875001
10 0.2946262515625 0.7748396468750001 0.30255972343750004 0.7973766906249999 0.3037731078125 0.7966002343749999 0.3024422890625 0.7701113640624999 0.30188091875 0.7701204984375 0.2946262515625 0.7748396468750001
2 0.677201990625 0.7741166734375 0.6705181812500001 0.7745502109375 0.67093334375 0.780674875 0.6701428703125 0.7806641328125 0.669771725 0.7745072046875 0.6582854171875 0.775159628125 0.6604381234375001 0.816865134375 0.663511884375 0.8167044734375001 0.663402678125 0.8150635749999999 0.6762083609375 0.814428240625 0.6763310890625001 0.81589705 0.6794884875 0.815697490625 0.677201990625 0.7741166734375
3 0.7284628265624999 0.7714131796875 0.73547198125 0.7709943125 0.7350861296875 0.76387099375 0.7394854609375 0.7635380734375 0.738605503125 0.7449495125000001 0.7272668765625 0.7458498796875 0.7284628265624999 0.7714131796875
8 0.6357769953125 0.8179870671874999 0.6388345421875 0.817828196875 0.6364850234375 0.7749552203125 0.644075653125 0.7745865828125 0.6435402046875 0.76279600625 0.5973069453125001 0.765219021875 0.5979485906249999 0.7770918296875 0.60701618125 0.77637973125 0.6093554484375 0.8194285000000001 0.612269859375 0.8193083203124999 0.612206203125 0.817666759375 0.6356385390625 0.8165571859374999 0.6357769953125 0.8179870671874999
6 0.640682334375 0.761401834375 0.640695584375 0.7618409390624999 0.6434283859375001 0.761612828125 0.6426157140625001 0.7451582421875 0.6311655796875 0.7457919140625 0.632069625 0.761869925 0.640682334375 0.761401834375
3 0.57442443125 0.7723146234375 0.5789836921875 0.7720105703125 0.579341503125 0.7792917703125 0.5863776546875 0.7789564999999999 0.5849186296875 0.7532892921875 0.5735464828125 0.753738790625 0.57442443125 0.7723146234375
10 0.643344134375 0.7452547328125 0.643634603125 0.7507737203125 0.655271271875 0.7502475875 0.6549608109375 0.7445775265625 0.643344134375 0.7452547328125
13 0.6682814671874999 0.750925828125 0.6576738625 0.7514089562499999 0.6588135125 0.77374046875 0.6696586828125 0.7730852078125 0.6682814671874999 0.750925828125
3 0.736696359375 0.7120555656249999 0.72529698125 0.7127848171875 0.7269541703125 0.74449735625 0.7383341703124999 0.7438544125 0.736696359375 0.7120555656249999
10 0.656701965625 0.74448856875 0.6569282078125 0.750128178125 0.668551675 0.7496229249999999 0.6682026671875 0.7438860515625 0.656701965625 0.74448856875
10 0.7395199453125 0.764894965625 0.7359200359375 0.7650837578125 0.736157134375 0.7698411843749999 0.7398406796875 0.7696134953125 0.7395199453125 0.764894965625
10 0.655924946875 0.7371035375 0.6561340078125 0.7422547875000001 0.670941671875 0.741513140625 0.6706107703125 0.7362947875 0.655924946875 0.7371035375
4 0.6425521015625 0.693722315625 0.6264037171875 0.69450855625 0.627645925 0.717025690625 0.6438559796875001 0.716204784375 0.6425521015625 0.693722315625
10 0.578096725 0.7733800671875 0.5745074015625 0.7735338125 0.5747430609374999 0.7782918484375 0.5783787921875 0.77806748125 0.578096725 0.7733800671875
10 0.6893933140625 0.7591814953125 0.6886036796874999 0.7439528656250001 0.6847059 0.7441917109375 0.6846182328125 0.7430254406250001 0.6812840062500001 0.7432762921875 0.6820394546874999 0.75954808125 0.6893933140625 0.7591814953125
10 0.7018005265625 0.6990673265625 0.7025985609375 0.713352009375 0.7047568234375 0.7133219453125 0.70400471875 0.6989855140625 0.7018005265625 0.6990673265625
10 0.2697627921875 0.738798884375 0.2630834703125 0.743205915625 0.26506155 0.7489896734375 0.2614208890625 0.751405828125 0.269048840625 0.773003171875 0.279262315625 0.76606903125 0.2785176984375 0.7640748890625 0.2777204859375 0.7645881218749999 0.2746136796875 0.7558733265625001 0.2756384953125 0.7552804562500001 0.2697627921875 0.738798884375
2 0.328780021875 0.8204943453125001 0.3307007796875 0.8570226703125 0.33384778125 0.8569225828125001 0.333751315625 0.8555716296875 0.3487976546875 0.854752434375 0.34889508125 0.8561216500000001 0.3519102140625 0.855946834375 0.3494154 0.8083487578125 0.34269461875 0.8087351828125 0.343289171875 0.81963328125 0.328780021875 0.8204943453125001
2 0.3069045640625 0.8215846953125 0.30876489375 0.8582625828125 0.31173594531250004 0.8580199093750001 0.3116882984375 0.8566719984375 0.326718815625 0.8558595203125 0.32677048750000004 0.8572888953125 0.3298301546875 0.85705104375 0.32741545156249996 0.8094257515625 0.3207177765625 0.8098346187500001 0.32129784375 0.8208865421875 0.3069045640625 0.8215846953125
2 0.23662787812500002 0.8021794890624999 0.22335984843749998 0.8111910328124999 0.2267028421875 0.8204862453124999 0.2276566125 0.819909953125 0.2345445390625 0.8393720140625 0.233640771875 0.8402020671875 0.23498729062499998 0.843930115625 0.2612425953125 0.82634531875 0.251603309375 0.7992057890625001 0.238590278125 0.8078103437499999 0.23662787812500002 0.8021794890624999
3 0.39147591406250004 0.77113415 0.39243347812499996 0.7889378046875 0.40238532187500003 0.7883494093750001 0.40143479531250004 0.7706463109375 0.39147591406250004 0.77113415
3 0.4018113 0.7597485015625 0.403325096875 0.788200021875 0.41450067187500006 0.7875793484375 0.4128548109375 0.759168609375 0.4018113 0.7597485015625
2 0.702783084375 0.741979059375 0.70704919375 0.741784165625 0.7078813390625001 0.7581846546875 0.7160042921875001 0.7577224593749999 0.715295121875 0.7451467187499999 0.7263125375 0.7446373140625 0.72446076875 0.7100470343749999 0.7256055890625001 0.7099328265625 0.7248198125 0.6979124140625 0.7207315765625 0.6980504796875 0.720884084375 0.699569453125 0.7079157 0.7002653624999999 0.707849934375 0.6987587953125 0.70472451875 0.6989057359374999 0.7055819171875 0.7140580734374999 0.701364121875 0.71434279375 0.702783084375 0.741979059375
10 0.6401480671875001 0.7379052234375 0.6403982906250001 0.7431374515625 0.6551396484375 0.742347565625 0.654846946875 0.73699926875 0.6401480671875001 0.7379052234375
2 0.6565336140625 0.7751835109375 0.6451016796875 0.7757160984375 0.645439878125 0.78190738125 0.6444684390625001 0.781958178125 0.6441608484375 0.7758150109375 0.6375809484375 0.776221415625 0.63973754375 0.81775213125 0.6427326437499999 0.8176740859375 0.64262195 0.8162256296875 0.65559070625 0.8154226234375 0.655695234375 0.8169925171875001 0.65872405625 0.8168339578125 0.6565336140625 0.7751835109375
7 0.61222223125 0.70140411875 0.604879859375 0.7018897421875 0.6049945765625 0.7040714796875001 0.6052550640625001 0.7040933109374999 0.6053006359374999 0.7050924296875001 0.605991534375 0.7050045500000001 0.606687634375 0.7182733 0.6088686062499999 0.7180248109375 0.6103466140625 0.7466799390625 0.6145073109375 0.7464126640625001 0.6145469078125 0.7478335875 0.6055701859375 0.74825589375 0.6063848625 0.7644872640625 0.6231396 0.76391383125 0.6222269140625001 0.746243896875 0.6274178984375001 0.74593649375 0.6250076640625 0.700869040625 0.6195678953125 0.701034221875 0.6196020296875 0.70261023125 0.61236031875 0.7031770390625 0.61222223125 0.70140411875
7 0.6873183640625 0.6975286406250001 0.6817561984375 0.697905334375 0.6840946484375 0.7427876828125 0.68937439375 0.7425614234375 0.6903415046875 0.760155634375 0.7070444609375001 0.7593682375 0.7061563578125 0.7430118703125 0.6971033859375 0.7435904546875001 0.696916875 0.7420553609375 0.7010881609374999 0.7419889828125 0.69960285 0.7134286171875 0.7018604546875 0.71320870625 0.7011351953125 0.699947240625 0.7018678671874999 0.699941778125 0.7018005265625 0.6990673265625 0.7020473125 0.699016890625 0.7019827359375 0.6966933484375 0.694552471875 0.6970838796875001 0.694613725 0.6984718453125 0.6874084953125 0.6988126859375 0.6873183640625 0.6975286406250001
2 0.7399563484375 0.7708697265625 0.7274524 0.7715840703125 0.7270795796875 0.7655551609375 0.7217720125 0.765935815625 0.7220445203125 0.771664421875 0.709358909375 0.7722267234375 0.7115569515625 0.8141709953125 0.7168606828125 0.8140092421875 0.716786159375 0.8123060921875 0.73588511875 0.8113249109374999 0.735948565625 0.8127900265625 0.7421369296875 0.8124649484375001 0.7399563484375 0.7708697265625
10 0.5968504203125 0.7723892765625 0.59348661875 0.7725304671875 0.5937103796875001 0.7772884624999999 0.5971446031250001 0.7770732453125 0.5968504203125 0.7723892765625
3 0.5831673734375 0.7200075109374999 0.5717677765625 0.7207402484375 0.57342579375 0.752450740625 0.58480579375 0.751807796875 0.5831673734375 0.7200075109374999
2 0.585676315625 0.7519271437499999 0.596636871875 0.7513077781249999 0.5972646703125 0.7639197546875 0.6052609640625 0.763715015625 0.604502665625 0.7471405953125 0.6088613828125 0.7468639546875 0.6072248046875 0.7193268515625 0.6030705828125 0.7195014125 0.602166103125 0.7043181359374999 0.5992585015625 0.7044863484375 0.5994057625 0.7059209796875 0.586416425 0.706683496875 0.586362559375 0.7051769703125 0.5821425875 0.70526061875 0.5828684328125 0.7172877984375 0.583857296875 0.717182078125 0.585676315625 0.7519271437499999
6 0.6811103859375 0.7593907796875 0.6803086125 0.7431658140625 0.6688057374999999 0.7438032031249999 0.669769128125 0.759985028125 0.6811103859375 0.7593907796875
10 0.6238977609374999 0.762532809375 0.6312728765625 0.7623082734375 0.6303841921875 0.7458825578125 0.6269661515625 0.7461638953125 0.626995509375 0.747164803125 0.623069034375 0.74733605 0.6238977609374999 0.762532809375
10 0.6469535625 0.6933664234375 0.644270409375 0.693595528125 0.6448933921875 0.705880246875 0.6477832890624999 0.7056703234375 0.6469535625 0.6933664234375
2 0.60537273125 0.777698596875 0.592949059375 0.7785740703124999 0.5926307609375 0.7725016499999999 0.5868989250000001 0.772758553125 0.58726911875 0.7789532296874999 0.5747992734375 0.7795359734375 0.5769526843749999 0.8212751296875 0.5832502859375001 0.8209834609375 0.5831625609375 0.81930119375 0.6022855359375 0.8183166078124999 0.6024008671875001 0.8198479671875001 0.6075109734375 0.8194340062500001 0.60537273125 0.777698596875
11 0.736115934375 0.697199834375 0.7257085015625 0.6977626453125 0.726241365625 0.7105948484375 0.73680199375 0.7101690046875 0.736115934375 0.697199834375
10 0.6031341375 0.704243321875 0.603859334375 0.7182924265625 0.6060161578125001 0.718262971875 0.6052550640625001 0.7040933109374999 0.6031341375 0.704243321875
10 0.6477936718749999 0.7068184765625001 0.6450258421874999 0.7069120828125001 0.6456092359375 0.719135525 0.64844006875 0.718918421875 0.6477936718749999 0.7068184765625001
13 0.7272411265625001 0.7547587796874999 0.726722971875 0.7457921875 0.716159603125 0.746239565625 0.716622184375 0.7554351359375 0.7272411265625001 0.7547587796874999
13 0.59614084375 0.7621799375 0.58583425625 0.7626524140625001 0.5862014390625 0.771491278125 0.5966318765625 0.77109863125 0.59614084375 0.7621799375
12 0.6795645828125 0.6916944968750001 0.656391709375 0.692943459375 0.6578297375 0.7184532296875 0.6808989078125001 0.717171903125 0.6795645828125 0.6916944968750001
5 0.1719928984375 0.100630253125 0.1745210078125 0.14886261875 0.138613075 0.15079332343750002 0.14072184062499998 0.1920354078125 0.1504068140625 0.19155010781249998 0.14978889687500002 0.17975719375000002 0.1760795890625 0.1783034078125 0.17673351718750002 0.1901251703125 0.197510065625 0.188985259375 0.1928401515625 0.09951295 0.1719928984375 0.100630253125
10 0.1711830734375 0.1174493375 0.1702490421875 0.1007288453125 0.15991093750000002 0.10117905468749999 0.15627925781250002 0.1027206109375 0.1569819453125 0.118232275 0.1711830734375 0.1174493375
10 0.31972645 0.127443965625 0.32040260468750004 0.1410216296875 0.330052884375 0.1405425703125 0.3293242890625 0.126941334375 0.31972645 0.127443965625
3 0.33940365156249996 0.1837978296875 0.341329965625 0.2195514609375 0.36131687968750004 0.2184547703125 0.3594275375 0.18274825 0.33940365156249996 0.1837978296875
6 0.204713778125 0.2298656484375 0.20479572968749998 0.2314383359375 0.2215484453125 0.2305602234375 0.21715524843749998 0.1467264671875 0.1985207140625 0.147670071875 0.2009219859375 0.1934882015625 0.19706200625 0.1937721109375 0.19900754375000002 0.23019486093750002 0.204713778125 0.2298656484375
10 0.6595842765625 0.09818430781250001 0.6592222765625 0.0995108984375 0.6604779296875 0.1232393875 0.6956281703125 0.12131118593750001 0.6954026703125 0.1172329046875 0.6595842765625 0.09818430781250001
10 0.5270257859374999 0.1241561734375 0.5277332234375 0.1378835125 0.534075753125 0.1375337328125 0.5333618 0.12391100625 0.5270257859374999 0.1241561734375
3 0.4953276296875 0.1512603421875 0.4956060546875 0.1542756296875 0.4821991453125 0.1550541390625 0.48198493437499995 0.15186222031250002 0.47175045937500004 0.15242460468750002 0.473283815625 0.18103417187499998 0.5053528140625 0.1793529828125 0.5038764125 0.1508855890625 0.4953276296875 0.1512603421875
7 0.6060904687499999 0.2273034765625 0.6038586734375 0.184383925 0.597161025 0.18448894062500001 0.59688993125 0.17929951875 0.5946661296875 0.1794151171875 0.593495721875 0.1567232234375 0.59573504375 0.15662819687500001 0.595167109375 0.1461007234375 0.58404489375 0.1465391875 0.584170684375 0.1496107765625 0.5495422343749999 0.1515245765625 0.5494464609375 0.14837574375 0.5362635734375 0.1490421875 0.541088534375 0.23853185781250003 0.597542165625 0.2356491953125 0.5970973671875 0.2277751703125 0.6060904687499999 0.2273034765625
10 0.5988110328125 0.15671271874999998 0.5999886796875 0.17986154375000002 0.6355086671875 0.17810060625 0.634338678125 0.155761603125 0.5988110328125 0.15671271874999998
2 0.720663003125 0.1878195125 0.7124238140625 0.2219946390625 0.7401033828125 0.23661336249999998 0.7426297500000001 0.2259776171875 0.7406235421875 0.2249942703125 0.757001225 0.1570466171875 0.7591509125 0.158188028125 0.7605956578125 0.1516303421875 0.7235156453125 0.132120875 0.7109807765625 0.18277678749999998 0.720663003125 0.1878195125
2 0.6089821515625 0.25806934375 0.6119442375 0.3152259484375 0.617990065625 0.3148849890625 0.6177430953124999 0.311791846875 0.648188796875 0.3101733515625 0.648387175 0.31331597499999997 0.6543964765625 0.312976940625 0.6534404125 0.2950368546875 0.6619686031249999 0.2945656 0.6598466375 0.25535585781250003 0.6089821515625 0.25806934375
10 0.660606475 0.1256936359375 0.6618343484375 0.1489128046875 0.696957025 0.14712361093749998 0.6957365078125 0.12385379375000001 0.660606475 0.1256936359375
10 0.6189635531250001 0.0720249875 0.6174040062499999 0.078852071875 0.6341723906250001 0.08760026875 0.6337537015625 0.079947709375 0.6189635531250001 0.0720249875
10 0.71865283125 0.18928215937499998 0.7102950140625001 0.1848162375 0.7119123390625 0.2168427515625 0.71865283125 0.18928215937499998
9 0.50540803125 0.15075487031249998 0.506938540625 0.1792977484375 0.52821403125 0.1781056078125 0.527312075 0.16024100624999998 0.53523876875 0.1598723015625 0.5346794312500001 0.1491731328125 0.5246997515625 0.14962396875 0.5248054078125 0.1529400484375 0.5071872296875 0.15371873281249998 0.5070332843750001 0.1506607921875 0.50540803125 0.15075487031249998
13 0.6671247265625 0.205996028125 0.668043659375 0.22352072656250002 0.6887694328125 0.22240915625 0.687836334375 0.2048870765625 0.6671247265625 0.205996028125
11 0.59803685625 0.14140453749999998 0.598675453125 0.1543938546875 0.6181957703125 0.1533696125 0.6163809828125 0.1195342734375 0.595370478125 0.12057489375 0.5964406578125 0.1414031078125 0.59803685625 0.14140453749999998
2 0.1689188765625 0.2628182796875 0.16994093593749998 0.2823174578125 0.19705026875 0.280916775 0.1960266359375 0.26139789687500004 0.1689188765625 0.2628182796875
13 0.6874543906249999 0.1863960546875 0.689417053125 0.22279116718749997 0.7104404921875 0.221689040625 0.708542028125 0.1854771609375 0.6874543906249999 0.1863960546875
6 0.6582327484375 0.1537923359375 0.6598838890625001 0.18488278593750002 0.697254259375 0.1830102890625 0.6956204500000001 0.151832703125 0.6582327484375 0.1537923359375
2 0.6056041249999999 0.1870803359375 0.6077661140624999 0.22723214062500002 0.6417420765624999 0.2254527203125 0.63962529375 0.1853394390625 0.6056041249999999 0.1870803359375
8 0.540996565625 0.23854713125 0.5452331906250001 0.318600953125 0.551239325 0.3183464359375 0.5509945921875 0.315318546875 0.602655325 0.31248943906250004 0.6028259625 0.3157626578125 0.6088255375 0.3153887109375 0.6057002515625001 0.255772196875 0.705484353125 0.250726046875 0.70855179375 0.310102315625 0.722486434375 0.30937138750000004 0.7237987890625 0.30407338125 0.72171875 0.302904103125 0.7354468296875 0.2457497453125 0.73757836875 0.247036353125 0.7390145515625 0.2408183953125 0.7115107859375 0.22626593437500003 0.597382828125 0.23243059062500002 0.5975800062500001 0.235682359375 0.540996565625 0.23854713125
6 0.637459478125 0.15475601875 0.638970553125 0.18488067187499999 0.641214190625 0.1847838125 0.6436558906250001 0.22982942187500002 0.66054050625 0.22895812656249998 0.660376775 0.22446151718750001 0.6660333625 0.2241313125 0.66410859375 0.186925715625 0.658452740625 0.187221659375 0.6567456843749999 0.15373609375 0.637459478125 0.15475601875
10 0.6970641203125 0.118119859375 0.7001215359375 0.176836684375 0.7088256140625 0.1764078921875 0.719999784375 0.1301403109375 0.6970641203125 0.118119859375
1 0.7361572562500001 0.335091590625 0.7784334296875 0.1610143671875 0.7636818062499999 0.1532823796875 0.724776109375 0.313749803125 0.48086597812500004 0.32647396875 0.4820156203125 0.34840913125 0.7361572562500001 0.335091590625
2 0.5316878046875 0.31629798125 0.531828846875 0.3193495171875 0.5420771875 0.3188118 0.5378558124999999 0.237614221875 0.4764276359375 0.24092629062499998 0.4806435890625 0.32203111562500003 0.4930166640625 0.3214283390625 0.49283555625000003 0.3183344 0.5316878046875 0.31629798125
3 0.49701921718750003 0.18234211250000001 0.4733626609375 0.1834433171875 0.47627039687500006 0.2384044421875 0.49985518124999995 0.2371741421875 0.49701921718750003 0.18234211250000001
13 0.53741411875 0.23488211718750002 0.5355070359375 0.1987299109375 0.5289068343750001 0.1991924609375 0.527961384375 0.18114941874999999 0.4991183046875 0.18263251875 0.5017000734375 0.236633765625 0.53741411875 0.23488211718750002
2 0.6615271968750001 0.25522811875 0.66369400625 0.296830884375 0.65514635 0.2971763046875 0.6559182859375 0.31283510937500003 0.6706384734374999 0.312115315625 0.6704523046875 0.309001459375 0.7007647734375 0.307464978125 0.7009236859375 0.3105106265625 0.7069591984375 0.3102453375 0.703951303125 0.2531047796875 0.6615271968750001 0.25522811875
1 0.534966740625 0.1238170640625 0.5360429625 0.14455953906250002 0.5947855843750001 0.141458921875 0.5936963343749999 0.12074574062500001 0.534966740625 0.1238170640625
1 0.534473825 0.144741828125 0.5341752421875 0.139847546875 0.5262763609375 0.1402417890625 0.5253971515625 0.1243382578125 0.4704862625 0.12713640312500002 0.47153438124999997 0.1479366375 0.534473825 0.144741828125
13 0.6661588453125 0.1875729453125 0.66703966875 0.2050238546875 0.6878043796875 0.20398402343750002 0.68684983125 0.186435403125 0.6661588453125 0.1875729453125
10 0.53566464375 0.1958181046875 0.5346788578125 0.177692034375 0.5362206796875 0.1775773546875 0.5354075843749999 0.16207351406249998 0.5290120203125 0.1622743640625 0.5308315984374999 0.196088996875 0.53566464375 0.1958181046875
10 0.6574171171875001 0.099065171875 0.6625849578125 0.0779688828125 0.670648925 0.0820944390625 0.6745964453125 0.0657291875 0.6198365265625 0.06865505937500001 0.619615675 0.069806309375 0.6354679140624999 0.0782796890625 0.6391966984375 0.1501790078125 0.6600778187499999 0.1490575140625 0.6574171171875001 0.099065171875
3 0.3325644421875 0.15939591250000001 0.33383204843750003 0.181628978125 0.3608802984375 0.1801523765625 0.3629246484375 0.2185514375 0.3876474515625 0.2169789640625 0.38443985625 0.156840628125 0.35299594375 0.15824290624999998 0.35320186875 0.16163524375 0.33604571562499996 0.1625946421875 0.33585155625 0.1591820328125 0.3325644421875 0.15939591250000001
13 0.34282616875 0.241003425 0.34379334375 0.2586977578125 0.3644044265625 0.257527934375 0.363542309375 0.2398891546875 0.34282616875 0.241003425
2 0.21868923750000002 0.1466813125 0.2229732296875 0.22911011406249998 0.2654293171875 0.22669821406250001 0.26182260625 0.15692998281249998 0.257429534375 0.157173678125 0.2576180125 0.16050891875 0.24052910781249998 0.161422796875 0.24034350624999998 0.15808633593750002 0.23288647343750002 0.15844579375 0.23227345000000002 0.1458326359375 0.21868923750000002 0.1466813125
0 0.48690683437500004 0 0.38578988281250004 0.0052991296875 0 0.16905721875 0 0.513093165625 0.0052991296875 0.6142101171875 0.16905721875 1 0.513093165625 1 0.6142101171875 0.9947008703125 1 0.8309427812499999 1 0.48690683437500004 0.9947008703125 0.38578988281250004 0.8309427812499999 0 0.48690683437500004 0
10 0.151613346875 0.18209586093750002 0.152104075 0.191457715625 0.17497435781249998 0.190199703125 0.1744734375 0.180877821875 0.151613346875 0.18209586093750002
8 0.32360293125 0.230426884375 0.2671616484375 0.23116722812499998 0.19235164531249999 0.2351249453125 0.193534546875 0.259065940625 0.2568537 0.25570995625 0.26057535 0.3272405640625 0.26837338593750004 0.32693665781250003 0.268067896875 0.323501709375 0.3192827078125 0.320817753125 0.31942854375 0.324084525 0.328461753125 0.323643334375 0.32360293125 0.230426884375
1 0.33436036874999997 0.1485949375 0.3347328296875 0.15478695468749998 0.359726396875 0.1534084828125 0.3582884234375 0.1255154859375 0.33089449375 0.12686553125 0.3320157 0.1487177078125 0.33436036874999997 0.1485949375
10 0.19110490156249998 0.211489428125 0.19205579687500002 0.23062500625000001 0.19739519375 0.23029534375 0.1955192640625 0.1938566265625 0.1653476765625 0.1954130859375 0.16622828125 0.21286748437499997 0.19110490156249998 0.211489428125
4 0.1959857859375 0.0993336625 0.19833025625 0.143130490625 0.230456246875 0.14134363125 0.2281704796875 0.097717090625 0.1959857859375 0.0993336625
2 0.214056028125 0.2823263359375 0.21654701875 0.3295475078125 0.22288018593749997 0.3292356515625 0.2227021578125 0.32584504999999997 0.2524679390625 0.3242843125 0.25268885625 0.327671984375 0.2589460296875 0.3272650765625 0.25535129843750004 0.2581249046875 0.24179512656250002 0.2588157 0.2430127953125 0.28089512656250004 0.214056028125 0.2823263359375
13 0.34183753437500003 0.2225747234375 0.342797703125 0.2401005890625 0.36351037812500003 0.23909812343749998 0.3625369625 0.22136909531249999 0.34183753437500003 0.2225747234375
1 0.330497325 0.14881564375 0.3301508109375 0.1428926921875 0.319138671875 0.1434185296875 0.3182705859375 0.12756119999999999 0.23320132343750002 0.131950934375 0.2338675828125 0.145305340625 0.2354110703125 0.14524257499999998 0.23588223125000002 0.1537385546875 0.330497325 0.14881564375
13 0.16798202499999998 0.21583536093750003 0.1702475359375 0.259742090625 0.191435021875 0.258546565625 0.189248346875 0.21456563437499998 0.16798202499999998 0.21583536093750003
10 0.15716165937499998 0.1206631078125 0.1585722171875 0.1472318578125 0.17266721093749998 0.1464668125 0.1712458734375 0.1200486171875 0.15716165937499998 0.1206631078125
10 0.663717140625 0.0809680484375 0.660062478125 0.09594779375 0.6664903375 0.099274090625 0.6700992140625 0.084422415625 0.663717140625 0.0809680484375
2 0.326690340625 0.23029437812500003 0.3317036921875 0.3235589625 0.33784516249999996 0.32326736875 0.33767084999999997 0.319929509375 0.3760071015625 0.31789315 0.376264534375 0.321222884375 0.3930082171875 0.32028749843750004 0.389846778125 0.2590262359375 0.3418695390625 0.2615835421875 0.3401939484375 0.22961571093750002 0.326690340625 0.23029437812500003
7 0.3106627375 0.1542661078125 0.3108575078125 0.15768015625 0.28097555625 0.1591951484375 0.2808566953125 0.1558999515625 0.2635254546875 0.15688274687499998 0.2673645 0.23112525625 0.3237035703125 0.230396046875 0.32359696250000003 0.2280054765625 0.3330750703125 0.22753669375 0.329699296875 0.16311921093749998 0.3320350453125 0.1628474578125 0.33151965781250003 0.1533195375 0.3106627375 0.1542661078125
11 0.359931565625 0.12529159843749998 0.36152345625 0.155658628125 0.384419596875 0.1544575375 0.382801134375 0.12417986875 0.359931565625 0.12529159843749998
2 0.213002215625 0.2605049625 0.21399071875 0.2800370546875 0.241187040625 0.27857738125 0.2401159859375 0.25906675 0.213002215625 0.2605049625
2 0.170018209375 0.2847069015625 0.17247838437500002 0.33193945468749997 0.178762990625 0.33160917031250003 0.1785847453125 0.3282220578125 0.208421178125 0.326639815625 0.2086537265625 0.3299869046875 0.2149635703125 0.32965609218749997 0.211266521875 0.2604388328125 0.1976970125 0.261130196875 0.1989382625 0.28321319375 0.170018209375 0.2847069015625
3 0.38780537656249997 0.21965838437500002 0.36302691875000004 0.22083181875000002 0.365004025 0.25797276406249997 0.38969062656250003 0.25672289375 0.38780537656249997 0.21965838437500002