9 0.6864640625 0.3159953125 0.655928125 0.337203125 0.6832984375 0.3763359375 0.7137921875 0.3553109375 0.6864640625 0.3159953125
3 0.329384375 0.57911875 0.2997703125 0.599853125 0.3230453125 0.631775 0.3517828125 0.6110640625 0.329384375 0.57911875
12 0.21033593750000001 0.42253125 0.2375015625 0.4615875 0.31089375 0.4103296875 0.2838484375 0.371821875 0.21033593750000001 0.42253125
13 0.7592859375 0.2760546875 0.734796875 0.2936625 0.775853125 0.3518328125 0.80019375 0.3349421875 0.7592859375 0.2760546875
0 0.34235000000000004 0 0 0.2397171875 0 0.6576500000000001 0.2397171875 1 0.6576500000000001 1 1 0.7602828125000001 1 0.34235000000000004 0.7602828125000001 0 0.34235000000000004 0
3 0.23489374999999998 0.681621875 0.250928125 0.67096875 0.2337015625 0.6463687499999999 0.2179390625 0.65740625 0.23489374999999998 0.681621875
10 0.5625453125 0.3195578125 0.559225 0.3242109375 0.56878125 0.3384453125 0.574284375 0.336915625 0.5625453125 0.3195578125
10 0.2373984375 0.5700000000000001 0.24948437499999998 0.586734375 0.2748359375 0.5684578124999999 0.263428125 0.551925 0.2373984375 0.5700000000000001
11 0.40416093750000004 0.7442484375 0.42285312499999994 0.7709421875 0.44791875000000003 0.7535546875 0.428775 0.726378125 0.40416093750000004 0.7442484375
10 0.3693609375 0.568309375 0.3763703125 0.5782234374999999 0.379340625 0.5760531249999999 0.35969687499999997 0.548 0.329946875 0.5687390625 0.342796875 0.5869984374999999 0.3693609375 0.568309375
10 0.7702390625 0.21753593750000003 0.761178125 0.2142265625 0.729946875 0.23631562499999997 0.743909375 0.256275 0.7773265625 0.2327546875 0.78434375 0.2427875 0.7868078125 0.2410625 0.7702390625 0.21753593750000003
11 0.6425921875 0.5645953125000001 0.6558296875 0.5557000000000001 0.6555484375 0.555696875 0.6616187499999999 0.551315625 0.6440875 0.5265187499999999 0.6193296875 0.5439640625 0.6367406250000001 0.5686078125 0.6419828125 0.5649375 0.6425921875 0.5645953125000001
2 0.19964375 0.566765625 0.169528125 0.58784375 0.2164734375 0.655109375 0.24670156250000003 0.6332640625 0.19964375 0.566765625
10 0.720471875 0.287403125 0.7243171875 0.2845578125 0.7174765625 0.2749453125 0.7433062500000001 0.25709218749999996 0.7291296875 0.2367984375 0.699484375 0.25731875 0.720471875 0.287403125
10 0.2775234375 0.626696875 0.28978281250000004 0.644365625 0.2983125 0.6387109375 0.285375 0.62071875 0.2775234375 0.626696875
6 0.2774375 0.566875 0.27509375 0.5684750000000001 0.24776718749999999 0.5878046875 0.27366250000000003 0.6247890625 0.301353125 0.6062203125 0.29133125 0.5919734375 0.2940453125 0.59005 0.2774375 0.566875
13 0.293321875 0.6451359375 0.3157171875 0.67665625 0.33964531249999996 0.65969375 0.303025 0.6085499999999999 0.28715 0.6201218749999999 0.30082343749999996 0.6398828125 0.293321875 0.6451359375
5 0.2865390625 0.45683749999999995 0.27706875000000003 0.4432921875 0.2499421875 0.46213437500000004 0.3003828125 0.5342828125 0.2728796875 0.55386875 0.2981359375 0.5897421875 0.32902343749999996 0.56788125 0.359821875 0.54630625 0.3799203125 0.575403125 0.40335625 0.5594484375000001 0.3778828125 0.5232015624999999 0.385990625 0.5176640625 0.3707046875 0.495371875 0.3323296875 0.5222421875000001 0.3155140625 0.49773125 0.3032328125 0.48067187499999997 0.3066125 0.4783046875 0.3157671875 0.49130624999999994 0.3504890625 0.4667296875 0.3152109375 0.41621718750000003 0.2807484375 0.440740625 0.29007031250000004 0.454296875 0.2865390625 0.45683749999999995
13 0.2526234375 0.49712187500000005 0.22740468749999998 0.5150109375 0.254103125 0.5531421875 0.2792171875 0.53486875 0.2526234375 0.49712187500000005
13 0.5829125000000001 0.40570781250000004 0.5738046875 0.39319375 0.5525156250000001 0.4082390625 0.5771609375 0.4428546875 0.59815625 0.427971875 0.6114859375 0.41863906249999994 0.5962421875 0.39637500000000003 0.5829125000000001 0.40570781250000004
1 0.6898671875 0.5003828125 0.6762875 0.5098046875 0.6735609375 0.5057078125000001 0.6703390625 0.5077234374999999 0.6694953124999999 0.5066312500000001 0.645828125 0.5230718750000001 0.6462671875 0.5250609374999999 0.663165625 0.5500578125 0.6641890625 0.5496484374999999 0.6660703125 0.551803125 0.72605625 0.511146875 0.858384375 0.4173171875 0.8420015624999999 0.39407187499999996 0.8304625 0.4022640625 0.8291921875 0.40062031249999996 0.80715625 0.41628906250000003 0.8082312500000001 0.41789375 0.799478125 0.4237609375 0.7845156249999999 0.43423749999999994 0.783528125 0.4328265625 0.761709375 0.44841718750000004 0.7623234375 0.449690625 0.7394953125 0.46569843750000006 0.73823125 0.46407031249999997 0.6893015625000001 0.49937812499999995 0.6898671875 0.5003828125
2 0.803153125 0.338415625 0.7571546875 0.3697078125 0.7917265625 0.4191890625 0.8375625 0.3871828125 0.803153125 0.338415625
10 0.7895749999999999 0.17609375 0.7804781249999999 0.18239531250000002 0.809990625 0.2248078125 0.81905625 0.21819843749999998 0.7895749999999999 0.17609375
2 0.3720359375 0.6405890624999999 0.3175625 0.6794140625 0.3723703125 0.757678125 0.42672968750000007 0.71846875 0.3720359375 0.6405890624999999
10 0.2041484375 0.687796875 0.1796875 0.7053843750000001 0.1864671875 0.715990625 0.211903125 0.6986375 0.2041484375 0.687796875
10 0.24893125 0.46291093749999995 0.242009375 0.46775625 0.29169999999999996 0.538609375 0.29861875000000004 0.533765625 0.24893125 0.46291093749999995
10 0.7506328124999999 0.262790625 0.7275453125 0.278871875 0.7344984375 0.28869375 0.7571953125 0.2727140625 0.7506328124999999 0.262790625
10 0.23523125 0.6456453125 0.252053125 0.6696703125 0.26866249999999997 0.65830625 0.251528125 0.6337015625 0.23523125 0.6456453125
1 0.3685453125 0.7731890625 0.31860468750000004 0.8080031249999999 0.3196015625 0.8094921875000001 0.3143390625 0.8130890624999999 0.24269687499999998 0.7103078125 0.24651874999999998 0.7076515624999999 0.1376 0.552434375 0.179078125 0.5235562500000001 0.186821875 0.5346078125 0.2516421875 0.4892484375 0.240634375 0.47352812499999997 0.2102640625 0.4944625 0.19538125 0.4732078125 0.100165625 0.5401078125 0.20192031250000003 0.685540625 0.2046234375 0.683734375 0.2157421875 0.6996359375 0.188978125 0.7183375 0.25748125 0.8164453125 0.286440625 0.7968296875 0.2501546875 0.7460109375 0.254171875 0.7432109375 0.2900140625 0.79475 0.28756875000000004 0.7965718749999999 0.3205546875 0.8438859375 0.42105625 0.7735125 0.40128281250000003 0.7446125 0.3798796875 0.7594984375 0.38054375 0.760540625 0.3760609375 0.763484375 0.37901875 0.7676890625 0.3694015625 0.774375 0.3685453125 0.7731890625
10 0.5496187499999999 0.40482968750000003 0.573890625 0.38788125 0.5830078125 0.4007734375 0.594946875 0.3932109375 0.578875 0.370240625 0.5430109375 0.395353125 0.5496187499999999 0.40482968750000003
8 0.7073031249999999 0.399571875 0.773346875 0.3535875 0.7551140625 0.3282109375 0.62094375 0.4214375 0.67595625 0.5005140625 0.7444390624999999 0.452234375 0.7073031249999999 0.399571875
10 0.650571875 0.23713437499999998 0.64350625 0.242125 0.690234375 0.308815625 0.6970531249999999 0.3034953125 0.650571875 0.23713437499999998
1 0.47815624999999995 0.3798015625 0.59903125 0.55248125 0.6148374999999999 0.541803125 0.5181328125 0.4034703125 0.546078125 0.3842078125 0.5216109375 0.34957343750000003 0.47815624999999995 0.3798015625
7 0.2556734375 0.7108734375 0.2517171875 0.7136421875 0.2557890625 0.7193703124999999 0.293765625 0.69234375 0.271534375 0.660871875 0.23735625 0.684803125 0.2556734375 0.7108734375
7 0.620840625 0.421290625 0.681809375 0.3790171875 0.6535968750000001 0.3390546875 0.59889375 0.37748906249999997 0.5891453125 0.36385625 0.5832890625 0.36795 0.620840625 0.421290625
1 0.5480203125 0.3827171875 0.58859375 0.3532375 0.5880921875 0.35243281249999997 0.5891828125 0.35169375 0.60130625 0.369009375 0.6126406249999999 0.36098906249999996 0.6110703125 0.3588328125 0.6840546875 0.3079703125 0.6658625 0.282453125 0.643428125 0.2982296875 0.645909375 0.30195 0.63370625 0.310340625 0.6151921875 0.28378749999999997 0.56484375 0.3188703125 0.5776390625000001 0.3374359375 0.5694874999999999 0.34323125 0.55653125 0.324796875 0.5238890625 0.3475390625 0.5480203125 0.3827171875
10 0.3166546875 0.49815156250000003 0.332178125 0.5203218749999999 0.36955781249999997 0.4942578125 0.3539296875 0.4719390625 0.3166546875 0.49815156250000003
2 0.617109375 0.535321875 0.6692640625 0.499 0.6147578125 0.4215109375 0.5769062500000001 0.44814687500000006 0.5411343750000001 0.397409375 0.5275937500000001 0.40697656249999997 0.617109375 0.535321875
3 0.324459375 0.6342218749999999 0.34134375 0.6582015625000001 0.37034218750000003 0.638428125 0.353584375 0.614225 0.324459375 0.6342218749999999
2 0.7551249999999999 0.37115 0.7138484375 0.3994859375 0.7487453125 0.44972031250000005 0.78985 0.42074375 0.7551249999999999 0.37115
8 0.2407046875 0.5382765625 0.2257796875 0.516434375 0.1867875 0.544228125 0.17903750000000002 0.5331578125 0.1463203125 0.555734375 0.1675640625 0.585078125 0.20142656250000002 0.5604265625 0.29428125 0.692615625 0.2556328125 0.7195875 0.31402968750000004 0.8035796875000001 0.3714765625 0.7643421874999999 0.232921875 0.5670203125 0.2532234375 0.552815625 0.2425375 0.5368796875 0.2407046875 0.5382765625
10 0.225440625 0.4514984375 0.19679375 0.47155781250000006 0.2112140625 0.49181875 0.23908281250000002 0.47131249999999997 0.225440625 0.4514984375
6 0.7301546875 0.29236875 0.72120625 0.2983734375 0.71869375 0.2948265625 0.702453125 0.305959375 0.7049562500000001 0.309796875 0.693621875 0.317709375 0.7184421875 0.3528875 0.7549203125 0.327625 0.7301546875 0.29236875
10 0.6251125 0.27690312499999997 0.6170671875 0.2824078125 0.6338203124999999 0.305828125 0.6416828125 0.3004546875 0.6251125 0.27690312499999997
5 0.715321875 0.19205624999999998 0.6516484375 0.23662187499999998 0.6979968750000001 0.302965625 0.7193859375 0.287965625 0.697853125 0.2571265625 0.7607921875 0.2128375 0.7709359375 0.2162578125 0.7877625 0.240353125 0.80908125 0.2252515625 0.7786015625 0.1816359375 0.7886921874999999 0.174659375 0.7681734375 0.14535625000000002 0.736621875 0.16745000000000002 0.7327640625 0.161940625 0.7423359375 0.1552390625 0.7083171875 0.10665625000000001 0.67288125 0.1315578125 0.7066953125000001 0.1796703125 0.71645 0.173634375 0.7202140625 0.1789375 0.7107671875 0.18568437499999998 0.715321875 0.19205624999999998
10 0.386528125 0.5184390624999999 0.37927343750000003 0.523609375 0.40389375000000005 0.5587703125 0.411190625 0.5535671875 0.386528125 0.5184390624999999