0 0.439274415625 0 0.27416179375 0.3237260796875 0.022409165624999998 0.8178184343750001 0.37996061875 1 0.5608915296875 1 0.977590834375 0.182181565625 0.6200393796875 0 0.439274415625 0
1 0.3138198953125 0.68627220625 0.3411944609375 0.7003412453125 0.3968461578125 0.591084221875 0.369726803125 0.57690321875 0.3138198953125 0.68627220625
2 0.588103171875 0.3135653421875 0.5193248703125 0.44893927187499993 0.5797991078125 0.48003476875000006 0.6488465406249999 0.3445559671875 0.588103171875 0.3135653421875
10 0.55706336875 0.297665596875 0.5336710671875 0.28564140625 0.46461245624999997 0.4213039046875 0.4885559625 0.433622978125 0.5362559765625 0.34021637031249996 0.5653525171875 0.355001465625 0.586802859375 0.3129028 0.55706336875 0.297665596875
10 0.41428549062500003 0.5637065921875 0.40049033125 0.591087428125 0.43823823281249996 0.610156103125 0.45218141718749993 0.582791065625 0.41428549062500003 0.5637065921875
1 0.5830453234374999 0.48450162968750005 0.6027443906250001 0.49460895000000005 0.6423487890625 0.4175107734375 0.6221936515625 0.407279796875 0.5830453234374999 0.48450162968750005
3 0.5699696921874999 0.303603375 0.586738759375 0.31186530625 0.6117201437500001 0.262764303125 0.5856471703125 0.2502019578125 0.5625767640625 0.2953734890625 0.5717260671875 0.30015629375 0.5699696921874999 0.303603375
13 0.5003362375 0.4382189125 0.5171724281250001 0.4463835234375 0.5609024671875 0.3604517984375 0.5359035546875 0.34779488281250004 0.5112499484375 0.396245703125 0.519554421875 0.4002911578125 0.5003362375 0.4382189125
10 0.4598556140625 0.3984976765625 0.4486628 0.42053364687499994 0.4593431296875 0.4260562140625 0.47061034218750003 0.40397748437500003 0.4598556140625 0.3984976765625
11 0.6251590890625 0.40187968749999997 0.6449525 0.411801846875 0.67631266875 0.35042957656249996 0.6565908375 0.3401914078125 0.6251590890625 0.40187968749999997
13 0.363059709375 0.6645250671875 0.3998632375 0.6833580687499999 0.43040876875 0.6236224734375 0.393602846875 0.6048285859375 0.363059709375 0.6645250671875
6 0.3674379125 0.8041286046874999 0.3472776296875 0.7938388921875 0.3420503546875 0.8040979968749999 0.31103870625 0.7889999796875 0.280491940625 0.8487139046875001 0.2877375484375 0.8523250593749999 0.27820356875 0.8713359765625001 0.2967814859375 0.8806528390624999 0.314278271875 0.8463513218750001 0.31614125 0.8471795562500001 0.30839253125 0.8625283828124999 0.3315203296875 0.8742319171874999 0.3674379125 0.8041286046874999
8 0.449738415625 0.6420747515625 0.5087368421875 0.672428809375 0.59499645625 0.503134784375 0.514053034375 0.46221472031250005 0.3476420234375 0.792875928125 0.3678957140625 0.8031957000000001 0.449738415625 0.6420747515625
10 0.3409565015625 0.7247831609375 0.367279325 0.673228403125 0.359889321875 0.6695840078125 0.3409787546875 0.70666366875 0.3106960609375 0.6912742 0.30345748437500003 0.7055151234375 0.3409565015625 0.7247831609375
5 0.24909908125000002 0.88999916875 0.2460849734375 0.8884634046875 0.269742134375 0.8420336109375001 0.23646775468749998 0.8249163796874999 0.2043721578125 0.8878008421875 0.24105635625000002 0.9057839062499999 0.24909908125000002 0.88999916875
10 0.5079294890625 0.401282540625 0.49094113437500003 0.43451736875 0.4974562296875 0.4377966421875 0.514357265625 0.40455765625 0.5079294890625 0.401282540625
2 0.39141620781249997 0.7624341640625001 0.3336390890625 0.8757937281249999 0.3904910921875 0.9046402703125 0.44818802812499997 0.79144151875 0.39141620781249997 0.7624341640625001
7 0.4008641578125 0.584647409375 0.41249467500000003 0.561748959375 0.45315803125 0.5821856390625 0.51378395 0.46203728125000004 0.44602329375 0.4275518359375 0.3728697734375 0.5706694015625 0.4008641578125 0.584647409375
2 0.4454902890625 0.6562733890625 0.393808415625 0.757615290625 0.45067746406250003 0.786517865625 0.5024262625 0.6849207140625 0.4454902890625 0.6562733890625
12 0.30373434062500004 0.939028146875 0.382874071875 0.9780296125 0.40103139218750006 0.94186384375 0.3226629078125 0.9015104796875001 0.30373434062500004 0.939028146875
9 0.313415096875 0.7842396843749999 0.342197 0.7988644640625 0.3976583640625 0.690194378125 0.3688333015625 0.6755476093749999 0.313415096875 0.7842396843749999
4 0.276082053125 0.7214766375 0.2325408171875 0.806931125 0.27641163125 0.8294843343749999 0.3199500296875 0.7440354171875 0.276082053125 0.7214766375
3 0.6135837859375 0.2638734578125 0.59037706875 0.3094192046875 0.6510144578125 0.34019449687500003 0.674039021875 0.295078521875 0.6135837859375 0.2638734578125