0 0.366025 0 0.0064296875000000005 0.20761250000000003 0.463915625 1 0.6339750000000001 1 0.9935703124999999 0.7923875 0.536084375 0 0.366025 0
10 0.6680671874999999 0.8525015625 0.666325 0.849240625 0.654209375 0.8562359374999999 0.675978125 0.89546875 0.6934312499999999 0.8849796874999999 0.6730609375000001 0.84961875 0.6680671874999999 0.8525015625
10 0.37064375 0.34892500000000004 0.30827187500000003 0.2405625 0.29719531250000003 0.2470953125 0.330921875 0.3061390625 0.3103078125 0.3178875 0.3388609375 0.36724999999999997 0.37064375 0.34892500000000004
10 0.5966984375 0.7312203125 0.664884375 0.8489734375 0.67078125 0.8457171875 0.6349203125 0.7831421875 0.6380874999999999 0.7813140625 0.6061046875 0.7258390625 0.5966984375 0.7312203125
13 0.6981078125 0.8414078125 0.6593796875 0.77473125 0.6393359375000001 0.7866171875 0.6776187499999999 0.8529265625000001 0.6981078125 0.8414078125
10 0.5705484375000001 0.7992625 0.558884375 0.7788390625 0.5425203125 0.7882875 0.5541750000000001 0.8086421874999999 0.5705484375000001 0.7992625
11 0.6684640625 0.9402015625000001 0.6390328125 0.88949375 0.622940625 0.899046875 0.6521046875 0.949559375 0.6684640625 0.9402015625000001
10 0.5871640625000001 0.7297625 0.5906890625 0.727728125 0.5615984375 0.6770171875 0.5579875000000001 0.6793109375 0.5871640625000001 0.7297625
4 0.62645625 0.863340625 0.5884265625 0.7977531250000001 0.5580671875000001 0.815496875 0.595940625 0.8810015625000001 0.62645625 0.863340625
11 0.44737499999999997 0.3087859375 0.43133437499999994 0.2809078125 0.41954375 0.28771562500000003 0.43572812499999997 0.315746875 0.44737499999999997 0.3087859375
10 0.2631 0.2673609375 0.2516578125 0.24746562499999997 0.2394265625 0.2550234375 0.2505484375 0.2742125 0.242165625 0.2795453125 0.2741484375 0.334940625 0.307409375 0.31613281249999997 0.275103125 0.26033125 0.2631 0.2673609375
13 0.677353125 0.7553 0.6486562499999999 0.7054828125 0.6094921875 0.7275171874999999 0.639678125 0.779578125 0.677353125 0.7553
6 0.6743203125 0.8960203124999999 0.652309375 0.8574468749999999 0.6299453125000001 0.8702828125 0.6524515625 0.9091546875000001 0.6743203125 0.8960203124999999
2 0.654353125 0.9763718750000001 0.6594734375 0.985278125 0.709409375 0.9564484375 0.696446875 0.9339124999999999 0.6760296875 0.9458171875 0.673621875 0.9415812499999999 0.6419859375 0.9597374999999999 0.6522281249999999 0.9773968749999999 0.654353125 0.9763718750000001
10 0.637190625 0.8859656250000001 0.628234375 0.8708546875 0.612353125 0.88036875 0.6209265625 0.8953562500000001 0.637190625 0.8859656250000001
10 0.6584921875 0.8449203125 0.5929015625 0.7313140625 0.5892828125 0.7333328125 0.6547046875 0.8468171874999999 0.6584921875 0.8449203125
13 0.27681093749999997 0.25932499999999997 0.30860781249999997 0.3142671875 0.32884531250000004 0.3030953125 0.2967375 0.24748125 0.27681093749999997 0.25932499999999997
10 0.2527671875 0.24613437500000002 0.26235624999999996 0.26274375 0.2730109375 0.2565921875 0.2630203125 0.23947968749999998 0.2527671875 0.24613437500000002
7 0.7509640625 0.9324562500000001 0.738228125 0.9103234375 0.70798125 0.9276125000000001 0.7191234375 0.9465781249999999 0.7105796875 0.9515968750000001 0.7123921875 0.954725 0.7509640625 0.9324562500000001
10 0.7154375 0.8713328125 0.700375 0.8450843750000001 0.6795312499999999 0.8571171874999999 0.6948296875 0.88385625 0.7154375 0.8713328125
8 0.6821734375 0.806740625 0.7209703125 0.8737328124999999 0.6540781250000001 0.9123140624999999 0.6716265625 0.942575 0.6736328125 0.941415625 0.6744734375 0.9426687499999999 0.739003125 0.9049859375 0.7538984375 0.9307624999999999 0.8107 0.8979671874999999 0.7900750000000001 0.8621578124999999 0.7921078125000001 0.86123125 0.78439375 0.8479640625 0.7405062499999999 0.873315625 0.6962906249999999 0.7975375 0.6821734375 0.806740625
2 0.7387312500000001 0.768603125 0.7313234375000001 0.7557265625 0.729140625 0.7569859375 0.6928046875 0.6938156249999999 0.6948609375 0.6928062500000001 0.686959375 0.6790703125 0.6484640625 0.70165625 0.681053125 0.757965625 0.672859375 0.762575 0.6710515625 0.759584375 0.6594328125 0.767315625 0.67978125 0.8027015625 0.7387312500000001 0.768603125
10 0.5885671875 0.7886453125 0.5770953125 0.7688296875 0.560453125 0.7778578125 0.5723484375 0.7982953125 0.5885671875 0.7886453125
10 0.240003125 0.2760046875 0.24696406249999997 0.27158906250000003 0.2373 0.2546203125 0.22995625 0.2587640625 0.240003125 0.2760046875
2 0.3615765625 0.1990078125 0.36359375 0.1977125 0.3586203125 0.1892015625 0.2998078125 0.22215625 0.372271875 0.3481671875 0.4309453125 0.31439531249999997 0.41086718749999995 0.2796953125 0.40893125 0.2808453125 0.3615765625 0.1990078125
10 0.715871875 0.9443046875000001 0.706834375 0.9285500000000001 0.6995859375 0.9327375 0.7089953125 0.948646875 0.715871875 0.9443046875000001
12 0.575259375 0.7654171875 0.5333859375000001 0.692984375 0.498753125 0.7127265625 0.5404671875 0.7848796874999999 0.575259375 0.7654171875
7 0.15174375 0.123715625 0.22804843749999998 0.255553125 0.2624296875 0.234784375 0.27248125 0.2525046875 0.304340625 0.234440625 0.21808437500000002 0.0854140625 0.15174375 0.123715625
2 0.7821484375 0.8441375000000001 0.7744796875 0.8308015624999999 0.77259375 0.831890625 0.7465140625 0.7867203125 0.748459375 0.7854921874999999 0.7408734375 0.772190625 0.6982984375 0.7966765625 0.739825 0.8689031249999999 0.7821484375 0.8441375000000001
8 0.3681375 0.17448593750000002 0.3607875 0.16178125000000002 0.35873125 0.162796875 0.2955875 0.053640625 0.29755 0.052507812499999994 0.291975 0.042753124999999996 0.218203125 0.0853453125 0.2943 0.21672031249999998 0.2959671875 0.21582656249999999 0.29777343749999996 0.21890468749999997 0.30955937499999997 0.2118515625 0.30790625 0.2088921875 0.3681375 0.17448593750000002
5 0.5363015625 0.6911984375 0.5955453125 0.7939453125 0.591534375 0.796 0.6292515625 0.8615984375 0.6532125 0.8479374999999999 0.5561499999999999 0.6800843750000001 0.5363015625 0.6911984375
3 0.27545156249999997 0.3373484375 0.30433750000000004 0.38765 0.33740312499999997 0.3677015625 0.3090703125 0.318275 0.27545156249999997 0.3373484375