10 0.350322215625 0.20264162031250002 0.36260449375000003 0.14466264375 0.3548741453125 0.1430642359375 0.34259803906249997 0.20101417187499998 0.350322215625 0.20264162031250002
6 0.3661931484375 0.1722618765625 0.3654301875 0.1757385984375 0.3580389046875 0.1742058703125 0.3518477140625 0.2031527703125 0.3563485875 0.204095084375 0.3559350390625 0.20604068125000002 0.3714081109375 0.209329584375 0.37798201875 0.17840177968749998 0.3769524609375 0.1781877328125 0.3776889234375 0.1747229515625 0.3661931484375 0.1722618765625
3 0.33248041875 0.1236960125 0.3412662671875 0.0824670546875 0.318953759375 0.0778298140625 0.31019649843749997 0.1189242765625 0.33248041875 0.1236960125
11 0.26317668437499997 0.097476496875 0.26921806875 0.069008925 0.2552306921875 0.0660501921875 0.2491560671875 0.09447875156249999 0.26317668437499997 0.097476496875
13 0.3358409140625 0.1395026109375 0.3277964578125 0.1768828609375 0.335901328125 0.178605603125 0.33619303125 0.17728585 0.3453313203125 0.179181928125 0.353037115625 0.1431018671875 0.3358409140625 0.1395026109375
0 0.095107984375 0 0 0.447447884375 0 0.904892015625 0.447447884375 1 0.904892015625 1 1 0.552552115625 1 0.095107984375 0.552552115625 0 0.095107984375 0
1 0.2534982234375 0.2633962265625 0.24961974687500002 0.2817407171875 0.2542489453125 0.2827406578125 0.25224230937500003 0.29220368125 0.2725732109375 0.296363809375 0.27849701875 0.26872745625 0.2534982234375 0.2633962265625
10 0.659133325 0.7918699874999999 0.64602254375 0.8535513640625 0.67829224375 0.8604105015625001 0.682680665625 0.83987733125 0.6824605828125 0.8398305515625 0.6911737718750001 0.7986803953125 0.659133325 0.7918699874999999
8 0.6022061265625 0.728240578125 0.600895228125 0.734490540625 0.600795884375 0.734469425 0.5971153375 0.7516723078124999 0.5789593078124999 0.7479217484375 0.5748038734375001 0.7676594125 0.5793719578125 0.7685936484375 0.5793076359375 0.7688962625 0.656047021875 0.785204528125 0.656117590625 0.78491761875 0.695129265625 0.7932529359375 0.69938745625 0.773685671875 0.6487406296875 0.7626807453125 0.6486214046875001 0.7632416515625 0.6456616671875001 0.762631709375 0.64974363125 0.7434726640625 0.6499878203125 0.743248215625 0.6509641484375 0.73859483125 0.6022061265625 0.728240578125
10 0.64662013125 0.8296597718750001 0.655947909375 0.7858511781249999 0.5792030593749999 0.76953855625 0.569873753125 0.813346825 0.64662013125 0.8296597718750001
1 0.725941128125 0.825533234375 0.6901424171875 0.8179016203125 0.6863915453125 0.8354729328125 0.722233315625 0.843142453125 0.725941128125 0.825533234375
10 0.716373065625 0.746223309375 0.710541090625 0.773562896875 0.7359579109375 0.7789941625 0.7459524984375 0.7323641140625 0.7279320421875 0.7285017984375 0.7255511796875 0.7398005703125 0.6895000609374999 0.732108915625 0.6877772656250001 0.74011633125 0.716373065625 0.746223309375
10 0.5853574328125 0.7230139484375 0.5844971546875 0.727166453125 0.5991524390625 0.7303422312500001 0.600574034375 0.723654146875 0.601468121875 0.7238441921875001 0.6053872578124999 0.7054061093749999 0.58883216875 0.701856865625 0.5843594171875 0.7228018125 0.5853574328125 0.7230139484375
13 0.7089039109375 0.7729609156249999 0.7141417718749999 0.748386353125 0.68746094375 0.742716765625 0.682155915625 0.7671939859375 0.7089039109375 0.7729609156249999
1 0.72157761875 0.8481962515625 0.6855704390625 0.8405458828124999 0.6812758234375 0.8610510703124999 0.7172334453125 0.8686940984374999 0.72157761875 0.8481962515625
1 0.5606851234375 0.8354506734375 0.5693696375 0.794645853125 0.5245075499999999 0.7850813671875 0.515798846875 0.8259098015624999 0.5606851234375 0.8354506734375
10 0.6431654984375 0.8524808328125 0.6469622875 0.8347611359375 0.5674820656249999 0.8178351453125 0.5636825812499999 0.8355750359374999 0.6431654984375 0.8524808328125
1 0.5763292250000001 0.6572242140625 0.5752530375 0.662204609375 0.5516735671874999 0.6571926375 0.5442328468750001 0.6922811421875 0.5841733421875 0.7008234718749999 0.585205753125 0.6959663578125 0.6525011265625 0.71021611875 0.65772473125 0.685731175 0.6097166374999999 0.67550118125 0.6119839296875 0.6647517390625 0.5763292250000001 0.6572242140625
2 0.5734302437500001 0.7673882046875 0.5815454578125 0.7290437859375001 0.5396710546875 0.720160678125 0.5315050421875 0.7584735328125001 0.5734302437500001 0.7673882046875
1 0.6494425390624999 0.7333082578125001 0.653188565625 0.7155793703125 0.6485887921875 0.7145537359375 0.648677803125 0.714134965625 0.6143333421875 0.7068236437500001 0.6142375078125 0.707274509375 0.6070176515625 0.70573189375 0.6032192390625 0.72345923125 0.6494425390624999 0.7333082578125001
10 0.6654621328125 0.6999745609375 0.667613790625 0.6898442953125 0.6632626953125 0.6889338171875 0.661086509375 0.6990141421875 0.6654621328125 0.6999745609375
1 0.565019328125 0.7884033968749999 0.572101078125 0.7899118640625 0.575633584375 0.7733979453125001 0.5686645484375 0.771945384375 0.568936059375 0.7706229359375001 0.5515265375 0.7669751421875 0.5476711937500001 0.785383653125 0.5649014765625 0.7890029328125 0.565019328125 0.7884033968749999
11 0.5460608890625 0.7845349953125 0.5499641796875 0.7662165453124999 0.5297640593749999 0.7618845390625 0.5258493234375 0.7802117375 0.5460608890625 0.7845349953125
10 0.67994145625 0.76930789375 0.6870551796875 0.73564505625 0.6630733531249999 0.73050443125 0.6559309140625 0.76415956875 0.67994145625 0.76930789375
13 0.30056285312500003 0.6435896515625 0.2975011015625 0.6577084828124999 0.3021889671875 0.65874805 0.2968264171875 0.6838791625 0.32241135625 0.6893461624999999 0.330822765625 0.65002159375 0.30056285312500003 0.6435896515625
1 0.3549364671875 0.6372417828125 0.35874525468749996 0.619518246875 0.351106384375 0.6178051 0.3511566265625 0.617501090625 0.342307965625 0.6156026781249999 0.34224039375 0.6159205765625 0.322666625 0.6118207453125 0.31891784375 0.6296001640625 0.335876971875 0.6332400812500001 0.335360515625 0.6357149109375 0.34592630468749996 0.637989490625 0.34641996875 0.6355241953124999 0.3549364671875 0.6372417828125
11 0.3236837375 0.7844546796875 0.3280439625 0.7638963484375 0.307534175 0.7595256765625 0.3031854921875 0.7800672921875 0.3236837375 0.7844546796875
2 0.7354738671875001 0.7812714125 0.7006655671875001 0.7738726796875001 0.6924844218749999 0.8132637640624999 0.7270614609375 0.820653275 0.7354738671875001 0.7812714125
1 0.5478895953125 0.7169747890625 0.5474744734375 0.7190254796875 0.5581854546875 0.7213309234375 0.55861074375 0.7192248859375 0.582486715625 0.72429988125 0.586315915625 0.7063826062499999 0.5434898046875001 0.6973099859375 0.5396652468750001 0.715197896875 0.5478895953125 0.7169747890625
10 0.5793250359375001 0.7463589484375001 0.5960747875 0.74982656875 0.599355390625 0.73415205625 0.5827345234375 0.7306191828124999 0.5793250359375001 0.7463589484375001
10 0.6874646609374999 0.7336810234375 0.6929044531249999 0.7081414171875 0.6613943234375 0.701496446875 0.6560166749999999 0.7267361703125 0.656216890625 0.7267787265625001 0.6525485484375 0.74403691875 0.652678459375 0.7440645328125 0.6491172546875 0.7606458328125 0.654997828125 0.7619660734375 0.6621306375 0.7282961109375 0.6874646609374999 0.7336810234375
7 0.2721226015625 0.6827063843750001 0.2838631875 0.6271856921875 0.23767024062500003 0.61741180625 0.2258701140625 0.6727617 0.2721226015625 0.6827063843750001
13 0.194479390625 0.642438184375 0.20241068125 0.6048613609375 0.1851227796875 0.6012426140625 0.177102859375 0.6388756765625 0.194479390625 0.642438184375
2 0.2226413703125 0.6716888359375 0.2302526640625 0.6357452343750001 0.23051101406250002 0.635439134375 0.23137821875000003 0.6311187765625 0.23148227812500002 0.6308246078125 0.2315381109375 0.6306671500000001 0.200269046875 0.6239552125000001 0.1914715375 0.6649308984375 0.2226413703125 0.6716888359375
10 0.18120538749999998 0.7307999046875 0.189606821875 0.6915147484374999 0.16853670468749998 0.686977053125 0.16016730625 0.72629936875 0.18120538749999998 0.7307999046875
6 0.15770674843750002 0.6166926203124999 0.15583453125 0.6254781625 0.15620810000000002 0.6255543718750001 0.149305159375 0.658127853125 0.165290703125 0.6616135437499999 0.165646125 0.6598888125 0.1705704859375 0.6609355171875 0.1769450515625 0.6300963281249999 0.17113211718750002 0.6289613875 0.17303615625 0.6199509859375001 0.15770674843750002 0.6166926203124999
10 0.284769628125 0.6818930765625 0.2904653671875 0.655254546875 0.28007398125 0.6530537765625 0.2744199875 0.6796612453125 0.284769628125 0.6818930765625
3 0.316221665625 0.6340780765625 0.314226215625 0.6437064140625 0.3331873953125 0.647779865625 0.3236947640625 0.6922738500000001 0.342398396875 0.696281378125 0.35392294999999996 0.6421077046875 0.316221665625 0.6340780765625
1 0.1704854921875 0.6171309234375 0.1710436046875 0.6145052078125001 0.174202775 0.615146359375 0.175213775 0.6105402796875 0.1809802609375 0.6117659843750001 0.18414259375 0.5970311671874999 0.1782464859375 0.5957539484375001 0.1783350625 0.59526959375 0.16948744843750002 0.5934113390625 0.16937438124999998 0.593868125 0.1618879421875 0.5922720406249999 0.15772245625 0.6116737109375 0.1604597421875 0.6122555390625 0.1599237203125 0.614777325 0.1704854921875 0.6171309234375
10 0.23787077499999998 0.6080137546875 0.239704621875 0.5993861875000001 0.23377024531249999 0.5981311859375 0.23193192499999998 0.60682489375 0.23787077499999998 0.6080137546875
8 0.22555158749999998 0.674425584375 0.22545088125 0.6748993750000001 0.22217275 0.6741866125 0.222262434375 0.6737120765625 0.1655937171875 0.6617210796874999 0.165475275 0.6622933343749999 0.14877976875 0.6586982703125 0.14467522500000002 0.6777982046875 0.1468304734375 0.6782850703125 0.146862959375 0.678132234375 0.22950254375 0.69568344375 0.22132824687500002 0.7342006046875 0.2212216609375 0.7342210796875001 0.22021659062499999 0.7390472640625 0.2792382296875 0.7515495703124999 0.28058086250000003 0.7452855875 0.28044575312500003 0.7449517640625001 0.293037353125 0.6859459109375 0.288047271875 0.6848852359375 0.2880285046875 0.6850186234375 0.28423665468750003 0.684212640625 0.284318571875 0.6839249484375001 0.2725126953125 0.6813596234375 0.2718681921875 0.6843391703124999 0.22555158749999998 0.674425584375
10 0.31797094375 0.6256529750000001 0.3209791140625 0.6114029484375 0.3138433546875 0.6099005734375 0.31084135625 0.6241215609374999 0.31797094375 0.6256529750000001
1 0.308748028125 0.6261014734375 0.3111967046875 0.6145663234375001 0.3009915125 0.6123763765625 0.3010834484375 0.611943853125 0.29211863125000004 0.61002075 0.2920403171875 0.61044179375 0.265897446875 0.6049392671875 0.2659913328125 0.604497571875 0.24890844374999999 0.6008537125 0.24882300468750002 0.6012556703125 0.24132448593750003 0.5997464734375 0.238991328125 0.6107231234375 0.228807628125 0.6085297578125 0.2291999125 0.60659401875 0.227265015625 0.60618274375 0.227350859375 0.605696209375 0.21026842812500002 0.6020652265625 0.2101771421875 0.6024946953125 0.20492935937499998 0.6014064 0.20118839687499998 0.6190964296875 0.20613465 0.62018293125 0.2059677609375 0.62108833125 0.22355099687500002 0.6247906203125 0.22371939375 0.6239382546875001 0.2322387359375 0.6257251359375 0.23513466562500002 0.6118378250000001 0.24692642343750001 0.6143793843750001 0.2467336703125 0.615218584375 0.2644194390625 0.6189570437499999 0.2646023359375 0.6180965796875 0.288303484375 0.6231072578125 0.282009534375 0.652672878125 0.2962397140625 0.6556241140625 0.29937385625 0.64073634375 0.3124135796875 0.64344891875 0.315709421875 0.6275524109374999 0.308748028125 0.6261014734375
2 0.28355453750000004 0.745348984375 0.28324618125 0.7458377421875 0.2822566515625 0.7504931125 0.3288056453125 0.7603730296875 0.342371234375 0.69655195625 0.2960277171875 0.6865320125000001 0.28355453750000004 0.745348984375
10 0.190042784375 0.6647837546875001 0.19421775624999998 0.6451796328125 0.17617963125 0.641257653125 0.171999609375 0.6609757140625 0.190042784375 0.6647837546875001
10 0.17758165937499998 0.627950546875 0.180619465625 0.6136061828125 0.1763142203125 0.6127054515625 0.1732575421875 0.626988296875 0.17758165937499998 0.627950546875
2 0.1584919625 0.7259145109375 0.1669155171875 0.6866755890625 0.1276509984375 0.67821464375 0.119248640625 0.7176018390625 0.1584919625 0.7259145109375
10 0.29425859062500004 0.6557684953125 0.28857292968750003 0.68256251875 0.2951448578125 0.6839594265625 0.3001035515625 0.66063060625 0.29536870625 0.6596241828125 0.2961321625 0.656182709375 0.29425859062500004 0.6557684953125
2 0.191015625 0.69174071875 0.1826937390625 0.7310875109375 0.21745785 0.7384912265625 0.21849188593750002 0.7336264703125 0.2184070875 0.7334918359375 0.225758146875 0.6991558203125 0.191015625 0.69174071875
1 0.11820805625 0.7223997078125 0.11448686562499999 0.740101928125 0.1242704015625 0.7422389890625001 0.1241795359375 0.7426589625 0.1447085421875 0.7470369140625001 0.144806 0.7465784078125 0.1591422421875 0.7496544234375 0.1590414609375 0.7500834703125 0.1725519921875 0.7529408453124999 0.172649775 0.7524808109375 0.1850949828125 0.7551420953125 0.18498975 0.7555845718749999 0.2055232078125 0.75994909375 0.2056177421875 0.7595043421875001 0.22252441250000002 0.763097965625 0.22242987812499998 0.7635427171875 0.267338621875 0.7730755859375 0.26744525 0.772619028125 0.284233565625 0.7762434046875 0.2841387046875 0.776689684375 0.3011174 0.78028264375 0.3012044921875 0.7796925421875 0.30148683906249996 0.779709428125 0.3057626140625 0.7596235484375 0.28821594687499996 0.7558619421875 0.288011209375 0.7567800625000001 0.2820053109375 0.7554331828125 0.28163521875 0.7571292374999999 0.271431303125 0.7549858875 0.27162555 0.754124640625 0.2261326484375 0.7444692015625 0.2259714953125 0.7452799765625 0.20972375312499997 0.741885515625 0.20991054843749998 0.7410067109375 0.188852253125 0.736556190625 0.18867090625 0.7373642703125001 0.1767250859375 0.7348410828125 0.176905709375 0.733991315625 0.1627842203125 0.7309721296875 0.1626000234375 0.7318387078125 0.1489287125 0.728896040625 0.1491068703125 0.72807290625 0.1279616125 0.7235655640624999 0.1277710734375 0.724424403125 0.11820805625 0.7223997078125
11 0.8472851328125 0.4082880125 0.85301745 0.38779769062499997 0.8316845109375001 0.38040068125 0.8260151453125 0.400880421875 0.8472851328125 0.4082880125
13 0.715535975 0.26930080625 0.7207962671875 0.2446958671875 0.6860204624999999 0.23734717187499998 0.6807886765625 0.2619006625 0.715535975 0.26930080625
10 0.6059795875 0.18277731875 0.6075390953124999 0.17547798750000002 0.5942542296875 0.172611071875 0.592685721875 0.17994522968749999 0.6059795875 0.18277731875
10 0.8326807953124999 0.2784742328125 0.8307745875 0.2859091296875 0.83950714375 0.2890000875 0.8408217484374999 0.28419816249999996 0.85849669375 0.2902345890625 0.85923916875 0.287568190625 0.8326807953124999 0.2784742328125
8 0.7013743531250001 0.2690030578125 0.6165194875 0.25108959999999997 0.6232791421874999 0.2192428328125 0.586107871875 0.2113274578125 0.570720328125 0.2846971359375 0.5706134921875 0.2847638828125 0.569587871875 0.2894387390625 0.605606090625 0.2971649328125 0.60664679375 0.2923063859375 0.6065641 0.2921242765625 0.6111516828125 0.2706015140625 0.6982514359375 0.288963384375 0.759308278125 0.31026550625 0.74260508125 0.3700523265625 0.803518765625 0.3911035765625 0.8256681296874999 0.3108199234375 0.8215299109374999 0.309689525 0.7597089453125 0.2889837515625 0.7595518078125 0.289384846875 0.7568465421874999 0.288434434375 0.7569146890625 0.2880687359375 0.7013743531250001 0.2690030578125
7 0.78542331875 0.2227930203125 0.78214730625 0.2341171703125 0.7753893281249999 0.23180693593749999 0.771657284375 0.24532164218750002 0.7785065578125 0.24773594375000002 0.7746448859374999 0.2616575921875 0.7678823593749999 0.2593687546875 0.7601739281250001 0.2873222453125 0.8218919203124999 0.308715378125 0.83275861875 0.269112396875 0.8253109671875001 0.266356853125 0.8331136984375 0.238741290625 0.78542331875 0.2227930203125
13 0.8303064703124999 0.28831436250000003 0.8248191734375 0.307697046875 0.8505412265625001 0.3166899171875 0.8576295500000001 0.2924128359375 0.8417453859374999 0.2869471453125 0.8403918062500001 0.29180468125000003 0.8303064703124999 0.28831436250000003
3 0.5437640859374999 0.169969928125 0.530881453125 0.2305704328125 0.552916021875 0.23528277812499998 0.5594642375000001 0.20465621406249998 0.5519570875 0.20307489687500002 0.558340071875 0.1730378 0.5437640859374999 0.169969928125
10 0.765314690625 0.24633285312500003 0.7628261484375 0.25527492343749997 0.7738023390625 0.25904565156250003 0.77643181875 0.249342821875 0.7708647921875 0.247306496875 0.7706948890625 0.248105828125 0.765314690625 0.24633285312500003
10 0.576284975 0.2089472109375 0.5748443140624999 0.2155897109375 0.581814878125 0.217042596875 0.576991475 0.2398251078125 0.5782187453125001 0.240085971875 0.58445669375 0.21064103437499998 0.576284975 0.2089472109375
10 0.5666625640625 0.3275956015625 0.5731230640625 0.2967203671875 0.5698449328125 0.2960076046875 0.5633128890625 0.3268436703125 0.5666625640625 0.3275956015625
10 0.8346549 0.23891553124999998 0.8316330875 0.24966753125 0.8431405484375001 0.2536518203125 0.8440654625 0.25011208125 0.83886798125 0.24835877499999998 0.8408492031250001 0.24108199218749998 0.8346549 0.23891553124999998
2 0.8687927359375 0.32584562968749997 0.828416003125 0.31166757343749996 0.8120527671875 0.3698174296875 0.8526751515625 0.3839294921875 0.8687927359375 0.32584562968749997
1 0.64324915 0.216142709375 0.644975740625 0.2082527109375 0.660237175 0.21145509687500003 0.66750184375 0.17747291406250001 0.6349115875 0.1705887703125 0.6331474609375001 0.1787455453125 0.612180215625 0.1743175734375 0.6049775000000001 0.20801580625 0.64324915 0.216142709375
1 0.6916921625 0.29376710781250004 0.6795708234375 0.351003953125 0.6822469734375 0.3515727859375 0.7379458249999999 0.370937328125 0.7535960937499999 0.314556009375 0.6959333640625001 0.29474368125 0.6916921625 0.29376710781250004
1 0.6253888171875001 0.21883185156249998 0.6192074546875 0.24864184531250003 0.6468805578125 0.254745984375 0.65289226875 0.22635037656249998 0.6423206328125 0.22410330625000002 0.6426734546875 0.22239080156250002 0.6253888171875001 0.21883185156249998
10 0.7808297234375 0.21138235781249998 0.7765277796875 0.2271273109375 0.78172554375 0.2289845078125 0.7843169624999999 0.2193630421875 0.8025063156250001 0.2258426671875 0.8043572703124999 0.2195094171875 0.7808297234375 0.21138235781249998
3 0.8695230515624999 0.3233491671875 0.8857295734375 0.2648017921875 0.868796353125 0.2590108828125 0.852501215625 0.317689578125 0.8695230515624999 0.3233491671875
2 0.5678955734375 0.2842788203125 0.5768592046875 0.2424614671875 0.57477443125 0.242026321875 0.5795751015625 0.21922300468749997 0.5726924 0.21777761406249999 0.5745307109375 0.2088810328125 0.56066705625 0.205903871875 0.5539474703125 0.237629765625 0.530438725 0.23262324374999999 0.5133248171875 0.3132280328125 0.5597134671874999 0.32308824375 0.5679861453124999 0.284341203125 0.5678955734375 0.2842788203125
2 0.6758655124999999 0.3478218515625 0.6883245687499999 0.289108903125 0.650006375 0.28108072968750003 0.637519203125 0.3396854671875 0.6758655124999999 0.3478218515625
10 0.7266049890625 0.2329244609375 0.7126192437500001 0.2280491859375 0.6640800640625 0.2177174890625 0.663966340625 0.21830512343750003 0.6484734000000001 0.215011996875 0.646981434375 0.2221739296875 0.6553066546874999 0.22397226250000002 0.6486021515625 0.2555144671875 0.6790061875 0.2619898234375 0.68481629375 0.23455772968750002 0.72383826875 0.24285210781250002 0.7266049890625 0.2329244609375
6 0.7573684203125 0.28640004375 0.7653108515625 0.25833016249999996 0.760909390625 0.2567923796875 0.7636373703125 0.24646832812500002 0.748233715625 0.24120700624999997 0.7414917187500001 0.2638021484375 0.737131434375 0.2621533140625 0.7327418812500001 0.277844503125 0.7371489 0.2793786734375 0.7367236984375001 0.2809432078125 0.7528075015625 0.28649925625 0.7532300515625 0.2848494953125 0.7573684203125 0.28640004375
13 0.5982753515625 0.21089144062499998 0.603742978125 0.1850254921875 0.559857575 0.17551046406249998 0.554319453125 0.2017080671875 0.5982753515625 0.21089144062499998
10 0.8457038828125001 0.2507382875 0.8441074296875 0.256219903125 0.83104388125 0.251770675 0.8272489171874999 0.26544612343749996 0.8332089671875 0.2674445828125 0.8333256609375 0.2670684375 0.8357956984375001 0.2678554359375 0.8339618156249999 0.2746795234375 0.8601603984375 0.2836474859375 0.8672991453125001 0.2581862640625 0.8457038828125001 0.2507382875
10 0.7313023671875001 0.27673343125 0.7353824359375001 0.2622352171875 0.71996680625 0.25692502500000003 0.7168112515625 0.271733165625 0.7313023671875001 0.27673343125
10 0.7408655796875 0.261720221875 0.7466365671874999 0.24013111718750002 0.7281553062499999 0.233792315625 0.7221644921875 0.2551605796875 0.7408655796875 0.261720221875
1 0.8296824218750001 0.3810645546875 0.81071290625 0.37498618125 0.805451575 0.39374918124999997 0.82432505625 0.40042214375 0.8296824218750001 0.3810645546875
1 0.59626311875 0.333304340625 0.6026877671875 0.30298856406249997 0.5747555390625 0.2970513859375 0.5683148250000001 0.327352565625 0.59626311875 0.333304340625
2 0.6360370140625 0.33916595156249996 0.6484823828125 0.2806226140625 0.6135269171875 0.2732548984375 0.601090771875 0.3318976390625 0.6360370140625 0.33916595156249996
8 0.2792813234375 0.1861053421875 0.279525115625 0.18616834375 0.278679890625 0.189986996875 0.24622437968750002 0.1830851703125 0.24629666874999998 0.1827826515625 0.23239335 0.1798417859375 0.2167715109375 0.253148884375 0.280620390625 0.26656862812500004 0.29196977031250004 0.213173996875 0.40501404843750005 0.23740037812499998 0.40930595625 0.21750163125 0.292250809375 0.19286838906249998 0.2931792875 0.1884476390625 0.29343884062500003 0.18847405625 0.29980178125 0.15852375000000002 0.2857447640625 0.1556220984375 0.2792813234375 0.1861053421875
10 0.247361365625 0.26198157499999997 0.241334221875 0.2902844484375 0.250536584375 0.29225484687500003 0.2521582953125 0.2846252953125 0.2475610015625 0.28364811093750003 0.2519237734375 0.26298009843750003 0.247361365625 0.26198157499999997
10 0.3899278796875 0.210512153125 0.39624451875 0.180742096875 0.3794037015625 0.177176846875 0.3730431234375 0.20690561562499998 0.3899278796875 0.210512153125
2 0.2425337921875 0.1319919703125 0.2330884078125 0.17648161874999999 0.2470259984375 0.179426575 0.24712658906249999 0.17901346093749998 0.2779744234375 0.18553522656250002 0.2872003484375 0.14183756875 0.2425337921875 0.1319919703125
13 0.3219459453125 0.19479540312500002 0.3313333046875 0.1503908609375 0.30460901093750004 0.14476794375 0.2948706015625 0.189185725 0.3219459453125 0.19479540312500002
7 0.2919782390625 0.215193321875 0.2745291890625 0.296984034375 0.3128337234375 0.3050013171875 0.33031225468750003 0.2234852359375 0.2919782390625 0.215193321875
1 0.26160115156249997 0.0997709390625 0.24854240781249998 0.09690736093749999 0.24201303749999997 0.12810660625 0.25491096406249997 0.130862521875 0.26160115156249997 0.0997709390625
10 0.3630049453125 0.24954725781249998 0.36689321874999997 0.23125437031249998 0.331658353125 0.22380330625 0.327730496875 0.2420494421875 0.3630049453125 0.24954725781249998
10 0.3274146390625 0.178153109375 0.323357784375 0.1971865046875 0.3410568 0.20081755937499998 0.34505897343749997 0.181846021875 0.3274146390625 0.178153109375
2 0.40339115937500003 0.1552362265625 0.3975367171875 0.1825838171875 0.397396240625 0.1825683359375 0.3914099859375 0.2107840546875 0.434639834375 0.2198961671875 0.44645861875000004 0.1643457703125 0.40339115937500003 0.1552362265625
10 0.3325426 0.2526199890625 0.333593728125 0.247532034375 0.33016067968749996 0.24678155156249998 0.32908588125 0.25187565625 0.3325426 0.2526199890625
2 0.28971614687499997 0.1379602796875 0.288878025 0.142181390625 0.288631959375 0.1421290875 0.2862172765625 0.1535644359375 0.300210515625 0.15657073906250002 0.3033714234375 0.1416998390625 0.3276302453125 0.1469201078125 0.332039646875 0.1256118625 0.30825138124999996 0.12058266718749999 0.317410290625 0.0775384796875 0.272103346875 0.0676845546875 0.25852512656250004 0.13158760625000002 0.2606480125 0.1320388390625 0.2606780390625 0.13178484375 0.28971614687499997 0.1379602796875
2 0.368277134375 0.23174021875 0.36444343749999997 0.24977634375000002 0.36454570468749997 0.2497837046875 0.3555436515625 0.2919922421875 0.391815909375 0.29964304531249997 0.404626015625 0.23946641249999998 0.368277134375 0.23174021875
10 0.33217049374999996 0.147850025 0.334715190625 0.13597586718750002 0.331629440625 0.135319971875 0.3290586296875 0.1471742 0.33217049374999996 0.147850025