0 0.08045 0 0 0.45625625000000003 0 0.91838125 0.3013296875 0.9726828125000001 0.45625625000000003 1 0.9195499999999999 1 1 0.54374375 1 0.08045 0.54374375 0 0.08045 0
10 0.5765 0.4967921875 0.5705796875 0.5316078125 0.572434375 0.53224375 0.56574375 0.5726734375 0.5762046875 0.5743343750000001 0.5893375 0.49911874999999994 0.5765 0.4967921875
7 0.5033328125 0.48875156249999996 0.504071875 0.4841078125 0.4935296875 0.4823859375 0.48322656249999996 0.54059375 0.48610781249999996 0.5411890625 0.4856296875 0.5441421875 0.482859375 0.543596875 0.472521875 0.6031500000000001 0.5516609375 0.6170765625 0.557515625 0.5830656249999999 0.5413953125 0.580215625 0.541665625 0.5789671875 0.557728125 0.5816265625 0.5636515625 0.54756875 0.54765 0.544740625 0.5481234374999999 0.5418796875 0.5643343749999999 0.5447390624999999 0.57284375 0.49585468749999995 0.5324796875 0.489253125 0.5318125 0.4935125 0.5033328125 0.48875156249999996
2 0.3980015625 0.7447828125 0.398875 0.7398328125 0.43491406250000003 0.746128125 0.43412656250000003 0.751053125 0.43882031250000003 0.7519375 0.45598124999999995 0.6496187499999999 0.40024531249999995 0.63954375 0.381996875 0.741959375 0.3980015625 0.7447828125
1 0.5411937499999999 0.730634375 0.5404546875 0.7342375 0.5371312500000001 0.7335203124999999 0.530984375 0.7678578125 0.5694359375 0.7739859375 0.575978125 0.7368828125 0.5411937499999999 0.730634375
8 0.45335468749999996 0.7493796875000001 0.5173453125 0.7608171875 0.516525 0.7654640625 0.5278671875 0.7674640625 0.5358765625 0.723278125 0.5330140625 0.7227734375 0.5511171874999999 0.61946875 0.5346078125 0.6170203125 0.53523125 0.6141796875 0.47258750000000005 0.6031328125 0.4797703125 0.5605156250000001 0.44985468749999996 0.5553953125 0.4407078125 0.60664375 0.3797640625 0.59651875 0.3739484375 0.6307328125 0.46276875000000006 0.6463953124999999 0.45076875000000005 0.7138359375000001 0.44848906250000004 0.7143609375 0.442465625 0.75286875 0.45258750000000003 0.75434375 0.45335468749999996 0.7493796875000001
13 0.583890625 0.549346875 0.5785359375 0.579653125 0.5646734375 0.57711875 0.557784375 0.61708125 0.592659375 0.6227875 0.6046484375000001 0.5530062499999999 0.583890625 0.549346875
2 0.5774874999999999 0.7289828125 0.5769484375 0.732784375 0.62095625 0.74054375 0.6537296875 0.554678125 0.6345234375000001 0.5512921875 0.6338578125 0.5558140625 0.614809375 0.5522703124999999 0.6157640625 0.5476125 0.609146875 0.546446875 0.5948796875 0.6281234375 0.5568515625 0.6210578124999999 0.5386656249999999 0.726034375 0.5407625 0.7267734375 0.5416828125 0.723040625 0.5774874999999999 0.7289828125
10 0.38349375 0.55635625 0.38530000000000003 0.5461109375000001 0.39834375 0.5488062499999999 0.3988625 0.5463218750000001 0.3808390625 0.5430046875000001 0.382621875 0.5318578125 0.35241406249999996 0.52653125 0.3482734375 0.550015625 0.38349375 0.55635625
11 0.5727015625 0.7792578125 0.6128796875 0.7861203125 0.6196171875 0.7488 0.57825625 0.74150625 0.5739921875 0.7665765625 0.5750609375 0.766765625 0.5727015625 0.7792578125
13 0.3704109375 0.630084375 0.3821953125 0.560778125 0.3476046875 0.5546890624999999 0.3353546875 0.6237484375 0.3704109375 0.630084375
6 0.4388640625 0.6024515625 0.44729374999999993 0.55500625 0.43173281250000006 0.552175 0.42997500000000005 0.563759375 0.43048281250000003 0.565990625 0.4262171875 0.5653546875 0.426775 0.5619515625 0.427453125 0.5620640625 0.429365625 0.5515796875000001 0.42645156249999994 0.5508859375 0.4275375 0.544728125 0.4003984375 0.5401203125 0.39842187500000004 0.5491640624999999 0.4001421875 0.5494671875 0.4000203125 0.551234375 0.3883640625 0.5491796875 0.3859015625 0.5635046874999999 0.397465625 0.565721875 0.3970703125 0.567621875 0.388096875 0.5661265625 0.3838140625 0.5904203125 0.39295 0.59203125 0.391759375 0.5980796875000001 0.4195953125 0.6029046874999999 0.421946875 0.5898046875 0.425959375 0.5904843750000001 0.4256734375 0.5923437500000001 0.4249421875 0.5924171874999999 0.4235078125 0.5998609375 0.4388640625 0.6024515625
2 0.332275 0.733346875 0.33337343750000004 0.728196875 0.3685828125 0.734140625 0.36821875 0.7394171875 0.379575 0.7414203125000001 0.3974796875 0.6398765625 0.3342921875 0.6287328125 0.3162046875 0.730246875 0.332275 0.733346875
1 0.475765625 0.5514921875 0.47776406250000003 0.5416453125 0.4797359375 0.5423625000000001 0.489475 0.4863953125 0.48740937500000003 0.4861171875 0.48819999999999997 0.4817171875 0.4491203125 0.47501249999999995 0.436465625 0.5445625 0.475765625 0.5514921875