10 0.246305334375 0.609663346875 0.23154572812500002 0.6091695609375 0.2311090984375 0.6221013390625 0.2458355828125 0.622615053125 0.246305334375 0.609663346875
2 0.3418795890625 0.2527268359375 0.3016630265625 0.2512681578125 0.2991913421875 0.32519610781249997 0.3393665125 0.3266102546875 0.3418795890625 0.2527268359375
10 0.3087733125 0.10169263437500001 0.3020297875 0.1014293078125 0.30008898125 0.15765674062499999 0.3068557 0.15786232656250002 0.3087733125 0.10169263437500001
6 0.2167547484375 0.6981263249999999 0.2180468640625 0.6981413937500001 0.21943708125 0.6583689406250001 0.21814570937500002 0.6583242359375 0.2182663578125 0.6548496375 0.2018220453125 0.6543072265625 0.20172413437499997 0.6577225875 0.194875225 0.657483309375 0.1935275203125 0.69731465625 0.1999361953125 0.6975676187500001 0.1998657453125 0.6995710703125 0.21670315156250003 0.7001861 0.2167547484375 0.6981263249999999
1 0.2815213140625 0.6334633890625 0.28167915625 0.6294905203125001 0.3265023375 0.6311224203125 0.3271923203125 0.6123978265625001 0.2479224671875 0.609726096875 0.24738611875 0.6249022875 0.23100900000000002 0.6243017531249999 0.23037718906250002 0.642361540625 0.26359254375 0.64356378125 0.2640980828125 0.6288479640625 0.26997623125 0.629049084375 0.2698455421875 0.6330626703125 0.2815213140625 0.6334633890625
2 0.251196165625 0.7293277984375 0.2110193203125 0.727822665625 0.20942226874999997 0.774352415625 0.249516740625 0.7757324125 0.251196165625 0.7293277984375
2 0.1647740171875 0.7259001015625001 0.163136678125 0.7727950890625 0.2076731390625 0.77429080625 0.209302759375 0.727664503125 0.1647740171875 0.7259001015625001
3 0.380921365625 0.6464568796875 0.35240619687499997 0.6454613453125 0.350367753125 0.7008510328125 0.3789663703125 0.7019484968749999 0.380921365625 0.6464568796875
1 0.1628552359375 0.780735259375 0.162053275 0.8036735890625 0.35242813906250003 0.8104451906250001 0.35325165625 0.78733688125 0.1628552359375 0.780735259375
8 0.2544835796875 0.726719884375 0.25279160625 0.7758945171875 0.3195040671875 0.77825860625 0.3222188265625 0.7033086828124999 0.193423034375 0.6993350484375 0.1925360796875 0.7246995515625 0.2544835796875 0.726719884375
1 0.3507748046875 0.6185613546875001 0.3501917875 0.6372777546874999 0.38366651875 0.6384252046875 0.3845218640625 0.6144804140625 0.3516876890625 0.6133331953125001 0.351521165625 0.61856028125 0.3507748046875 0.6185613546875001
10 0.23183066718749998 0.6505359546875 0.2301518390625 0.6985938875000001 0.2528906 0.6994111140625 0.2546895078125 0.6513344421875 0.23183066718749998 0.6505359546875
10 0.3253018734375 0.6671279218749999 0.3265769328125 0.6671727125 0.326523746875 0.669157815625 0.3323504265625 0.6693616 0.33304045625 0.650674571875 0.3259036734375 0.6503648171874999 0.3253018734375 0.6671279218749999
13 0.19246497812500002 0.6772828296875 0.167887103125 0.6764249703125 0.1662489734375 0.7238250734375 0.19084357968750001 0.7247055921875 0.19246497812500002 0.6772828296875
10 0.3487026375 0.612927265625 0.3302601078125 0.6123422125 0.32922693125 0.6419260171875 0.347666775 0.6425984875 0.3487026375 0.612927265625
10 0.192812284375 0.6666935875 0.166835746875 0.6658516015625 0.1665683046875 0.67412080625 0.1925450125 0.67499541875 0.192812284375 0.6666935875
10 0.22823728437500002 0.609025890625 0.2225273640625 0.6087978453125 0.22102578906249998 0.6512202078125 0.22673690781250003 0.651420109375 0.22823728437500002 0.609025890625
13 0.33389225312500004 0.6717005140625 0.3264482796875 0.67146016875 0.3254707140625 0.699948603125 0.3486343578125 0.7007927828125 0.350364628125 0.6512731281249999 0.33461259062500004 0.6507184015624999 0.33389225312500004 0.6717005140625
7 0.26891218125 0.6516966484375 0.2578125625 0.6514008125 0.2562637046875 0.6992425484375 0.3221640671875 0.7014301078125 0.32434001874999996 0.6392487671875 0.26945189687500004 0.6373331078125 0.26891218125 0.6516966484375
11 0.355076309375 0.78519251875 0.3541877453125 0.8103647140625 0.3776231859375 0.8112107609375 0.378538759375 0.785966584375 0.355076309375 0.78519251875
2 0.32536788437499997 0.7024553890624999 0.3227203828125 0.7782719546875 0.376192159375 0.7801990890625 0.378844125 0.70426351875 0.32536788437499997 0.7024553890624999
10 0.230101996875 0.6587339578125 0.221098621875 0.6583952390625 0.219707546875 0.6982610859375 0.228695721875 0.698555434375 0.230101996875 0.6587339578125
7 0.6006455828124999 0.6894293671875 0.6394785484375001 0.690894409375 0.6416567343749999 0.62426329375 0.6163517703125 0.6234855796875001 0.6165004390625 0.61924755625 0.603261821875 0.6187478828125 0.6006455828124999 0.6894293671875
10 0.730375990625 0.726414371875 0.6921314265625 0.72507824375 0.6915352578125 0.7430568765625 0.7297768062500001 0.7444739890625 0.730375990625 0.726414371875
1 0.524842890625 0.7347863125 0.539878490625 0.7353117234375001 0.5400426421875 0.7315999828125 0.541122653125 0.7316374156250001 0.5445424875 0.633710159375 0.5283922999999999 0.6331464484375 0.524842890625 0.7347863125
2 0.6845831718750001 0.6897753843750001 0.7007447328125 0.6903388875 0.70094025625 0.6847630859375 0.7160929109375 0.6852919234375 0.7174397 0.6467401953125 0.686147946875 0.64567856875 0.6845831718750001 0.6897753843750001
10 0.5639232390625 0.5926381890625 0.5505800734374999 0.592208059375 0.5492258921875 0.6291804375 0.5625495468749999 0.62960019375 0.5639232390625 0.5926381890625
1 0.706489625 0.692781603125 0.70536201875 0.721083896875 0.7305569234375 0.7219932921875001 0.7341834125 0.6161912125 0.6478958484375 0.6131128703125001 0.6470960375 0.63600479375 0.7236441546875 0.6387096671875 0.7216654828125 0.693311515625 0.706489625 0.692781603125
10 0.57758589375 0.593317028125 0.56728178125 0.5930312328125 0.566682196875 0.6104161734375 0.5770194 0.610762109375 0.57758589375 0.593317028125
10 0.650687425 0.8192638859375 0.6470106890625 0.8191821640624999 0.645331115625 0.8636196171874999 0.658271878125 0.864171140625 0.6612964140625001 0.7749606531250001 0.6522777546875 0.7745612515625 0.650687425 0.8192638859375
10 0.6613420750000001 0.7192521703125 0.6478147671875 0.7187541609375 0.6467601078125 0.7489784859374999 0.6603238484375 0.7494032671874999 0.6613420750000001 0.7192521703125
6 0.6862475156250001 0.75032350625 0.6872687125 0.7197973375 0.68101138125 0.7195797984375 0.6810725718749999 0.7178079234375 0.6631618828125 0.7171828125 0.66198864375 0.7495364078125 0.6862475156250001 0.75032350625
10 0.6518055984375 0.5960001515625 0.6447073046875 0.5957521546875 0.6442461671874999 0.60832053125 0.651387421875 0.6085700984375 0.6518055984375 0.5960001515625
3 0.6461189093749999 0.7690704390625 0.61950176875 0.7681906578125 0.6179886406249999 0.8094957 0.6447087296875 0.8104289687499999 0.6461189093749999 0.7690704390625
2 0.59916775 0.78498685 0.563537765625 0.7837320328125 0.56092184375 0.8592350390625001 0.6147214937500001 0.861155065625 0.6189622875 0.7389193703125 0.6008482125 0.7383237640625 0.59916775 0.78498685
9 0.5651893328125001 0.7370385671874999 0.5636079234375 0.7811878531249999 0.597707278125 0.782379615625 0.5991577203125 0.738170703125 0.5651893328125001 0.7370385671874999
13 0.6161782296875 0.8611688203125001 0.6319626078125 0.8617545062499999 0.6326639093749999 0.8408811484375001 0.640141640625 0.8411945015625 0.6411075109375 0.8125021390624999 0.6178707921875 0.8117930390625 0.6161782296875 0.8611688203125001
5 0.3912359484375 0.07380659375000001 0.348810065625 0.0720904203125 0.34499489375 0.17875569687499998 0.3875199859375 0.18024057031250001 0.3912359484375 0.07380659375000001
3 0.2056121765625 0.14354202656249998 0.1833092640625 0.142787615625 0.1805587984375 0.22157013281250001 0.2031900984375 0.2224153109375 0.2056121765625 0.14354202656249998
10 0.38908755781250004 0.22928135468750002 0.37875677812499997 0.22887627031250002 0.3779438921875 0.2515009640625 0.3883011 0.2518375140625 0.38908755781250004 0.22928135468750002
11 0.194044015625 0.3000683734375 0.17537139531249998 0.2994147859375 0.174453671875 0.32444884687500003 0.1932326296875 0.3250601203125 0.194044015625 0.3000683734375
4 0.3443637328125 0.1029088984375 0.31219523125 0.10178527343749999 0.31031254218750004 0.1557123890625 0.3424831859375 0.156730790625 0.3443637328125 0.1029088984375
8 0.23746828281250001 0.21875692343750003 0.2337226109375 0.32292396874999996 0.29606723125 0.3250140546875 0.298606103125 0.248660471875 0.37651670625 0.2514716390625 0.377437534375 0.22585986406249997 0.2816632953125 0.22283401406249997 0.28174961249999997 0.22037475781250002 0.23746828281250001 0.21875692343750003
7 0.2310483734375 0.1976033640625 0.23812424375000002 0.1977993953125 0.23746828281250001 0.21875692343750003 0.29267910937499997 0.2207928640625 0.2957895328125 0.14666146093750002 0.23287135781249999 0.1443627625 0.2310483734375 0.1976033640625
13 0.35273245468750003 0.187796296875 0.319267640625 0.1866278421875 0.318051503125 0.221443759375 0.351605684375 0.222615934375 0.35273245468750003 0.187796296875
10 0.2273852421875 0.1648167390625 0.2282721859375 0.140676025 0.210853021875 0.139943121875 0.2107033515625 0.14544445 0.208158171875 0.1453549921875 0.207503728125 0.16412100624999998 0.2273852421875 0.1648167390625
2 0.388206740625 0.25436131875 0.343715134375 0.25277182656249997 0.341128309375 0.326718640625 0.3857186859375 0.32819297187499996 0.388206740625 0.25436131875
10 0.230187215625 0.17359679374999998 0.223866546875 0.1734018859375 0.22320328906250003 0.1920856328125 0.22949826093749998 0.1922606203125 0.230187215625 0.17359679374999998
1 0.2954209578125 0.1444458484375 0.29621951874999997 0.12334015312499999 0.28917750937500003 0.1230945546875 0.289863771875 0.10343324375 0.263986796875 0.102484025 0.2626026875 0.1430780921875 0.2954209578125 0.1444458484375
10 0.39052739375 0.187528159375 0.380261665625 0.187170175 0.378868496875 0.226409246875 0.38913273125000003 0.22676768749999998 0.39052739375 0.187528159375
10 0.2973761203125 0.1032131671875 0.2914503640625 0.1030380375 0.2907572234375 0.12096135625 0.296731003125 0.121133240625 0.2973761203125 0.1032131671875
6 0.3779372578125 0.1820952015625 0.36138761875 0.1814167015625 0.361232934375 0.1864473671875 0.35448820937500003 0.18621218281250002 0.35329049375 0.22305502968750002 0.3592725921875 0.223328940625 0.359158228125 0.22534908593749997 0.377437534375 0.22585986406249997 0.3787955640625 0.18699752812499998 0.3777668984375 0.18696236875 0.3779372578125 0.1820952015625
0 0.425274496875 0 0.0127510453125 0.1261210765625 0 0.49126647031250004 0 0.574725503125 0.1261210765625 0.9872489546875001 0.49126647031250004 1 0.574725503125 1 0.9872489546875001 0.8738789234375 1 0.5087335296875 1 0.425274496875 0.8738789234375 0.0127510453125 0.5087335296875 0 0.425274496875 0
10 0.31720678125 0.198201728125 0.2968644625 0.1976501453125 0.2960381078125 0.22093087968749997 0.31643591249999997 0.2216746375 0.31720678125 0.198201728125
1 0.2284964890625 0.3033824421875 0.22862808124999998 0.30033911406249997 0.20169874375000002 0.29937341875 0.2016085328125 0.3024024625 0.195590003125 0.30220177812500004 0.194791896875 0.3251046171875 0.23016237031250003 0.3263603484375 0.2309891140625 0.30343895 0.2284964890625 0.3033824421875
13 0.20479928281249998 0.22236121718750002 0.22794667031250002 0.22304534375 0.228937703125 0.19467043281250002 0.22161081249999998 0.1943534453125 0.22234447343750002 0.17337216093750002 0.20657829374999997 0.172632228125 0.20479928281249998 0.22236121718750002
2 0.23379334218749998 0.2257461421875 0.1805118171875 0.2239389359375 0.17808400468750002 0.293451765625 0.2314415734375 0.2952618640625 0.23379334218749998 0.2257461421875
11 0.7453140203124999 0.29864446718750004 0.7444566359375 0.3241110359375 0.7678909625 0.3250015375 0.7687904703124999 0.299491046875 0.7453140203124999 0.29864446718750004
8 0.7089044624999999 0.3191185890625 0.7124144265625 0.21506772187499998 0.65753938125 0.2131627703125 0.6574459359375 0.21543304062500002 0.5836872328125 0.2128148453125 0.5827862109375 0.23820815781250002 0.6447411828125 0.2402262078125 0.641997571875 0.3167224453125 0.7089044624999999 0.3191185890625
10 0.715572790625 0.1805762546875 0.7168577296875001 0.1806212921875 0.716789515625 0.18259465 0.7226093046875001 0.182797275 0.7232361953125 0.164085434375 0.716141928125 0.16383457343750002 0.715572790625 0.1805762546875
10 0.7194293703125 0.155700825 0.7402329078125 0.1563875265625 0.7408637890625 0.13743755156249998 0.7385936890625 0.13737673125 0.7389044015625 0.126373865625 0.7205196421875 0.1257319359375 0.7194293703125 0.155700825
1 0.7123835749999999 0.323064434375 0.7427001890625 0.32396670156249996 0.7434776328125 0.30086267499999997 0.7399961453125 0.3007408671875 0.7401026203125001 0.2976741734375 0.71333015625 0.29679939843750003 0.7123835749999999 0.323064434375
13 0.7241553765625001 0.1852035140625 0.7167133921875 0.1849429546875 0.715700459375 0.21342259375 0.7388932734375 0.21420720625 0.7406564171875 0.1646775 0.7248726671875 0.1641259328125 0.7241553765625001 0.1852035140625
13 0.5827345625 0.190705428125 0.5581713734375 0.1897940625 0.55647560625 0.2373049171875 0.5810803296875 0.23811698906249998 0.5827345625 0.190705428125
10 0.6184648703125 0.122487471875 0.6127781625 0.12231931874999999 0.61128334375 0.1646889640625 0.6170051328125 0.1648970421875 0.6184648703125 0.122487471875
10 0.55709213125 0.17926843125 0.5568034374999999 0.1875375984375 0.5828229828125 0.1884187203125 0.58307395 0.18017579374999998 0.55709213125 0.17926843125
3 0.772249546875 0.13143162656250001 0.7436594578125 0.13044755937500002 0.7406369859375 0.2144060828125 0.7696211890625 0.21559970312500001 0.772249546875 0.13143162656250001
2 0.7156421609375 0.21588799062500003 0.7129080890624999 0.29180618125 0.7665865734375 0.2937093328125 0.769165065625 0.2180037296875 0.7156421609375 0.21588799062500003
10 0.6364654453125 0.1260947328125 0.623110859375 0.125627246875 0.62276286875 0.13557294375 0.6360972406250001 0.13603844062499998 0.6364654453125 0.1260947328125
10 0.6449131515625 0.1648152 0.622083653125 0.1639897703125 0.6203869046875 0.21211200156249999 0.643165790625 0.212846703125 0.6449131515625 0.1648152
1 0.637650565625 0.1383722046875 0.6229746828125 0.137890403125 0.6221540109375 0.16139814531250002 0.6575367234375 0.162619090625 0.6586873359375 0.127380421875 0.6380466015625 0.126745246875 0.637650565625 0.1383722046875
2 0.6414204484375 0.24264497187499998 0.6012949203125 0.24122218437499998 0.59872436875 0.3151901640625 0.6389315453125 0.31662883750000004 0.6414204484375 0.24264497187499998
2 0.5996010968750001 0.24100478593750002 0.5550231578125 0.239448225 0.5524329625 0.313608475 0.5969784375 0.315139015625 0.5996010968750001 0.24100478593750002
6 0.583768715625 0.2107459328125 0.6083442296875 0.2116388265625 0.6097106640625001 0.17186874375 0.60844381875 0.17179203125 0.608542928125 0.1683485265625 0.5919977046875 0.167769978125 0.591879740625 0.17115715781250002 0.5851546125 0.17094865937499998 0.583768715625 0.2107459328125
10 0.6203956125000001 0.1721443078125 0.61132695 0.1718271828125 0.609941109375 0.2117208390625 0.6189721687499999 0.2120592640625 0.6203956125000001 0.1721443078125
7 0.659075953125 0.1648052125 0.6480617046875 0.16443589218750002 0.6464996828125 0.21276365 0.7124144265625 0.21506772187499998 0.7155014656249999 0.129439225 0.6604529203125 0.127554640625 0.659075953125 0.1648052125
10 0.345107284375 0.1615621875 0.299944646875 0.15992623125 0.2993826859375 0.17715098437500001 0.344549415625 0.1786827546875 0.345107284375 0.1615621875
10 0.23472029062500002 0.19998871406250002 0.23037571093749998 0.1998121703125 0.2295689140625 0.22314084374999998 0.23391680625000003 0.22326409218749999 0.23472029062500002 0.19998871406250002
12 0.7295866125 0.7488701234375 0.691462471875 0.74758050625 0.68795876875 0.8469222125 0.7260535390625 0.8483188437500001 0.7295866125 0.7488701234375
2 0.6844535515625 0.6455234328125 0.644334134375 0.6441526953125 0.6426802781250001 0.688214659375 0.6829100875 0.6897166703125001 0.6844535515625 0.6455234328125
10 0.6457198796875 0.76641318125 0.6480418671875 0.7664940828125 0.648040865625 0.7680139109375 0.657458396875 0.768275025 0.6580060046875 0.751879775 0.6462630875 0.75157474375 0.6457198796875 0.76641318125
11 0.5577278546875 0.8309436078125 0.5399611531249999 0.8302924484374999 0.5389278015625 0.855936990625 0.5565807234375 0.856552678125 0.5577278546875 0.8309436078125
8 0.54697825625 0.7317915109375 0.61910261875 0.7342051656249999 0.619721859375 0.7156606875 0.6998553171874999 0.7182285078125 0.7006810296875 0.6924873265625 0.6006455828124999 0.6894293671875 0.6024782421875 0.6393147140625 0.5502716546875 0.637490940625 0.54697825625 0.7317915109375
10 0.6414021828124999 0.8433775953125 0.63426363125 0.843158246875 0.63359396875 0.8617622562499999 0.640772959375 0.8620444 0.6414021828124999 0.8433775953125
13 0.6459239046875 0.7190626625000001 0.621250590625 0.7181277796875001 0.6195174484375 0.7655324218749999 0.6442220843750001 0.7663613296875 0.6459239046875 0.7190626625000001
1 0.559306953125 0.740479053125 0.54295078125 0.7397920546875 0.53986686875 0.8280975453125 0.5561474343749999 0.8286655109375 0.559306953125 0.740479053125
1 0.6420331109374999 0.6163610890625 0.6428687984375 0.5956280078125 0.5791564578124999 0.5934038187499999 0.5784320953125001 0.6133627109375 0.5657465984375001 0.61299946875 0.5651609875 0.629767428125 0.5969921359375 0.6308030265625 0.5975252875 0.6148468125 0.6420331109374999 0.6163610890625