0 0.3423506046875 0 0 0.2397164734375 0 0.6576493953125 0.2397164734375 1 0.6576493953125 1 1 0.7602835265625 1 0.3423506046875 0.7602835265625 0 0.3423506046875 0
13 0.6120592734375 0.420915328125 0.5843589125 0.4405478546875 0.6049766859375 0.4700285 0.6330764765625 0.45078389999999996 0.6120592734375 0.420915328125
10 0.6040386546875001 0.4092918 0.5762464875 0.42873873125 0.582623790625 0.43768846406249995 0.6102762984375001 0.41820007812500004 0.6040386546875001 0.4092918
2 0.564373075 0.45041815781250005 0.5807141421875001 0.43902561406249996 0.57252608125 0.4273209546875 0.6021247078124999 0.40642219375 0.5628238328124999 0.3502511421875 0.5165335265625 0.38248847812500003 0.564373075 0.45041815781250005
7 0.5145624546875001 0.38396400937499997 0.471156703125 0.4140880921875 0.5207568328125001 0.484777315625 0.5641901265625 0.45479608281250006 0.5145624546875001 0.38396400937499997
1 0.46944120624999996 0.41151824687499994 0.560932809375 0.3474551375 0.5459705578125 0.326277515625 0.497868946875 0.3601150375 0.48761936562499997 0.3456460125 0.4444916640625 0.3759492640625 0.46944120624999996 0.41151824687499994
13 0.481852375 0.4330897109375 0.45508092031249997 0.45162165 0.4900460296875 0.50151069375 0.51695589375 0.4832309046875 0.481852375 0.4330897109375
10 0.46939694843749996 0.41542138125 0.442734203125 0.43419574687500007 0.45288419687500003 0.4486505765625 0.479381928125 0.4297685828125 0.46939694843749996 0.41542138125
10 0.46587039218750004 0.4713510921875 0.45722640937500003 0.4773369140625 0.47952354843749995 0.5091532890625 0.4880902046875 0.503084275 0.46587039218750004 0.4713510921875
10 0.39295064218750003 0.5206723546875 0.38601958281250004 0.525456865625 0.409160059375 0.55847765 0.41599281718750003 0.5537352656250001 0.39295064218750003 0.5206723546875
5 0.4178274390625 0.55228279375 0.47746374999999996 0.510483034375 0.4530249546875 0.47588592187499995 0.4637431625 0.4682913015625 0.44073818593749997 0.43577458281250003 0.361819890625 0.49077626093750004 0.38393588749999996 0.522481040625 0.392713871875 0.516346075 0.4178274390625 0.55228279375
12 0.423236596875 0.34953570625 0.3343999390625 0.411718821875 0.3789050890625 0.47507445312499996 0.46752924218749997 0.412773090625 0.423236596875 0.34953570625
4 0.332376759375 0.41311448593750005 0.287027846875 0.44475941093750004 0.3313957078125 0.5085564234375 0.376697415625 0.4761930125 0.332376759375 0.41311448593750005
8 0.5963041984374999 0.6334722375 0.6511351515625 0.5949952625 0.5770853312499999 0.48959257031250003 0.6032060421875001 0.47130265156249995 0.5826997640625 0.44184503125 0.47534822656250003 0.5161054375 0.49639668906249995 0.5461657578125 0.5224607125 0.5280128109375 0.5963041984374999 0.6334722375
1 0.5679949296875 0.5971313406250001 0.5197437859375 0.6307988921875001 0.5364672703125 0.6548214359375 0.584799296875 0.6210323953125 0.5679949296875 0.5971313406250001
2 0.5227749875 0.5327712250000001 0.47476265156249997 0.5660770015625001 0.5179635125 0.6281828453125 0.5659460671875001 0.594276090625 0.5227749875 0.5327712250000001
6 0.47534822656250003 0.5161054375 0.45116299375 0.53286081875 0.47232513750000005 0.5630208390625 0.49639668906249995 0.5461657578125 0.47534822656250003 0.5161054375
1 0.6886894234375001 0.530027628125 0.6348823828125 0.56759690625 0.653249003125 0.5939061578125 0.7068184078125 0.5559157765625 0.6886894234375001 0.530027628125
2 0.6350230515625 0.4535638984375 0.5813840203125 0.49161829062500007 0.632940840625 0.5651128546875 0.686773590625 0.5273977765625 0.6350230515625 0.4535638984375