0 0.402809375 0 0.051926562499999995 0.141765625 0.398675 1 0.597190625 1 0.9480734375000001 0.858234375 0.601325 0 0.402809375 0
10 0.46203593749999994 0.25861718749999996 0.4530046875 0.23630468750000003 0.4464890625 0.23905156249999998 0.45123749999999996 0.2508890625 0.446834375 0.25274375 0.45105312499999994 0.2630546875 0.46203593749999994 0.25861718749999996
13 0.4375359375 0.21898749999999997 0.43819375000000005 0.22057500000000002 0.4339515625 0.22248281250000002 0.4333078125 0.22085 0.4266078125 0.22351875 0.43828281249999995 0.252375 0.44850781250000005 0.24824375 0.44147968750000005 0.23079999999999998 0.4421015625 0.2305875 0.44432343750000003 0.2362171875 0.4518671875 0.233403125 0.4448625 0.216065625 0.4375359375 0.21898749999999997
7 0.4756390625 0.25941875 0.48423125 0.25586875 0.47904843750000003 0.24277968749999998 0.4800640625 0.24260156249999998 0.485378125 0.25561875 0.493934375 0.252065625 0.4885265625 0.2386421875 0.48934375 0.23831093750000001 0.4950109375 0.25220937499999996 0.5015625 0.2499421875 0.50251875 0.25230625 0.5090109375 0.2492859375 0.5029078124999999 0.2341796875 0.5018765625 0.23459687499999998 0.4919640625 0.2099390625 0.49303749999999996 0.20950625 0.48365937499999995 0.1864203125 0.476884375 0.189253125 0.47795468750000003 0.1917234375 0.4521796875 0.20149218750000003 0.4756390625 0.25941875
11 0.369390625 0.142671875 0.3779828125 0.1638484375 0.3919359375 0.158328125 0.3866921875 0.145225 0.3853984375 0.1441640625 0.382615625 0.1374453125 0.37922968749999997 0.138775 0.3788625 0.1379953125 0.3708578125 0.1410671875 0.3712046875 0.1419390625 0.369390625 0.142671875
2 0.38023281249999996 0.169971875 0.41825625000000005 0.2642140625 0.43823437500000006 0.2560640625 0.4238234375 0.22077968750000002 0.43398906249999997 0.21667187499999999 0.410146875 0.157575 0.4087171875 0.1582296875 0.4095765625 0.16035625 0.39594687500000003 0.1658625 0.3951703125 0.1638984375 0.38023281249999996 0.169971875
13 0.4882578125 0.3457671875 0.499609375 0.37425156249999997 0.517659375 0.366378125 0.5064484375 0.33845625 0.4882578125 0.3457671875
8 0.430821875 0.12016875 0.43199062499999996 0.123059375 0.407834375 0.1330734375 0.406584375 0.1298859375 0.4016796875 0.13186718749999998 0.41175468750000005 0.1568875 0.41292656250000004 0.1564921875 0.43658906249999996 0.2155015625 0.44485625000000006 0.2122421875 0.4958078125 0.3383109375 0.5056171875000001 0.3343484375 0.4521703125 0.20133125000000002 0.4672890625 0.195490625 0.4360375 0.118140625 0.430821875 0.12016875
2 0.5276578125 0.31277187500000003 0.5235078125 0.3025875 0.5229734374999999 0.302803125 0.5233765625 0.30379999999999996 0.498015625 0.313775 0.519221875 0.3657078125 0.5423359375000001 0.35633125 0.5432609375 0.35862343750000003 0.5458015625 0.3576359375 0.5401109374999999 0.3435921875 0.5387046875 0.3439671875 0.5263921875 0.313321875 0.5276578125 0.31277187500000003
10 0.4748578125 0.317221875 0.4851875 0.34283437499999997 0.49453593749999997 0.3390578125 0.48417656249999996 0.31341874999999997 0.4748578125 0.317221875
1 0.475265625 0.184078125 0.4694421875 0.16962656250000002 0.47585468750000004 0.16688125 0.46368124999999993 0.13679687499999998 0.44897187499999996 0.1426234375 0.46828281250000003 0.1899515625 0.47515 0.1871765625 0.474159375 0.18468125 0.475265625 0.184078125
2 0.506009375 0.2593171875 0.5031234375 0.2520734375 0.5025328124999999 0.25233906250000004 0.503525 0.254796875 0.47834062499999996 0.2659375 0.4968734375 0.3113390625 0.5223578125 0.3012375 0.5229578125 0.302809375 0.523525 0.3025421875 0.5184265625 0.2899203125 0.517340625 0.29035937500000003 0.5050703125 0.25973437499999996 0.506009375 0.2593171875
1 0.408053125 0.152046875 0.40018906249999997 0.132584375 0.38506874999999996 0.1384234375 0.39273437499999997 0.1573109375 0.3929984375 0.15727968750000001 0.39436875 0.160578125 0.406909375 0.1552515625 0.40598437499999995 0.152921875 0.408053125 0.152046875
10 0.472396875 0.172528125 0.47673750000000004 0.1834453125 0.4817125 0.18155156249999999 0.47729999999999995 0.17054687500000001 0.472396875 0.172528125
6 0.4575296875 0.2851625 0.46616718749999997 0.30663125 0.4682921875 0.3058109375 0.4724953125 0.3161890625 0.474278125 0.31540625 0.4738421875 0.314284375 0.48437656249999994 0.309975 0.4710515625 0.2770359375 0.4676671875 0.278246875 0.46636718750000006 0.2749859375 0.46862812500000006 0.274034375 0.46382500000000004 0.26210468750000004 0.453028125 0.26623437499999997 0.457940625 0.278390625 0.45936562500000006 0.277853125 0.460465625 0.280578125 0.45898125 0.2811390625 0.460134375 0.284034375 0.4575296875 0.2851625