7 0.44108111406250006 0.1212800234375 0.4013844640625 0.1103741828125 0.376893125 0.201862253125 0.40008574531249996 0.20794928124999998 0.39573756875 0.22414707968749997 0.41154853593749996 0.2283399078125 0.41466354375 0.21665029531250002 0.41557351093749995 0.2169454359375 0.44108111406250006 0.1212800234375
8 0.21836348125 0.9156157031250001 0.21180690468750002 0.94027443125 0.2287437828125 0.9447864375 0.22886588593749999 0.9443554859375001 0.2309744875 0.9449800249999999 0.2308314078125 0.9455153218750001 0.2713355875 0.9563674000000001 0.2796551609375 0.9252268921875 0.2499975546875 0.9172798234374999 0.30329679375 0.7187799187499999 0.29226468125 0.7157131375 0.2373566296875 0.921158290625 0.23489686718749997 0.9205175359375 0.2350027953125 0.9200669546875 0.21836348125 0.9156157031250001
10 0.28134933125 0.750346690625 0.264809990625 0.7459363125 0.2568967359375 0.7754992671875 0.2733960484375 0.7799923796875 0.28134933125 0.750346690625
13 0.248576440625 0.8699653312500001 0.22389216250000002 0.863444609375 0.2113577796875 0.9103503937499999 0.2359298328125 0.9174675515624999 0.248576440625 0.8699653312500001
7 0.251266234375 0.9168301375000001 0.29667834531250004 0.9291135734375 0.31461575937499997 0.8618948734374999 0.26938945625 0.8495018562500001 0.251266234375 0.9168301375000001
10 0.29675324999999997 0.788007009375 0.28659276562499997 0.7852836265625001 0.27004124531249996 0.8471320046875 0.28016080468750004 0.8499332609374999 0.29675324999999997 0.788007009375
10 0.23998278125 0.8641881015624999 0.25055146562499997 0.867038278125 0.25879590937499997 0.8359945046874999 0.248245965625 0.8332242765625001 0.23998278125 0.8641881015624999
2 0.3023068484375 0.671877884375 0.2714552234375 0.6635910218750001 0.2512230453125 0.7391890859375 0.2663992625 0.743328996875 0.2663443546875 0.7435737375 0.2820196203125 0.7477553828125 0.3023068484375 0.671877884375
10 0.2884114640625 0.83943561875 0.285575684375 0.838730971875 0.28394711875 0.8447614453125001 0.2867803390625 0.84550675625 0.2884114640625 0.83943561875
2 0.20859148906249997 0.8675551703125001 0.19741985625 0.9093114359375001 0.1735125109375 0.9028872828125 0.1666578328125 0.9283198671875 0.2019357296875 0.937771584375 0.2020685125 0.9372758640625 0.204432334375 0.9378021546875001 0.2043162046875 0.938235521875 0.2106749203125 0.9399086421874999 0.21727765781250002 0.915336871875 0.2090178015625 0.9131235953125 0.22046748749999998 0.8705228078125 0.20859148906249997 0.8675551703125001
2 0.3378811765625 0.727990584375 0.3044618140625 0.7190004546875 0.2873627671875 0.7828136265625 0.2973819625 0.78549821875 0.297420896875 0.7853222375 0.32085648437500003 0.791656421875 0.3378811765625 0.727990584375
0 0.3428027359375 0 0.09892467031249999 0.9101697218749999 0.4001298140625 0.990877946875 0.46503659375 1 0.6571972640625 1 0.9010753296875 0.089830278125 0.5998701859375 0.009122053125 0.5349634062499999 0 0.3428027359375 0
10 0.22258244062500002 0.86255839375 0.215992515625 0.8607565312500001 0.21454198125 0.8661714140625 0.22110903906249998 0.8680237109375 0.22258244062500002 0.86255839375
10 0.26306268125 0.819758440625 0.2308430734375 0.8112020046874999 0.22723314062500002 0.824762821875 0.2594370578125 0.83331863125 0.26306268125 0.819758440625
1 0.2881243859375 0.9608664843750001 0.2956293375 0.9325920578125 0.280294109375 0.9283935078125 0.272694946875 0.9567320109375 0.2881243859375 0.9608664843750001
6 0.2660044578125 0.8091442484375 0.267085446875 0.8094350218749999 0.2743633328125 0.7822710500000001 0.2571836203125 0.7776681140624999 0.25670268749999997 0.7794734375 0.25477928437499997 0.778956975 0.24936115625 0.799141540625 0.25128333125 0.79970043125 0.2478309296875 0.812668025 0.2638970921875 0.817043459375 0.2660044578125 0.8091442484375
3 0.20753822500000002 0.8672130671874999 0.18464504375 0.8610387390625001 0.17421569374999998 0.900185415625 0.1970343640625 0.9063398046875 0.20753822500000002 0.8672130671874999
13 0.681370721875 0.2472840734375 0.6840504421875 0.24796521093749999 0.679138990625 0.266296 0.6901161453125 0.269293521875 0.70265133125 0.2224493859375 0.6890030031250001 0.2186425453125 0.681370721875 0.2472840734375
11 0.618952415625 0.740441815625 0.60752923125 0.7373958093749999 0.5978734546875 0.77340713125 0.6092901828125 0.7764317187499999 0.618952415625 0.740441815625
1 0.519337196875 0.744834871875 0.5195151859375 0.7448819765625 0.510345528125 0.7792307109375 0.5202321578125 0.7818256671875 0.528232646875 0.7520461843749999 0.529609871875 0.7523959484375 0.5345985953125 0.7338409171875 0.5332176984375 0.73352850625 0.537167459375 0.7185938000000001 0.5273360375 0.7158866859375 0.5236862515625 0.7293156734374999 0.523512303125 0.729295959375 0.519337196875 0.744834871875
13 0.55887759375 0.7630273796875 0.53705135 0.757086625 0.5228181125 0.810208659375 0.530640428125 0.812414090625 0.532871209375 0.8041756296875 0.546825290625 0.80795128125 0.55887759375 0.7630273796875
10 0.655372059375 0.45317888906250003 0.6443550015625 0.45031934375000005 0.6358766 0.4818714421875 0.6468545234375 0.4848185796875 0.655372059375 0.45317888906250003
6 0.6343634453125 0.398791384375 0.627664909375 0.4237978015625 0.6372413124999999 0.42639965 0.6350977296875 0.43430955000000004 0.64673205 0.43740258593750003 0.6488317546875 0.42953543281249995 0.6497178109374999 0.42980985625 0.6565299921875 0.40444388125 0.6343634453125 0.398791384375
13 0.6426868015625 0.45067027812499993 0.6227370062500001 0.44549026718749996 0.61463220625 0.4756527109375 0.63454025625 0.48093888281249997 0.6426868015625 0.45067027812499993
10 0.63651713125 0.3893949875 0.6362943624999999 0.3895766890625 0.6352179375 0.3936319703125 0.6369165984375 0.39414209375000003 0.6369942484375 0.39379167656249997 0.6380394578125 0.39409004531249997 0.6493383203125 0.351922484375 0.646736565625 0.3512254828125 0.63651713125 0.3893949875
2 0.684529975 0.4295633109375 0.664347778125 0.424117115625 0.6480114734375 0.48508531718750003 0.6654938015625 0.48973551718749997 0.6654624625000001 0.4899472796875 0.667271475 0.49030092343750004 0.6672982562499999 0.4905145421875 0.668145403125 0.49068409218750003 0.684529975 0.4295633109375
10 0.66891154375 0.358255053125 0.6504587609375 0.353335925 0.6394556328125 0.394465796875 0.6578618796875 0.3994241421875 0.66891154375 0.358255053125
8 0.6798040249999999 0.3611365359375 0.6985828765625001 0.3661156921875 0.6985840062500001 0.366320971875 0.7012847859375 0.36703189062499997 0.7258104328125 0.2755691546875 0.7255662453125 0.2754654109375 0.7254604437500001 0.27567933125 0.722430809375 0.2748496125 0.722347121875 0.274973546875 0.6923574890624999 0.2668740984375 0.6914827156250001 0.27001100624999996 0.691567315625 0.2700939 0.6691820046875 0.3538719125 0.6702725453125 0.3541845421875 0.6449878531250001 0.44788213906249996 0.6560096546875 0.4507865296875 0.678699740625 0.36625453281250003 0.6784655374999999 0.3661695484375 0.6798040249999999 0.3611365359375
10 0.645693940625 0.44023094687500003 0.6346021187499999 0.437240978125 0.6326261890625 0.44473263906250005 0.6436719765625 0.44769089375000004 0.645693940625 0.44023094687500003
1 0.6708612796875 0.49123145937499996 0.6807283734375 0.4937858015625 0.6847713890625 0.47865908125 0.685094146875 0.4787202203125 0.693042771875 0.4488719109375 0.69277849375 0.44877638906249995 0.701188521875 0.417475028125 0.701460703125 0.41754799374999996 0.7094967375000001 0.3875604953125 0.709216434375 0.3875116328125 0.7171263765625 0.357949790625 0.717415746875 0.35800150468749997 0.7352445640624999 0.291420775 0.7349967046875 0.2913543828125 0.7407145890625 0.2699575515625 0.7409533828125 0.270021090625 0.7490736234375001 0.2397487890625 0.73792365625 0.23674591562499997 0.7296536203125 0.267612528125 0.7301361171874999 0.267760809375 0.729251540625 0.27105728125 0.7297644062499999 0.27124769843749996 0.6708612796875 0.49123145937499996
10 0.6878198265625 0.21782145000000003 0.686987665625 0.21763507187500003 0.674220503125 0.2652765578125 0.67773036875 0.2663268203125 0.681922025 0.2506813625 0.679218459375 0.249911671875 0.6878198265625 0.21782145000000003
2 0.7238705296875 0.26992707656250003 0.7238296890625 0.27013908125 0.7263856765625001 0.27082491875 0.74669625625 0.1952078921875 0.713953428125 0.186377534375 0.693658790625 0.26181377031249997 0.7238705296875 0.26992707656250003
1 0.6267245109374999 0.350058675 0.6264766515625 0.3499922828125 0.622262203125 0.36572131875 0.6224795515625 0.3657802671875 0.6173477328125 0.3849605296875 0.632934325 0.3892117609375 0.64255235625 0.353412878125 0.6385804625 0.352371840625 0.649959590625 0.31022818281250003 0.65045066875 0.31036031249999996 0.6587052156250001 0.2792895578125 0.6582656578125 0.2791725578125 0.6851856984375 0.178733828125 0.6784215078125 0.1768696046875 0.6753353046874999 0.1883991671875 0.6750465140624999 0.1883096671875 0.67091945 0.20388846562500001 0.671143446875 0.2039562375 0.6592448281250001 0.24824692812500002 0.6603968921875001 0.2485035109375 0.6558140546875 0.2654840828125 0.6498264203125 0.26384260312499996 0.6464093984375 0.276625825 0.646158034375 0.2765731421875 0.6381673640625001 0.3063950296875 0.6384061578125 0.3064585703125 0.6267245109374999 0.350058675
7 0.6716409203125 0.26957500625 0.66419678125 0.267507928125 0.64287708125 0.347139203125 0.6511506453125 0.349355984375 0.651185421875 0.34919835312499997 0.6691058515625 0.353908546875 0.6901633078125 0.275076678125 0.671518509375 0.27006429375 0.6716409203125 0.26957500625
7 0.5377622921875 0.8504441187499999 0.5069003546874999 0.8422867671875001 0.485199903125 0.9233698046875001 0.5159331140625001 0.931668428125 0.5377622921875 0.8504441187499999
10 0.49741887343749996 1 0.49885072812500003 0.9946445234375 0.48796520625 0.9917135281249999 0.48573236406250003 1 0.49741887343749996 1
2 0.570125353125 0.7273533999999999 0.5482185578125 0.80874825625 0.5809001125 0.817453240625 0.581102815625 0.8178746140625 0.5836893140625 0.8185678953125001 0.605576596875 0.7368515703125 0.570125353125 0.7273533999999999
1 0.49892036093750003 0.8318511718750001 0.4991569046875 0.8318970374999999 0.4868937671875 0.877782203125 0.4866474546875 0.8777160281249999 0.47860457968750003 0.9077073 0.4788281171875 0.9077671171875 0.4753520390625 0.9209144140625 0.48144969687500005 0.9225476890625 0.4766419734375 0.9404323234374999 0.4755592953125 0.9401760234375001 0.47464953593750003 0.9435730953125001 0.47437476875 0.9435297453124999 0.4663383 0.9735203390624999 0.46657687656249996 0.9735854265624999 0.46412488906249993 0.9827915812500001 0.47395738906249996 0.9853899765625 0.4763069125 0.9766995796875 0.4768177859375 0.9767918906249999 0.48506795 0.9459319515625 0.48459063125 0.945825421875 0.48858366562500005 0.930874709375 0.4808500484375 0.9289026421875001 0.4864194515625 0.9081918218749999 0.48687963281249996 0.9083417015625 0.4951870546875 0.8772988890625 0.4947079203125 0.8771715921875 0.5058392406250001 0.835567446875 0.522259271875 0.8399847250000001 0.528907959375 0.8150186375 0.5206270015625 0.8128544640625 0.526725128125 0.78997581875 0.51786575 0.787750865625 0.5146091859374999 0.7999649437499999 0.508200228125 0.7982563609375 0.5033875046875 0.8161765828125 0.5031471625 0.8161128265625001 0.49892036093750003 0.8318511718750001
10 0.5174384890625 0.7842905390625 0.5095156843749999 0.782205103125 0.5061681234375001 0.794729853125 0.5140741249999999 0.79681135 0.5174384890625 0.7842905390625
8 0.5102447421875 1 0.5315325078125 0.9205373671875 0.5529319734375 0.9262477328125 0.552908296875 0.9264274359375 0.5555973 0.927109878125 0.5833350328125 0.82350255 0.5798569921875 0.82255143125 0.5796031187499999 0.8228534125 0.54684474375 0.8139877359375 0.544496484375 0.8227477343749999 0.5445733890625 0.8227506531250001 0.542790678125 0.8294063843749999 0.5426360406249999 0.8293278484375 0.5370483625 0.8500676578125 0.5387002875 0.850528609375 0.516869134375 0.9318567796874999 0.51713225 0.93192689375 0.515581290625 0.9376858374999999 0.5153142359375 0.9376325265625001 0.49862108125000004 1 0.5102447421875 1
10 0.479374475 0.9250425281249999 0.4745815609375 0.9237582984375001 0.471793359375 0.934177909375 0.4766266953125 0.935455196875 0.479374475 0.9250425281249999
3 0.5699642921875 0.7273654781250001 0.5398759265625 0.7192837109375 0.5221319578125 0.7854740109375 0.5274984328125 0.7868199171875 0.536444428125 0.7535237343750001 0.5611469734375001 0.7602063875 0.5699642921875 0.7273654781250001
10 0.5415153984375001 0.8289936328125 0.5267283546875 0.824969953125 0.5218449890625 0.843213175 0.536627240625 0.8471699109375 0.5415153984375001 0.8289936328125
13 0.48417223906249995 1 0.48633453437499996 0.9918535703125 0.4654431234375 0.9863566140625 0.461919446875 0.9995619140625 0.465036590625 1 0.48417223906249995 1
10 0.536090009375 1 0.5372747203125 0.995587221875 0.515469703125 0.9896526078125 0.5126870109375 1 0.536090009375 1
2 0.49152524687500004 0.9310735328125 0.49144555624999997 0.9310118421875 0.4766946609375 0.9859198375 0.49942736718749997 0.9921694390625 0.5141717734375 0.9374198953124999 0.49419784062499994 0.9321197296875001 0.4940913625 0.9317434359375 0.4916748828125 0.93118765625 0.49152524687500004 0.9310735328125
10 0.5311230828125 0.8156486796875001 0.52922078125 0.8150831140625 0.5283306671875 0.8183740734375 0.5432165875 0.8223453796875001 0.5463083015625 0.8108102796875001 0.5333497234375 0.8073386328125001 0.5311230828125 0.8156486796875001
2 0.55150336875 0.9313943078125 0.5324475843750001 0.9261963578125 0.5160848328125 0.9871955546875 0.53795491875 0.9929815281250001 0.5543180296875 0.9319460906250001 0.5516161125 0.9312208109375 0.55150336875 0.9313943078125
1 0.5494800296875 1 0.553849778125 0.9837112609374999 0.55409348125 0.9837960015625 0.5637527125 0.9477488734374999 0.563504853125 0.9476824828125 0.57145673125 0.9180018828125001 0.571704590625 0.9180682750000001 0.5928210359375 0.839232075 0.5925729078125 0.8391451328124999 0.6005035765625 0.8096603625000001 0.6007514359374999 0.8097267546875001 0.608728446875 0.7799234578124999 0.6083874406249999 0.77990235625 0.6084921796875 0.77941531875 0.5973371359375 0.7764148875 0.58906388125 0.8072258218749999 0.589570915625 0.8073791296874999 0.5867019296875 0.8179357046875 0.5876405671875 0.8182064734375001 0.582856321875 0.8361149187500001 0.5823817796874999 0.8359661781250001 0.560991671875 0.91582896875 0.56144578125 0.9159322359375001 0.5538381734375 0.9444431156249999 0.5533517375 0.9443116375 0.543461021875 0.9812761015625 0.5439074703125 0.9814114265624999 0.5389355 1 0.5494800296875 1
11 0.759698484375 0.1988292578125 0.7486317625 0.1958964640625 0.7388731281250001 0.232347753125 0.7398208328125 0.2326213734375 0.739399475 0.23419365781249998 0.7464523828125 0.2361142375 0.74689660625 0.23449151875 0.74987419375 0.23536599218749998 0.759698484375 0.1988292578125
3 0.7138791828125 0.18637814531250002 0.687860409375 0.1793495671875 0.665019440625 0.26448361249999996 0.6724860625 0.26652545 0.672892525 0.264913203125 0.6730283265625 0.2649685796875 0.6865686015625 0.214475690625 0.7050226640624999 0.21937448750000002 0.7138791828125 0.18637814531250002
2 0.6971343734375 0.3712578921875 0.67975464375 0.36654006250000004 0.6650431578125 0.42148199843749995 0.6852228125 0.4268789234375 0.700026659375 0.37174011406249996 0.6972845875 0.371042325 0.6971343734375 0.3712578921875
10 0.6357154453125 0.42832004218749997 0.6259175796875 0.42589061250000004 0.621754853125 0.4414312640625 0.6314514171875001 0.44410995781249996 0.6357154453125 0.42832004218749997
13 0.246667584375 0.833329065625 0.2266381078125 0.82789644375 0.21858482812500002 0.8580740171875 0.23931546250000002 0.8638055671875 0.24312805625 0.8495773984375001 0.2423977 0.849362725 0.246667584375 0.833329065625
10 0.409641128125 0.101158603125 0.40401668125 0.0996723046875 0.401941875 0.10750824375000001 0.4075358109375 0.10898709843750001 0.409641128125 0.101158603125
10 0.45803571718749997 0.0613911890625 0.4392654796875 0.0565079171875 0.42793864062500003 0.098908225 0.4466427125 0.10384689062500001 0.45803571718749997 0.0613911890625
6 0.4521347203125 0 0.44481550625 0.027166659375000003 0.46568719375 0.0327365796875 0.47271582187499994 0.006448 0.47191501875 0.006251828125 0.47356571875000003 0 0.4521347203125 0
8 0.47449793125 0 0.4433318 0.11635785624999999 0.4436466546875 0.116441553125 0.44227099062499997 0.1215482328125 0.44196598125 0.1215179890625 0.43833657812500004 0.13497035468750002 0.43753206875000006 0.134699503125 0.41251410625 0.2285986828125 0.41265631562499994 0.22865338125 0.4121097015625 0.2305331015625 0.4459827484375 0.23943867343749997 0.445991128125 0.23962603906250002 0.4599445828125 0.24341738125 0.4960691671875 0.10861746406249999 0.45978324531250003 0.0988946921875 0.48556639218750003 0.0021556171874999998 0.48504022812500003 0.001947553125 0.4849442046875 0.001407053125 0.48014550937499995 0 0.47449793125 0
10 0.423466271875 0.111016125 0.4421904921875 0.11606965 0.444948340625 0.10580987187499999 0.4262729140625 0.100835784375 0.4382177859375 0.056283357812500004 0.43713989062499997 0.05599301875 0.4369914921875 0.056229353125000006 0.42395745781249994 0.0527108109375 0.40925553125 0.10777558437500001 0.42312066406250004 0.11149928906249999 0.423466271875 0.111016125
1 0.3910215796875 0.2093482828125 0.37008825 0.2038801484375 0.358642771875 0.2461927796875 0.37959855 0.2518155421875 0.3910215796875 0.2093482828125
2 0.4886605515625 0 0.481051890625 0.028406226562499998 0.5151266296875 0.037482153125 0.5251797 0 0.4886605515625 0
10 0.4640976796875 0.03533439375 0.44415951875 0.0299256515625 0.43783124687499997 0.053532478125000005 0.45776434843749997 0.058853728125000004 0.4640976796875 0.03533439375
10 0.3980370109375 0.21062614062499999 0.3925472546875 0.20919190625 0.38734563125 0.228576946875 0.3927655171875 0.22999189375 0.3980370109375 0.21062614062499999
3 0.36968374531250003 0.26756393125 0.3567689015625 0.2640842296875 0.346316853125 0.3029657921875 0.37414764218749996 0.3104052390625 0.38240257187500004 0.2796011953125 0.367522625 0.27563230625 0.36968374531250003 0.26756393125
11 0.4474442890625 0.294144790625 0.4360636765625 0.2910653203125 0.42659906875000003 0.3263114265625 0.43800574374999995 0.3293850921875 0.4474442890625 0.294144790625
10 0.3735413453125 0.253790196875 0.357643603125 0.24952994843749998 0.35468465625 0.260659265625 0.3705402109375 0.2649277859375 0.3735413453125 0.253790196875
13 0.380229434375 0.2560050546875 0.37478638124999997 0.2545079578125 0.3698605703125 0.27283988593749997 0.3971613140625 0.2802111515625 0.40863684375 0.237314203125 0.38683278125 0.2315075296875 0.380229434375 0.2560050546875
1 0.4377251859375 0.28815732031249996 0.4482882765625 0.2908789046875 0.459721159375 0.24827417812500002 0.4492775125 0.2454100171875 0.4377251859375 0.28815732031249996
1 0.5144513125 0.045352257812500005 0.480127828125 0.0360141625 0.46516090468750004 0.09222350781250001 0.49941502031249996 0.10147138281250001 0.5144513125 0.045352257812500005
2 0.3977961390625 0.283800053125 0.3831067328125 0.27995734843750003 0.3748826390625 0.3106205640625 0.425092615625 0.32413054531249996 0.4463562796875 0.24483063437500002 0.4445573625 0.2443490234375 0.44443710000000003 0.24451988593750001 0.41083109999999995 0.2352747375 0.3977961390625 0.283800053125