0 0.21875 0 0.21875 1 0.7806921874999999 1 0.7806609375 0 0.21875 0
1 0.4568734375 0.8380140624999999 0.3540375 0.8380140624999999 0.3541390625 0.8931812499999999 0.4569234375 0.8939843749999999 0.4568734375 0.8380140624999999
1 0.5959359375 0.8783312499999999 0.49970781249999996 0.8784921875 0.49970781249999996 0.934321875 0.5959359375 0.9344828125 0.5959359375 0.8783312499999999
2 0.45670312500000004 0.6426515625 0.35410624999999996 0.6425562499999999 0.354234375 0.830846875 0.4568734375 0.8315125 0.45670312500000004 0.6426515625
10 0.491815625 0.5315796875000001 0.47646718750000006 0.5315796875000001 0.4766453125 0.63641875 0.49199374999999995 0.6366171875 0.491815625 0.5315796875000001
10 0.49208125 0.500859375 0.43450468750000004 0.5012531250000001 0.4343265625 0.5264249999999999 0.49199374999999995 0.526228125 0.49208125 0.500859375
13 0.49463125 0.3172140625 0.44243437500000005 0.3162265625 0.44273125 0.38873125000000003 0.4947796875 0.3888953125 0.49463125 0.3172140625
3 0.41364375000000003 0.5315109375 0.3538328125 0.5315109375 0.35385468750000004 0.6364875 0.41364375000000003 0.636559375 0.41364375000000003 0.5315109375
6 0.49450625 0.3946984375 0.43431406250000004 0.39497343749999997 0.434190625 0.49571875 0.4944453125 0.4951671875 0.49450625 0.3946984375
2 0.598090625 0.2818375 0.5245421875 0.2818375 0.5246328124999999 0.427309375 0.5979125 0.4283015625 0.598090625 0.2818375
7 0.605809375 0.63560625 0.605809375 0.4346421875 0.5247203125000001 0.4352359375 0.5245421875 0.63560625 0.605809375 0.63560625
1 0.4205859375 0.15861875 0.497475 0.15806718749999998 0.497475 0.21555156250000002 0.5216546875 0.21509375 0.521553125 0.12115781249999999 0.5652953125 0.12092812500000001 0.565140625 0.08445625 0.4969203125 0.0842984375 0.4969203125 0.1100359375 0.4207078125 0.10975937499999999 0.4205859375 0.15861875
13 0.47407187500000003 0.5315796875000001 0.41640625 0.5315796875000001 0.41640625 0.6366171875 0.47380625 0.6368171874999999 0.47407187500000003 0.5315796875000001
10 0.439996875 0.31705 0.4206265625 0.31655625 0.420403125 0.3888953125 0.44007031249999995 0.38922500000000004 0.439996875 0.31705
1 0.4968734375 0.7154609375 0.45960156249999995 0.7156765625 0.45986874999999994 0.7713671875 0.49677499999999997 0.7715671875 0.4968734375 0.7154609375
8 0.521775 0.22145156250000003 0.49756406249999996 0.2222640625 0.497690625 0.41506875 0.49478906250000004 0.41506875 0.4942375 0.6431390625 0.459796875 0.6432781249999999 0.45975312500000004 0.7089562500000001 0.5001203125 0.708759375 0.5000296875 0.8724624999999999 0.595909375 0.8723234375000001 0.595646875 0.64224375 0.521403125 0.642465625 0.521775 0.22145156250000003
10 0.5982765624999999 0.0664671875 0.568290625 0.065871875 0.568025 0.12116875 0.5980109375 0.1207703125 0.5982765624999999 0.0664671875
1 0.6190156250000001 0.6371390625 0.647325 0.637221875 0.647434375 0.4876984375 0.6083765624999999 0.48731562500000003 0.608715625 0.642246875 0.5987890625000001 0.6419609375 0.5986921875 0.872340625 0.6191578125 0.8727390625 0.6190156250000001 0.6371390625
10 0.6082046875 0.48155625 0.6473296875 0.4821515625 0.6473296875 0.40148593750000006 0.6258578124999999 0.40148593750000006 0.6260359375 0.4343875 0.6084703124999999 0.4341875 0.6082046875 0.48155625
2 0.49467812499999997 0.1648046875 0.42068593749999994 0.1645640625 0.42069531250000003 0.3101859375 0.49476250000000005 0.31094218749999997 0.49467812499999997 0.1648046875
2 0.5980546875 0.1270140625 0.5245968750000001 0.1272515625 0.524384375 0.2758953125 0.5980546875 0.2758921875 0.5980546875 0.1270140625
1 0.623096875 0.1270109375 0.6007781249999999 0.127490625 0.60070625 0.4278421875 0.6232046875 0.4281625 0.623096875 0.1270109375