6 0.274050390625 0.2149556359375 0.274161265625 0.218533634375 0.26666076875 0.2187846125 0.2676724078125 0.248470515625 0.272267553125 0.2482959796875 0.2723368609375 0.25028070625 0.288145975 0.24972864062500003 0.2870065609375 0.21808506562500002 0.2859696921875 0.21812127499999998 0.2858844015625 0.21455958125 0.274050390625 0.2149556359375
1 0.28780342812500004 0.336939034375 0.2864231515625 0.2974131265625 0.26306480625 0.29820849374999997 0.2631998734375 0.301941990625 0.26331123437500004 0.3019521734375 0.2634138890625 0.305205259375 0.2572999375 0.3054046921875 0.2585618765625 0.337960171875 0.28780342812500004 0.336939034375
2 0.15756244531250002 0.136298090625 0.15956245468750002 0.19392902343750001 0.1596951859375 0.1939243890625 0.1597505390625 0.19515132968749999 0.15961780781249998 0.1951559640625 0.159853021875 0.2015782296875 0.16319199375 0.20147257500000001 0.1631840328125 0.2012445890625 0.1915789671875 0.20015608281250002 0.191742003125 0.20455619687499998 0.1914999625 0.20456465000000001 0.191918890625 0.216247771875 0.20619193125000002 0.21576341718749997 0.2056897109375 0.200531040625 0.23048339218749997 0.1996933671875 0.229731775 0.17799075312499998 0.20543566562499999 0.1788845328125 0.20391080156250002 0.1349047078125 0.15756244531250002 0.136298090625
7 0.212427671875 0.2751053796875 0.21474375 0.342055959375 0.25379757812500003 0.3406780984375 0.25144917968749997 0.273697378125 0.212427671875 0.2751053796875
2 0.5937640171874999 0.2431649765625 0.5950198796875 0.2802922015625 0.626998334375 0.27916141875 0.626836184375 0.2742046828125 0.626721334375 0.2740945609375 0.6256113562500001 0.242040334375 0.5937640171874999 0.2431649765625
2 0.5565277265625 0.244610696875 0.55779801875 0.28161390625 0.5933650203124999 0.280360934375 0.5920438609375 0.243154690625 0.568569475 0.24407449374999998 0.5685807921875 0.24421949999999998 0.5565277265625 0.244610696875
10 0.607804046875 0.17359666875 0.6079576343750001 0.17830824218750002 0.6080997359375 0.17830327968749998 0.6094403125000001 0.21816984218750002 0.6330879421875 0.21728620156249998 0.631561475 0.172723265625 0.607804046875 0.17359666875
13 0.60415603125 0.1603753046875 0.586651075 0.160986590625 0.587927634375 0.1975424328125 0.6056434625 0.1971942609375 0.60415603125 0.1603753046875
10 0.6064909843749999 0.2182853421875 0.6058574734375 0.199830584375 0.5876591921875 0.2004660828125 0.588259596875 0.2188235 0.6064909843749999 0.2182853421875
1 0.568329940625 0.189130634375 0.56843339375 0.1918693171875 0.5791341937500001 0.19148156562500002 0.5783182390625 0.168697725 0.5834879453124999 0.1685453375 0.5830636390625 0.1572454484375 0.564654546875 0.157888309375 0.5657284015624999 0.18922148125 0.568329940625 0.189130634375
10 0.682423603125 0.17728692031249998 0.683663065625 0.2133625140625 0.686935 0.2132623265625 0.6859885703125 0.186160096875 0.6896103250000001 0.1860039171875 0.6891463359375 0.1729856171875 0.6821718812500001 0.1732573125 0.682286434375 0.1771197296875 0.682423603125 0.17728692031249998
8 0.6296165640625 0.27426549843750003 0.6297651984375 0.2791038828125 0.6830179671875001 0.27722393125 0.682824046875 0.27140215156249997 0.6826998265625 0.2712923578125 0.680767396875 0.21747701562500002 0.567757946875 0.221686053125 0.568466353125 0.24197212499999998 0.62580063125 0.24007315624999997 0.6257574671875 0.23950869375 0.628506684375 0.23948304375 0.62970095625 0.27417499843750004 0.6296165640625 0.27426549843750003
6 0.5679470765625 0.215327140625 0.5677655109375 0.21558988750000002 0.5679528625 0.221536971875 0.58178505625 0.221053940625 0.5817057546875 0.21936505468749998 0.5865330796875 0.21916833906250002 0.5857420906249999 0.1933833609375 0.5672242359374999 0.194045653125 0.5679470765625 0.215327140625
10 0.7001017734375 0.15240011250000002 0.699643509375 0.14053074999999998 0.6910579890624999 0.140782096875 0.6914947171875 0.1526615921875 0.7001017734375 0.15240011250000002
10 0.5858601375 0.19107783750000001 0.585224125 0.1726857046875 0.5815651453124999 0.1728056625 0.5821665859375 0.1911927484375 0.5858601375 0.19107783750000001
1 0.6744989625 0.1662426953125 0.674530996875 0.1673391203125 0.709638378125 0.1661319046875 0.7097853421875 0.170967221875 0.72064983125 0.1705659375 0.7205720265625 0.168606521875 0.7259619109375001 0.1684464453125 0.7255271984375 0.1561322390625 0.7002341624999999 0.1574001015625 0.7001538453125 0.15474190937500001 0.6899294265625 0.1551161515625 0.689446490625 0.14088371093750002 0.6307349109375 0.14291989375 0.6311908109375 0.1551692578125 0.6086772421875 0.155889784375 0.6091236234374999 0.16853816093750001 0.6744989625 0.1662426953125
2 0.6837589703125 0.21570590781250001 0.685680484375 0.2709099765625 0.685574578125 0.2710559484375 0.68574804375 0.276157690625 0.7283715171875 0.2746536109375 0.7262386375000001 0.2142475 0.6837589703125 0.21570590781250001
3 0.7262022109374999 0.2141893609375 0.724848759375 0.173327328125 0.7070170796874999 0.1739844203125 0.7084421437499999 0.2148376984375 0.7262022109374999 0.2141893609375
1 0.7066635625 0.2998765734375 0.70584723125 0.279678696875 0.6880932125 0.280365909375 0.6881041078125001 0.2809017921875 0.6864249734375 0.2809916984375 0.6864326515625 0.2819279375 0.6763162546875 0.2823062265625 0.67628365 0.2815068765625 0.63678479375 0.28281116093750003 0.63681555 0.28369187500000004 0.620277575 0.2842803375 0.6202419015625 0.283482659375 0.6022758890625 0.28405376250000003 0.602297690625 0.2849019546875 0.5847658078125 0.2855032375 0.584715590625 0.284691996875 0.5666447 0.285304284375 0.5666734921875001 0.28612878125 0.5568763390625 0.28647090625 0.5569829562499999 0.28979264531250004 0.5567096859375 0.2898021890625 0.5571811515625 0.304646340625 0.5676632781250001 0.30426466093750004 0.5676890625000001 0.3047343609375 0.585054459375 0.3041560890625 0.585048540625 0.3036731890625 0.603208165625 0.3030499859375 0.603223925 0.3035012734375 0.6206685249999999 0.302907728125 0.6206506390625 0.30239554062499996 0.6378021578124999 0.3018263015625 0.637817590625 0.3022682203125 0.676610278125 0.300933875 0.6765943562500001 0.300477903125 0.6890597046875 0.30002853125 0.6890870484375 0.3004981765625 0.7066635625 0.2998765734375
13 0.69091998125 0.17340835000000002 0.6914266984374999 0.18845608281249998 0.68784089375 0.18856723125 0.6886658703124999 0.21277349843749999 0.706393546875 0.2121825765625 0.705012953125 0.1729162125 0.69091998125 0.17340835000000002
11 0.73049113125 0.298459765625 0.72980444375 0.278213584375 0.707671640625 0.27895833593749997 0.7083399906250001 0.2992614421875 0.73049113125 0.298459765625
7 0.6710871296875001 0.171380521875 0.6329664328125 0.1726616953125 0.6346008296875 0.2192408421875 0.6806314671875 0.217434859375 0.680546603125 0.2155866953125 0.6807683421874999 0.2155789515625 0.6794221296875 0.17698367343750002 0.6795097546875 0.1768961859375 0.67940268125 0.17351661406250002 0.6711832921875 0.1738208390625 0.6710871296875001 0.171380521875
10 0.2608201671875 0.3011323609375 0.2607124640625 0.296928871875 0.2571193421875 0.297054346875 0.2572876734375 0.3012479015625 0.2608201671875 0.3011323609375
10 0.62123499375 0.6652571296875001 0.6201236031249999 0.634281734375 0.613658303125 0.6344934375 0.6147326171875 0.6655264109375 0.62123499375 0.6652571296875001
6 0.755142346875 0.6788452328125001 0.7565149828125 0.7170330921875 0.772182575 0.716457825 0.7721117796875 0.715012540625 0.7767010812499999 0.7148944921875 0.7754174890625001 0.678137209375 0.755142346875 0.6788452328125001
10 0.7757585828125 0.66551918125 0.7760505796875 0.6729854140625 0.795127065625 0.6722473296875 0.79502095 0.6692085578125 0.7951516296875 0.6691899218749999 0.7950181734374999 0.6648309875 0.7757585828125 0.66551918125
3 0.588668615625 0.6423437843750001 0.5904261828124999 0.6935245609375 0.6094047078125 0.6927570656250001 0.6084276015625 0.6654479671875 0.61313723125 0.6652835031250001 0.6123274484375 0.64146756875 0.588668615625 0.6423437843750001
13 0.27286428281249997 0.7262162890625 0.271619271875 0.6893998125 0.254063078125 0.6900660453125 0.2551880625 0.7267585109375 0.27286428281249997 0.7262162890625
10 0.797294196875 0.7357385 0.7966441828125 0.7158709578125 0.7783532984375 0.7165409578124999 0.77896474375 0.736378578125 0.797294196875 0.7357385
10 0.6503863234375 0.7178405453125001 0.649380390625 0.688765753125 0.6413529625 0.6890601484375 0.6424093015625 0.7181456875000001 0.6503863234375 0.7178405453125001
13 0.6104040953125 0.668097790625 0.6121208640625 0.7183341046875 0.6371046734375 0.7174788484375 0.635582871875 0.6773027968750001 0.6214325234375 0.677853221875 0.6210625890625 0.6677521671875 0.6104040953125 0.668097790625
2 0.6103728671875001 0.7211530749999999 0.6094239578125 0.6942932671875 0.5904514703125 0.694830725 0.593698228125 0.7872236984375001 0.6408876140624999 0.7855586109375 0.6407731546875 0.7822809203125 0.6406538328125 0.782042753125 0.6384610390625001 0.7203238703125 0.637397625 0.7203610046875 0.63736195625 0.7201902703124999 0.6103728671875001 0.7211530749999999
1 0.616989609375 0.8109706187500001 0.6418520890625 0.81008833125 0.641150534375 0.79093865 0.634044728125 0.7911649015625 0.6339952875 0.7897939171874999 0.6162409609374999 0.7905170984375001 0.616989609375 0.8109706187500001
2 0.7250666156250001 0.742566490625 0.726554915625 0.785185825 0.7262217609375 0.785181825 0.726943540625 0.805268871875 0.762718609375 0.804019578125 0.760559534375 0.741341121875 0.7250666156250001 0.742566490625
7 0.64922825 0.6461294640624999 0.6517083109375 0.7195219953125 0.6971057187499999 0.71811804375 0.697097078125 0.7176915234375 0.704927315625 0.71739150625 0.7024998859375 0.6442973203125 0.64922825 0.6461294640624999
10 0.637356121875 0.676818740625 0.6376808359374999 0.686699365625 0.6411256109375 0.686579071875 0.6411216046875 0.6867777687500001 0.6489918078125 0.6865029359375 0.64861956875 0.6764254125 0.637356121875 0.676818740625
2 0.7620277765625 0.7414352515625 0.764167834375 0.803972096875 0.799751759375 0.8027560578124999 0.7995881140625001 0.7980698515625 0.799493071875 0.7979449671875 0.7974995171875 0.74005115 0.7620277765625 0.7414352515625
10 0.7101935109374999 0.65396439375 0.7097706374999999 0.6421235000000001 0.704100165625 0.6423074468750001 0.70444129375 0.654135559375 0.7101935109374999 0.65396439375
13 0.7962735109375 0.71331515 0.79489080625 0.6748837437499999 0.7773733593750001 0.6754954671875 0.7785027796875 0.71383721875 0.7962735109375 0.71331515
11 0.615202584375 0.8111049421875001 0.61441694375 0.790039840625 0.5938513546874999 0.79075800625 0.5945845171874999 0.811753021875 0.615202584375 0.8111049421875001
8 0.6436593015625001 0.782370875 0.643573640625 0.782514578125 0.6444169 0.8081398203125 0.7049203921875 0.806064515625 0.7025786703125 0.7394541 0.7219684187500001 0.7389114515624999 0.7219487875 0.7383492953124999 0.77746204375 0.7364169828125 0.7768876140625001 0.716385765625 0.6971374453125 0.7192504390625001 0.6971115890624999 0.7182413515625 0.6424413953125 0.71987061875 0.6424717296875 0.720157234375 0.64166753125 0.7201853171875 0.6436593015625001 0.782370875
10 0.7552080218749999 0.7156028328125 0.7539462015625 0.678887003125 0.7399246234375 0.679364140625 0.7412155140625 0.71606175625 0.7552080218749999 0.7156028328125
2 0.70546435625 0.656390290625 0.7063433171875 0.682142490625 0.706644696875 0.6821319671875 0.7078756265624999 0.7167991890625001 0.7397472265625 0.7157424921875 0.7375235203125 0.65524261875 0.70546435625 0.656390290625
10 0.7245059296874999 0.805397771875 0.7220765234375001 0.7421862375 0.7043746890625 0.7428903890624999 0.706547634375 0.8060108171874999 0.7245059296874999 0.805397771875
1 0.6221349125 0.636137671875 0.623509834375 0.674749146875 0.64858325 0.6739079593749999 0.6480978359375 0.659425453125 0.6476606015625 0.659440721875 0.646817675 0.6354367671875 0.6221349125 0.636137671875
7 0.2298596578125 0.7742026109375 0.23271599375 0.8577882203125 0.27182378281249997 0.8562990328125 0.2690610953125 0.7729775046875 0.2298596578125 0.7742026109375
10 0.3236791296875 0.7460362 0.322697565625 0.7170324765625 0.305568071875 0.7176056359375 0.30655666406250004 0.74667634375 0.3236791296875 0.7460362
6 0.2841435375 0.718261553125 0.2851536140625 0.7479475109375 0.28975037656249997 0.74777448125 0.2898197390625 0.7497607703125 0.305628853125 0.7492087046875 0.30449773750000003 0.7175789109374999 0.2841435375 0.718261553125
10 0.28353731875 0.7479117093750001 0.28146185468749996 0.6885229640625 0.2734879203125 0.688871775 0.2755588234375 0.748174690625 0.28353731875 0.7479117093750001
10 0.2782880546875 0.80080994375 0.2780961375 0.795627546875 0.27453522812500003 0.7957800390624999 0.27474270624999997 0.800960328125 0.2782880546875 0.80080994375
3 0.24800181562499998 0.675432728125 0.246547840625 0.6334829171874999 0.2227879625 0.6344205078125 0.22423253437500001 0.676414425 0.24800181562499998 0.675432728125
1 0.17311892812500002 0.6694846671875 0.1592367640625 0.66996944375 0.1592824265625 0.6708293109375 0.15915005625 0.6707995375 0.1598721546875 0.694074453125 0.1600751546875 0.6940673640624999 0.16033000625 0.70167873125 0.17342676562499998 0.701222946875 0.173186290625 0.694470975 0.1741680484375 0.69437884375 0.173308415625 0.670344203125 0.1731387515625 0.6703657625 0.17311892812500002 0.6694846671875
11 0.1635601203125 0.6671606 0.1635581328125 0.667417075 0.17173708593749998 0.6671189515625 0.1717213171875 0.6668912390624999 0.1734329375 0.6668361578125 0.172391509375 0.6378642296875 0.1581006375 0.6383304453124999 0.15831333125 0.6431228171875001 0.15787922031249998 0.6431379765624999 0.1584249015625 0.6596149078125 0.15890273593749998 0.6595982203124999 0.1591391046875 0.6673071671875 0.1635601203125 0.6671606
1 0.27476477187500004 0.804994828125 0.2759906359375 0.8376813328124999 0.30524780156250003 0.83665965 0.303851 0.797018625 0.2804623140625 0.79788540625 0.280707375 0.804903003125 0.27476477187500004 0.804994828125
10 0.2552827515625 0.7296491546875 0.2558569640625 0.7486891515625 0.273916634375 0.7481585546875 0.2732389953125 0.729022109375 0.2552827515625 0.7296491546875
13 0.25398242656250003 0.7470785906249999 0.25235007187499997 0.7017219921875 0.22505773437499998 0.7027313453125 0.22635579374999998 0.7481856078125 0.25398242656250003 0.7470785906249999
2 0.30788077187499996 0.77178918125 0.30852428593750003 0.7902170109375 0.30862367968750004 0.79019790625 0.31009863437499996 0.8333305187500001 0.34715569999999996 0.8320802328125 0.3450040359375 0.7704646656249999 0.30788077187499996 0.77178918125
2 0.32336974218750003 0.689091996875 0.3243784125 0.7170363171874999 0.324239925 0.717055225 0.3252574875 0.745881021875 0.369475390625 0.7442790515625 0.3675325546875 0.6874794421875 0.32336974218750003 0.689091996875
2 0.2091186296875 0.69982959375 0.209328090625 0.7041264640625 0.2090766828125 0.7041352437499999 0.2095001859375 0.715815078125 0.22380349531250002 0.715346865625 0.2232729140625 0.7001530015624999 0.248075603125 0.6993494109375 0.24719915 0.6776089421875 0.22289915625 0.67848096875 0.22137278437500002 0.634502759375 0.175027715625 0.63590071875 0.177313934375 0.701190390625 0.1794813625 0.701114703125 0.1794474359375 0.70085948125 0.2091186296875 0.69982959375
10 0.3070565796875 0.790362071875 0.3063102796875 0.7701101546875 0.2703496359375 0.7711939484375 0.2710144859375 0.7916206890625 0.3070565796875 0.790362071875
10 0.25256073125 0.699158390625 0.2521347046875 0.6870033546875 0.24895913125 0.687042328125 0.24937780625 0.69925546875 0.25256073125 0.699158390625
1 0.20424276562500002 0.8304433890625 0.2049205 0.8491795874999999 0.20965415156249997 0.8490314812499999 0.2099963796875 0.8586973015625 0.2307282875 0.8578169828125001 0.22979029374999999 0.829568446875 0.20424276562500002 0.8304433890625
8 0.2104378234375 0.7491573546875 0.2106896140625 0.74915950625 0.2107947640625 0.753066028125 0.177632165625 0.7542240921875 0.1776306828125 0.753913015625 0.16342889375 0.754423025 0.16600724218750001 0.8293317984374999 0.23120294375 0.8269065875000001 0.229297759375 0.7723492171874999 0.344902440625 0.7684060203125 0.34424247812500003 0.7480744796875001 0.2246581875 0.75258190625 0.224489609375 0.748067853125 0.224749296875 0.748027515625 0.22367770468749998 0.7174306500000001 0.2093378296875 0.7180158359375 0.2104378234375 0.7491573546875
10 0.196788746875 0.8305926828124999 0.1978313015625 0.861029528125 0.208361365625 0.86067744375 0.20796625781250003 0.8513777546875 0.20326912031250002 0.8515417828125 0.202550315625 0.83037585 0.196788746875 0.8305926828124999
2 0.161792190625 0.705404971875 0.16339195625 0.7508580796875 0.17762793593749998 0.7503421875 0.17762554218749999 0.7499154484375 0.2091332609375 0.748780778125 0.2075152234375 0.7041475578124999 0.161792190625 0.705404971875
1 0.3521198765625 0.246431475 0.3515249640625 0.22930586718749998 0.34883091093749996 0.22938900156250003 0.34879660156250003 0.2286303609375 0.3307574140625 0.22921027343749997 0.3307950296875 0.23001882812500002 0.3287581921875 0.23011809843750003 0.329410153125 0.2471760484375 0.33169869375 0.247121146875 0.331718978125 0.24770204218749997 0.34912105000000004 0.247009921875 0.3491201421875 0.246536228125 0.3521198765625 0.246431475
2 0.305960559375 0.18943894375 0.30777284531250004 0.24630565 0.3275876921875 0.24557930468750003 0.32689070781249996 0.22530690468749998 0.35134200937500004 0.224424903125 0.35009659375 0.1879101875 0.305960559375 0.18943894375
3 0.20533567656249999 0.1348314984375 0.20679167031249998 0.1768390875 0.23060013906250001 0.1759498296875 0.22908772656249998 0.133848840625 0.2236358703125 0.1340251515625 0.22363342656250002 0.1342237953125 0.20533567656249999 0.1348314984375
10 0.2245249625 0.2480432671875 0.224204640625 0.2386018203125 0.2086662546875 0.239116290625 0.20900889375 0.24861480625 0.2245249625 0.2480432671875
10 0.3063995203125 0.24642239843749997 0.30527734375 0.21589921875 0.288078665625 0.21637160625 0.289143921875 0.24701090625000002 0.3063995203125 0.24642239843749997
10 0.1792390609375 0.330900759375 0.1803654109375 0.3613643828125 0.1908626296875 0.3610118828125 0.1905680609375 0.35172588125000004 0.185798690625 0.35183614687500003 0.1851005671875 0.3306804375 0.1792390609375 0.330900759375
2 0.1592094765625 0.20535611562499997 0.16083168750000001 0.2504222671875 0.164394759375 0.2502868984375 0.164420046875 0.2501155984375 0.19151860781250002 0.24915366093750002 0.1899946296875 0.20461721718749998 0.1592094765625 0.20535611562499997
10 0.2649991015625 0.21843457812499997 0.2641006875 0.1890808640625 0.2560227796875 0.1893176109375 0.2580921203125 0.2486205796875 0.26607206875 0.248354421875 0.2649991015625 0.21843457812499997
0 0.49127245156250005 0 0 0.0171556125 0 0.5087275484375 0.0171556125 1 0.5087275484375 1 1 0.9828443874999999 1 0.49127245156250005 0.9828443874999999 0 0.49127245156250005 0
2 0.32896123906249997 0.31132767031249997 0.3275483546875 0.2708679578125 0.29062131875 0.272215325 0.29196845 0.3125381875 0.32896123906249997 0.31132767031249997
11 0.14603349999999998 0.1676367234375 0.1460503390625 0.167850328125 0.154271890625 0.167563225 0.15427485937500002 0.1673348578125 0.15597021093750002 0.167261584375 0.154945503125 0.1382312234375 0.140672209375 0.13875310937500002 0.1408516296875 0.1433089984375 0.140731990625 0.1433303734375 0.141333378125 0.1602384359375 0.14144424687499998 0.1602345640625 0.14169560781249999 0.1677459921875 0.14603349999999998 0.1676367234375
1 0.262887428125 0.293397690625 0.262900728125 0.2941367390625 0.2864103265625 0.2933298359375 0.28639859843750004 0.292859646875 0.286656834375 0.2928224875 0.2859773546875 0.27502129375 0.2830510140625 0.275123484375 0.283022340625 0.2745710234375 0.2822103359375 0.27459937968750003 0.2821969203125 0.2742152390625 0.259916628125 0.2750792734375 0.2599176734375 0.27537785625 0.2591134765625 0.2754059390625 0.259134465625 0.275872678125 0.256202859375 0.2760031953125 0.25684626875 0.2935773828125 0.262887428125 0.293397690625
10 0.2351191734375 0.19947363437500001 0.2346432703125 0.186427609375 0.23152222656250002 0.18655066874999998 0.2319487046875 0.19961405625 0.2351191734375 0.19947363437500001
1 0.192109471875 0.34921430781249996 0.19252266406250002 0.360957040625 0.255574325 0.3586504765625 0.2551844515625 0.34556079687499996 0.241917940625 0.3460803578125 0.24188458281249997 0.3455280609375 0.2411261609375 0.345568615625 0.2411152 0.3452547453125 0.22481859062499998 0.345770678125 0.224823196875 0.34608164375 0.22400026093749997 0.34611038125000004 0.22402488437499998 0.3466364046875 0.2114380421875 0.347054059375 0.21107581562500002 0.336726034375 0.2126068765625 0.3366491171875 0.2120264796875 0.32119276874999997 0.21051226875 0.3212597171875 0.21032045 0.3163040171875 0.1596698015625 0.31806496093750003 0.15948371875 0.31304965 0.15989440625 0.3130353078125 0.158129875 0.262550509375 0.1577186421875 0.2625492359375 0.1569520234375 0.2407752265625 0.1573923796875 0.24075984843749998 0.1564667296875 0.21537199999999998 0.156064921875 0.2153719609375 0.155529471875 0.200620725 0.15636985781249998 0.2005991953125 0.156127484375 0.19504645781250002 0.156537571875 0.1950149390625 0.1564883265625 0.1939628921875 0.15663355 0.193957821875 0.1558299296875 0.1708108296875 0.15568831875 0.1708298453125 0.15564814062500001 0.1699478984375 0.155156253125 0.169965075 0.15516366875 0.1701774453125 0.1545932125 0.1701832953125 0.15457333906249998 0.1699275828125 0.1416677625 0.17044079375 0.14169204375 0.170554078125 0.141340478125 0.1705601015625 0.14220363593750002 0.195143390625 0.14251643593750002 0.1951465375 0.14323674375 0.21617639843749997 0.14293380312499998 0.21618697656250002 0.1437789859375 0.2407927828125 0.1441298984375 0.2407680203125 0.1450374390625 0.267472928125 0.1447251296875 0.267483834375 0.14645985156250002 0.3171598046875 0.14677996875 0.317148625 0.1472671296875 0.33168110156249997 0.176763525 0.3307495625 0.17666523125 0.328606375 0.18673685625 0.3282890625 0.1875038859375 0.3494032796875 0.192109471875 0.34921430781249996
13 0.255481140625 0.22663737187500002 0.254250059375 0.18990639843749998 0.236615496875 0.1905222109375 0.23780497500000003 0.22718115625 0.255481140625 0.22663737187500002
10 0.23777813593750002 0.2300838609375 0.23844794375 0.2495332703125 0.256499709375 0.2487762484375 0.2557932625 0.22939691093749998 0.23777813593750002 0.2300838609375
8 0.258894715625 0.271021840625 0.3274986671875 0.2686839859375 0.3267526203125 0.24839453749999998 0.2072670890625 0.2529094609375 0.207121384375 0.24873700312499997 0.20731328124999998 0.24845669843749998 0.20621435781250003 0.2177935578125 0.20340910937499998 0.21787119531250002 0.2033472171875 0.2160988375 0.19194323124999998 0.21649707343750002 0.19338045937499998 0.2534006453125 0.16433446406250002 0.2543805578125 0.164310271875 0.2542250578125 0.15929243906249999 0.2544284265625 0.1595358234375 0.2622934734375 0.161363325 0.2622437265625 0.1631681796875 0.3130773296875 0.1612049515625 0.313180284375 0.1612892 0.315592875 0.21368391562500003 0.3137209984375 0.21234975312499998 0.27497833437499997 0.258968846875 0.27332378125 0.258894715625 0.271021840625
1 0.32008635625 0.3159183203125 0.320067765625 0.3155202890625 0.2999445515625 0.3162808546875 0.2999543671875 0.316561934375 0.29911112968750003 0.3165913796875 0.29912384062499997 0.317089678125 0.2908017703125 0.31740843281250003 0.2914051359375 0.33576105625 0.32976925156250003 0.33442135156249997 0.32911395312499997 0.3160142578125 0.3207158234375 0.3163935171875 0.3207073609375 0.3158825640625 0.32008635625 0.3159183203125
13 0.20775430625000002 0.2031965484375 0.20892045937499998 0.23663559531249997 0.22598195468750001 0.23608513437499998 0.22638840937500002 0.24781403124999998 0.236666921875 0.2475113828125 0.2350450265625 0.20218568750000002 0.20775430625000002 0.2031965484375