2 0.279515625 0.78644375 0.28303124999999996 0.7755703125 0.281165625 0.7754265625000001 0.29691093749999997 0.7239875 0.29864375 0.7245812500000001 0.3017859375 0.71400625 0.27875625 0.7068640625 0.2565359375 0.7791546874999999 0.279515625 0.78644375
8 0.246746875 0.8941812499999999 0.251178125 0.8795718750000001 0.24943749999999998 0.878871875 0.2738015625 0.799540625 0.2756375 0.8001796875 0.2789640625 0.7891781250000001 0.254359375 0.7816328125 0.287221875 0.673853125 0.2742125 0.669809375 0.2101234375 0.8787546875000001 0.2360046875 0.8864875 0.23466562500000002 0.8907281250000001 0.246746875 0.8941812499999999
0 0.35876406250000004 0 0.084853125 0.8959234374999999 0.42527499999999996 1 0.6412359375000001 1 0.9151468749999999 0.1040765625 0.574725 0 0.35876406250000004 0
10 0.21237656249999998 0.7850203125 0.216828125 0.7705437500000001 0.191215625 0.76283125 0.1868453125 0.777046875 0.21237656249999998 0.7850203125
10 0.245175 0.70759375 0.24545625000000001 0.7066749999999999 0.23942968750000002 0.704690625 0.22315468749999998 0.758134375 0.24306875 0.764075 0.259265625 0.7110046875 0.25536875000000003 0.7097546875 0.2551875 0.710415625 0.245175 0.70759375
6 0.2609265625 0.7081453125 0.27281875 0.6696640625 0.2520359375 0.6630203125 0.239728125 0.7022859375 0.2609265625 0.7081453125
13 0.288009375 0.6702 0.299265625 0.6343078125 0.2755390625 0.626540625 0.2643171875 0.663246875 0.288009375 0.6702
13 0.185184375 0.8911718750000001 0.175228125 0.923553125 0.1950625 0.9296171875000001 0.2049265625 0.8970453125000001 0.185184375 0.8911718750000001
1 0.23678906249999998 0.8969437499999999 0.224109375 0.938496875 0.235890625 0.9420999999999999 0.2503359375 0.89501875 0.26108750000000003 0.8982765625000001 0.3400953125 0.63985625 0.328315625 0.6362 0.24757500000000002 0.9002156250000001 0.23678906249999998 0.8969437499999999
10 0.262571875 0.6632265625 0.2740515625 0.6256781250000001 0.264453125 0.622759375 0.2529296875 0.6604171875 0.262571875 0.6632265625
2 0.21988593750000002 0.93720625 0.2313921875 0.8999124999999999 0.23304062499999997 0.9004171875000001 0.2355078125 0.8923484374999999 0.209965625 0.8844843750000001 0.1961015625 0.929934375 0.21988593750000002 0.93720625
10 0.5277796875 0.9165015625 0.5436156249999999 0.9088062499999999 0.54388125 0.9065609374999999 0.5296453125 0.9021000000000001 0.5293421875 0.9030531249999999 0.5277796875 0.9165015625
10 0.526171875 0.9316203125 0.5419906250000001 0.9238640625000001 0.5434109375 0.9104515624999999 0.5277015625 0.9182421875 0.526171875 0.9316203125
13 0.54145 0.965725 0.5438484375 0.9442484375 0.5343921875000001 0.9492218749999999 0.5320640625 0.9705375 0.54145 0.965725
10 0.5591859375 0.761403125 0.562796875 0.7623734375 0.565125 0.75453125 0.5616546875 0.753425 0.5591859375 0.761403125
6 0.52345625 0.9542125 0.5210515625000001 0.9553921875 0.5234109375 0.9359921874999999 0.5157499999999999 0.9398453124999999 0.51110625 0.981759375 0.518546875 0.9781921875 0.518728125 0.97675625 0.5211015625 0.9754781250000001 0.52345625 0.9542125
2 0.5424328125 0.9655109375 0.5604140625 0.97125625 0.5615171875 0.9677828125 0.5607203125 0.9675171875 0.5740484375 0.9238578125 0.5748609375 0.92410625 0.577115625 0.9168640625 0.5552953125 0.910103125 0.545365625 0.9424187500000001 0.549025 0.94371875 0.5424328125 0.9655109375
13 0.523584375 0.9642359375 0.5329203125 0.95964375 0.534 0.9493937499999999 0.52468125 0.9540484375 0.523584375 0.9642359375
6 0.49507500000000004 0.98874375 0.5103859374999999 0.9812203125 0.51265625 0.9607093750000001 0.4973828125 0.9682453125 0.49507500000000004 0.98874375
1 0.5696296875 0.727265625 0.5777515625 0.72971875 0.58365625 0.7103531249999999 0.57559375 0.7078890624999999 0.5696296875 0.727265625
13 0.4636 1 0.4652125 0.9859046875 0.462225 0.9873406250000001 0.46342343750000003 0.976659375 0.45037656249999997 0.9832171875 0.448478125 1 0.4636 1
6 0.5241 0.9358953124999999 0.5221796875 0.9534625 0.538859375 0.9453078125 0.54090625 0.9273984375 0.5241 0.9358953124999999
13 0.5944328125 0.7562296875000001 0.599146875 0.757671875 0.6045328125 0.7401859375 0.5998234375 0.7386999999999999 0.5944328125 0.7562296875000001
4 0.5006796875 0.8947156250000001 0.5111718749999999 0.8980046875 0.5197499999999999 0.8699421875000001 0.5092531250000001 0.866759375 0.5006796875 0.8947156250000001
13 0.715659375 0.24425312500000002 0.72765 0.20506406250000003 0.71755 0.2025546875 0.70566875 0.24119843749999997 0.715659375 0.24425312500000002
5 0.6455453125 0.4135234375 0.646184375 0.413778125 0.63785 0.4408359375 0.640521875 0.4813625 0.6499265624999999 0.47173125000000005 0.6474015625 0.43344531249999996 0.6779828125 0.33371249999999997 0.6705062500000001 0.3312921875 0.6455453125 0.4135234375
3 0.7006890625 0.2055421875 0.69713125 0.216825 0.6964125 0.2166046875 0.69445 0.22302499999999997 0.7091484375 0.227759375 0.7167703125 0.2025609375 0.7023796875 0.1976734375 0.699915625 0.20514375 0.7006890625 0.2055421875
1 0.6416234375000001 0.5372296875 0.6407609375 0.5250734375 0.627940625 0.53779375 0.6287390625 0.5501578125 0.6416234375000001 0.5372296875
2 0.7133109375 0.3486875 0.7147890625 0.34378125000000004 0.714021875 0.3435921875 0.7217921875 0.317975 0.7227109375 0.318071875 0.7243203125 0.31260781249999997 0.7057125 0.30700781250000003 0.6946265625 0.3430640625 0.7133109375 0.3486875
10 0.672765625 0.306521875 0.674065625 0.3021328125 0.670678125 0.30105 0.669328125 0.3055375 0.672765625 0.306521875
10 0.6696671875 0.3764578125 0.6756984375 0.35699843750000004 0.6725828125 0.356046875 0.6666109375 0.3755765625 0.6696671875 0.3764578125
10 0.6485921875 0.435921875 0.65968125 0.424221875 0.6518890625 0.42176562500000003 0.648434375 0.4334515625 0.6485921875 0.435921875
6 0.650753125 0.457253125 0.6517609375 0.4724953125 0.6621812499999999 0.4614 0.6622390625000001 0.45737812499999997 0.6629765625 0.456715625 0.6622265625 0.4453703125 0.650753125 0.457253125
10 0.7141031250000001 0.24984375 0.7153953125 0.2455140625 0.7052375 0.24253906249999999 0.70399375 0.24668437499999998 0.7141031250000001 0.24984375
10 0.6907765625 0.39306718749999997 0.6926859375000001 0.38682343750000003 0.6775890625 0.3823015625 0.669165625 0.40975 0.673065625 0.4109421875 0.6907765625 0.39306718749999997
2 0.7386828125 0.25731875 0.7418203125 0.24691562500000003 0.7411203125 0.24670312499999997 0.748953125 0.22101406250000002 0.7497812500000001 0.2210828125 0.7522765625 0.2126515625 0.72783125 0.206796875 0.7147546874999999 0.2499484375 0.7386828125 0.25731875
2 0.643 0.553890625 0.643078125 0.5554203125 0.6636296875000001 0.5343093750000001 0.661875 0.508403125 0.6658125 0.504346875 0.6652015625 0.4955953125 0.6416546875 0.5194124999999999 0.641840625 0.5243484375 0.6409796875 0.5252390625000001 0.6420328125 0.5393515625 0.6429390625 0.5383140625 0.643871875 0.5529703125000001 0.643 0.553890625
10 0.680265625 0.3308671875 0.68998125 0.29893749999999997 0.6829421875 0.2965625 0.6731046875 0.32855 0.680265625 0.3308671875
2 0.7017828125000001 0.3864609375 0.7033078125000001 0.381471875 0.7025703125 0.38111875 0.7104140625 0.355225 0.7112671875000001 0.3554859375 0.7127609374999999 0.350553125 0.6941703125 0.344678125 0.683221875 0.380590625 0.7017828125000001 0.3864609375
1 0.506134375 0.9429500000000001 0.5083078125 0.9232140624999999 0.49896406249999997 0.9277453124999999 0.49677812499999996 0.9475187500000001 0.506134375 0.9429500000000001
2 0.6738500000000001 0.4322484375 0.6739484375 0.43328125 0.67021875 0.43714375 0.6709562499999999 0.4469484375 0.6933078125 0.4241546875 0.6929921875 0.4197390625 0.6920890625 0.42065937499999995 0.690771875 0.4020890625 0.6916609375 0.401090625 0.691303125 0.395053125 0.66899375 0.41798437499999996 0.6702828125 0.435971875 0.6738500000000001 0.4322484375
6 0.6789578125 0.335146875 0.6730703124999999 0.3544875 0.6817953125 0.357221875 0.6832125 0.3524890625 0.6839265625000001 0.35274218749999997 0.6882953125 0.33816718749999997 0.6789578125 0.335146875
13 0.361925 0.383953125 0.3853140625 0.30672968749999996 0.365578125 0.3009921875 0.341715625 0.37846406250000003 0.361925 0.383953125
10 0.6941421875 0.226915625 0.689621875 0.2417015625 0.6888984375 0.24148125 0.6883874999999999 0.243153125 0.7029109375 0.24749531249999998 0.708515625 0.2290640625 0.694034375 0.22473593749999998 0.6934453125 0.2266078125 0.6941421875 0.226915625
7 0.6787 0.3076359375 0.6849640625 0.28776562499999997 0.68559375 0.28806875 0.683396875 0.2952546875 0.6990359374999999 0.30022812499999996 0.7012390625 0.2928515625 0.7019234375 0.29302812500000003 0.714028125 0.2529765625 0.6876953125 0.24514062499999997 0.684584375 0.2553125 0.6853984375 0.255525 0.676509375 0.28471562499999997 0.675721875 0.2844734375 0.6711625 0.2995578125 0.6752734375 0.3008296875 0.67373125 0.3059703125 0.6787 0.3076359375
7 0.652421875 0.47313906250000004 0.6523359375 0.471871875 0.63790625 0.486853125 0.6382 0.49237656249999995 0.62565 0.5054531250000001 0.625965625 0.508121875 0.6268328125 0.5071 0.6279953125 0.5258953125 0.6271093750000001 0.5269125 0.6279421875 0.537646875 0.6413875 0.524225 0.6403484374999999 0.5127609375 0.6496359375 0.5033109375 0.65006875 0.5085843750000001 0.6651390625 0.493128125 0.6638 0.468278125 0.6629203125 0.4692 0.6624828125 0.46282500000000004 0.652421875 0.47313906250000004
13 0.68285 0.379128125 0.68835 0.3612265625 0.6763984375 0.3575921875 0.67085625 0.37572031250000004 0.68285 0.379128125
13 0.6666109375 0.5233796875000001 0.6664703125 0.5192187500000001 0.667559375 0.5181281249999999 0.668234375 0.5271874999999999 0.6748390625 0.5204703125 0.6733328125 0.49856875 0.6629078125000001 0.5091218750000001 0.664165625 0.52601875 0.6666109375 0.5233796875000001
4 0.66779375 0.4093453125 0.6761578125 0.38187812499999996 0.6657124999999999 0.378565625 0.6572421875 0.4062734375 0.66779375 0.4093453125
13 0.6684875 0.43764062499999995 0.6674359375 0.4220140625 0.65325 0.43669062500000005 0.6542421875 0.45181250000000006 0.6684875 0.43764062499999995
10 0.66135 0.4229640625 0.6702296875 0.41366718750000003 0.655721875 0.409184375 0.6523875 0.4203625 0.66135 0.4229640625
10 0.49579531250000003 0.949371875 0.4943859375 0.9617734375 0.49841875 0.95989375 0.497659375 0.9666546874999999 0.5128484375 0.9592390625 0.5148984375000001 0.940234375 0.513475 0.9409875 0.5133015624999999 0.9424609374999999 0.50715625 0.9455015625 0.5074156249999999 0.943621875 0.49579531250000003 0.949371875
2 0.569753125 0.8703703125000001 0.589434375 0.8763734375000001 0.5911015625 0.8710359375 0.5903625 0.870853125 0.598178125 0.8452296875 0.598928125 0.845415625 0.6004890625 0.8402765625 0.57485 0.8324374999999999 0.5713703125 0.843890625 0.577253125 0.84564375 0.569753125 0.8703703125000001
2 0.5583390625 0.9075984375000001 0.5780609375 0.9137437500000001 0.5795640625 0.9086624999999999 0.57885 0.9084015624999999 0.5866609375 0.8828046875 0.5874171875 0.8830796875000001 0.5889703125 0.8778546875 0.5633609374999999 0.8698734375000001 0.5599031250000001 0.8812890624999999 0.5658578125 0.8831093750000001 0.5583390625 0.9075984375000001
2 0.5342234375 1 0.5357796875 0.9859328125 0.5166625 0.99534375 0.5161359375 1 0.5342234375 1
3 0.5788875 0.75196875 0.5884921875 0.7548609374999999 0.5936375 0.7378984375 0.5840875 0.735025 0.5788875 0.75196875
3 0.5787359375000001 0.7316265625 0.594075 0.736271875 0.5998734375 0.717240625 0.584484375 0.7128234375 0.5787359375000001 0.7316265625
12 0.64680625 0.35536249999999997 0.63043125 0.409 0.6454859374999999 0.41371562500000003 0.649709375 0.39981875 0.648378125 0.399303125 0.66058125 0.3596296875 0.64680625 0.35536249999999997
10 0.6881359375 0.3365546875 0.698790625 0.30166875000000004 0.6905921875 0.2991359375 0.67998125 0.33395625 0.6881359375 0.3365546875
2 0.6960265625 0.4639125 0.6734296875 0.4868421875 0.6760609375 0.5217796875 0.6983718750000001 0.49890156250000006 0.697978125 0.49018750000000005 0.6969531250000001 0.491309375 0.6955390625 0.47240000000000004 0.6964859375 0.47153437499999995 0.6960265625 0.4639125
10 0.6533328125 0.45327031250000005 0.6519109375000001 0.43520624999999996 0.6498640625000001 0.43723437499999995 0.6510171875 0.455715625 0.6533328125 0.45327031250000005
8 0.7247359375 0.3113921875 0.726978125 0.304225 0.7260390625 0.304090625 0.7371234375 0.2678359375 0.7379265625 0.26808125 0.7406703125 0.259103125 0.73798125 0.25820625 0.73740625 0.26003125 0.7141 0.253096875 0.682509375 0.3572203125 0.6889828125 0.35931562499999997 0.70540625 0.30548125000000004 0.7247359375 0.3113921875
10 0.662109375 0.356828125 0.6698140625 0.3311375 0.6678109375 0.33046875 0.6599765625 0.356175 0.662109375 0.356828125
10 0.6493046875 0.5091515625 0.6489734375 0.5051593750000001 0.64115625 0.5130828125 0.6415 0.517240625 0.6493046875 0.5091515625
1 0.6722375 0.32818437500000003 0.6775515624999999 0.310859375 0.6685546875 0.30798125 0.6630734375 0.3257046875 0.6722375 0.32818437500000003
8 0.695903125 0.4620515625 0.6956328125 0.4576921875 0.694725 0.458684375 0.6927125000000001 0.43101093749999997 0.6936312499999999 0.4298703125 0.6934171874999999 0.42560624999999996 0.670146875 0.44920781249999997 0.6692015625 0.43837187499999997 0.662315625 0.445353125 0.6663203125 0.5039281250000001 0.6734218750000001 0.49670625 0.6724890625 0.48583906250000003 0.695903125 0.4620515625
10 0.6674796875 0.5303546875 0.6670046875 0.5250125 0.6641109375 0.5278484375 0.6644046875 0.5335578125 0.6674796875 0.5303546875
10 0.46619687499999996 0.945590625 0.4581234375 0.9495625000000001 0.4583390625 0.9478453124999999 0.4576921875 0.9482046875 0.45422812500000004 0.979553125 0.46375625 0.9748953124999999 0.464946875 0.9643453125000001 0.46849375000000004 0.962596875 0.4697703125 0.9510515625 0.46620937500000004 0.9527906249999999 0.46722656249999994 0.9435234375 0.46635781249999997 0.943990625 0.46619687499999996 0.945590625
10 0.5479296875 0.9449875000000001 0.544696875 0.944021875 0.5426484375 0.9621046874999999 0.5479296875 0.9449875000000001
10 0.5453453125000001 0.8807375000000001 0.5504249999999999 0.8823890625 0.5518140625 0.8777109375000001 0.542096875 0.8748390625000001 0.5343171875 0.9002390625000001 0.5389203124999999 0.9016140625 0.5453453125000001 0.8807375000000001
10 0.5300874999999999 0.9004359375 0.5325796875 0.9011531250000001 0.535403125 0.8918156249999999 0.533015625 0.8910859375 0.5300874999999999 0.9004359375
10 0.5125484375 0.8984249999999999 0.519115625 0.900465625 0.519640625 0.8960703125 0.513846875 0.8942656250000001 0.5125484375 0.8984249999999999
13 0.58946875 0.754715625 0.5941953125 0.7561609375 0.59954375 0.7386296875 0.5948359375 0.7371640625 0.58946875 0.754715625
8 0.5507703125 1 0.5580406250000001 0.9761875 0.5589453125 0.9763296875 0.5596578125 0.9738312499999999 0.5419296874999999 0.9682984375 0.478315625 1 0.50438125 1 0.536725 0.984015625 0.5349671875 1 0.5507703125 1
7 0.47827343750000006 1 0.48987499999999995 0.9942390624999999 0.49015312499999997 0.9910718749999999 0.4942125 0.9890171875 0.49728125 0.961890625 0.4930625 0.9637859375 0.494590625 0.9512890625000001 0.49535156249999995 0.9509859374999999 0.49788437500000005 0.9282578125000001 0.4922328125 0.9311203125 0.49207812500000003 0.932834375 0.478190625 0.9396812499999999 0.4784296875 0.9377921875 0.471696875 0.9412593749999999 0.46526875 1 0.47827343750000006 1
2 0.55240625 0.9058546875 0.5576234375 0.907540625 0.5646734375 0.8844828124999999 0.5594796875 0.88285 0.55240625 0.9058546875
6 0.5585546875 0.8574390624999999 0.535996875 0.8505874999999999 0.5312265625 0.8661890624999999 0.5435515625 0.8699578125 0.5425359375000001 0.8734140625 0.5521359375 0.87625625 0.5535625 0.8713921875 0.5542703125 0.8715859375000001 0.5585546875 0.8574390624999999
8 0.5518375 0.8826859375 0.558184375 0.8844421875 0.5746249999999999 0.8306687500000001 0.60096875 0.83863125 0.6021046875 0.8349140625 0.6012906250000001 0.8346656250000001 0.6154390624999999 0.7884578125 0.6162203125 0.78874375 0.6185703124999999 0.7810578125000001 0.5859515625 0.7713125 0.5518375 0.8826859375
2 0.5873062499999999 0.7685546875 0.6194 0.7783218749999999 0.6210015624999999 0.77315 0.6202671875 0.7729468749999999 0.630290625 0.740128125 0.631034375 0.7402656249999999 0.63538125 0.72618125 0.61195 0.71901875 0.5994140625 0.7599609375 0.590771875 0.75725 0.5873062499999999 0.7685546875
2 0.5364328125 0.849228125 0.55856875 0.8559296875 0.5694312499999999 0.8199125 0.5437390625 0.8119890625 0.5426703125000001 0.8155187500000001 0.5434703125 0.8157406249999999 0.538934375 0.8305453125 0.538153125 0.8302625000000001 0.5367078125 0.834990625 0.5404109375 0.8361453125 0.5364328125 0.849228125
10 0.5622609375 0.7514109375 0.5767234375 0.75599375 0.5831390625 0.7348625 0.578046875 0.7333984375 0.578628125 0.73149375 0.569175 0.7287015625000001 0.5674406249999999 0.7344265625 0.5682890625 0.7346515625000001 0.563715625 0.7495171875 0.5629015625 0.7492687499999999 0.5622609375 0.7514109375
13 0.44754062499999997 1 0.449375 0.983565625 0.43903125000000004 0.9885999999999999 0.4377 1 0.44754062499999997 1
2 0.563853125 0.86848125 0.56904375 0.8700234375000001 0.5761390625 0.846978125 0.57090625 0.8454453125000001 0.563853125 0.86848125
13 0.6105734375 0.72055625 0.600721875 0.7175671875 0.5948921875 0.7366359375 0.6048953125 0.7395171875 0.6105734375 0.72055625
10 0.540915625 0.9408046875 0.5447203125 0.9390000000000001 0.5536640625 0.9095531250000001 0.544659375 0.9067999999999999 0.540915625 0.9408046875
10 0.46668281250000004 0.973384375 0.4673671875 0.9729671874999999 0.46835000000000004 0.9641375 0.465603125 0.9654343750000001 0.46340624999999996 0.985103125 0.46543437499999996 0.9840515625 0.46668281250000004 0.973384375
3 0.45278437499999996 0.95225 0.446825 0.9551484374999999 0.446975 0.9534828125000001 0.442578125 0.9557015625 0.4390953125 0.9868218750000001 0.4535453125 0.9802828124999999 0.4568671875 0.9485531249999999 0.453178125 0.95034375 0.45278437499999996 0.95225
5 0.501378125 0.86508125 0.5025171875 0.8613578125 0.5220328125 0.86745 0.5144031250000001 0.892640625 0.5206515625 0.8945515625 0.5160296875 0.9366687499999999 0.5252421875 0.93216875 0.5284609375 0.9030015625000001 0.5327703125000001 0.8890515625000001 0.5359859375 0.8900343749999999 0.54135625 0.8725578125 0.5289640624999999 0.8687687499999999 0.5381 0.838746875 0.53143125 0.8367078125 0.5263640625 0.853284375 0.5076937499999999 0.847575 0.5128140625000001 0.8310171875 0.5040078125 0.8284546875000001 0.493534375 0.8626203125 0.501378125 0.86508125
2 0.30267499999999997 0.7114281250000001 0.3058390625 0.7008890625 0.30402968750000003 0.700215625 0.319803125 0.6493171875 0.32127812499999997 0.6495265625 0.32577968749999997 0.635490625 0.302584375 0.6288296875 0.2877078125 0.677384375 0.2941671875 0.679359375 0.29322499999999996 0.6823703125 0.28686406249999996 0.680315625 0.2793296875 0.7043390625 0.30267499999999997 0.7114281250000001
3 0.340484375 0.37738125 0.3567796875 0.324565625 0.3289 0.31633125 0.31258125 0.36885 0.340484375 0.37738125
10 0.46714062500000003 0.9509140625000001 0.46993437499999996 0.9496062500000001 0.47085156250000004 0.9417109375000001 0.46804375 0.9430375 0.46714062500000003 0.9509140625000001
12 0.5077078125 0.8475734375 0.5263656250000001 0.8532781249999999 0.5314328125000001 0.836703125 0.5128515625000001 0.830996875 0.5077078125 0.8475734375
13 0.5401281250000001 0.9007640625000001 0.552071875 0.9043859375000001 0.5574703125 0.8862593750000001 0.5456546875 0.882725 0.5401281250000001 0.9007640625000001
7 0.571040625 0.756140625 0.5658734375 0.7546906250000001 0.5629875 0.7642109375 0.558765625 0.7628359375 0.5564921875 0.770190625 0.5573203125 0.7704953125 0.5494703125 0.7961375 0.5486453124999999 0.79585625 0.544228125 0.8103859375000001 0.5713515625000001 0.8187828125 0.5859171875 0.771459375 0.585584375 0.77133125 0.5881734375 0.7630609374999999 0.5706125 0.7576140625 0.571040625 0.756140625
10 0.5774703125 0.7564140625 0.5891609375 0.7600109374999999 0.5901140625 0.7568921875 0.5783859375 0.75341875 0.5774703125 0.7564140625
13 0.5223890625000001 0.9751125 0.531690625 0.970446875 0.5328328124999999 0.96019375 0.5235093749999999 0.9647609375 0.5223890625000001 0.9751125
6 0.44176093749999995 0.117559375 0.4536546875 0.07907499999999999 0.43269531250000004 0.07271562499999999 0.42056562499999994 0.1116984375 0.44176093749999995 0.117559375
2 0.47450625 0.2002640625 0.47770156249999995 0.189678125 0.47624374999999997 0.189240625 0.4918234375 0.13828281250000002 0.4933828125 0.138759375 0.4966734375 0.128078125 0.45908906250000003 0.11666093749999999 0.43686875000000003 0.1889484375 0.47450625 0.2002640625
13 0.468465625 0.07970625 0.4797203125 0.043809375 0.45599531249999997 0.0360421875 0.4447734375 0.072746875 0.468465625 0.07970625
10 0.4431109375 0.0727078125 0.45459062499999997 0.035159375 0.44499374999999997 0.032240625 0.43346875 0.0698984375 0.4431109375 0.0727078125
10 0.42577499999999996 0.116628125 0.42605468750000003 0.11571093750000001 0.4200296875 0.11372656249999999 0.40375625 0.167165625 0.4236671875 0.1731109375 0.4398640625 0.12004062499999998 0.4359671875 0.118790625 0.4357875 0.1194515625 0.42577499999999996 0.116628125
9 0.3574390625 0.321409375 0.368590625 0.2848515625 0.34099218750000004 0.27601718750000004 0.329696875 0.3132171875 0.3574390625 0.321409375
2 0.40275937500000003 0.3965828125 0.41234843750000005 0.36545 0.410603125 0.3647578125 0.4260984375 0.314025 0.4278359375 0.31443750000000004 0.43017500000000003 0.3066171875 0.3907046875 0.29407031250000004 0.36317343750000003 0.38432343750000003 0.40275937500000003 0.3965828125
10 0.38654375 0.303584375 0.389509375 0.2935859375 0.36938125 0.2877046875 0.3663796875 0.29741875 0.38654375 0.303584375
10 0.3927921875 0.19430624999999999 0.39724375 0.17983125 0.3716328125 0.1721171875 0.3672609375 0.18633125 0.3927921875 0.19430624999999999
10 0.41802812500000003 0.19162656250000001 0.4228953125 0.1758078125 0.40288124999999997 0.169921875 0.3981328125 0.1857421875 0.41802812500000003 0.19162656250000001
7 0.3667859375 0.191903125 0.3419 0.2735515625 0.3908375 0.288165625 0.41510625 0.20970781249999998 0.4139515625 0.2092984375 0.41830937500000004 0.1949640625 0.3973484375 0.1884421875 0.39368125 0.20035468750000002 0.3667859375 0.191903125
8 0.4416578125 0.30784375 0.44599687499999996 0.2936515625 0.444309375 0.2930703125 0.4687640625 0.21312812499999997 0.47049375 0.213621875 0.473603125 0.20325781250000002 0.4350734375 0.19104375 0.46793593749999995 0.0832640625 0.4549265625 0.0792203125 0.3908375 0.288165625 0.4306546875 0.30067656249999997 0.42960000000000004 0.304121875 0.4416578125 0.30784375
2 0.49750468750000004 0.125153125 0.5006734374999999 0.11439218749999999 0.49922187500000004 0.114015625 0.5147703124999999 0.06305625000000001 0.5163703125 0.06354531249999999 0.520821875 0.0489875 0.48316875000000004 0.0381640625 0.4682921875 0.0867203125 0.4747515625 0.08869375 0.473809375 0.09170625 0.46745000000000003 0.08965 0.45991406250000005 0.1136765625 0.49750468750000004 0.125153125
11 0.4146015625 0.40018281250000004 0.42182031249999996 0.376659375 0.4124 0.37349375 0.4051578125 0.3971796875 0.4146015625 0.40018281250000004
7 0.18606562499999998 0.7821171875 0.161178125 0.8637640624999999 0.21011562499999997 0.87838125 0.2343859375 0.7999203125000001 0.23323125 0.7995109375 0.2375875 0.785175 0.21662656249999998 0.7786531250000001 0.212959375 0.7905671875 0.18606562499999998 0.7821171875
10 0.20579062499999998 0.8941953125 0.20875781249999997 0.884196875 0.1886296875 0.8783171875000001 0.185628125 0.88803125 0.20579062499999998 0.8941953125
9 0.176825 0.912475 0.1879765625 0.875915625 0.1603796875 0.8670781249999999 0.1490828125 0.904278125 0.176825 0.912475
10 0.23759531250000002 0.7823 0.242459375 0.7664828124999999 0.22244531250000002 0.7605953125 0.21769687499999998 0.7764140625 0.23759531250000002 0.7823