7 0.2806308015625 0.3686028796875 0.2819670953125 0.369684615625 0.26000355937499997 0.39710826718750003 0.29924875 0.42965293437499996 0.34142265 0.377135053125 0.30072894843750003 0.343927503125 0.2806308015625 0.3686028796875
10 0.7597571359375 0.5808063921875 0.7743693796875 0.562760703125 0.6991004281250001 0.50211280625 0.68502586875 0.5202895328125 0.7597571359375 0.5808063921875
10 0.2762643234375 0.4614646578125 0.28610654687500003 0.4493742171875 0.2761368859375 0.44137393437499994 0.26646227968749997 0.4533849296875 0.2762643234375 0.4614646578125
10 0.182903446875 0.385727346875 0.20232578281250002 0.3625221625 0.1789726234375 0.34287547812499997 0.15984151875 0.3670585734375 0.182903446875 0.385727346875
10 0.6480732328125 0.706085384375 0.6381505453125 0.6976986296875001 0.6759490968749999 0.6510213265625 0.6622128 0.64025399375 0.6347597859375 0.67430993125 0.6438116218750001 0.6818025734375001 0.601944059375 0.733604878125 0.6161695468749999 0.74517898125 0.6480732328125 0.706085384375
1 0.2176337375 0.414076575 0.23717064375 0.3899482609375 0.20592354687499997 0.36476730625 0.1862243015625 0.38864210312499997 0.2176337375 0.414076575
6 0.6378015359375 0.6192374203125001 0.6320372828124999 0.6144201328125 0.6040117765625 0.6487745625 0.6330524234375 0.67273438125 0.6610433078125 0.6379093671875 0.655062609375 0.63335995625 0.6561595859375 0.6317476484375 0.639081465625 0.6179182796875 0.6378015359375 0.6192374203125001
13 0.6642201062499999 0.715196928125 0.69896139375 0.671561628125 0.6772904484375 0.6535893390624999 0.6423909375 0.6966854375 0.6642201062499999 0.715196928125
13 0.4267885578125 0.4462779875 0.4635033375 0.40078003906250004 0.44186531406249996 0.3836086984375 0.40515638125000003 0.42893988437499997 0.4267885578125 0.4462779875
1 0.3598926265625 0.5294227453125 0.37972480937499997 0.5051181406249999 0.3063045203125 0.44630230624999995 0.2869825140625 0.4701625 0.3598926265625 0.5294227453125
2 0.3014570921875 0.43133156093749997 0.3436204375 0.46568784531249996 0.38350182187500004 0.41662733906250005 0.3413634484375 0.381863696875 0.3014570921875 0.43133156093749997
8 0.19796385625 0.347073040625 0.2593713203125 0.39732452500000004 0.2815799234375 0.3697419421875 0.2801774078125 0.368698759375 0.30050595625 0.34344764843750003 0.4030767703125 0.42525987968749995 0.42324675 0.40019089374999994 0.35033879375 0.3415163203125 0.35608323125 0.334422928125 0.31995304999999996 0.303955190625 0.2671542765625 0.26160707968749997 0.19796385625 0.347073040625
10 0.3795884171875 0.36281829375 0.40754195312499997 0.3282990125 0.38036821875000004 0.306905021875 0.352383271875 0.341033325 0.3795884171875 0.36281829375
2 0.7127890484375 0.552145159375 0.681816359375 0.5264302453124999 0.6417424171875 0.57591744375 0.6732304109375 0.6009957578125 0.7127890484375 0.552145159375
10 0.4665757703125 0.3976122984375 0.47744268125 0.38440591562500004 0.44463385781250003 0.357838584375 0.41716528124999996 0.391653178125 0.4258726109375 0.3988239 0.44229164374999996 0.37843987968750004 0.4665757703125 0.3976122984375
9 0.7950351 0.6096331109375 0.8164099640625 0.5835589859375 0.7930870609375 0.5650197312499999 0.7717221750000001 0.5911207484375 0.7950351 0.6096331109375
10 0.5971448078125 0.7320537625 0.636390603125 0.6835902421875 0.624354278125 0.6740555828125 0.58512149375 0.722317090625 0.5971448078125 0.7320537625
10 0.7267999640625 0.64253258125 0.759455375 0.6022086203125 0.7512529671875 0.59556556875 0.7184685296875 0.63578525 0.7267999640625 0.64253258125
2 0.7541202234375 0.5854030515625 0.7135140765625 0.552731421875 0.6745878984375 0.6020935046875 0.714344078125 0.63470803125 0.7541202234375 0.5854030515625
9 0.6433192953125 0.763218546875 0.6725844578125 0.7261512046874999 0.6494249109375 0.707609346875 0.6200814921875 0.7444016875 0.6433192953125 0.763218546875
2 0.688840103125 0.4876974484375 0.645390021875 0.4519065875 0.5622388203125 0.55526039375 0.6203912625 0.60235126875 0.6391549671875 0.5791794 0.624630515625 0.567165615625 0.688840103125 0.4876974484375
13 0.611901171875 0.6352500390625 0.629387221875 0.6133929265625 0.5971288953125 0.5876847890625 0.57134240625 0.619528884375 0.59064858125 0.635092209375 0.59918948125 0.6247256703125 0.611901171875 0.6352500390625
10 0.3811849671875 0.36374508437499997 0.3890034625 0.37008528749999997 0.41631778906249994 0.3362557546875 0.4084797390625 0.3300390125 0.3811849671875 0.36374508437499997
13 0.3544712609375 0.3069449625 0.3680433546875 0.3184693640625 0.3849917421875 0.2966109375 0.35116241875 0.2686860015625 0.3239670578125 0.3024236375 0.344668928125 0.3193628609375 0.3544712609375 0.3069449625
8 0.6206430203125 0.6026395140624999 0.7561735578125 0.71090534375 0.8155488 0.6370294546874999 0.7670204625 0.5987921859374999 0.7256265703125 0.6495415640625 0.63946230625 0.57976595 0.6206430203125 0.6026395140624999
10 0.3579334234375 0.3303323125 0.36587871875 0.32052005 0.3544542984375 0.31133700625 0.3466222546875 0.32111341875 0.3579334234375 0.3303323125
10 0.639449078125 0.5724282281249999 0.6725165171875 0.531370628125 0.66436400625 0.52502181875 0.6314349296875 0.565685271875 0.639449078125 0.5724282281249999
5 0.5083539312500001 0.2734805125 0.48696650625000004 0.25664469218749997 0.4278393453125 0.3300030171875 0.503159584375 0.39194518437500003 0.528330240625 0.36117263125 0.472793203125 0.317085690625 0.5083539312500001 0.2734805125
1 0.30266446875 0.21087974687500002 0.301650659375 0.20996931874999997 0.306162428125 0.20422628281250002 0.2912833828125 0.1922639109375 0.28664969687499997 0.1979876359375 0.28364585781249996 0.19580808593750001 0.25900913281250004 0.2264057609375 0.27795300625 0.2413200421875 0.30266446875 0.21087974687500002
1 0.1918622296875 0.34536469062499997 0.26535893593750004 0.25460406875 0.250435546875 0.24262201874999997 0.23806211562500001 0.25790897031250004 0.23596299375 0.256299846875 0.1865207390625 0.31717263125 0.1887005609375 0.31904132500000004 0.177026534375 0.333458225 0.1918622296875 0.34536469062499997
5 0.47172360625 0.6308564062500001 0.58342459375 0.7206055640625 0.62282744375 0.6724089609375 0.6010429390625001 0.6549439015625 0.5860599625 0.6729830781249999 0.49655289375 0.600501215625 0.47172360625 0.6308564062500001
11 0.3086429578125 0.20117994218750002 0.3296553515625 0.17497721875 0.312628734375 0.16148189375 0.2916349125 0.18740755 0.3086429578125 0.20117994218750002
11 0.82218033125 0.631856290625 0.8431960421875001 0.6056825671875 0.8191878062500001 0.5874650640625 0.799546715625 0.6118616328125001 0.82218033125 0.631856290625
3 0.38890971093750004 0.2939378078125 0.41996671562500004 0.2558950109375 0.3839630265625 0.2270957265625 0.3532412203125 0.26487996406250003 0.38890971093750004 0.2939378078125
10 0.4267044234375 0.32942776875 0.46228096093750004 0.2857127734375 0.4282781375 0.2587933875 0.393047984375 0.3022990546875 0.4267044234375 0.32942776875
1 0.2882550015625 0.44684637499999996 0.295803253125 0.43752333749999994 0.25439950625 0.40399450625 0.23492313125000003 0.42792042343750003 0.264668834375 0.451933378125 0.2765023578125 0.4372585640625 0.2882550015625 0.44684637499999996
2 0.3846582046875 0.4992900140625 0.42519793906250003 0.44891949374999995 0.38596647968750003 0.41721703125 0.3455139875 0.467416278125 0.3846582046875 0.4992900140625
0 0.2615123359375 0 0.027114137500000003 0.289457221875 0 0.4606491484375 0 0.7384876640625 0.289457221875 0.9728858625000001 0.4606491484375 1 0.7384876640625 1 0.9728858625000001 0.710542778125 1 0.5393508515625001 1 0.2615123359375 0.710542778125 0.027114137500000003 0.5393508515625001 0 0.2615123359375 0
7 0.6655597828125 0.7165070046875 0.67660369375 0.72523586875 0.6453701296875 0.7647330140624999 0.686222896875 0.7965467234375 0.7559734453125 0.7111599859375 0.703902996875 0.6687880171875 0.6655597828125 0.7165070046875
10 0.22397029218750003 0.4193357046875 0.24342432343749998 0.3952512140625 0.2389338859375 0.391540571875 0.21961057187500002 0.41558881249999996 0.22397029218750003 0.4193357046875
3 0.56102963125 0.5569419375 0.5333947234374999 0.591377215625 0.5677074234374999 0.6198659609375 0.5957673375 0.58490475625 0.56102963125 0.5569419375
2 0.323019496875 0.300395753125 0.383301396875 0.2255798109375 0.3303653453125 0.183569065625 0.270111746875 0.25797659375 0.323019496875 0.300395753125
10 0.586050046875 0.6719769515625 0.6003232515625 0.6545736343749999 0.5111254296875 0.5825963609375 0.49743949374999996 0.5997177640625 0.586050046875 0.6719769515625
10 0.6018269984375 0.6477561890625 0.6100784499999999 0.63777885 0.5985568375 0.6286800765625 0.5905256265625 0.6386052890625 0.6018269984375 0.6477561890625
6 0.442101459375 0.3565579125 0.43521975937499996 0.35097514375 0.43993135624999996 0.3452289546875 0.425037328125 0.3335109984375 0.42068715156250003 0.33903283906250004 0.41903499218749996 0.33786785468749997 0.38997261875 0.3738346203125 0.413981234375 0.392449259375 0.442101459375 0.3565579125