10 0.7939537671875 0.598639509375 0.7885583109375001 0.6068255453125 0.7933429624999999 0.609933140625 0.802635775 0.5957422343750001 0.7976772578125 0.5925220328125 0.7937878203125 0.5985330156249999 0.7939537671875 0.598639509375
10 0.6233514140625 0.587369903125 0.6140921453125 0.6016024171875001 0.6123305078125 0.60050330625 0.59447301875 0.6284317171875 0.5976374812499999 0.6304861765625 0.59895190625 0.6284363625 0.6148327859375 0.6387513984375001 0.6134874953125 0.64082363125 0.6152254265625 0.6419075265624999 0.642554828125 0.5999319828125 0.6233514140625 0.587369903125
11 0.743515665625 0.7570642171874999 0.7436267921875 0.756895065625 0.7488698171875 0.7602993921875 0.7635878468749999 0.7376578296875 0.7417874421875 0.7235002046875 0.727078540625 0.74612754375 0.7307855390625 0.74855540625 0.7306744671875001 0.7487276828125 0.743515665625 0.7570642171874999
11 0.346974371875 0.483304059375 0.34710720625 0.4831251515625 0.3523614484375 0.48645583593749997 0.3671125921875 0.4637418078125 0.345211884375 0.44947810468749994 0.330441984375 0.4722815359375 0.3341489828125 0.47470939687499997 0.334036375 0.47488326406250003 0.346974371875 0.483304059375
2 0.2500179359375 0.3829715265625 0.24870038437500003 0.385021396875 0.2562124515625 0.389855090625 0.282173359375 0.3495177421875 0.2475779609375 0.32707434687500003 0.2215226171875 0.36728363750000004 0.2290204515625 0.3721972796875 0.23031664843750002 0.3701774765625 0.2500179359375 0.3829715265625
3 0.4338678921875 0.340539253125 0.4199976421875 0.3314424359375 0.39250655624999997 0.37409278125 0.41559911875 0.38913267500000004 0.4447209046875 0.3442879125 0.43534654218749996 0.3382287203125 0.4338678921875 0.340539253125
13 0.23135228749999998 0.3093610765625 0.2440396140625 0.289633521875 0.244346265625 0.28983288906250004 0.263160496875 0.26058132968750003 0.2428957359375 0.2473783 0.211141971875 0.296322746875 0.23135228749999998 0.3093610765625
10 0.421265096875 0.2898155390625 0.4165317 0.28668985937499997 0.39879427968750003 0.3140660890625 0.40353505 0.3171666359375 0.421265096875 0.2898155390625
8 0.28202734218750003 0.31447276562500004 0.2818869953125 0.31466899531250003 0.2788010828125 0.3126381671875 0.27893995 0.3124466515625 0.2671091171875 0.3047847734375 0.2668975796875 0.305110390625 0.250953475 0.2947542640625 0.2511615046875 0.2944068296875 0.246435721875 0.2913591546875 0.23229079375 0.3130812015625 0.287495503125 0.34868098125 0.264249365625 0.38437961875000004 0.26402210937500004 0.384252315625 0.2598515625 0.3907214 0.2584605734375 0.3898174125 0.256070234375 0.3935253203125 0.26497373281250003 0.399198921875 0.2663502484375 0.39703550625 0.3094301390625 0.4250519875 0.30798175156249996 0.42730573437499997 0.316963446875 0.432982659375 0.3213376015625 0.42627092187500004 0.31989130625 0.4253319578125 0.32407095468749997 0.4188470875 0.32400575625 0.41878259062499995 0.364293503125 0.3566700125 0.3115729703125 0.3230068609375 0.306709646875 0.3305225703125 0.28202734218750003 0.31447276562500004
1 0.44183143593749996 0.30292735312499997 0.441731 0.3030822546875 0.4229615015625 0.290937665625 0.4078140046875 0.3143118359375 0.44743122812499997 0.3400212109375 0.46264428593750007 0.3166427703125 0.4531232140625 0.3105048765625 0.45323546718749996 0.3103107 0.44183143593749996 0.30292735312499997
1 0.3439426015625 0.263148440625 0.3547095765625 0.24656894375 0.35456733749999997 0.24647766249999997 0.3546784375 0.24630694687500002 0.34322104375 0.23891046718750003 0.34309928125 0.2390969953125 0.3318015921875 0.23171804375 0.3038474375 0.2747874703125 0.3177896390625 0.28379864375 0.324846753125 0.272953515625 0.338715775 0.2819800296875 0.3367169828125 0.28511070312500003 0.347970828125 0.29239509375 0.3635402875 0.2682165609375 0.37121473125 0.2732208859375 0.371304178125 0.27306305000000003 0.39112164531250004 0.2858878921875 0.3909923171875 0.2860886171875 0.40613774375 0.29590078750000004 0.41340450625 0.2847113234375 0.3978227390625 0.2746114109375 0.3979338671875 0.274442259375 0.3789968125 0.2620990015625 0.37888571249999997 0.262269715625 0.35792939218750003 0.2487505828125 0.34722913125 0.2653023484375 0.3439426015625 0.263148440625
10 0.244457553125 0.2440130296875 0.26557181406249997 0.25798572656249996 0.27072579218750004 0.24993205000000002 0.2495619609375 0.236163375 0.244457553125 0.2440130296875
13 0.3867208796875 0.333332859375 0.370044603125 0.3590106234375 0.3906278125 0.37228310625 0.417881896875 0.3302901234375 0.4036899671875 0.321117659375 0.39307436406249996 0.337416346875 0.3867208796875 0.333332859375
1 0.319568925 0.432826225 0.315852315625 0.43862165937500003 0.2501065203125 0.3959250796875 0.2518155640625 0.3932948515625 0.24592449374999997 0.38938144375 0.24579513749999998 0.38958060625 0.226016425 0.3767379 0.2261074078125 0.37657847499999997 0.20945794375000001 0.365742396875 0.209357534375 0.3658988609375 0.185763428125 0.3505958046875 0.18586192031249998 0.3504190578125 0.17849371875 0.34559066562499996 0.1656661421875 0.365340984375 0.1735113640625 0.37037045625 0.17339563125 0.370544378125 0.19615578281249998 0.3853416 0.19626682812500001 0.3851677609375 0.21373665000000003 0.3965364765625 0.2136563875 0.3966832125 0.232613178125 0.4089933078125 0.23272271562500002 0.4088226203125 0.2514376703125 0.420975975 0.2513384140625 0.42110897812500003 0.29356130625 0.44855282812499997 0.29368345156250003 0.448388171875 0.3067286078125 0.45686023125 0.3066210421875 0.457054325 0.3272501765625 0.470451025 0.327352175 0.47029609531250005 0.3285017375 0.471066775 0.3431936375 0.44853974843750005 0.319568925 0.432826225
10 0.3323202453125 0.28130717031249997 0.3250555 0.2765863625 0.319365765625 0.285371375 0.32669566250000004 0.290064478125 0.3323202453125 0.28130717031249997
6 0.2802916359375 0.3099351796875 0.2951005921875 0.2871310671875 0.2953187203125 0.28727259374999997 0.30030424375 0.279595353125 0.2885662578125 0.2720599984375 0.28970110937500004 0.27028679843750003 0.2886072890625 0.2695760921875 0.288757971875 0.2693453015625 0.2747249203125 0.26023257499999997 0.2745936484375 0.2604114546875 0.27340066875 0.2596602859375 0.2722436734375 0.26141824687500004 0.267485871875 0.2584164484375 0.2479443703125 0.2888871359375 0.2534353078125 0.2925277984375 0.252038428125 0.29468844375000003 0.2667263828125 0.3042554359375 0.2729119078125 0.2947772890625 0.274772778125 0.2960106265625 0.270129621875 0.30324745000000003 0.2802916359375 0.3099351796875
1 0.82431196875 0.5787004 0.8348501859375 0.5625343328125 0.82353270625 0.55518541875 0.8236529625 0.5550020421874999 0.8118928328124999 0.547451446875 0.8118121328125 0.5475731859375 0.8026598203124999 0.5416116953125 0.8027617921875001 0.5414552046875001 0.7838038484375 0.5291685703125 0.7836954375 0.5293142343749999 0.766827490625 0.5183163203125 0.7591974390625 0.5300903390625 0.8002671796874999 0.55673700625 0.7849678625000001 0.580187275 0.79623058125 0.5875324578125001 0.7983277578125 0.5842187890625 0.8200191125 0.5983064312499999 0.8280933812500001 0.585749540625 0.8344741328125 0.589873184375 0.8324222515624999 0.593006346875 0.8409215031249999 0.5984400921875 0.8428983328124999 0.595394190625 0.8521253062499999 0.601335625 0.864671915625 0.58196214375 0.8575278656249999 0.577351746875 0.857672434375 0.577128878125 0.8459581640625 0.5695196609375001 0.8458379359375 0.5697046 0.8444074 0.5687731734375 0.833939628125 0.5848567484375 0.82431196875 0.5787004
13 0.787168934375 0.6096846046875 0.770450115625 0.635431871875 0.7910308625 0.6486528265625 0.8183893734375 0.60664395625 0.8042161984374999 0.5973820890625 0.793486834375 0.6138781046874999 0.787168934375 0.6096846046875
13 0.6888354796875 0.5882131140625 0.6886036062499999 0.5885375234375 0.709063115625 0.6018856125000001 0.7278853984375 0.5730058453125 0.6934306578125 0.5505631203125 0.674893203125 0.579108178125 0.6888354796875 0.5882131140625
4 0.6607926375 0.402110121875 0.6694110203125 0.3888530046875 0.6461118453125 0.373615121875 0.6373532265625 0.38707471875 0.6607926375 0.402110121875
2 0.721277990625 0.7037098171875 0.7225757500000001 0.7016899859375 0.7436027921874999 0.715411040625 0.7423647421874999 0.71727043125 0.7666693390625 0.7329892765625 0.8104693890625001 0.6654630125 0.7912883 0.6527473953125 0.7910961171875 0.6530179781250001 0.7628125484375 0.6345994140625 0.7237790171875 0.6946147828125 0.7236573046875 0.6945356453125 0.7187212359374999 0.7020916921875 0.721277990625 0.7037098171875
10 0.692272021875 0.42044008593750004 0.6585725734375 0.4723345640625 0.6724646109375 0.4814263109375 0.706231490625 0.42945564531249997 0.692272021875 0.42044008593750004
10 0.6576689015625 0.5217312953125 0.6619094578125 0.5151547234375 0.657619140625 0.512344796875 0.6574080125 0.512693846875 0.629146790625 0.4938545171875 0.604666946875 0.5315718687500001 0.6371027890625001 0.552680875 0.6573306515625 0.521512165625 0.6576689015625 0.5217312953125
10 0.753186146875 0.5352257203125 0.71683819375 0.511576790625 0.694589178125 0.5458484328125001 0.6954210171875 0.5464121265624999 0.6948234453125 0.5472726875 0.73022971875 0.5702426359375 0.7480690484375 0.542795865625 0.7481579796875 0.5428771390625 0.753186146875 0.5352257203125
1 0.7162460921875 0.7067606015625 0.7130490796875 0.7117046499999999 0.702205321875 0.7046365734375 0.7020992640625 0.704827515625 0.6591177328125 0.6768952671874999 0.6592333015625 0.676711971875 0.6413296296875 0.6651086046875 0.6412280124999999 0.6652854046875001 0.62148520625 0.6524405078125 0.621553271875 0.652311175 0.6107166453125 0.64520390625 0.6105949093749999 0.645391996875 0.594617225 0.635081775 0.5947259453125 0.6348642203125 0.59167176875 0.6328609671875001 0.58006964375 0.6506567875 0.583584628125 0.6530067374999999 0.583495209375 0.6531661359375 0.5985691 0.6629983078125 0.59868779375 0.6628149578125 0.6102859656249999 0.670398071875 0.610205675 0.6705432453125 0.629162465625 0.682853340625 0.6292720296875001 0.6826842156249999 0.6479885484375 0.6948375437500001 0.647887703125 0.6949690109375 0.6901137187499999 0.7224128078125001 0.690235890625 0.7222497125 0.7032810484375001 0.730721771875 0.7031718921875 0.7309143312499999 0.723801053125 0.7443125937499999 0.7239014906250001 0.7441576921874999 0.725052615625 0.74492834375 0.739742925 0.72239978125 0.7162460921875 0.7067606015625
5 0.691554815625 0.543547915625 0.713647909375 0.5095649734375 0.6915493734375 0.495248465625 0.69173753125 0.4949263828125 0.6576202078125 0.4728340734375 0.6918254562499999 0.42019315468749996 0.6914792859375 0.4199679109375 0.694635590625 0.4151089609375 0.6680009203124999 0.398224353125 0.6305751500000001 0.45571596718749996 0.6036717968749999 0.43821095468750004 0.581551178125 0.4725866234375 0.5911942078125 0.478817715625 0.5914139640625 0.47851539687500005 0.5955742421875 0.4812166390625 0.6003470828124999 0.47379939843749996 0.6298008937499999 0.49283044531250003 0.6294544875 0.4933975140625 0.6626745734374999 0.514939775 0.6582067687500001 0.5219266250000001 0.691554815625 0.543547915625
2 0.327296621875 0.42055824062499997 0.322269790625 0.42828620937500006 0.32478381875 0.42987382656250006 0.32604086875 0.4279390921875 0.347086121875 0.4415394984375 0.3458290703125 0.4434742328125 0.3701555921875 0.45919582031250006 0.41404313750000005 0.391578953125 0.3663218546875 0.3607836765625 0.3273946546875 0.4206237265625 0.327296621875 0.42055824062499997
10 0.32649438750000004 0.2958126171875 0.303567471875 0.2808620328125 0.29839930468750003 0.288819065625 0.29867079531249996 0.2889737265625 0.283631909375 0.31212409218750004 0.3063937671875 0.326840021875 0.32649438750000004 0.2958126171875
7 0.36632738125 0.354116940625 0.367609428125 0.35495719375 0.39029284375 0.319966921875 0.3904569 0.320054696875 0.3945952390625 0.3136205546875 0.39610635 0.31460214531249997 0.40480533906250005 0.3010388859375 0.3882444515625 0.29026377187499997 0.386867990625 0.29243031249999996 0.36711654843749997 0.279627759375 0.36854401718749996 0.277429075 0.3638186421875 0.2744048328125 0.350164084375 0.295391646875 0.334011359375 0.284901640625 0.32582481875 0.29756206875 0.32744961250000004 0.298610434375 0.3133836859375 0.32020295781249997 0.3661562171875 0.35442778750000004 0.36632738125 0.354116940625
2 0.2198064015625 0.366100909375 0.24578300937500003 0.326125840625 0.230321109375 0.31590975781249997 0.230209571875 0.3160554765625 0.2073456921875 0.301135046875 0.1862682234375 0.3336766046875 0.18611332187500002 0.33357616874999996 0.1811738296875 0.34111508437500004 0.1887477234375 0.345999271875 0.19004060625000002 0.3439685859375 0.21363994375 0.35930280625 0.21231055781250002 0.3613013109375 0.2198064015625 0.366100909375
10 0.39345525625 0.3222620796875 0.3881467140625 0.3304137796875 0.392875478125 0.333542665625 0.40208255781249996 0.31936419531250004 0.3971917078125 0.31617094218749997 0.393344615625 0.3221905625 0.39345525625 0.3222620796875
0 0.495636571875 0 0.22545959999999998 0.00471595625 0 0.351892965625 0 0.504363428125 0.00471595625 0.7745404 0.351892965625 1 0.504363428125 1 0.7745404 0.9952840437500001 1 0.648107034375 1 0.495636571875 0.9952840437500001 0.22545959999999998 0.648107034375 0 0.495636571875 0
6 0.6795816109375 0.5422332390625 0.6807251812499999 0.5404223796875 0.664487946875 0.5297463203125 0.6632206421875 0.5317203 0.6577045187499999 0.5280691390625 0.6379318359374999 0.5584563484375 0.6446133171875 0.5627982140625 0.6431747750000001 0.564989278125 0.6577867859375 0.5745028999999999 0.6638276140625 0.5651507359375 0.665831878125 0.5664518937499999 0.661262590625 0.5736233546875 0.669981496875 0.5792861140625 0.684839609375 0.5563436234375 0.685015065625 0.556457765625 0.6899455390625 0.548939321875 0.6795816109375 0.5422332390625
12 0.69770766875 0.492715603125 0.754170640625 0.5294045265625 0.776268265625 0.4953230546875 0.7765085375 0.49547982187499995 0.78577411875 0.481161246875 0.7291202578125 0.4443693890625 0.69770766875 0.492715603125
10 0.8366458046874999 0.563700046875 0.8278065671875 0.5772860703125 0.8337738890624999 0.58118095625 0.84261161875 0.5675980859374999 0.8366458046874999 0.563700046875
2 0.6044736046875 0.5946254718749999 0.60314856875 0.5966942234375 0.611153440625 0.6017381 0.6382193375 0.5597968468750001 0.599783475 0.5347997765625 0.5947960078125 0.5424551734375 0.594938275 0.5425480171875 0.5775285140624999 0.5693575046875 0.5773680984375 0.5692993578125 0.5724783062500001 0.576731140625 0.5795719015625 0.5813158515625 0.5809210515625 0.5792857453125 0.6044736046875 0.5946254718749999
10 0.7091355890625 0.43136619062500003 0.6753955484375 0.48326293906249995 0.6921871984375 0.49418717343749996 0.7259114249999999 0.44227976093750004 0.7091355890625 0.43136619062500003
7 0.7933879234375001 0.5906637953125 0.794705828125 0.5886342359375 0.7836938 0.5814159484375 0.7840279453125001 0.5809522328125001 0.7814194796875 0.5792365578124999 0.79464049375 0.5589277265625 0.792606546875 0.5576270890624999 0.79091729375 0.560227278125 0.7713388984375 0.5474904656249999 0.7729893062500001 0.5449925328125 0.7578151109375 0.5350542828125 0.71560033125 0.5999321625 0.7668629578124999 0.6331550671875 0.7907973859374999 0.5963317453125 0.79088431875 0.5963880484375 0.7942414984374999 0.5912192953125001 0.7933879234375001 0.5906637953125
8 0.658092475 0.5753633218750001 0.6420916015625 0.5650675703125 0.6423126484374999 0.5647496015625 0.639332634375 0.5627872484374999 0.6250847187499999 0.5846970578125 0.6839695375 0.6224376234375 0.6595741171875 0.6600675515625001 0.659465040625 0.65999600625 0.6545917984375 0.667480634375 0.662118496875 0.672346890625 0.6634036484375 0.6703210281249999 0.7063851796875 0.6982532765625 0.705054640625 0.7002752437499999 0.7140525421875 0.7061644171875 0.7180209359374999 0.7002005015625 0.7165422234375 0.6991949046875 0.7205854671874999 0.6929530781250001 0.7203692546875 0.6928318328125 0.7600461796875 0.6317160046875 0.714142925 0.6022063828124999 0.7098556640625 0.6087931453125 0.6684746125000001 0.58194875625 0.6685754859374999 0.5818188515625 0.6582625125 0.5750774984375 0.658092475 0.5753633218750001
1 0.60017815 0.6011905 0.5764932234375 0.58578745 0.5765936875000001 0.5856341109375001 0.572532978125 0.582996765625 0.559677309375 0.6027491359375 0.56418419375 0.6057006171875 0.5640635828125 0.6058636843749999 0.5869791625 0.6207019500000001 0.587101334375 0.6205388562499999 0.5928173375 0.624270915625 0.6056630875 0.6044874640625 0.600291221875 0.601043190625 0.60017815 0.6011905
3 0.820565346875 0.6042634312499999 0.8221102468750001 0.6053006890625 0.7930535796875 0.6504740531250001 0.8120704296874999 0.6630018828125 0.849449196875 0.6055032765624999 0.8285888640625 0.5919324609375 0.820565346875 0.6042634312499999
4 0.606723953125 0.43365230468749993 0.6303515125 0.44908135937500004 0.6593538234375 0.40428556406249994 0.6359941578125 0.3890737421875 0.606723953125 0.43365230468749993
2 0.644263875 0.6009726265625 0.6169241109375 0.6429811703125 0.624488296875 0.6479358484375 0.6257849296875 0.645941040625 0.645442365625 0.65872960625 0.6441378578125 0.6608105015625 0.6515550984375 0.6655833437500001 0.6565723109375 0.6578414765625 0.6564869390625 0.6577851453125 0.6787729671875 0.62339565 0.644263875 0.6009726265625