0 1 0.5429906953125 0.337493446875 0.006503079687500001 0.158453715625 0.127266903125 0 0.3229400328125 0 0.4570093046875 0.662506553125 0.9934969203125 0.8415462843749999 0.872733096875 1 0.6770599671875 1 0.5429906953125
8 0.4592216921875 0.5807768 0.5077065953125001 0.6202598109374999 0.5221986578125 0.6025312921875 0.518169728125 0.5990198546875 0.6387656203125001 0.4508354609375 0.6435337234375 0.4548001015625 0.66640989375 0.42677625937499997 0.636292603125 0.40224382187499996 0.63435085625 0.40475788125 0.522983678125 0.31479941093749997 0.52498490625 0.3119851421875 0.495401815625 0.28798762187500004 0.477813871875 0.30917641093750003 0.47933056093750004 0.3104414359375 0.44027451093750003 0.3586232734375 0.5603053234375001 0.45655301406250004 0.4592216921875 0.5807768
7 0.4309151421875 0.3788982203125 0.3840201453125 0.340836284375 0.3856980921875 0.339065575 0.3496975703125 0.3099127796875 0.346020115625 0.31505635781249997 0.3513539484375 0.31937633125 0.3379900078125 0.33639669375 0.3322599390625 0.3318106109375 0.3181933578125 0.3496837390625 0.373670859375 0.39473884375 0.3756478 0.391841065625 0.513576815625 0.5035057265625 0.523950228125 0.49099597812500007 0.5281285421875 0.4943237265625 0.5602712624999999 0.45674561249999995 0.510229390625 0.41600212968749994 0.49627575156250003 0.43384431093750003 0.49197743593750004 0.4303638 0.5048412 0.4149322609375 0.44210243125000004 0.36422807343749997 0.4309151421875 0.3788982203125
2 0.3660976671875 0.4047303234375 0.372619665625 0.40982826250000004 0.34538398593749997 0.4430071703125 0.339155990625 0.43794274375000003 0.33427244375 0.44420139531249997 0.47140576718749994 0.5548987546874999 0.5058496781249999 0.512997934375 0.48111999687499996 0.49279254687499996 0.48882973593749995 0.48352881718749996 0.375811265625 0.39233768593749996 0.3660976671875 0.4047303234375
1 0.6733400656249999 0.453734865625 0.6664272296875 0.4635485609375 0.730604690625 0.5155194937500001 0.7482569328124999 0.49299818906250004 0.6708405703125 0.43053124374999996 0.6606353453125 0.443930215625 0.6733400656249999 0.453734865625
2 0.323775934375 0.4567074765625 0.32972018125 0.461951984375 0.3034192296875 0.49568401250000005 0.2969171 0.49033331406249997 0.28793332031249996 0.5009690390625 0.42911075 0.61558035 0.46105800625000004 0.5783998234375 0.456149003125 0.5744246765625001 0.46925677187500003 0.55627288125 0.33246133125 0.445869684375 0.323775934375 0.4567074765625
10 0.7346311828125 0.51858024375 0.802116696875 0.573306825 0.8205433375 0.54989943125 0.754453321875 0.49606540312499997 0.7346311828125 0.51858024375
10 0.388789878125 0.26442801562499996 0.40956385624999997 0.2814400921875 0.422445075 0.2647490984375 0.4014160359375 0.24753211875 0.388789878125 0.26442801562499996
10 0.352422603125 0.30895676875 0.3731870515625 0.32580941874999997 0.3813176828125 0.31608274375 0.36055080156249997 0.2993410484375 0.352422603125 0.30895676875
2 0.718380309375 0.516561559375 0.661255809375 0.47002588593750005 0.663348425 0.46744210624999993 0.645586221875 0.45289172187500004 0.5997616031249999 0.5112799703124999 0.7515719796875 0.6347619671875 0.79898153125 0.57727608125 0.7207105203124999 0.5138382515625 0.718380309375 0.516561559375
1 0.376492640625 0.3286703875 0.42532420625 0.368147621875 0.47525840781250006 0.3070307734375 0.4263443859375 0.2680124859375 0.411272496875 0.285904053125 0.3857262796875 0.26528445 0.3612244484375 0.29681348125 0.386002915625 0.3167447171875 0.376492640625 0.3286703875
10 0.572832628125 0.5409122875000001 0.6284433093749999 0.585832328125 0.6515662921875001 0.556648765625 0.596971384375 0.512362878125 0.572832628125 0.5409122875000001
10 0.6432508718750001 0.653747334375 0.6995737515625 0.6994214796875 0.7332113328125 0.65843205625 0.7013303125 0.6325505578125 0.6938663593750001 0.6415863093749999 0.6692434328125 0.6216481640625 0.6432508718750001 0.653747334375
13 0.6984010781250001 0.627081725 0.73496796875 0.6566271203125 0.75102419375 0.6371631765625 0.6559607890625 0.5604451140625 0.632471609375 0.5889069375 0.6908640562499999 0.6363891578125 0.6984010781250001 0.627081725
13 0.5483168578125001 0.5716270984375 0.641069646875 0.6469201859375 0.664387071875 0.6178712140625 0.5714793515625 0.5426977078124999 0.5483168578125001 0.5716270984375
6 0.5355196531249999 0.619391271875 0.58697646875 0.6612573187499999 0.6155372921875 0.62926343125 0.542354828125 0.5696645671875 0.518307175 0.599192890625 0.5386118671875 0.6155734921875 0.5355196531249999 0.619391271875