13 0.6113592703124999 0.7686306625 0.6337234609375 0.77422439375 0.63788975 0.7562225796875001 0.6158522125 0.7506104515625001 0.6113592703124999 0.7686306625
10 0.22324462343749998 0.7027844421875 0.2242427515625 0.7266568999999999 0.22562950625 0.7262683453125 0.23210182499999998 0.70054826875 0.23156246249999998 0.7003928562499999 0.22324462343749998 0.7027844421875
10 0.213857321875 0.70572581875 0.21489937656250002 0.729544815625 0.22322844218750001 0.7269273625 0.22213724687499997 0.7033054578125 0.213857321875 0.70572581875
13 0.187922825 0.7442974390625 0.20122831406250002 0.7403152265624999 0.200388321875 0.7262005609375 0.18716813593749998 0.7302410796875 0.187922825 0.7442974390625
10 0.315794221875 0.697802803125 0.31425783125 0.7042684875 0.3187502984375 0.7052645890625 0.320340621875 0.6989894890625 0.315794221875 0.697802803125
6 0.1999079015625 0.7095909609375 0.1997494796875 0.7059700796875 0.21172033437499999 0.702696990625 0.211152575 0.6911977484375 0.1851751421875 0.6990367140625 0.1856123703125 0.7102715234375 0.1864963421875 0.71003941875 0.1867274671875 0.713568925 0.1999079015625 0.7095909609375
2 0.187813925 0.7458774 0.1795666875 0.778406271875 0.181537646875 0.7789685421875 0.1819103890625 0.7775252187499999 0.2068325640625 0.7837035875 0.2064677921875 0.7851666109375001 0.21059159374999997 0.7862656453125 0.2204628890625 0.7468742609375 0.202030628125 0.742193234375 0.200268503125 0.7488602890625 0.187813925 0.7458774
2 0.14055612343749999 0.632485865625 0.140854109375 0.6392672015625 0.17990051875 0.6273806125 0.1779915984375 0.5859055671875 0.13898412031250001 0.59762955625 0.13935199375 0.605861515625 0.1404326875 0.6056929515625 0.1417063046875 0.6319352640625 0.14055612343749999 0.632485865625
13 0.19338430625 0.713557134375 0.1940086328125 0.7276131984374999 0.2003750578125 0.7256014296875 0.199706428125 0.71160034375 0.19338430625 0.713557134375
6 0.184687096875 0.6745651734375 0.185706684375 0.6976152703125 0.1984188109375 0.6937781984375 0.19738259062500002 0.6707948078125 0.184687096875 0.6745651734375
1 0.3352763265625 0.702671509375 0.331642246875 0.7173115937500001 0.34269943281250004 0.720041084375 0.346324859375 0.7055002921875 0.3352763265625 0.702671509375
13 0.194042159375 0.6230545328125 0.19386346875 0.6185461343750001 0.2004811703125 0.6165728609375 0.1995179640625 0.596984546875 0.17986526249999998 0.602798128125 0.18094538124999998 0.62688426875 0.194042159375 0.6230545328125
6 0.21160963281249998 0.703825609375 0.20071468750000002 0.7071559984375 0.2017981171875 0.7322816296875 0.21288259843750001 0.7290371453125 0.21160963281249998 0.703825609375
13 0.3102724296875 0.755414203125 0.3081525890625 0.7639164187499999 0.318122421875 0.7664730328125 0.32027105625 0.7579586703125 0.3102724296875 0.755414203125
4 0.24417695625000002 0.64884945625 0.23940568906249998 0.6678051218750001 0.25542163281249997 0.6717983453125 0.260126221875 0.6528711453125 0.24417695625000002 0.64884945625
2 0.17327684375000002 0.6780247359375 0.14309056250000002 0.6869077515625001 0.14322495625 0.69088335625 0.14435408593750002 0.690604484375 0.145229365625 0.7113786265625001 0.1441332109375 0.7116673312499999 0.1444514 0.7156420625 0.16030104375 0.71074986875 0.16062999218750001 0.7167546921875 0.1749230859375 0.7122216031249999 0.17327684375000002 0.6780247359375
5 0.519373071875 0.7135214578125 0.5190479078125 0.7146964453125 0.503621275 0.7107422609375 0.47670013593749994 0.73042021875 0.4805695296875 0.7427056125 0.5060027921875 0.724112428125 0.562901259375 0.7384550125 0.566349590625 0.7249216140625 0.519373071875 0.7135214578125
3 0.64019964375 0.7288543796875 0.6337868546875 0.7270670828125 0.634110425 0.7257693125 0.6304460421875 0.724855678125 0.6236805890625 0.751460815625 0.6380821890624999 0.75490821875 0.6448706734375 0.7287661578125 0.640652340625 0.7274003953125 0.64019964375 0.7288543796875
1 0.4402371734375 0.7531878234375 0.44832799999999995 0.747179190625 0.4433169078125 0.730282171875 0.4351085828125 0.7362582890625 0.4402371734375 0.7531878234375
2 0.5443097546875 0.8037403234375 0.5471152515625 0.804404384375 0.547430440625 0.803036890625 0.562066675 0.8065766109375 0.56177285 0.8081684375 0.5649065328125 0.80884025 0.5732183171874999 0.775309740625 0.5526540437499999 0.7700729875000001 0.5443097546875 0.8037403234375
10 0.5818256015625 0.71946765625 0.5843407453125 0.7200238984375 0.5858944015625001 0.7138958578125 0.583328446875 0.7132915203125 0.5818256015625 0.71946765625
10 0.5373089156249999 0.7404027703125 0.5483935 0.7433130078125 0.5497955125 0.737689840625 0.5386492406250001 0.7349107640625 0.5373089156249999 0.7404027703125
10 0.50409923125 0.727051725 0.5088855062500001 0.741407946875 0.51243921875 0.7273227125 0.5057390046875 0.7258615046875 0.50409923125 0.727051725
6 0.4897397609375 0.73868433125 0.479614790625 0.7460892109375 0.484176909375 0.7595425062500001 0.48676773906250004 0.7581352984375 0.48701014843749996 0.7591329515624999 0.494547246875 0.7536207296875 0.4897397609375 0.73868433125
10 0.608130553125 0.768094578125 0.6106085625000001 0.7686576640625 0.6150922515625 0.7503839328125 0.6127207375 0.74983290625 0.608130553125 0.768094578125
10 0.5212363421874999 0.7822802796875 0.5248006625 0.7831689640625 0.53153011875 0.7559719109375 0.5158723171874999 0.7520148421874999 0.514118384375 0.7590494859375 0.5212363421874999 0.7822802796875
2 0.5971012359375 0.8124147171875 0.60304955625 0.813823725 0.6033640546875 0.812562340625 0.6180302796875 0.816182003125 0.6177768953125 0.817605165625 0.62260933125 0.818665096875 0.6325545875 0.7751793609375001 0.607897834375 0.7692346437500001 0.5971012359375 0.8124147171875
2 0.4290992109375 0.761749178125 0.428089721875 0.7624524125 0.4365897515625 0.78927261875 0.45381125000000005 0.776611215625 0.45544706718750005 0.7817470109375 0.4612697453125 0.7774402140625 0.45176897031249996 0.7465733265625001 0.4485268015625 0.7487328078125 0.4481668359375 0.7476124453125 0.43876053906249995 0.7546731515625 0.43920502656249993 0.7558162 0.42947736875000003 0.7628740781250001 0.4290992109375 0.761749178125
10 0.5641695171875 0.74124791875 0.5824038265625 0.7457153359375 0.5857150671875 0.7329319890625 0.5674726875 0.7282838125 0.5641695171875 0.74124791875
2 0.522746471875 0.798402640625 0.525593684375 0.79911253125 0.5260070156250001 0.79773246875 0.5408050828125 0.801294825 0.540420653125 0.802836684375 0.543239421875 0.80351210625 0.5517239671875 0.769908728125 0.531220815625 0.7648466390624999 0.522746471875 0.798402640625
1 0.21156405937499997 0.6761132859375001 0.22379915156250002 0.672400434375 0.2232149765625 0.6583125125 0.210959415625 0.6620170390625 0.21156405937499997 0.6761132859375001
2 0.5001201046875 0.7683485937500001 0.49942770937500003 0.7688973890625 0.497865209375 0.764042359375 0.491328571875 0.7689585984375 0.500464509375 0.7981886 0.5034053875 0.79600391875 0.503036290625 0.7948233078125 0.5153952562499999 0.7856468828125001 0.515818515625 0.7867781953125 0.51981740625 0.7839152609375 0.5105818796875 0.75480696875 0.4986073875 0.7637137078125 0.5001201046875 0.7683485937500001
6 0.5617271015624999 0.7406389546875001 0.5506820578125 0.737931815625 0.5467148234375 0.7536949765625 0.54942214375 0.7543200671875 0.5490807625 0.755618228125 0.55742028125 0.757544521875 0.5617271015624999 0.7406389546875001
10 0.6280046046875001 0.7257928796875001 0.6195660640625 0.723688915625 0.61989076875 0.7223865968750001 0.618935634375 0.7221484546875 0.6124681421875 0.7483077453125 0.6229946796875 0.7508791640625 0.62944365 0.7247941625000001 0.628379340625 0.7245030359375 0.6280046046875001 0.7257928796875001
7 0.5796095953125 0.7299121140625 0.5909027578125 0.733057934375 0.5905476578125 0.73423673125 0.58644664375 0.7332142328125 0.5792896437499999 0.7614931140625 0.5835118890625 0.762455659375 0.5832250296875 0.7636772359374999 0.60611930625 0.7691406484375001 0.617823109375 0.7217213109375 0.6120180125 0.7202739375 0.6116752125 0.7217263359375 0.5950062546875 0.7176331015625 0.5953608218750001 0.7162110109375 0.5867400296875 0.7141533953125 0.584881746875 0.72157426875 0.581938675 0.72089361875 0.5796095953125 0.7299121140625
7 0.47903015312499997 0.7474458859374999 0.47987143750000005 0.7468295406250001 0.47380185468749997 0.7280550546875 0.47015066250000004 0.730621421875 0.46483980625 0.7143131203124999 0.46303160937500004 0.715842996875 0.46347492187499995 0.7169261687499999 0.45100973125 0.725921515625 0.450572840625 0.724806128125 0.44341123906249996 0.730233225 0.448720696875 0.74792284375 0.45640676874999997 0.74187770625 0.4601896765625 0.7540320359375 0.4566647671875 0.7567377796875 0.4628819578125 0.7764122062500001 0.47931515312500006 0.7648521875000001 0.478938121875 0.7637098546875001 0.48317824375 0.7605833890625 0.47903015312499997 0.7474458859374999
13 0.532260703125 0.7636727140625 0.54247044375 0.766268209375 0.547832765625 0.7447159015625 0.5374869875 0.742136409375 0.532260703125 0.7636727140625
13 0.44291977187500003 0.7902163984375 0.4456486796875 0.7884233187499999 0.44608084375 0.7898547640625 0.440043815625 0.794388315625 0.442731575 0.8030296015625 0.45729662812500005 0.7922904578125001 0.45308529531249997 0.7786251 0.44182523749999997 0.7870754953125 0.44291977187500003 0.7902163984375
4 0.5164797484375 0.749546278125 0.532164009375 0.753397221875 0.5369387328124999 0.7345116625 0.5211251890625 0.7305721234375 0.5164797484375 0.749546278125
13 0.4979775453125 0.761305425 0.50836348125 0.75368058125 0.5024278625 0.7352084234375 0.4923847046875 0.742543521875 0.4979775453125 0.761305425
10 0.509280734375 0.7437561234375 0.5130670312500001 0.7552768265625 0.5196231828125 0.72909133125 0.513221596875 0.7276401671875 0.509280734375 0.7437561234375
12 0.5567263046875001 0.6938873046875 0.5261078171875 0.6862967375 0.5192639140625 0.7134942421875 0.5272021171875 0.71542836875 0.527870578125 0.71298629375 0.5504944703125 0.7187591109375 0.5567263046875001 0.6938873046875
10 0.5585043187500001 0.756671465625 0.578418109375 0.76161720625 0.5821218203125 0.7468205671875 0.5622391343750001 0.74192445 0.5585043187500001 0.756671465625
2 0.47402982656250003 0.8176593359375 0.46486713125 0.78806516875 0.4415758421875 0.8055852937499999 0.450776896875 0.8347155875000001 0.4565213703125 0.83078704375 0.45605252343749997 0.8294768906250001 0.4686557390625 0.8200119203125 0.468978284375 0.82128881875 0.47402982656250003 0.8176593359375
10 0.4916708703125 0.7415507140625001 0.5037274375 0.7323922921875 0.5029295281249999 0.7296892828125 0.49066889375 0.7385552750000001 0.4916708703125 0.7415507140625001
8 0.5655888203125 0.809087659375 0.569666775 0.8101961953125001 0.5699897515625 0.808558496875 0.5906813078125001 0.81371748125 0.5903203140625 0.81516534375 0.5954446890625 0.81644299375 0.5967031671874999 0.8115634421875001 0.5956653859375 0.8112757078125 0.6060231546875 0.7693066953125001 0.54653709375 0.754898671875 0.543550328125 0.76661958125 0.5742821328125001 0.7742206890625 0.5655888203125 0.809087659375
10 0.5519256421875001 0.7202914859375 0.5666254546875 0.723692465625 0.5675618453125 0.7200595234375 0.5528850140625 0.71644365625 0.5519256421875001 0.7202914859375
10 0.45648976250000006 0.7556570921875 0.45916014374999997 0.753601428125 0.4559950171875 0.743361225 0.453215925 0.745497675 0.45648976250000006 0.7556570921875
1 0.5679279453125 0.7266839265625 0.577812471875 0.729175790625 0.5819396828125 0.7129001734375 0.5718409578125 0.710272775 0.5679279453125 0.7266839265625
8 0.47526656562499997 0.8167551078124999 0.4781574828125 0.8146674734375001 0.47774330000000004 0.8135062171874999 0.49617451093750004 0.7997518796875001 0.49668227187499997 0.8008736656250001 0.4994978609375 0.7989202296875 0.4900685734375 0.7684383234375 0.4973251515625 0.7627853046874999 0.49453710624999997 0.753764740625 0.45558924218749997 0.7824491375 0.4584797796875 0.7917432453125001 0.4657549328125 0.7860996890624999 0.47526656562499997 0.8167551078124999
10 0.43818305312500005 0.7942947515625 0.441762471875 0.7914930953125 0.4406531046875 0.7876689328125 0.436881065625 0.7903001781250001 0.43818305312500005 0.7942947515625
10 0.2199061609375 0.6096316328125 0.219366409375 0.5974775265625001 0.22042391874999998 0.59720173125 0.2203524453125 0.5962418656249999 0.200921478125 0.6021220046875 0.2015395484375 0.6164744203125 0.20807163125 0.6145409921875 0.20831299374999998 0.6198766250000001 0.215469459375 0.61771239375 0.215239065625 0.6123456796875 0.22098529843749998 0.6105995765625 0.2209007296875 0.6093047171875 0.2199061609375 0.6096316328125
10 0.1997226859375 0.7474842453125 0.2011632265625 0.741661340625 0.1899654734375 0.7449661515625 0.1997226859375 0.7474842453125
10 0.2419862625 0.7190774265625001 0.23963910781250003 0.7282782125 0.2423191234375 0.7288707296875 0.24662633281250002 0.7113823203125 0.2321329015625 0.7077413265625 0.230082659375 0.7160354484375 0.2419862625 0.7190774265625001
10 0.2330693921875 0.70067195625 0.231977025 0.7051500828124999 0.237313996875 0.7064275984374999 0.23838828125 0.7021188796875 0.2330693921875 0.70067195625
10 0.2387865203125 0.6702884734375 0.23581197031249998 0.682147696875 0.2385256171875 0.6813910875 0.2411542984375 0.6709255265625 0.2387865203125 0.6702884734375
13 0.31250264375 0.746462846875 0.3103771328125 0.7549878046875 0.3203851890625 0.7574621578125 0.32251943125000004 0.7489603125000001 0.31250264375 0.746462846875
8 0.1861344875 0.746070596875 0.1806345484375 0.6297456296874999 0.141031 0.641528734375 0.141146078125 0.6455236796875 0.1422444765625 0.6451872234375 0.1438171015625 0.6804285578125 0.14280624687500001 0.6807691250000001 0.142932003125 0.68486979375 0.1741769921875 0.6752088578125 0.177264178125 0.7431600953124999 0.14609410312499999 0.752630365625 0.14620581562499999 0.754300759375 0.1471382453125 0.7539905578125 0.1477446140625 0.766019565625 0.1466436640625 0.76651480625 0.1469106078125 0.770352765625 0.1517082421875 0.771513521875 0.15206885781249999 0.770067175 0.1769698078125 0.7762402515625 0.1766498265625 0.7778207265625 0.17808967343749998 0.7780911515625 0.1861344875 0.746070596875
7 0.20906619375000002 0.659734990625 0.2090722390625 0.6609056015625 0.22315558124999998 0.656677709375 0.22272388906249999 0.6482043921875 0.22165356093750002 0.6485832734375 0.2207145375 0.6276837343749999 0.2218770015625 0.627380965625 0.2213264375 0.617304715625 0.1806640890625 0.6297175671875 0.1824367328125 0.6678381265625 0.1844167375 0.6671240468749999 0.1847264109375 0.673212634375 0.20152379062499998 0.66824594375 0.2013586734375 0.6618294640625 0.20906619375000002 0.659734990625
2 0.2239407 0.7404046953125001 0.22153609687500003 0.7498488125 0.2346972484375 0.75313025625 0.23706096250000003 0.7437467984375 0.2239407 0.7404046953125001
6 0.2537525390625 0.73267471875 0.26386783281250004 0.6920011515625 0.254963853125 0.6897811390624999 0.24942044062500002 0.71201455625 0.24743744374999999 0.71159099375 0.243179365625 0.728869428125 0.2459711734375 0.729459221875 0.2456672921875 0.7307296953125 0.2537525390625 0.73267471875
8 0.2390911921875 0.7307728874999999 0.23635508437500002 0.7421537093749999 0.2670467515625 0.7498060015625 0.2552581 0.797287921875 0.25737910468749997 0.7978167484375 0.257745390625 0.7963476593750001 0.284111684375 0.8029601640624999 0.2837302140625 0.8043868171874999 0.2881162546875 0.80548038125 0.3026388109375 0.7467298125 0.2390911921875 0.7307728874999999
2 0.3040842078125 0.7479855359375 0.2896800921875 0.8058606265625 0.29262662968750003 0.806630709375 0.2929418515625 0.805314753125 0.311676128125 0.8099664093750001 0.31139955625 0.811275896875 0.31942728125 0.8133482890625 0.3299648703125 0.7710843296875 0.306602703125 0.765224059375 0.3105340328125 0.7496113703125 0.3040842078125 0.7479855359375
12 0.2729406921875 0.6430820296875 0.26454978281249997 0.67673613125 0.27400864999999996 0.679094490625 0.2823822078125 0.6455681109375 0.2729406921875 0.6430820296875
5 0.2631934453125 0.63894159375 0.2653189984375 0.639471553125 0.2564614578125 0.674719484375 0.2420670484375 0.6712561609375001 0.239256596875 0.68252826875 0.21314015468749997 0.690479115625 0.21373519062500002 0.7043620125000001 0.23181768749999998 0.6988848046875 0.239768096875 0.7009443609375 0.2383222359375 0.70674339375 0.24828940312499997 0.7092784078125 0.25386305625 0.6869237046875 0.2710080578125 0.6911227484375 0.274007134375 0.6790941125 0.26454675 0.676735375 0.2729433296875 0.6430585328125 0.282379521875 0.6455143 0.2862550015625 0.6296799531249999 0.266763015625 0.624766915625 0.2631934453125 0.63894159375
3 0.2189676015625 0.589466521875 0.2185905359375 0.5804834671875 0.2196328265625 0.5801136984374999 0.21930198750000002 0.5735158 0.200021771875 0.5792757125 0.200620784375 0.601241865625 0.2203357296875 0.5949784171875 0.22010332031250002 0.5894195703125 0.2189676015625 0.589466521875
10 0.20178144374999998 0.6208520359375 0.20187947031250003 0.62185395 0.2073502640625 0.620211478125 0.20720324843750001 0.6160539796875 0.1950158671875 0.61970465 0.195187559375 0.6227362375000001 0.20178144374999998 0.6208520359375
10 0.2041980765625 0.7340684328125 0.2044093875 0.7398217 0.22123030781250003 0.743912565625 0.22527985468749998 0.7276707250000001 0.2041980765625 0.7340684328125
13 0.3293146 0.7693328 0.3337303984375 0.7515703312500001 0.322849440625 0.7488574046875 0.3184633390625 0.7668366203125 0.3293146 0.7693328
2 0.24526676093750002 0.74575730625 0.24296062499999999 0.7551035890625 0.256101365625 0.7584669015625 0.2584116265625 0.749052403125 0.24526676093750002 0.74575730625
13 0.178872465625 0.58555674375 0.1798044609375 0.6013368890625 0.19954388125 0.5954209328125 0.1988859953125 0.5798331265625001 0.178872465625 0.58555674375
10 0.3214924578125 0.699258959375 0.3148847421875 0.7254058328124999 0.3269554 0.7283397 0.32918624375 0.7191855984375 0.330273278125 0.7194566265625 0.33446065625 0.7024423750000001 0.33118895625 0.7016524140625 0.330829146875 0.7031730359374999 0.3223530484375 0.7010065671875 0.32271857812500004 0.6995405109374999 0.3214924578125 0.699258959375
2 0.2646387859375 0.6922287984375 0.2547265078125 0.7321333234375 0.2753201109375 0.7370070109375 0.2869180921875 0.6906386015625 0.2849020859375 0.6901536687500001 0.2845577578125 0.6915863640625 0.27610973125 0.6894623203125 0.2764889296875 0.6880383203125 0.2737918109375 0.687365853125 0.2721107984375 0.6940563531249999 0.2646387859375 0.6922287984375
13 0.1866404609375 0.71561006875 0.1873204390625 0.7295785578125 0.19367404531250001 0.727669875 0.19306185625 0.7136297203125 0.1866404609375 0.71561006875
10 0.31442444375 0.726825715625 0.309151646875 0.747922075 0.310931534375 0.74836585 0.31613307343749997 0.727251725 0.31442444375 0.726825715625
7 0.31621909375 0.715862346875 0.31845819999999997 0.706591140625 0.3130196421875 0.7052754140624999 0.3149725234375 0.6976301375 0.31078165156250004 0.69654175625 0.310375225 0.6980555875000001 0.2957434578125 0.694388153125 0.29613321875 0.6928894921875 0.2878345640625 0.690863884375 0.27556784375 0.7398305 0.302552784375 0.7467260765625 0.3027191421875 0.7461169796875 0.307424384375 0.7473964109375 0.3153723859375 0.7156931078125 0.31621909375 0.715862346875
13 0.23032969374999998 0.7177572953125 0.224976834375 0.739291028125 0.23535921875 0.741626825 0.24062204375000001 0.7203444015625 0.23032969374999998 0.7177572953125
10 0.2162192359375 0.613219703125 0.2163632625 0.6174473125 0.221246059375 0.6160447171875 0.22109443906249998 0.6117958906250001 0.2162192359375 0.613219703125
10 0.21000571406250002 0.6610497734375 0.20232899531249998 0.6633113484375001 0.2025303 0.669421225 0.1983420421875 0.6706668703124999 0.1993224921875 0.69355100625 0.21111575624999998 0.6899051328125 0.21098670312499998 0.6877811328125001 0.2100754609375 0.6880386453125 0.2096519984375 0.6787960296875 0.21080539062499998 0.6785296484375001 0.21000571406250002 0.6610497734375
2 0.242557490625 0.7564298328125 0.23371564375 0.7919248359375 0.23675354531249998 0.79274829375 0.2370570171875 0.7914277984375 0.2516853421875 0.7950444531249999 0.25137771249999996 0.7963816265625 0.2543124671875 0.797095628125 0.2658430703125 0.7508489093749999 0.259301934375 0.7492534484375 0.256684325 0.7598489859375 0.242557490625 0.7564298328125
2 0.22132010625 0.7510767859375 0.212374503125 0.7866972921875 0.21528684999999997 0.7873332421875 0.21563580781249997 0.7860305296875 0.23024783906250001 0.789647953125 0.229879225 0.7910295031250001 0.23287382499999998 0.7916972343750001 0.2444893125 0.7454459124999999 0.23796524843750003 0.7438788625 0.235287853125 0.7546173078125 0.22132010625 0.7510767859375
2 0.15978680781250001 0.7119727250000001 0.14446496250000002 0.716711484375 0.14494376874999998 0.7265782140625 0.146024396875 0.7263065734375 0.146920803125 0.7469313921875 0.14581456875 0.7474607437499999 0.1460111015625 0.751419634375 0.1762612671875 0.7422804000000001 0.1749777125 0.7135073859375 0.16001757656249999 0.7179321359374999 0.15978680781250001 0.7119727250000001
3 0.31694576093750004 0.7275574125000001 0.31265662656250004 0.7448635296874999 0.3223455171875 0.747209996875 0.32661159687499997 0.730002803125 0.31694576093750004 0.7275574125000001
3 0.33015859999999997 0.71969051875 0.32328845781250004 0.7473420375 0.3341565046875 0.75001631875 0.3408894640625 0.7223660234375 0.33015859999999997 0.71969051875
5 0.3030896140625 0.0221807296875 0.2914051640625 0.069044496875 0.25650221875 0.0603921359375 0.246460053125 0.1004494640625 0.2558651140625 0.1028169546875 0.25872205937500004 0.0913583671875 0.2842877875 0.0976553234375 0.2814570125 0.10915103125 0.301658840625 0.1141363828125 0.3233521015625 0.027206968749999998 0.3030896140625 0.0221807296875
10 0.28779487187499997 0.018246546875 0.2835889015625 0.0346249125 0.2973977765625 0.03802759375 0.3013927390625 0.0217657015625 0.28779487187499997 0.018246546875
10 0.4365285359375 0.09101662187500001 0.43320503906249996 0.104197884375 0.44257409687499993 0.10656122812499999 0.44585398749999994 0.09334171718749999 0.4365285359375 0.09101662187500001
3 0.438870353125 0.1506611046875 0.43025844687500003 0.1854147140625 0.44969275625 0.19021031093750002 0.4583247828125 0.1555116390625 0.438870353125 0.1506611046875
6 0.29659620000000003 0.15533540625 0.2962151734375 0.156863621875 0.31249188437500003 0.1609218609375 0.3328008484375 0.0794670515625 0.314705190625 0.0749214796875 0.3036055125 0.1194398609375 0.299832025 0.1185827625 0.29104279375000003 0.1539829921875 0.29659620000000003 0.15533540625
10 0.7700909375 0.16240025625 0.769356865625 0.1635618609375 0.763620325 0.1866215359375 0.79779855625 0.1950545578125 0.7987745281249999 0.1910884828125 0.7700909375 0.16240025625
10 0.635731390625 0.1484807078125 0.6323939703125 0.1618147015625 0.638561021875 0.16333460625000001 0.641861365625 0.15009765 0.635731390625 0.1484807078125
3 0.5974936703125 0.1651326109375 0.5968785953125 0.1680968609375 0.5838293046875 0.16492221406250002 0.5845575937499999 0.16180744375 0.5746060140625 0.1593520015625 0.567707928125 0.18716080625 0.59886655 0.1949295234375 0.605777996875 0.1672738109375 0.5974936703125 0.1651326109375
7 0.6811838031249999 0.270237075 0.6915978296875 0.2285397421875 0.685162259375 0.226682353125 0.6864194968749999 0.221639846875 0.684259071875 0.2211011921875 0.689774184375 0.199058790625 0.691944478125 0.19962245 0.6944781859375 0.189389253125 0.683714253125 0.186555740625 0.6829373671875001 0.18952956875 0.6492621062499999 0.18123644375 0.6500908671875 0.17819664531249998 0.637288634375 0.174980534375 0.6157397953125 0.2619701109375 0.67056875625 0.2757194125 0.6724450765625 0.2680582671875 0.6811838031249999 0.270237075
10 0.6948612093750001 0.2006024953125 0.68921904375 0.2230834375 0.723702509375 0.2317841921875 0.729114 0.21007988906250002 0.6948612093750001 0.2006024953125
2 0.8022931906249999 0.26597672499999997 0.7844234390625 0.29624814375 0.8066191843749999 0.318321903125 0.8121449265624999 0.3088894546875 0.8105129078125 0.3073617546875 0.8460419328125001 0.2471722421875 0.84776275 0.24889277812500002 0.851061703125 0.2430436875 0.8213062750000001 0.21354553906249998 0.7945090171875 0.2583224484375 0.8022931906249999 0.26597672499999997
2 0.6749531078125 0.30050378437499997 0.6610754 0.35602860000000003 0.6669574234375 0.3574709984375 0.6676243734375 0.354440775 0.6972134515625 0.36179400625 0.696485128125 0.3648572375 0.702330765625 0.3662905640625 0.7066618828125 0.34885481406249996 0.7149548640625001 0.3508967203125 0.7243892640625 0.3127796828125 0.6749531078125 0.30050378437499997
10 0.7630257265625 0.1890063421875 0.7574112765625001 0.2115698796875 0.7915213750000001 0.22012762343749998 0.7971589109375 0.1975167 0.7630257265625 0.1890063421875
10 0.7388926703124999 0.1255068203125 0.73540589375 0.1315796171875 0.7488837328125 0.1448484046875 0.7507211609375 0.1374078390625 0.7388926703124999 0.1255068203125
10 0.79994451875 0.2667872953125 0.79325765625 0.26007328749999997 0.7854407734375 0.2911732 0.79994451875 0.2667872953125
9 0.60728040625 0.16759687343750002 0.6003989515625 0.1953389703125 0.6210938687499999 0.20041988593750001 0.6254546015625 0.1830720375 0.6331434671875 0.185037396875 0.635735434375 0.1746415875 0.6260604765625 0.172155275 0.62519126875 0.1753572953125 0.6081158640625 0.1709501578125 0.6088624375 0.16798165625 0.60728040625 0.16759687343750002
13 0.7457808203125 0.2677049171875 0.74153546875 0.2847320921875 0.7616812171875 0.289729225 0.7659110296875 0.2726997875 0.7457808203125 0.2677049171875
11 0.6985967093750001 0.1857364859375 0.6954096562500001 0.198344671875 0.7143759046875 0.20307348906249997 0.7225323421875001 0.17018541874999998 0.7021360046875 0.1650372375 0.6970707125 0.185269053125 0.6985967093750001 0.1857364859375
2 0.2527310203125 0.1763830375 0.24800711718750001 0.19532957812500001 0.274341184375 0.2019163328125 0.2790700015625 0.1829500828125 0.2527310203125 0.1763830375
13 0.770951715625 0.2549047125 0.76218861875 0.290284084375 0.7826148609375 0.2953769171875 0.7913875531250001 0.26019156875 0.770951715625 0.2549047125
6 0.7525408687499999 0.21518333125 0.745028490625 0.2453977953125 0.7813134374999999 0.2545332171875 0.788866315625 0.22424028125 0.7525408687499999 0.21518333125
2 0.6924782171875 0.23162886249999998 0.68280640625 0.27065934999999997 0.7158176859375 0.2788899859375 0.7255217421875 0.2399110171875 0.6924782171875 0.23162886249999998
8 0.615646184375 0.26195804375 0.5962932984375 0.3397526125 0.602111321875 0.34126440156250004 0.602762396875 0.3382978546875 0.65299255625 0.3506960328125 0.65219950625 0.35387678437500003 0.6580447406250001 0.355272971875 0.6724871 0.2973478328125 0.7693860296875 0.321695859375 0.7549601890625001 0.3793739046875 0.7684988453125 0.3827494703125 0.7713039921875 0.37806713593749997 0.769655553125 0.3763404921875 0.7994936796875 0.3256968421875 0.8011569796875 0.32755118906249997 0.8043481343750001 0.3220246625 0.7823006359375 0.30006677187499997 0.671357671875 0.27259399218749997 0.670595309375 0.2757614609375 0.615646184375 0.26195804375
6 0.7323919906249999 0.21003082499999998 0.7250298296875 0.239281115625 0.7272035328124999 0.2398440140625 0.7163686671875 0.2836361375 0.732771221875 0.2877386359375 0.7339292328125 0.283391209375 0.7394348796875 0.28472849375 0.7484718625 0.248586478125 0.742976046875 0.2472162171875 0.7511346109375 0.2146942234375 0.7323919906249999 0.21003082499999998
10 0.8001040109374999 0.1924215875 0.7858615671875 0.2494674078125 0.794310359375 0.25160130468749997 0.8185228453125 0.21062284999999997 0.8001040109374999 0.1924215875
1 0.774052809375 0.4113424296875 0.86537763125 0.2572332 0.8535299375 0.24552546406250003 0.7694087749999999 0.38760605 0.532435609375 0.32846242187499997 0.5271216437499999 0.349775575 0.774052809375 0.4113424296875
2 0.5840117890625 0.33358898593749997 0.5832546015625 0.33654839999999997 0.5932122609375 0.33903112343749997 0.6129157546874999 0.260146815625 0.5532032109375 0.24535542656249998 0.533522396875 0.32414876875 0.5455309734375 0.3271895421875 0.5462627375 0.324177090625 0.5840117890625 0.33358898593749997
3 0.5900237374999999 0.19535121718749998 0.5670795640625 0.1894872734375 0.5537905624999999 0.24289635 0.5767047062499999 0.2486159296875 0.5900237374999999 0.19535121718749998
13 0.6132918453125 0.25740478906250003 0.6220376671875 0.22227554375 0.6155920984375001 0.220787646875 0.6199629468750001 0.2032571328125 0.591946396875 0.1962428359375 0.5786264375 0.24863934531249998 0.6132918453125 0.25740478906250003
2 0.72603305625 0.31314926718749997 0.7159426125 0.3535681578125 0.7076669843750001 0.3513985296875 0.703827103125 0.366599228125 0.7181143624999999 0.37021458281249997 0.71884763125 0.36718318125 0.7482836328125 0.3745755421875 0.7475457703124999 0.37753494375 0.7533944890625001 0.379046334375 0.7672252078125 0.3235226859375 0.72603305625 0.31314926718749997
1 0.6434236875 0.15047751874999998 0.6383882812499999 0.17062821875 0.6954712203125 0.1848380484375 0.7004846609375 0.16471085937500002 0.6434236875 0.15047751874999998
1 0.6368343578125 0.1703438421875 0.6379795968749999 0.16557615625 0.63031159375 0.1636433734375 0.6341206109375 0.1481789359375 0.5807903015625 0.13480006875 0.575710965625 0.15499778749999998 0.6368343578125 0.1703438421875
13 0.7502439015625 0.249804478125 0.7459833406249999 0.2667505625 0.7661446765625 0.27182726874999996 0.7703631 0.25476600625 0.7502439015625 0.249804478125
10 0.6230409421875 0.21953690781250002 0.6273977109375 0.20191431406250002 0.6289054375 0.20225480468749998 0.6326612734375 0.1871909640625 0.6264850281250001 0.185514175 0.618339946875 0.21838253124999998 0.6230409421875 0.21953690781250002
10 0.767760453125 0.162608265625 0.77887118125 0.14394493749999998 0.785375503125 0.1502478875 0.793936559375 0.13575248125 0.74071284375 0.122540290625 0.740166278125 0.12357633906250001 0.75284758125 0.1363131890625 0.735392059375 0.2061619984375 0.75568865625 0.21119352343750003 0.767760453125 0.162608265625
3 0.4394640765625 0.1253256046875 0.434175325 0.146957446875 0.460474090625 0.15345327343749998 0.45120175937500007 0.19077173593750002 0.475304709375 0.196496246875 0.48981949843750006 0.1380480953125 0.4593387875 0.130195578125 0.4585439203125 0.133499871875 0.44185676875 0.12940210000000002 0.44267019531249996 0.1260815 0.4394640765625 0.1253256046875
13 0.4254175765625 0.206367553125 0.421168546875 0.223570946875 0.44122063593750005 0.2284787046875 0.44555346875 0.2113590078125 0.4254175765625 0.206367553125
2 0.3342813296875 0.079871603125 0.3142780765625 0.159951725 0.355584884375 0.1700590390625 0.3725331515625 0.1022834734375 0.3682619640625 0.1012330390625 0.367465921875 0.1044774578125 0.35085757812499996 0.10035424531249999 0.35165513593750003 0.09711020625 0.3444188328125 0.0952737859375 0.3475208515625 0.0830324875 0.3342813296875 0.079871603125
0 0.10935718593749999 0 0 0.43860771875 0 0.8906428140625 0.43860771875 1 0.8906428140625 1 1 0.5613922812500001 1 0.10935718593749999 0.5613922812500001 0 0.10935718593749999 0
10 0.25978187343750003 0.09412828906250001 0.25751385625 0.1032248109375 0.27975405625 0.1087087234375 0.2819989796875 0.0996467015625 0.25978187343750003 0.09412828906250001
8 0.41012635937499997 0.1906321125 0.355934278125 0.174838665625 0.2832364125 0.1567517 0.27736810625 0.17999108749999998 0.3389015078125 0.195294440625 0.32154732343750003 0.264788478125 0.3290933359375 0.2667778015625 0.32980592343750004 0.2634030734375 0.3795669328125 0.2758098875 0.378751515625 0.27897700937500003 0.38751868906250003 0.28119672812499996 0.41012635937499997 0.1906321125
1 0.44433852656250006 0.1155214265625 0.442884853125 0.12155201093750001 0.46718919999999997 0.127540909375 0.4739687453125 0.1004465234375 0.447377659375 0.093728053125 0.44206136406249996 0.114953665625 0.44433852656250006 0.1155214265625
10 0.28895482031249997 0.13378412343749999 0.2842697171875 0.152361909375 0.28947137968750003 0.1536072984375 0.2983318578125 0.1182119484375 0.269022846875 0.1108786265625 0.2647615296875 0.12782774375 0.28895482031249997 0.13378412343749999
4 0.3264134515625 0.02795575625 0.31584990625 0.0705240390625 0.34709563593750004 0.0782081921875 0.3576642203125 0.0358199140625 0.3264134515625 0.02795575625
2 0.2901926140625 0.20823572812500002 0.27876789375 0.25412236875 0.2849156390625 0.255674496875 0.2857370390625 0.25238004062499997 0.3146579171875 0.25959082499999997 0.3138789671875 0.262895865625 0.31998230156249996 0.264335471875 0.336758525 0.1971659734375 0.32359319062499997 0.1938625515625 0.3183013046875 0.21533258125 0.2901926140625 0.20823572812500002
13 0.429859428125 0.188455378125 0.4256542546875 0.20549579062499998 0.44575421249999997 0.2105926203125 0.4500073875 0.1933532234375 0.429859428125 0.188455378125
1 0.4405805375 0.11460216875 0.44198094374999997 0.10883689218749999 0.43129552968749996 0.10612118749999999 0.4351026828125 0.09070298437499999 0.35246679531249997 0.07002868906250001 0.3491984921875 0.082995046875 0.35069374375 0.08338556875 0.34865939687499997 0.0916482265625 0.4405805375 0.11460216875
13 0.265571596875 0.1311795296875 0.25490047968749996 0.17383049374999998 0.2755112484375 0.17888076718749998 0.28627935 0.1361831296875 0.265571596875 0.1311795296875
10 0.283049246875 0.0370024828125 0.27663080624999997 0.06282295 0.2903335625 0.0662120546875 0.2966975234375 0.040532596875 0.283049246875 0.0370024828125
10 0.7790767078124999 0.147144384375 0.771201546875 0.16040015000000002 0.7763760640624999 0.16546170468750002 0.784169815625 0.15231285625 0.7790767078124999 0.147144384375
2 0.41311799843749997 0.1914086078125 0.3906441578125 0.28206295312499996 0.3966024 0.2835807171875 0.3974109484375 0.28033780625000004 0.4346680125 0.28959805 0.433940571875 0.2928579609375 0.4502267203125 0.296858971875 0.4651137375 0.23735062812500002 0.41848537031250005 0.22576835 0.4262298953125 0.1947067578125 0.41311799843749997 0.1914086078125
7 0.42001920468750004 0.11401679375 0.4192072953125 0.11733777187500001 0.39018821875 0.1100493625 0.3910369734375 0.10686478749999999 0.3741754796875 0.1027364296875 0.3561404453125 0.1748578625 0.410230953125 0.190632425 0.41082786875000005 0.1883158328125 0.42003015625 0.1906375953125 0.4356356296875 0.12804745625 0.437948703125 0.1284711890625 0.44024049062500004 0.11920828750000001 0.42001920468750004 0.11401679375
11 0.4756060296875 0.10071303437500001 0.46824971406250004 0.13021760625 0.490496775 0.1357644203125 0.49780197968750006 0.106335675 0.4756060296875 0.10071303437500001
2 0.29556426875 0.18705934531249999 0.2907994515625 0.20602789062500002 0.317233165625 0.21258312968749998 0.32191347187499997 0.19361122656250002 0.29556426875 0.18705934531249999
2 0.24738177499999997 0.1976374734375 0.23592635781250001 0.2435245109375 0.242031640625 0.245046728125 0.24285228593750002 0.24175530312500002 0.2718474390625 0.24896528281250002 0.2710904453125 0.25223392968749997 0.27722150156250003 0.253762575 0.2939237609375 0.1864892875 0.28074478125 0.1831824640625 0.27547601875 0.2046630890625 0.24738177499999997 0.1976374734375
3 0.47467197812500006 0.19910504375 0.4506328203125 0.19298258125 0.441665159375 0.229079078125 0.46563755625000003 0.23510115781250002 0.47467197812500006 0.19910504375