13 0.49265 0 0.49230625000000006 0.012912499999999999 0.49515624999999996 0.011221875000000001 0.49489375 0.0219671875 0.5073203125 0.014296875 0.5076828124999999 0 0.49265 0
10 0.331721875 0.586284375 0.3299875 0.5859156249999999 0.32775 0.5963078125 0.3295171875 0.5966609375 0.331721875 0.586284375
10 0.265709375 0.9202546875 0.2590515625 0.9187625 0.2579828125 0.92395625 0.264653125 0.9253734375 0.265709375 0.9202546875
2 0.268534375 0.697334375 0.2676546875 0.6972828125 0.2653875 0.7080453125 0.284396875 0.7120859375 0.293353125 0.6700437499999999 0.27435312500000003 0.6659390625 0.272459375 0.6747734375000001 0.273290625 0.6748624999999999 0.268534375 0.697334375
10 0.4650234375 0.051971875 0.465346875 0.03949375 0.46149218750000004 0.04171875 0.461659375 0.0349171875 0.4471765625 0.043628125000000004 0.4467890625 0.0627390625 0.448140625 0.061865625 0.44818749999999996 0.06038125 0.45404375 0.0568171875 0.45394843749999997 0.0587125 0.4650234375 0.051971875
2 0.4124203125 0.10025781250000002 0.4070765625 0.09903125 0.4020625 0.12261718749999999 0.407378125 0.123790625 0.4124203125 0.10025781250000002
13 0.4360453125 0.0395859375 0.42714375000000004 0.044975 0.42696249999999997 0.055279687499999994 0.435840625 0.04983125 0.4360453125 0.0395859375
2 0.40635937499999997 0.0990375 0.386175 0.094634375 0.385121875 0.09982656250000001 0.38585625 0.100025 0.3803046875 0.1262046875 0.3795265625 0.125996875 0.37843593750000004 0.1313375 0.40464374999999997 0.13705625 0.4070921875 0.1253828125 0.401003125 0.1240890625 0.40635937499999997 0.0990375
10 0.41346875 0.060884375000000004 0.416775 0.0615640625 0.41723906250000004 0.0433703125 0.41346875 0.060884375000000004
13 0.41811718750000004 0.039659375000000004 0.4175984375 0.0612625 0.42658593749999996 0.055484374999999996 0.4270484375 0.034046875 0.41811718750000004 0.039659375000000004
10 0.45277500000000004 0.104184375 0.446053125 0.102725 0.4459140625 0.1071484375 0.45184375 0.10844218750000001 0.45277500000000004 0.104184375
10 0.436025 0.0875046875 0.4209203125 0.09655 0.42085156250000005 0.098809375 0.435421875 0.1020140625 0.435640625 0.1010375 0.436025 0.0875046875
1 0.410828125 0.27966718749999997 0.4025234375 0.2779328125 0.39832968750000003 0.2977390625 0.406575 0.299490625 0.410828125 0.27966718749999997
10 0.4351265625 0.10370937499999999 0.43258125 0.1032125 0.43058125 0.1127609375 0.43302500000000005 0.11328125 0.4351265625 0.10370937499999999
10 0.42164375 0.12466250000000001 0.4164390625 0.1234609375 0.4154640625 0.1282421875 0.42539375 0.1302578125 0.43093125 0.104275 0.42622499999999997 0.10330625 0.42164375 0.12466250000000001
2 0.41715625 0.039959375000000005 0.39874375 0.0358015625 0.39794687500000003 0.0393578125 0.3987640625 0.039554687500000005 0.389290625 0.084209375 0.3884609375 0.0840328125 0.386846875 0.09144218750000001 0.40917343749999996 0.0962765625 0.416246875 0.06321875 0.4124890625 0.062242187500000004 0.41715625 0.039959375000000005
10 0.493434375 0.0479375 0.490765625 0.049484375000000004 0.49054062500000006 0.05742968750000001 0.493221875 0.0558625 0.493434375 0.0479375
13 0.4362875 0.028646875 0.42742812499999994 0.0341046875 0.42718437500000006 0.04441875 0.4360734375 0.03905625 0.4362875 0.028646875
1 0.455284375 0.0592703125 0.4548375 0.0791203125 0.4637515625 0.0737921875 0.46420625 0.053903124999999996 0.455284375 0.0592703125
10 0.4919328125 0.0255140625 0.4912875 0.025987500000000004 0.4910765625 0.0348703125 0.4937 0.0333390625 0.494175 0.0135546875 0.49224687500000003 0.014778125 0.4919328125 0.0255140625
13 0.370625 0.2899203125 0.3807 0.2920390625 0.3848453125 0.2725359375 0.374628125 0.2705359375 0.370625 0.2899203125
10 0.4004765625 0.2513140625 0.3885171875 0.24874999999999997 0.3878390625 0.25193906250000003 0.399825 0.25437656249999996 0.4004765625 0.2513140625
2 0.3982328125 0.1371171875 0.378103125 0.132853125 0.37690625 0.138315625 0.377659375 0.1384328125 0.37210624999999997 0.164640625 0.37134375 0.16452187499999998 0.3702359375 0.1697765625 0.3964609375 0.17535 0.3989296875 0.1636390625 0.392915625 0.16240468749999998 0.3982328125 0.1371171875
2 0.3896203125 0.2400765625 0.356796875 0.23314374999999998 0.35565156249999996 0.23843437500000003 0.3564015625 0.2385734375 0.3492765625 0.27214062499999997 0.34852343750000003 0.27206874999999997 0.3454203125 0.28647812500000003 0.36938593750000004 0.291571875 0.3783078125 0.2496921875 0.3871515625 0.251640625 0.3896203125 0.2400765625
13 0.388671875 0.2540515625 0.3838375 0.2530234375 0.3800375 0.2709546875 0.38485625 0.2720046875 0.388671875 0.2540515625
10 0.4160640625 0.25497187499999996 0.40125781250000003 0.2516671875 0.3967078125 0.273278125 0.40190937499999996 0.2742921875 0.4014953125 0.276240625 0.4111546875 0.2781984375 0.41238437499999997 0.27234375 0.41151875000000004 0.2721921875 0.41478125 0.2569859375 0.41561250000000005 0.2571625 0.4160640625 0.25497187499999996
4 0.46492187500000004 0.1068453125 0.45418281250000003 0.104484375 0.44808125 0.1331875 0.45881718749999995 0.13544375 0.46492187500000004 0.1068453125
2 0.43326875 0.155275 0.4106328125 0.1505296875 0.40295 0.18735625 0.42923437499999995 0.19300937499999998 0.4299921875 0.1894015625 0.4291765625 0.18925 0.43240468749999994 0.17410625 0.43320781249999996 0.1743203125 0.4342359375 0.169484375 0.4304453125 0.16865625 0.43326875 0.155275
6 0.46230937499999997 0.012687499999999999 0.4477125 0.0215171875 0.4472390625 0.042146875 0.461796875 0.033309375 0.46230937499999997 0.012687499999999999
6 0.41051562500000005 0.1490234375 0.4335859375 0.15388437500000002 0.436978125 0.13792500000000002 0.42437031249999996 0.1352453125 0.42508125 0.1317140625 0.4152703125 0.12971875 0.4142734375 0.13468906249999998 0.41355000000000003 0.1345578125 0.41051562500000005 0.1490234375
5 0.46680781250000003 0.13642812499999998 0.4659984375 0.14023593750000002 0.4460265625 0.1358671875 0.45143125 0.11010781249999999 0.44503906249999997 0.10874999999999999 0.4459734375 0.06639062500000001 0.4371875 0.0716765625 0.4365234375 0.1010140625 0.433446875 0.1152859375 0.43015781249999996 0.11458593749999998 0.4263296875 0.1324640625 0.43900625 0.1351578125 0.43252187500000006 0.1658625 0.4393421875 0.1673125 0.44294687499999996 0.1503578125 0.46204375000000003 0.1544171875 0.45838437499999996 0.171359375 0.4673796875 0.17314374999999999 0.4748375 0.138196875 0.46680781250000003 0.13642812499999998
6 0.43704687499999995 0.0495609375 0.43933906250000004 0.048175 0.43867968749999997 0.06770781249999999 0.4459734375 0.0632 0.4469484375 0.0210421875 0.4398453125 0.02524375 0.439790625 0.026690625000000003 0.43753906249999996 0.0281703125 0.43704687499999995 0.0495609375
2 0.4042734375 0.1384859375 0.39897031250000003 0.1374015625 0.393909375 0.160978125 0.39925625 0.1620484375 0.4042734375 0.1384859375
10 0.436309375 0.072303125 0.421228125 0.0814078125 0.42098125 0.09489375 0.4359515625 0.0857640625 0.436309375 0.072303125
3 0.3994515625 0.255865625 0.38963281250000004 0.253821875 0.3859859375 0.2711671875 0.3957484375 0.2731984375 0.3994515625 0.255865625
7 0.4069046875 0.251025 0.4121796875 0.25201875 0.41422499999999995 0.24228437500000002 0.41855000000000003 0.2432859375 0.4201734375 0.2357609375 0.41932187499999996 0.2355296875 0.4249078125 0.20929999999999999 0.42575312500000007 0.20950937500000003 0.4288875 0.19465 0.4011359375 0.1886484375 0.3907515625 0.2370625 0.3910921875 0.237159375 0.389234375 0.24562499999999998 0.407203125 0.2495203125 0.4069046875 0.251025
3 0.50761875 0.045354687500000004 0.513303125 0.041948437500000005 0.5132984375 0.043621875 0.5174859374999999 0.041028125 0.51824375 0.009721875000000001 0.5044171875 0.017496875000000002 0.5038750000000001 0.049395312499999997 0.5073937500000001 0.0472890625 0.50761875 0.045354687500000004
13 0.4250953125 0.10425781249999999 0.41288125000000003 0.10169062499999999 0.4090828125 0.12022031250000001 0.4211625 0.12271093749999999 0.4250953125 0.10425781249999999
10 0.41825625000000005 0.24474999999999997 0.4145734375 0.24409843750000002 0.4129390625 0.2521140625 0.4164921875 0.25291406250000004 0.41825625000000005 0.24474999999999997
12 0.46202812499999996 0.1544203125 0.4429453125 0.1503640625 0.4393421875 0.1673171875 0.45834843750000004 0.1713828125 0.46202812499999996 0.1544203125
8 0.4071859375 0 0.40067812500000005 0.0306828125 0.39976406249999996 0.030620312500000003 0.399271875 0.033171875 0.417415625 0.0371390625 0.47804531250000004 0 0.4558140625 0 0.4212296875 0.021026562500000002 0.4216984375 0 0.4071859375 0
3 0.401375 0.2761171875 0.385690625 0.272825 0.381571875 0.292290625 0.3972875 0.29535 0.401375 0.2761171875
10 0.4948390625 0.053159374999999995 0.5025359375 0.048498437500000005 0.5024703125000001 0.050228125 0.503084375 0.049812499999999996 0.5038015625 0.018282812500000002 0.494715625 0.023753125 0.4944484375 0.034365625 0.49106875 0.036417187499999996 0.49080312499999995 0.0480296875 0.4941984375 0.0459875 0.49399218749999996 0.0553078125 0.49481875000000003 0.0547671875 0.4948390625 0.053159374999999995
2 0.422440625 0 0.42200468750000003 0.019034375 0.44022812499999997 0.007993749999999999 0.44043124999999994 0 0.422440625 0
10 0.420821875 0.0644390625 0.4171890625 0.06656875 0.41084531249999995 0.0966828125 0.42005468749999997 0.09864062500000001 0.420821875 0.0644390625
6 0.43800156250000005 0.0678640625 0.4383828125 0.0501953125 0.42247812500000004 0.059773437500000005 0.422 0.0777921875 0.43800156250000005 0.0678640625
8 0.41500624999999997 0.1232890625 0.40853124999999996 0.12209218749999999 0.3968390625 0.17709375 0.369903125 0.1714578125 0.36909375 0.175259375 0.369928125 0.1754359375 0.35986093750000003 0.22269999999999998 0.35905624999999997 0.22248437499999998 0.35738593750000003 0.23034531249999998 0.390728125 0.2372109375 0.41500624999999997 0.1232890625
13 0.3835953125 0.252975 0.3787734375 0.25195 0.37493125 0.2698390625 0.379753125 0.270909375 0.3835953125 0.252975
6 0.32264375 0.61396875 0.31353437500000003 0.6121187499999999 0.30976875000000004 0.6302015625 0.31885625 0.6320234375 0.32264375 0.61396875
13 0.50861875 0 0.5082875 0.0138625 0.5181515625 0.0079453125 0.5183828125 0 0.50861875 0
7 0.47808124999999996 0 0.4670109375 0.006759375 0.46700937500000006 0.0099375 0.46314374999999997 0.012339062500000001 0.46245156249999997 0.039629687499999997 0.4664890625 0.037375000000000005 0.46605625 0.04995625 0.46532343750000005 0.050324999999999995 0.46478281250000003 0.0731875 0.4701625 0.06984375000000001 0.4701671875 0.068121875 0.48340625 0.060092187500000005 0.48333125 0.06199375 0.48973750000000005 0.05795312500000001 0.490996875 0 0.47808124999999996 0
10 0.2752734375 0.8383046875 0.2735390625 0.8379359375 0.27130156250000004 0.8483296875 0.27306718750000003 0.8486812499999999 0.2752734375 0.8383046875
13 0.23860312499999997 0.9517484375 0.23780312499999998 0.9554390625 0.2398640625 0.9558765625 0.24388593749999998 0.9367468750000001 0.2351578125 0.9348906250000001 0.23207343749999998 0.9492890624999999 0.23765312500000002 0.9505015625000001 0.237434375 0.9515796875 0.23860312499999997 0.9517484375
13 0.2674625 0.8448343749999999 0.2553328125 0.8422562499999999 0.2514703125 0.8605375000000001 0.26355 0.8630796875 0.2674625 0.8448343749999999
10 0.27273593749999997 0.8502453125 0.271009375 0.849878125 0.268621875 0.860934375 0.270365625 0.8612609375 0.27273593749999997 0.8502453125
13 0.23188124999999998 0.950171875 0.23107656250000003 0.954009375 0.236646875 0.9551921875 0.23745937499999997 0.9514453125 0.23188124999999998 0.950171875
13 0.28689375 0.71869375 0.28131875 0.7174203125 0.278965625 0.7286171875 0.284484375 0.7298109375 0.28689375 0.71869375
10 0.329153125 0.5984046875 0.327428125 0.5980375 0.3250375 0.609096875 0.32678124999999997 0.6094234375 0.329153125 0.5984046875
8 0.218421875 0.91523125 0.2381671875 0.9194000000000001 0.23538125000000001 0.9324468749999999 0.241378125 0.9337546874999999 0.25639218750000003 0.8633749999999999 0.2503890625 0.8620359375 0.24758125 0.87551875 0.22778593749999998 0.8712500000000001 0.22661875 0.876665625 0.2275703125 0.8768671875 0.2203671875 0.9105718749999999 0.2194546875 0.910465625 0.218421875 0.91523125
2 0.24960468750000003 0.8622484375000001 0.2463171875 0.86155 0.246715625 0.8596 0.24997656250000003 0.8601796875 0.254075 0.840915625 0.235165625 0.836721875 0.23402656249999998 0.8419656249999999 0.2348703125 0.8421203125 0.2300984375 0.8645734375 0.22929218750000002 0.8644015625 0.2281875 0.8695999999999999 0.2471390625 0.8736140625000001 0.24960468750000003 0.8622484375000001
2 0.2993125 0.548715625 0.29817499999999997 0.5540125 0.298965625 0.55420625 0.2941609375 0.5767578125 0.293315625 0.576603125 0.292246875 0.5817359375 0.31125156249999997 0.58566875 0.3157984375 0.5644250000000001 0.31827031250000004 0.5527453125 0.2993125 0.548715625
10 0.27794375 0.8256406249999999 0.27621406249999997 0.8253343750000001 0.273884375 0.836253125 0.2756140625 0.8365984375 0.27794375 0.8256406249999999
13 0.340821875 0.4786890625 0.3351765625 0.47759999999999997 0.3321078125 0.492125 0.3409109375 0.49395156250000005 0.34525625 0.47355468749999996 0.34321406250000003 0.4730765625 0.342159375 0.47803593749999995 0.3409859375 0.4778296875 0.340821875 0.4786890625
10 0.27077968750000003 0.844259375 0.268584375 0.8438125 0.26434531250000004 0.8637984375000001 0.266503125 0.864234375 0.27077968750000003 0.844259375
13 0.2724796875 0.8211453125 0.26034999999999997 0.8185671875 0.2564890625 0.8368515625 0.26856874999999997 0.8393921875 0.2724796875 0.8211453125
8 0.2431828125 0.7990828125 0.26293125 0.8032484375 0.26014375 0.8162984375000001 0.2661390625 0.8176078125 0.2811546875 0.7472265625000001 0.2751515625 0.7458859375 0.2723421875 0.759371875 0.2525484375 0.7551015624999999 0.2514921875 0.76020625 0.252284375 0.7604359374999999 0.2451328125 0.7939468749999999 0.24432187500000002 0.7937937500000001 0.2431828125 0.7990828125
10 0.2770828125 0.886409375 0.27566562499999997 0.8861078125 0.2746140625 0.8912875 0.2759734375 0.8914875 0.2770828125 0.886409375
10 0.2756125 0.8212875000000001 0.2734546875 0.8208062500000001 0.26924375 0.840796875 0.271396875 0.841209375 0.2756125 0.8212875000000001
4 0.29438437500000003 0.8667812500000001 0.283109375 0.8643578125 0.27726875 0.8918874999999999 0.288565625 0.8942640624999999 0.29438437500000003 0.8667812500000001
5 0.3205640625 0.630078125 0.33381875 0.6329203125 0.3381921875 0.61234375 0.33540156250000003 0.6118296875 0.3372765625 0.6030015625 0.352715625 0.6062000000000001 0.35580625 0.5917015625000001 0.3402625 0.5886890625000001 0.347509375 0.5549234375000001 0.33706875 0.552596875 0.33299375000000003 0.57188125 0.335459375 0.5724875 0.3272140625 0.61139375 0.32466093749999997 0.61090625 0.3205640625 0.630078125
7 0.29803125 0.77153125 0.28996875 0.7699499999999999 0.29138125000000004 0.76353125 0.278353125 0.7606859375 0.27195 0.7903453125000001 0.27278437499999997 0.790496875 0.2712828125 0.7979390625 0.2798484375 0.799734375 0.2795625 0.8010328124999999 0.29178125 0.803575 0.29326093750000004 0.796728125 0.3039234375 0.7989953125 0.30462500000000003 0.7955921874999999 0.30381874999999997 0.7953671875 0.3085671875 0.772909375 0.30941406250000003 0.773115625 0.3121859375 0.7599078125000001 0.301040625 0.7575375 0.29803125 0.77153125
5 0.2641703125 0.881796875 0.277428125 0.884640625 0.2818 0.864065625 0.279009375 0.86355 0.2808859375 0.8547218750000001 0.2962984375 0.8580453125 0.2993953125 0.84356875 0.2838703125 0.8404078125 0.2911171875 0.8066421874999999 0.280675 0.8043203125 0.2766 0.8236015625 0.27906875000000003 0.8242046875 0.2708203125 0.8631171875 0.2682703125 0.8626265625 0.2641703125 0.881796875
10 0.3344296875 0.5735671875 0.332703125 0.5732609375 0.330371875 0.5841796875 0.3321 0.5845265625 0.3344296875 0.5735671875
2 0.3568609375 0.505178125 0.3576171875 0.5053093750000001 0.36135625 0.4875984375 0.3605359375 0.48736406250000003 0.3642578125 0.4698609375 0.365071875 0.46997968749999997 0.36541875 0.4683453125 0.3479671875 0.464809375 0.34135624999999997 0.49605156250000004 0.3383 0.49536875 0.33595156249999997 0.5062859375000001 0.3557515625 0.5103984374999999 0.3565359375 0.5067062499999999 0.3568609375 0.505178125
13 0.29386718749999996 0.6996265625 0.2950359375 0.6997953125 0.293940625 0.7048453125 0.296015625 0.7052609375000001 0.30031875 0.68479375 0.291590625 0.6829390625 0.2885078125 0.6973374999999999 0.294084375 0.69855 0.29386718749999996 0.6996265625
12 0.3080171875 0.8029624999999999 0.2940359375 0.799878125 0.28536875 0.8404109375000001 0.29941249999999997 0.84335625 0.3080171875 0.8029624999999999
10 0.2908984375 0.7165812500000001 0.288371875 0.7160015625 0.286928125 0.7227515624999999 0.28945937499999996 0.723309375 0.2908984375 0.7165812500000001
2 0.3119015625 0.7162484375 0.3155984375 0.69878125 0.31646562500000003 0.698965625 0.3203109375 0.6811906249999999 0.319465625 0.6810484375 0.32058593750000003 0.67586875 0.30088125 0.6714156250000001 0.298546875 0.6824 0.3016234375 0.6829031249999999 0.295025 0.7143531249999999 0.3124015625 0.718084375 0.31274531250000004 0.7163125 0.3119015625 0.7162484375
11 0.2745359375 0.937034375 0.2642703125 0.9347765625 0.26130624999999996 0.948409375 0.27170937500000003 0.950578125 0.2745359375 0.937034375
6 0.2797734375 0.8019046875000001 0.27066406249999997 0.800053125 0.2669 0.818134375 0.2759859375 0.81995625 0.2797734375 0.8019046875000001
10 0.33349687499999997 0.63434375 0.33213750000000003 0.6340609374999999 0.33098125 0.6392546875 0.33238124999999996 0.639640625 0.33349687499999997 0.63434375
11 0.3154515625 0.7446046875000001 0.3051859375 0.742346875 0.3022203125 0.7559796875 0.312621875 0.758153125 0.3154515625 0.7446046875000001
13 0.293915625 0.6993953125 0.2883390625 0.698125 0.2859875 0.709321875 0.29150312500000003 0.7105125 0.293915625 0.6993953125
10 0.2959 0.8597625000000001 0.2819125 0.8567343749999999 0.2810828125 0.8606343750000001 0.2950671875 0.8636312500000001 0.2959 0.8597625000000001
11 0.3309734375 0.684853125 0.32070781249999997 0.6825984375 0.31774375 0.696228125 0.32814375 0.6984015625 0.3309734375 0.684853125
7 0.307834375 0.6393859375 0.3069390625 0.639240625 0.30055156250000004 0.669025 0.31374375 0.67174375 0.315128125 0.6653718750000001 0.3231390625 0.667075 0.32017656250000004 0.6811484375 0.331296875 0.6834890625 0.3342078125 0.6702546875000001 0.3333125 0.670065625 0.3380953125 0.6475625 0.33890625 0.647734375 0.3396234375 0.644271875 0.32901875 0.6419734375 0.3304390625 0.63515625 0.3093859375 0.6319453125 0.307834375 0.6393859375
8 0.2995890625 0.5471375 0.319334375 0.5513 0.316546875 0.5643515625 0.32254375 0.56565625 0.337559375 0.49527656249999996 0.3315578125 0.49393906249999997 0.328746875 0.5074203125000001 0.3089515625 0.50315 0.3078953125 0.508259375 0.3086875 0.5084875 0.3015171875 0.5420921875 0.30067343750000003 0.5419343750000001 0.2995890625 0.5471375
10 0.29578906250000003 0.707515625 0.29326093750000004 0.706934375 0.2918171875 0.7136859375 0.29435 0.714246875 0.29578906250000003 0.707515625
2 0.3004671875 0.75715625 0.301228125 0.7572875 0.30496249999999997 0.7395765625 0.30414375 0.739340625 0.3078671875 0.721840625 0.3086796875 0.7219578125 0.3090265625 0.720325 0.2915765625 0.7167875 0.2849625 0.748028125 0.28190781249999997 0.7473468750000001 0.279559375 0.7582640625 0.2993578125 0.762378125 0.3001421875 0.7586875 0.3004671875 0.75715625
13 0.3432921875 0.4669140625 0.337715625 0.465640625 0.3353640625 0.47683593750000003 0.34088124999999997 0.47803125 0.3432921875 0.4669140625
13 0.328940625 0.569121875 0.3168109375 0.56654375 0.3129484375 0.584828125 0.3250265625 0.58736875 0.328940625 0.569121875
10 0.3552140625 0.512765625 0.34855625 0.5112765625 0.3474875 0.516465625 0.354159375 0.5178843750000001 0.3552140625 0.512765625
2 0.25911093749999997 0.8175375 0.255821875 0.8169015625 0.256103125 0.8155796875 0.25940625 0.81628125 0.2619671875 0.8047546875 0.242828125 0.8007796875000001 0.2417375 0.8060390625 0.2425640625 0.8062453125 0.23778125 0.8286843749999999 0.23696718749999998 0.8285453125 0.235884375 0.83370625 0.2548 0.8378203125000001 0.25911093749999997 0.8175375
2 0.24451562500000001 0.9233703125 0.24218125000000001 0.93435 0.2452578125 0.9348546875 0.24074218749999998 0.9560625 0.2573546875 0.95959375 0.25923124999999997 0.9507328125000001 0.2601 0.9509171875 0.26394531250000003 0.9331453125 0.2630984375 0.9330031249999999 0.26421875 0.9278234375000001 0.24451562500000001 0.9233703125
12 0.36441093750000003 0.5512125 0.35043125 0.5481281250000001 0.3417671875 0.5886609375 0.355809375 0.591609375 0.36441093750000003 0.5512125
10 0.35238593749999997 0.6078812499999999 0.3383953125 0.60485625 0.33756718750000003 0.60875625 0.35155 0.6117546875000001 0.35238593749999997 0.6078812499999999
6 0.2662640625 0.8657484375 0.25715468750000003 0.8638984375 0.25338906250000004 0.8819812499999999 0.262475 0.883803125 0.2662640625 0.8657484375
10 0.3221890625 0.668246875 0.3155328125 0.6667578125 0.3144625 0.6719484375 0.321134375 0.673365625 0.3221890625 0.668246875
10 0.3271890625 0.5923578125 0.3250296875 0.5918796875 0.3208203125 0.6118671875 0.3229734375 0.612284375 0.3271890625 0.5923578125
11 0.3718703125 0.492646875 0.36160312499999997 0.4903921875 0.3586390625 0.5040203125 0.369040625 0.5061953124999999 0.3718703125 0.492646875
7 0.35447812500000003 0.5194625 0.34641875 0.5178812500000001 0.3478296875 0.5114625 0.334728125 0.5086890625 0.32839843750000003 0.538275 0.32923125 0.5384265625 0.32773125 0.5458703125000001 0.336296875 0.5476656249999999 0.336009375 0.5489640625 0.3482296875 0.5515046875 0.3497078125 0.544659375 0.3603734375 0.5469265625 0.36107187500000004 0.5435203125 0.3602671875 0.5432984375000001 0.365015625 0.5208406250000001 0.3658640625 0.521046875 0.36863437499999996 0.5078375 0.3574890625 0.50546875 0.35447812500000003 0.5194625
2 0.3060546875 0.6103140625 0.3027671875 0.609615625 0.3031640625 0.6076703125 0.3064265625 0.60825 0.3105234375 0.5889859375000001 0.291615625 0.5847890625 0.2904765625 0.5900328125 0.2913203125 0.5901875000000001 0.286546875 0.6126406249999999 0.28574375 0.61246875 0.2846375 0.6176703125 0.3035890625 0.621684375 0.3060546875 0.6103140625
13 0.2844015625 0.7305796875 0.2787546875 0.7294906250000001 0.2756859375 0.7440171875 0.2844890625 0.7458453125 0.28883437500000003 0.7254437499999999 0.2867921875 0.72496875 0.28573750000000003 0.729928125 0.2845640625 0.729721875 0.2844015625 0.7305796875
10 0.29878125 0.7647390625 0.292125 0.763246875 0.2910546875 0.7684359374999999 0.29772656249999996 0.7698546875 0.29878125 0.7647390625
13 0.32382656249999997 0.5930859374999999 0.31169531250000004 0.59050625 0.3078328125 0.6087906249999999 0.3199125 0.6113296874999999 0.32382656249999997 0.5930859374999999
2 0.2558421875 0.743903125 0.2550234375 0.743728125 0.25315468750000003 0.75251875 0.27218125 0.7565937500000001 0.2810875 0.714434375 0.26211875 0.7104015625 0.2598171875 0.72135625 0.2606 0.721459375 0.2558421875 0.743903125
2 0.21125312499999999 0.9491968749999999 0.2111328125 0.9497703124999999 0.230165625 0.9538156250000001 0.2369546875 0.9219593749999999 0.21795312500000003 0.9178578125 0.21605781249999997 0.9266921874999999 0.2168890625 0.9267765625 0.21213125000000002 0.9492515625 0.21125312499999999 0.9491968749999999
10 0.332040625 0.5694 0.3298828125 0.568915625 0.325671875 0.58890625 0.3278265625 0.5893203125 0.332040625 0.5694
8 0.2748390625 0.663671875 0.2945875 0.6678359375 0.2917984375 0.6808890625 0.29768125 0.6822015625 0.3128125 0.6118125 0.3068078125 0.6104734374999999 0.3039984375 0.6239609374999999 0.2842046875 0.6196859375 0.28314531249999997 0.6247953125000001 0.283940625 0.6250265625 0.2767890625 0.6585375 0.275915625 0.6584109375 0.2748390625 0.663671875
4 0.3508765625 0.6147640625 0.339603125 0.6123421875 0.3337625 0.639871875 0.345059375 0.642246875 0.3508765625 0.6147640625
6 0.33620625 0.5498359374999999 0.3270953125 0.5479875 0.32333124999999996 0.566065625 0.33241875 0.5678890625 0.33620625 0.5498359374999999
2 0.312190625 0.49198281250000003 0.31137031249999997 0.491809375 0.3095015625 0.5006015625 0.3285296875 0.504675 0.3374359375 0.46251406250000004 0.3184703125 0.45848281249999995 0.3161671875 0.46943437499999996 0.3169484375 0.4695390625 0.312190625 0.49198281250000003
7 0.251353125 0.891321875 0.2504578125 0.8911718750000001 0.24406875 0.9209578125 0.2572625 0.923675 0.2586453125 0.91730625 0.26665625 0.9190078125 0.26369375 0.9330765624999999 0.2748140625 0.9354203125 0.2777265625 0.9221859374999999 0.27683125 0.9219953125 0.2816140625 0.8994937500000001 0.2824234375 0.8996656249999999 0.28314218750000003 0.8962031250000001 0.2725359375 0.8939046875000001 0.273959375 0.8870859375 0.2529046875 0.883875 0.251353125 0.891321875
13 0.6476640625 0.6035703125 0.63109375 0.6825390625 0.6512546875 0.686534375 0.6682750000000001 0.607278125 0.6476640625 0.6035703125
13 0.7490140625 0.07748437500000001 0.7410796875 0.1148140625 0.7655390625 0.120121875 0.773621875 0.082553125 0.7490140625 0.07748437500000001
10 0.7204515625 0.29504687500000004 0.721225 0.291896875 0.7218296875 0.29190312500000004 0.7258796875 0.2728515625 0.7081031249999999 0.26907187499999996 0.7040453125 0.2880796875 0.704596875 0.2881046875 0.70378125 0.29171874999999997 0.7204515625 0.29504687500000004
6 0.7176328125 0.2240984375 0.70866875 0.266271875 0.7354203125 0.2718203125 0.74439375 0.22978749999999998 0.7176328125 0.2240984375
10 0.7529921875000001 0.057575 0.7494078125 0.07427500000000001 0.7762265625 0.0797109375 0.779659375 0.06324375 0.7529921875000001 0.057575
10 0.7292984375 0.18076562499999999 0.7211703125 0.2192734375 0.72704375 0.22036250000000002 0.7351468750000001 0.182103125 0.7292984375 0.18076562499999999
5 0.77549375 0.2344125 0.790475 0.16383125 0.7597609375000001 0.15686093750000002 0.765225 0.13115468749999998 0.7482765625 0.1274515625 0.7284140625 0.2207953125 0.747840625 0.2249234375 0.7470859375 0.22847343750000002 0.77549375 0.2344125
0 0.31874531250000004 0 0.120940625 0.9305984374999999 0.4474484375 1 0.6812546875 1 0.879059375 0.0694015625 0.5525515624999999 0 0.31874531250000004 0
3 0.7778828125 0.047895312499999995 0.77555625 0.058859375000000005 0.7796328124999999 0.059609375 0.7790828125 0.0621984375 0.7954859375 0.06575468749999999 0.7983140625 0.052237500000000006 0.7778828125 0.047895312499999995
2 0.660446875 0.229496875 0.6581984375000001 0.2403921875 0.6960578125 0.2481671875 0.7149484375 0.1597109375 0.6974015625 0.155721875 0.694171875 0.17050937500000002 0.674121875 0.16631093749999998 0.6716859375 0.177521875 0.673140625 0.1777125 0.6620671875 0.22984062500000002 0.660446875 0.229496875
10 0.7409687500000001 0.1260765625 0.7345609375000001 0.1559421875 0.7403578125 0.157134375 0.7467421875 0.127240625 0.7409687500000001 0.1260765625
2 0.7041453125 0.032221875 0.6992953125 0.05512812499999999 0.6975578125 0.0550265625 0.6944453125 0.0696671875 0.7468578124999999 0.0802453125 0.754746875 0.042978125 0.7041453125 0.032221875
8 0.7389765625 0.117996875 0.745625 0.0863125 0.7323828125 0.083303125 0.6960953125 0.254025 0.6569578125 0.2459890625 0.6542687500000001 0.259096875 0.6559109375000001 0.2591609375 0.6385265625 0.340984375 0.63689375 0.34071250000000003 0.6331125 0.3602828125 0.6849937500000001 0.371484375 0.715746875 0.2265984375 0.7170671875 0.22668593750000002 0.7400890625 0.1181046875 0.7389765625 0.117996875
12 0.7811250000000001 0.0683546875 0.762171875 0.1573421875 0.7904921875 0.1637875 0.8095515625 0.0743109375 0.7811250000000001 0.0683546875
10 0.7271265625 0.273315625 0.723003125 0.2927140625 0.7305765625 0.2943671875 0.7347625 0.274675 0.7271265625 0.273315625
11 0.8107625 0.06865312500000001 0.813571875 0.05548125 0.801509375 0.0529171875 0.7986500000000001 0.06618906249999999 0.8107625 0.06865312500000001
3 0.6695953125 0.60825 0.657965625 0.662284375 0.68645625 0.6680578125000001 0.6981359375 0.6143156249999999 0.6695953125 0.60825
8 0.5748671875 0.6863406249999999 0.57178125 0.7008578125 0.5735140624999999 0.7012875000000001 0.55611875 0.7830578125 0.554353125 0.782715625 0.552159375 0.7933125000000001 0.5916078125 0.8021218749999999 0.5682625 0.9123546875 0.5815750000000001 0.91525 0.627209375 0.7015140625 0.5864546875000001 0.6925203125 0.587203125 0.6889968750000001 0.5748671875 0.6863406249999999
7 0.659559375 0.7953140624999999 0.677234375 0.7118078125 0.627209375 0.7015140625 0.609871875 0.7817890625 0.6110578125 0.7820953125 0.6079656250000001 0.7967546875 0.6294140625 0.801425 0.6320296875 0.7892390625 0.659559375 0.7953140624999999
10 0.6085359375 0.8000562499999999 0.6050671875 0.8162375000000001 0.6255171875000001 0.8203578125 0.62886875 0.804184375 0.6085359375 0.8000562499999999
10 0.63344375 0.7951875 0.6302703125 0.8099953125000001 0.65645625 0.8154468749999999 0.6595718749999999 0.80090625 0.63344375 0.7951875
10 0.63014375 0.68578125 0.6280609375 0.6959984375 0.6486234375000001 0.7001031249999999 0.65076875 0.6901640625 0.63014375 0.68578125
2 0.605884375 0.5945484375000001 0.5990453125 0.6263984375 0.60084375 0.6269359375 0.5898296875 0.6788265625000001 0.5880625 0.6785671875 0.5864140625 0.6865609375 0.6268281250000001 0.6956203125 0.6463875 0.6033109375000001 0.605884375 0.5945484375000001
9 0.657584375 0.6654859375 0.6496609375 0.7028765625 0.6779234375 0.709271875 0.685934375 0.6712296875 0.657584375 0.6654859375
11 0.5937718750000001 0.59199375 0.5886328125 0.6160578125 0.5982921875 0.618390625 0.6034421875 0.5941625 0.5937718750000001 0.59199375
2 0.6799171875 0.13780781250000002 0.6743875 0.16366875 0.6935828125 0.16768906249999999 0.6966671875 0.1530640625 0.7154015625000001 0.156775 0.7311078125 0.08299999999999999 0.6934265625 0.0751546875 0.691203125 0.08562031249999999 0.6925015625000001 0.086009375 0.6814140625 0.13809218750000002 0.6799171875 0.13780781250000002
7 0.7607203124999999 0.303821875 0.7613453125 0.300878125 0.7296843749999999 0.29426562500000003 0.7291546875 0.297065625 0.7021499999999999 0.2915921875 0.684984375 0.371525 0.7436953125 0.3839171875 0.7497703125 0.355765625 0.7480156250000001 0.3555984375 0.7590296875 0.303565625 0.7607203124999999 0.303821875
4 0.74593125 0.23441406250000002 0.7342703125 0.28940625 0.7625 0.2956375 0.7741687500000001 0.24032499999999998 0.74593125 0.23441406250000002
10 0.7340296875 0.1586359375 0.729953125 0.1778671875 0.7357843749999999 0.17905625 0.73985 0.159871875 0.7340296875 0.1586359375
2 0.53515625 0.8732015625 0.5329375 0.8842000000000001 0.5344156250000001 0.8844468750000001 0.5233671875 0.93656875 0.52173125 0.9362203125 0.518565625 0.9511109375 0.55701875 0.9586109374999999 0.56760625 0.90894375 0.561 0.907540625 0.5616765625 0.90445625 0.568190625 0.9059515625 0.573603125 0.8813593750000001 0.53515625 0.8732015625
10 0.60735625 0.87544375 0.60715625 0.87638125 0.61333125 0.8778328125 0.6248859375 0.8231796875 0.6045328125 0.8189921874999999 0.5930234375000001 0.873271875 0.5970125000000001 0.874178125 0.5971359374999999 0.8735046875 0.60735625 0.87544375
10 0.5939140625 0.9207078125000001 0.58575 0.9591140625 0.595565625 0.961184375 0.6037640625 0.9226656249999999 0.5939140625 0.9207078125000001
13 0.5680453125 0.915946875 0.5599609375 0.9526875 0.5842734375 0.9583562499999999 0.5922531249999999 0.9208140625000001 0.5680453125 0.915946875
2 0.5515203125 0.7963734375 0.549259375 0.807196875 0.5507500000000001 0.80750625 0.5396703125 0.8596281250000001 0.5380765625 0.8592890625 0.535728125 0.8702171875 0.574165625 0.8783156249999999 0.5900015625 0.804365625 0.5515203125 0.7963734375
6 0.59135 0.875909375 0.5828562500000001 0.915284375 0.6042890625 0.9197921875 0.6129749999999999 0.8799015625 0.59135 0.875909375
10 0.34733437500000003 0.46471406249999997 0.34480625 0.464134375 0.3433625 0.47088125 0.34589375 0.4714421875 0.34733437500000003 0.46471406249999997