9 0.654121875 0.411546875 0.6468125 0.4116359375 0.6468265625 0.39300156249999996 0.606940625 0.3930890625 0.6069296875 0.435175 0.6542734375 0.435209375 0.654121875 0.411546875
2 0.7828265625 0.5405734375 0.7327265625 0.5405359375 0.73234375 0.6335671875 0.7828109375000001 0.6333765625 0.7828265625 0.5405734375
10 0.7583968750000001 0.4215640625 0.7207375 0.42123906250000004 0.7207375 0.4607859375 0.7586234375 0.4607859375 0.7583968750000001 0.4215640625
11 0.6039828125 0.6167281250000001 0.6027296875 0.6166546875 0.602625 0.6043578125 0.572646875 0.6043515625 0.572646875 0.63459375 0.6040578125 0.6346140625000001 0.6039828125 0.6167281250000001
1 0.6392265625 0.6043140625000001 0.6354328125 0.6044234375 0.63539375 0.6028296875 0.6059171875 0.6026703125 0.60605625 0.6377421875 0.6391625000000001 0.6375296875 0.6392265625 0.6043140625000001
10 0.201909375 0.3902984375 0.156284375 0.39019375 0.15638749999999998 0.41716406250000004 0.20182187499999998 0.417340625 0.201909375 0.3902984375
12 0.8472171875000001 0.2969453125 0.7655171875 0.29751249999999996 0.7655265625000001 0.3655484375 0.8472046875 0.3647765625 0.8472171875000001 0.2969453125
2 0.78526875 0.563559375 0.78523125 0.62910625 0.841225 0.6293359374999999 0.8411484375 0.5415734375000001 0.78531875 0.5411265625 0.78526875 0.563559375
10 0.24571874999999999 0.4289875 0.2391390625 0.4289421875 0.23904687500000002 0.46543437499999996 0.2455609375 0.46543437499999996 0.24571874999999999 0.4289875
6 0.16664062500000001 0.5417875000000001 0.1666546875 0.542521875 0.18893593749999998 0.5425015625 0.1889609375 0.5394984375 0.20374374999999997 0.53956875 0.204121875 0.49931093750000005 0.188921875 0.49929375 0.188909375 0.494625 0.1691703125 0.49455312500000004 0.1691453125 0.49925625 0.15855 0.499328125 0.1585609375 0.5418953125 0.16664062500000001 0.5417875000000001
13 0.6386000000000001 0.470325 0.621921875 0.47021406250000003 0.6220796875 0.45493281249999995 0.5955375 0.45482187500000004 0.59520625 0.4977921875 0.6387828125 0.497503125 0.6386000000000001 0.470325
2 0.23407968750000002 0.5776484375 0.1836875 0.5779171875 0.1836875 0.671046875 0.2342703125 0.6709921875 0.23407968750000002 0.5776484375
10 0.7582953125 0.46471093750000003 0.7382531250000001 0.464521875 0.738328125 0.5051578125 0.7582953125 0.5050874999999999 0.7582953125 0.46471093750000003
10 0.12168281249999999 0.321840625 0.11228281250000001 0.321971875 0.1120046875 0.40891406249999995 0.121446875 0.408775 0.12168281249999999 0.321840625
10 0.9228234375 0.40076406249999996 0.9117468750000001 0.40076406249999996 0.9120046875 0.45218125000000003 0.9230140625000001 0.452271875 0.9228234375 0.40076406249999996
8 0.3228140625 0.4969640625 0.3225609375 0.47689843749999994 0.3092828125 0.47693593749999996 0.30926875 0.49722343750000003 0.2285796875 0.4969671875 0.22859218750000002 0.5424859375 0.15862343750000002 0.54296875 0.15862343750000002 0.574571875 0.2389609375 0.5741234375000001 0.2390375 0.6709375 0.3226859375 0.671221875 0.3228140625 0.4969640625
10 0.7741953125000001 0.3711921875 0.7653749999999999 0.3710203125 0.7654578125 0.452528125 0.7740640625 0.4522375 0.7741953125000001 0.3711921875
9 0.334509375 0.4694953125 0.357778125 0.4694953125 0.357778125 0.42413749999999995 0.3123671875 0.42440625 0.3123296875 0.47210625000000006 0.3345359375 0.47217656249999995 0.334509375 0.4694953125
10 0.6249484375 0.46656250000000005 0.6389218750000001 0.466240625 0.638821875 0.43905312500000004 0.5955109375000001 0.43891093750000004 0.5953593749999999 0.4509125 0.6248218750000001 0.45071562500000006 0.6249484375 0.46656250000000005
3 0.382790625 0.509321875 0.382775 0.507253125 0.3608046875 0.5072265625 0.3610390625 0.5341328125 0.3934375 0.53395625 0.393453125 0.5093468750000001 0.382790625 0.509321875
13 0.8406812499999999 0.46489843750000004 0.8105718749999999 0.46482812500000004 0.8104953125 0.537478125 0.8411109375000001 0.5372640625 0.8406812499999999 0.46489843750000004
10 0.336609375 0.4758078125 0.325178125 0.47593281249999997 0.325190625 0.493659375 0.336596875 0.4937046875 0.336609375 0.4758078125
6 0.777075 0.5053375 0.807890625 0.505303125 0.8079031249999999 0.461803125 0.7967875 0.46155625 0.7968265625 0.457353125 0.7771328125 0.45721249999999997 0.777009375 0.46173281250000003 0.763290625 0.4619671875 0.7634671875000001 0.50253125 0.7771375 0.5027609375 0.777075 0.5053375
2 0.39466718749999996 0.53835 0.32775468750000003 0.538221875 0.3270171875 0.6340265625 0.39485000000000003 0.6338953125 0.39466718749999996 0.53835
3 0.5725703125 0.50070625 0.592728125 0.501134375 0.592584375 0.4958078125 0.5947015625 0.4957671875 0.5947265625 0.47870625 0.5925890625 0.4787609375 0.592615625 0.46904843749999997 0.55391875 0.4685671875 0.5538671875000001 0.500359375 0.55396875 0.5963546875 0.5727859375000001 0.5961578125 0.5725703125 0.50070625
3 0.3943359375 0.433778125 0.3605453125 0.43326093749999994 0.3608125 0.5034265625 0.3943359375 0.5034421874999999 0.3943359375 0.433778125
7 0.7373421875 0.46543437499999996 0.7207749999999999 0.4655078125 0.7207749999999999 0.4643265625 0.718525 0.4644515625 0.718175 0.3935875 0.65711875 0.3937875 0.6576 0.4406296875 0.64406875 0.44032499999999997 0.6442078125 0.50033125 0.737746875 0.50033125 0.7373421875 0.46543437499999996
10 0.20188437499999998 0.44685312499999996 0.193059375 0.44685312499999996 0.19308281249999998 0.48966875 0.2018453125 0.48970624999999995 0.20188437499999998 0.44685312499999996
10 0.15325625 0.48644687500000006 0.125390625 0.48644687500000006 0.1253796875 0.49925625 0.1531875 0.49900625 0.15325625 0.48644687500000006
10 0.159421875 0.48954375 0.1631125 0.48959843750000004 0.1629625 0.45585156250000003 0.1269734375 0.4558140625 0.1268703125 0.4776859375 0.15930625 0.47766875000000003 0.159421875 0.48954375
13 0.32760625 0.53495625 0.357309375 0.53508125 0.35810624999999996 0.47318125 0.33854375000000003 0.47316250000000004 0.3386453125 0.4968796875 0.32776875 0.4969671875 0.32760625 0.53495625
10 0.5929375 0.43536875 0.6042125 0.435209375 0.6039875 0.393109375 0.5539328125 0.392946875 0.5538140625 0.465828125 0.5926015625 0.46502968750000007 0.5929375 0.43536875
11 0.3941828125 0.6414984375 0.364340625 0.641390625 0.3643546875 0.67453125 0.39428593749999996 0.6746390625 0.3941828125 0.6414984375
10 0.8072578125 0.4401984375 0.83854375 0.44018281249999996 0.8385187500000001 0.41601875 0.8025546875 0.41605625 0.8025546875 0.45241718750000004 0.8071187500000001 0.4522375 0.8072578125 0.4401984375
10 0.228275 0.4977203125 0.20834843749999998 0.49766562499999994 0.208190625 0.541853125 0.228234375 0.5419640625000001 0.228275 0.4977203125
4 0.1598078125 0.33885156250000004 0.15537812499999998 0.3389515625 0.155325 0.3673984375 0.1597 0.367446875 0.15972031250000002 0.383715625 0.201765625 0.3836671875 0.201765625 0.32245625 0.15972031250000002 0.32245625 0.1598078125 0.33885156250000004
5 0.8845218750000001 0.3633109375 0.8845218750000001 0.35667343749999997 0.8963109375 0.35630625 0.8961937499999999 0.2971890625 0.8528828125000001 0.29699375 0.8530749999999999 0.3565828125 0.86465625 0.3567109375 0.86468125 0.3631859375 0.8530218749999999 0.3631484375 0.8530843750000001 0.3710203125 0.77525625 0.371290625 0.775253125 0.4522203125 0.8015171875 0.45220000000000005 0.8014953125 0.41458593749999995 0.8554375000000001 0.41411406250000005 0.878540625 0.4143734375 0.8847109375000001 0.42333437500000004 0.8845218750000001 0.4522375 0.9109265625 0.45230781249999996 0.9108296875 0.4111828125 0.9108890625000001 0.399071875 0.922925 0.3990984375 0.9229390625 0.3632734375 0.9198906250000001 0.36320312499999996 0.91995625 0.3583765625 0.9101671874999999 0.3583921875 0.91019375 0.36323906250000004 0.8845218750000001 0.3633109375
2 0.181496875 0.5782109375 0.12545625 0.5783437499999999 0.1253296875 0.6709921875 0.18134843750000001 0.6710265625 0.181496875 0.5782109375
2 0.6383281249999999 0.501296875 0.576303125 0.501009375 0.576303125 0.596178125 0.639353125 0.596053125 0.6383281249999999 0.501296875
7 0.30934531249999997 0.4301109375 0.24843281250000002 0.43020312499999996 0.24797656250000003 0.496753125 0.3090546875 0.4971109375 0.30934531249999997 0.4301109375
0 0 0 0 1 1 1 1 0 0 0
8 0.8079671875000001 0.5368171875 0.8077781249999999 0.5055890625 0.7373046875 0.5053921875 0.7372421874999999 0.5018687500000001 0.6442328125000001 0.5018687500000001 0.64379375 0.6100515625 0.6440171875 0.6332718749999999 0.727946875 0.6332 0.727515625 0.5366546875 0.7857953125 0.5371312500000001 0.8079671875000001 0.5368171875
10 0.7278578125 0.3924453125 0.721021875 0.3923375 0.720903125 0.417646875 0.7279328125 0.4176484375 0.7278578125 0.3924453125
10 0.810634375 0.4615890625 0.8414140625 0.46191250000000006 0.8412875 0.44935625 0.813303125 0.4493765625 0.8132781250000001 0.460978125 0.8106109375000001 0.4608921875 0.810634375 0.4615890625
10 0.839621875 0.44021406250000006 0.8804531250000001 0.4405734375 0.8804531250000001 0.45216093749999997 0.8834609375 0.4522515625 0.8834593749999999 0.42354843750000004 0.87815 0.415953125 0.83961875 0.41594687500000005 0.839621875 0.44021406250000006
10 0.24766093749999998 0.4688171875 0.20885156249999998 0.4690140625 0.20867343749999998 0.49739843749999996 0.24769843749999998 0.4967 0.24766093749999998 0.4688171875
13 0.1561703125 0.5023484375 0.1254296875 0.5021375 0.1252046875 0.5746140625 0.156059375 0.5746140625 0.1561703125 0.5023484375
5 0.08855468749999999 0.45389843750000003 0.1640734375 0.454275 0.1640109375 0.48974062500000004 0.192171875 0.48974062500000004 0.192121875 0.44538593750000005 0.20173281250000002 0.44536875 0.20202343749999999 0.41893437499999997 0.1553734375 0.4185578125 0.15523437499999998 0.3224625 0.1223703125 0.3222109375 0.12214218750000001 0.4100625 0.08856875 0.41058125 0.08855468749999999 0.45389843750000003
1 0.36119218750000004 0.6411609375 0.32737812499999996 0.641390625 0.32737812499999996 0.67460625 0.36139375 0.6753375 0.36119218750000004 0.6411609375