10 0.48012775156250004 0.12894744062500002 0.5008427671875 0.156419096875 0.5204796265625 0.1416732875 0.49974141562499996 0.114220421875 0.48012775156250004 0.12894744062500002
11 0.4163528578125 0.2501454875 0.4276170046875 0.26512393125 0.4441387984375 0.2527047515625 0.43287359687500004 0.23774189531249998 0.4163528578125 0.2501454875
1 0.4551336390625 0.22307925625 0.44946632343750004 0.22738564375 0.44864581562500006 0.2263143859375 0.4344710515625 0.23706034374999999 0.44583521875 0.25204649375 0.4598711984375 0.2414167484375 0.45949560468749995 0.240935928125 0.46527966718749997 0.2365798046875 0.4551336390625 0.22307925625
10 0.18463894375 0.47306764687499997 0.1871813140625 0.47640590937500005 0.19000873437500002 0.4742847109375 0.1875106640625 0.47090277656249996 0.18463894375 0.47306764687499997
1 0.22095292500000002 0.3650359421875 0.22049039375 0.364432725 0.206045134375 0.37525560156250004 0.20654144843750002 0.375896496875 0.20492934843750002 0.37714648125 0.21524669375 0.39074444062499997 0.21709065624999999 0.38938673437500004 0.21744044843750002 0.389850775 0.2312986171875 0.379302965625 0.2310250390625 0.37891611875 0.2334230859375 0.3771091578125 0.223113309375 0.3634224453125 0.22095292500000002 0.3650359421875
2 0.212838896875 0.3904822765625 0.2006395453125 0.3742760390625 0.22016374062500002 0.3595288734375 0.19819924687499998 0.330331140625 0.162921928125 0.3568995640625 0.197023421875 0.40244276875 0.212838896875 0.3904822765625
3 0.0934523078125 0.3890746578125 0.068066578125 0.3554550015625 0.06370105000000001 0.3587278296875 0.06381305781249999 0.3588917015625 0.0491724625 0.36988427968750004 0.0744603484375 0.40345941874999997 0.0934523078125 0.3890746578125
10 0.11171642343749999 0.4533983640625 0.11744507500000001 0.4609832296875 0.129828075 0.45161511093750006 0.12414971562499999 0.44406465624999997 0.11171642343749999 0.4533983640625
10 0.16372188593749998 0.3892184953125 0.1821685171875 0.4137049359375 0.195964846875 0.4033258375 0.17753964687499998 0.378967071875 0.16372188593749998 0.3892184953125
10 0.16704925625 0.5634622359375 0.1614813546875 0.5560244921875 0.1576378125 0.55885028125 0.1449314390625 0.541920675 0.1402566875 0.5454632484374999 0.1586530203125 0.5697718265625 0.16704925625 0.5634622359375
2 0.081858809375 0.4879423171875 0.081780925 0.487787959375 0.103426584375 0.47145629843750003 0.07663375312500001 0.435847765625 0.0518405046875 0.45411171093749997 0.079017553125 0.4900967203125 0.081858809375 0.4879423171875
10 0.12194511875 0.38544407812500003 0.15765565625 0.43283383906250006 0.16404004375 0.428039421875 0.1459992875 0.4041464140625 0.12842699062500001 0.3806161640625 0.12194511875 0.38544407812500003
0 0.3518932515625 0 0.2130365078125 0.0901746234375 0 0.25070898750000004 0 0.6481067484375 0.0901746234375 0.7869634921875 0.25070898750000004 1 0.6481067484375 1 0.7869634921875 0.9098253765625 1 0.7492910125 1 0.3518932515625 0.9098253765625 0.2130365078125 0.7492910125 0 0.3518932515625 0
2 0.19783549843749998 0.43350371093750006 0.22206703593750002 0.465762053125 0.25167596875 0.44355287812500005 0.2273109671875 0.41122098593749995 0.19783549843749998 0.43350371093750006
11 0 0.41221939374999994 0.0012134578125 0.4138154546875 0.00112748125 0.413901096875 0.0113176578125 0.4274065125 0.01140644375 0.4273395390625 0.0159215140625 0.4333482796875 0.0194118890625 0.430770471875 0.01954728125 0.4309359234375 0.026118615625 0.42598470468749994 0.025989128125 0.42579678593750003 0.027335981250000002 0.42476376875 0.0098454234375 0.40157168125 0 0.409016846875 0 0.41221939374999994
1 0.20649646718749998 0.45321506874999995 0.2062175796875 0.45283726093750004 0.20640695937500003 0.452658384375 0.195640834375 0.43846690781250003 0.193300975 0.44022862968750004 0.192962109375 0.43979289218749995 0.1923126359375 0.44028173437499996 0.1920818640625 0.43997514843749996 0.1743254765625 0.453462503125 0.1744985 0.4537059859375 0.1738555796875 0.45419057343749997 0.1741406265625 0.45456065625 0.1718143140625 0.456348978125 0.18242120312500001 0.47037558125 0.1872666859375 0.466763121875 0.18770196875 0.4673616765625 0.20649646718749998 0.45321506874999995
10 0.10028877656249999 0.397229340625 0.1081302890625 0.40768616562500004 0.11064773593749999 0.40575322500000005 0.10277450156250001 0.3953393578125 0.10028877656249999 0.397229340625
1 0.21870396093750002 0.52441005 0.2108759609375 0.513910915625 0.20030671562500002 0.5219465328124999 0.1999630703125 0.5215120359375 0.1993641078125 0.5219811187500001 0.1991755625 0.5217309484375 0.1861220328125 0.531500978125 0.1863044859375 0.5317532421875 0.18564715 0.5322471921874999 0.1859684671875 0.5326645171875 0.1758977046875 0.5402255078125 0.1696769421875 0.5319746609375 0.1708870515625 0.5310323078125 0.1615455703125 0.5187046703125 0.16034391875 0.5196284890625 0.15734432812500002 0.5156779734375 0.116864534375 0.546172665625 0.1138352265625 0.5421706515625 0.1141632390625 0.5419241031250001 0.0837613734375 0.5015815109374999 0.083423540625 0.50181580625 0.07030586875 0.4844192515625 0.070657928125 0.48415522343750006 0.0553376546875 0.46388909375000004 0.055008534374999994 0.46411959375 0.046108971875 0.45234335156250005 0.0467845859375 0.451843121875 0.0434013375 0.447433790625 0.0437199890625 0.4471728265625 0.0430760453125 0.446339028125 0.0431928078125 0.446252021875 0.0292580484375 0.4277521796875 0.029152875 0.4278484265625 0.0286134828125 0.4271498046875 0.0282207328125 0.427445846875 0.0283474109375 0.42761509531249997 0.027884884375000002 0.4279471359375 0.0277212734375 0.42774970625000003 0.0174436734375 0.43557170625 0.0175285328125 0.43565073906249996 0.0172439 0.4358579390625 0.032052065625 0.45549901718749997 0.032309895312499996 0.455322265625 0.044961753125 0.4721363671875 0.04472075625 0.47231895625 0.059525962499999995 0.491989903125 0.0597990734375 0.4917678296875 0.07586032499999999 0.5131233265625 0.0756101546875 0.5133118718749999 0.10552356874999999 0.5530084625 0.1057802921875 0.5528156625 0.11451439062499999 0.5644403921875 0.13814130468750002 0.5467587453125 0.1368329921875 0.545059696875 0.14490002500000002 0.5390235109375 0.1576402296875 0.55587898125 0.16130355937500002 0.5530826609374999 0.1683774921875 0.5624636656249999 0.21870396093750002 0.52441005
13 0.10673882500000001 0.3975622953125 0.128740528125 0.426909128125 0.1429081515625 0.4163243078125 0.1208314609375 0.3869423328125 0.10673882500000001 0.3975622953125
10 0.1564391515625 0.4338753609375 0.144746228125 0.4184059203125 0.1303824234375 0.42930258749999994 0.1420869734375 0.444850178125 0.1564391515625 0.4338753609375
8 0.21376834374999998 0.39326760625 0.118481946875 0.46550038281250006 0.1159694453125 0.4621650828125 0.11596572187500001 0.46182655937500006 0.097477496875 0.437339184375 0.09522453125 0.43901094062499996 0.0941576765625 0.4375947703125 0.08504440625000001 0.44446130000000006 0.107388209375 0.47386729531249994 0.084157878125 0.491330521875 0.08404873125 0.491216959375 0.08005476875 0.4942615328125 0.0847647859375 0.5005647265625 0.0862332359375 0.4994750984375 0.1168694296875 0.54008098125 0.11532022812500001 0.54129011875 0.1167726828125 0.5432197328124999 0.1586186796875 0.51163288125 0.13530385 0.48066278437500004 0.172542453125 0.4525673109375 0.17116175312499998 0.45072523750000004 0.2260181390625 0.409459715625 0.21376834374999998 0.39326760625
1 0.230747390625 0.4642535234375 0.2309167546875 0.464477025 0.230242775 0.46498550937500005 0.23053829062500003 0.46538605468750005 0.223903971875 0.470421028125 0.23492502499999998 0.48510834062499997 0.2655822546875 0.4620060046875 0.2544885640625 0.4473043828125 0.24782669687499997 0.45243176875 0.2475261421875 0.45201772812499996 0.24703870156250002 0.452403209375 0.24679502968749997 0.45208823281250005 0.230747390625 0.4642535234375
13 0.1241629859375 0.44098384062499996 0.1312235578125 0.4503586171875 0.13946828125 0.444214490625 0.11214210468750001 0.40801705625 0.09036635781249999 0.42449840468750005 0.11050184999999998 0.45122111406250004 0.1241629859375 0.44098384062499996
6 0.1475618859375 0.40348004375 0.165416875 0.42721609374999997 0.169080853125 0.4244379828125 0.170276546875 0.426023859375 0.1829097015625 0.4165044671875 0.16382585 0.39123761562500003 0.162997496875 0.39186125625 0.1608850265625 0.38899276718750003 0.151418196875 0.3961038046875 0.1535623046875 0.398972240625 0.1475618859375 0.40348004375
1 0.1901714078125 0.4706019796875 0.1924225 0.47358351875000004 0.1925202546875 0.4735274890625 0.19447031875 0.4761344203125 0.1895764703125 0.47980437187499997 0.209282321875 0.5057478718749999 0.2326509265625 0.48813895625 0.2088490078125 0.4565536453125 0.1901714078125 0.4706019796875
2 0.045680715625 0.4444686796875 0.0464296046875 0.445441128125 0.046323325 0.44552132499999997 0.050200235937500004 0.45064779687499995 0.052874525000000006 0.4486465375 0.052737175000000004 0.448463725 0.0753737953125 0.43128545156250003 0.07802980625 0.4347958390625 0.07783736249999999 0.43494130625 0.0848802671875 0.4442716640625 0.0962955859375 0.4356884640625 0.08714616875 0.42349879062499995 0.106976528125 0.4085919234375 0.093911565625 0.3912449765625 0.0745226671875 0.4059135953125 0.048048515624999996 0.3707613609375 0.0108806796875 0.39848670468749997 0.045574435937500005 0.444548878125 0.045680715625 0.4444686796875
7 0.2069394921875 0.5107066828125 0.1665974703125 0.45718629687499995 0.13544053125 0.48072120468749996 0.17573840624999998 0.534236725 0.2069394921875 0.5107066828125
10 0.7581196593749999 0.4968858703125 0.7642926140624999 0.5051118703124999 0.768760490625 0.5017613984375 0.76256083125 0.49348566875 0.7581196593749999 0.4968858703125
2 0.8780275609375 0.4648705890625 0.8637945374999999 0.47552396406249997 0.8800474156250001 0.49712576875 0.8602446125000001 0.512083675 0.8947232109375 0.5576223203125 0.8947210406250001 0.557802584375 0.896577734375 0.5603173781249999 0.9306780968749999 0.534673503125 0.8780275609375 0.4648705890625
3 0.6356866796875 0.6798229765625 0.6168009703124999 0.6547292671875 0.610839540625 0.6592024359375 0.5917992062499999 0.6338849671875 0.5797142828124999 0.643009209375 0.61765254375 0.69334165625 0.6356866796875 0.6798229765625
13 0.8772231937500001 0.49628261250000005 0.8618194328125 0.47578751406249997 0.8483347296874999 0.48594933593749995 0.85137008125 0.4900610703125 0.8429012296874999 0.49646253281249997 0.855246253125 0.5128443140625001 0.8772231937500001 0.49628261250000005
10 0.689156278125 0.702276959375 0.71156821875 0.7319628781249999 0.7143529609375 0.729930878125 0.69188094375 0.7002672046875 0.689156278125 0.702276959375
1 0.89972776875 0.5646229203125 0.9114045453124999 0.58017364375 0.9273489703125 0.568121959375 0.915534540625 0.5524855 0.89972776875 0.5646229203125
13 0.7710025921875 0.5772742734375 0.7618384734375 0.5651537656250001 0.7503600359375 0.5738319859375001 0.744316840625 0.5657713703125 0.7245376390625 0.5806766859375 0.739684315625 0.600818940625 0.7710025921875 0.5772742734375
2 0.7337970109375 0.6364876171875 0.7698914984375 0.684419840625 0.80125635625 0.660857965625 0.7651096703125 0.6129056109375 0.7337970109375 0.6364876171875
13 0.594588275 0.63451620625 0.6106919046875 0.6558795828124999 0.6464970265625001 0.62874110625 0.6305819046875001 0.6075589906250001 0.594588275 0.63451620625
10 0.6092968140624999 0.6091748703125 0.6146562890625 0.6162859265625 0.6304343109375 0.6044484999999999 0.625092090625 0.597272209375 0.6092968140624999 0.6091748703125
1 0.683543484375 0.59677226875 0.678646659375 0.5902904359375001 0.6817195890625001 0.5880079390625 0.6643495500000001 0.564992825 0.627106503125 0.5930613765625 0.6493320437500001 0.6225348562499999 0.683543484375 0.59677226875
1 0.7118811625 0.6214939921875 0.6945324140625 0.5984743671875 0.6858624046874999 0.60502509375 0.6846737734375 0.6034644375 0.670703096875 0.6141058046875 0.6892500609375001 0.6383221515625 0.7118811625 0.6214939921875
7 0.8475319499999999 0.5204679249999999 0.846831615625 0.51945835625 0.8532698140624999 0.51458614375 0.8287800390625 0.482070725 0.8222145046874999 0.48693620312499997 0.8040670734375001 0.4626522921875 0.7639523390625 0.49281117031250005 0.771373034375 0.50269171875 0.7659102140625 0.5068597171875 0.7758713578124999 0.5201300765625 0.7816068296875 0.5157421656250001 0.7903933453125 0.5273328546875 0.784754025 0.5315819390625001 0.8021338703125 0.5546465765625 0.8475319499999999 0.5204679249999999
10 0.7385174140624999 0.6021319296875001 0.721688671875 0.579801159375 0.74312789375 0.56355325625 0.73598940625 0.5540986640625001 0.68529494375 0.5922999671875 0.6900060671875 0.598619209375 0.69444484375 0.5953099921875 0.71366509375 0.620838521875 0.7385174140624999 0.6021319296875001
3 0.8413751921875001 0.4458409890625 0.8629008640625001 0.47444619218749995 0.8772480671875 0.463776421875 0.8556330093750001 0.43510816874999997 0.8413751921875001 0.4458409890625
6 0.77859184375 0.536170571875 0.772274678125 0.5277196375 0.7590964875 0.53751286875 0.7727515203124999 0.555920496875 0.7689755265625 0.5587154609375 0.7790890453125 0.5721085718750001 0.7827307296875 0.5693821984375 0.78374594375 0.5706959 0.7973263765625 0.560466321875 0.79627574375 0.5591066875 0.7997984359375 0.5564724937500001 0.7823457140625 0.5333415375 0.77859184375 0.536170571875
8 0.8032016421874999 0.5560584234375 0.8034830984375001 0.5564028921874999 0.8011100015625001 0.558225321875 0.8008621421875001 0.5578981609375 0.6892687125 0.642134915625 0.6691790546874999 0.6154569640625 0.6388026203125 0.6381310250000001 0.681380615625 0.694449009375 0.6813677734375 0.6946157109375 0.6842571609375 0.6984682531249999 0.7138412953125 0.6761950718749999 0.710918040625 0.6723477546875001 0.7107624859375 0.67230904375 0.70034705 0.6584711046875 0.7026961 0.656666153125 0.7030475921875 0.657132815625 0.819659934375 0.5690256546875 0.8570655281249999 0.6187128671875 0.9082244765624999 0.5801968828125 0.894887690625 0.5624973484375 0.8947330390625 0.5624915859375 0.8925329171874999 0.5594881234375 0.8923349843749999 0.559441534375 0.8579931453125 0.5137749515625 0.8079931046875 0.5511377734375 0.8086244406249999 0.5520468296875001 0.8032016421874999 0.5560584234375
2 0.7162530859375 0.6750461640625 0.7402374046875 0.7068521015625 0.7687643890625 0.6853436890625 0.73258975625 0.6373368234375001 0.704271640625 0.658739403125 0.71317309375 0.6705386390625 0.71315946875 0.6706983953125001 0.7163498171875 0.6749311796875 0.7162530859375 0.6750461640625
7 0.5174532921874999 0.9227399671875001 0.4673987265625 0.856070965625 0.43599053593750003 0.879560375 0.48627285468750003 0.946390740625 0.5174532921874999 0.9227399671875001
10 0.4655448890625 0.7897740578125 0.483027434375 0.8130197890625 0.49668684687500003 0.8026737125000001 0.47924659687500004 0.7794787640624999 0.4655448890625 0.7897740578125
6 0.4698905265625 0.823559384375 0.47108707031249997 0.825146571875 0.483720225 0.8156271796875 0.46465235624999995 0.790364853125 0.44837070937499995 0.8026001359375 0.46622438749999995 0.8263370359375 0.4698905265625 0.823559384375
10 0.4227846984375 0.78463735 0.45849523437500006 0.8320271109374999 0.464881325 0.8272353140625001 0.4291165796875 0.7797764234375 0.4227846984375 0.78463735
10 0.4849628234375 0.8716102546875 0.48810376250000004 0.8757353953125 0.49092209374999995 0.87357725 0.4877920984375 0.8694431390625 0.4849628234375 0.8716102546875
3 0.35002158906249997 0.7691123375 0.375292184375 0.8026838 0.39419940468750003 0.7882460124999999 0.36894693749999996 0.75471680625 0.35002158906249997 0.7691123375
1 0.3188836703125 0.8353624875 0.3187586671875 0.83541385625 0.3327007015625 0.854065471875 0.3328620875 0.8539439 0.3374368640625 0.860033103125 0.3479033359375 0.8521462015625 0.3438333015625 0.846753903125 0.34458469531249997 0.8461150328124999 0.3300961953125 0.8269202968749999 0.3299678265625 0.8270353328125 0.32944678125000004 0.8263247968749999 0.318353571875 0.8346839140625001 0.3188836703125 0.8353624875
11 0.3269577359375 0.8251801359375 0.326814684375 0.825002890625 0.3281853125 0.8239749265625 0.3107152984375 0.80084029375 0.29927489375 0.8094192906250001 0.3021982328125 0.813223703125 0.301851415625 0.8134843281249999 0.31174945 0.8266689812499999 0.31213040625 0.8263805984375001 0.3167470015625 0.8325600171875 0.32028339375 0.8299038859375001 0.320429509375 0.8301145406250001 0.3269577359375 0.8251801359375
2 0.561882159375 0.1610461390625 0.5901446640625 0.13979891093750002 0.5659408703125 0.1076119796875 0.5375216125 0.129028075 0.561882159375 0.1610461390625
1 0.4043915171875 0.2020883140625 0.403081503125 0.20038664375 0.42257554218750004 0.1856963234375 0.41156567187500004 0.1710520515625 0.37662230625 0.19742037031249998 0.3876120765625 0.21204229687499998 0.39434917187499996 0.2070020609375 0.3956254703125 0.20866041875 0.4043915171875 0.2020883140625
10 0.44107880625 0.179429590625 0.4275079375 0.1896566828125 0.4371493828125 0.20255524375 0.450755746875 0.192187725 0.44107880625 0.179429590625
10 0.5881529046875 0.202687253125 0.5755362093749999 0.1859043453125 0.57535601875 0.18603999375 0.5500156640625 0.15246725781249998 0.523855803125 0.1721813375 0.5618063015625 0.2225412359375 0.5881529046875 0.202687253125
13 0.39106199375 0.823768384375 0.418197434375 0.8602573609374999 0.440192271875 0.84350518125 0.4128399015625 0.807287496875 0.39106199375 0.823768384375
10 0.4571414171875 0.8329547296875001 0.4456105375 0.81766883125 0.43126117812500003 0.82848159375 0.44265142968750004 0.843748896875 0.4571414171875 0.8329547296875001
8 0.408249746875 0.873180446875 0.38174962031250004 0.8931508953125 0.3815697890625 0.8928969296875 0.3702275140625 0.901460640625 0.41530658281250005 0.9613430546874999 0.4673201859375 0.9219627812500001 0.43446683437500005 0.8783645 0.52690245 0.8088251484375 0.5147009 0.7925495421875 0.4193280828125 0.8648328515625 0.41660123593750004 0.8612306000000001 0.4167910734375 0.8610495625000001 0.39836348906249996 0.8366010562499999 0.3869519203125 0.8453047843749999 0.405714965625 0.8701837875 0.40592253906250003 0.8700415359375 0.408249746875 0.873180446875
1 0.4623590984375 0.9524449546874999 0.4681827375 0.9601674812500001 0.4846609203125 0.9475549171875001 0.4676898203125 0.9249532968749999 0.4472640390625 0.9403232203125 0.45856612031250005 0.9552826203125001 0.4623590984375 0.9524449546874999
13 0.40755803281249997 0.796755753125 0.42952558124999995 0.8261676187500001 0.44369274531249997 0.815584959375 0.421556996875 0.78614073125 0.40755803281249997 0.796755753125
10 0.4016415765625 0.7972071625 0.40899085625 0.8069720015625 0.411542221875 0.8050654734375 0.4042213484375 0.795352984375 0.4016415765625 0.7972071625
10 0.4674325921875 0.853871046875 0.47969260468749997 0.870222334375 0.5084949812499999 0.8485183140625001 0.4962669203125 0.8323568031249999 0.4674325921875 0.853871046875
2 0.4805229640625 0.7786126203125 0.4978910984375 0.8016420125 0.533193090625 0.7749681374999999 0.49902328906250004 0.7295549953125 0.463771415625 0.7562056359375 0.48062551718749996 0.778518075 0.4805229640625 0.7786126203125
2 0.5096849531250001 0.84748470625 0.5356318828125 0.8819714031249999 0.56527025625 0.85969280625 0.5281669703125 0.8104538937499999 0.49851656875000006 0.8328315921874999 0.509613 0.8475575171875 0.5096849531250001 0.84748470625
1 0.5335684578125 0.887480953125 0.5096865296875001 0.8558097328125 0.4910253390625 0.8699349749999999 0.49525052656249996 0.8755432375 0.4904369328125 0.87902693125 0.5101889109375 0.9050988375 0.5335684578125 0.887480953125
2 0.3787767890625 0.834084640625 0.385823234375 0.8434089734375 0.397271109375 0.834821396875 0.388121540625 0.8226802624999999 0.4079776328125 0.8077958078125 0.394789965625 0.790489421875 0.37538437187499996 0.8051409375 0.3489093015625 0.7699930265625 0.31174795 0.7977197484375 0.3510686796875 0.8498912546874999 0.35280106875 0.8485855109375 0.35262782656249997 0.8483962 0.37634186875000003 0.83053314375 0.37897840625 0.8339332140625 0.3787767890625 0.834084640625
2 0.379518653125 0.8899737062499999 0.379271915625 0.8896253218749999 0.40442986718749996 0.8706233703124999 0.3775055796875 0.834990284375 0.34077203125 0.8622454296875001 0.368153115625 0.898561840625 0.379518653125 0.8899737062499999
10 0.46797985468750003 0.9627268125 0.46232298125 0.9553356703125001 0.45856826093749997 0.9581633953124999 0.445838434375 0.9412378406249999 0.441244146875 0.9447207078125001 0.4595561 0.9690542734375001 0.46797985468750003 0.9627268125
10 0.762890615625 0.5638333281250001 0.772473321875 0.5765352874999999 0.7775738546875 0.5726528640625 0.76805956875 0.560027571875 0.762890615625 0.5638333281250001
1 0.693161884375 0.699273265625 0.7153381359375001 0.7286651078124999 0.7382089656249999 0.71139994375 0.7160568296875 0.6819849890625 0.693161884375 0.699273265625
10 0.7877431234375 0.52643631875 0.7816821765624999 0.5183741890625 0.7771498015625 0.5218261656250001 0.777891203125 0.5228444624999999 0.77325644375 0.5263051734374999 0.7785248984375001 0.5333449234375001 0.7877431234375 0.52643631875
2 0.678904428125 0.6960868734375001 0.6566319093749999 0.666483678125 0.6550789124999999 0.6676841015625 0.6410714937499999 0.6490637687499999 0.6353434703125 0.653336921875 0.6293270468750001 0.6453204 0.6179493390624999 0.6538754499999999 0.638079415625 0.6805439203125 0.6189018500000001 0.6950100906250001 0.66852875 0.7608799687500001 0.7064702515625 0.7323578375 0.6824854890625 0.7005167890624999 0.6823184640625 0.7004948421875 0.6791034671875 0.6961495125 0.678904428125 0.6960868734375001
10 0.7679589953125 0.557259159375 0.76805 0.5573677359375 0.7708055734375 0.5553826234375 0.7577315046875001 0.538036 0.7374348765625001 0.5532978328125 0.750424303125 0.5705112515625 0.7679589953125 0.557259159375
10 0.6408950140624999 0.6462645375 0.6548705703125 0.6647956421875 0.656115721875 0.6638584796875 0.6373221234375 0.6388893953125 0.630395634375 0.6441457796875001 0.63520889375 0.6505850015625 0.6408950140624999 0.6462645375
10 0.814241834375 0.4732278 0.8226643687499999 0.484453090625 0.827687775 0.480641246875 0.8274399156250001 0.48031408593749997 0.8294834015625 0.47879886093749996 0.8333131687499999 0.48388142500000003 0.8552721546875001 0.4673351078125 0.8399191296874999 0.44690952968750003 0.8217962984374999 0.46059573125000003 0.825132115625 0.465020959375 0.814241834375 0.4732278
10 0.8225169046874999 0.46420415625 0.81993045625 0.46085539531249997 0.8202350859375 0.4606072640625 0.8151400984375 0.45384610625 0.805177490625 0.46138716406249997 0.8128127375 0.4715177609375 0.8225169046874999 0.46420415625
1 0.7709952437500001 0.6134709984375 0.806166321875 0.6601677703125 0.85507695 0.6233335671875 0.81990845625 0.5765661828125 0.7709952437500001 0.6134709984375
11 0.915996496875 0.550221828125 0.928707940625 0.5670903875 0.9466307421875 0.55367568125 0.9338574312500001 0.5367261984375 0.915996496875 0.550221828125
10 0.8486031734375 0.4890651828125 0.84562461875 0.48509541875 0.8605953890625001 0.47385675000000005 0.8569255421875001 0.469026178125 0.8347273281250001 0.4857520703125 0.84134494375 0.49455376875 0.8486031734375 0.4890651828125
8 0.44226301562500003 0.17855063437500002 0.45283045624999996 0.192614034375 0.4380893390625 0.2038563359375 0.45025893593750005 0.21994216562500002 0.45396132343750006 0.21710557656249999 0.45414685625000006 0.21735397656250002 0.5168014125 0.17013744375 0.51663055 0.1698944203125 0.5485143671875 0.14592100624999998 0.536540675 0.12987004062500002 0.49500855312500003 0.1608729953125 0.49535362968749996 0.1613326453125 0.49295223125 0.1631660015625 0.4811708875 0.1475173734375 0.4811606109375 0.1471831046875 0.4782903890625 0.1433945015625 0.438488234375 0.17340069062500002 0.44234478906249997 0.178490078125 0.44226301562500003 0.17855063437500002
10 0.45456252968750005 0.2178534828125 0.48150496406250004 0.25363500625 0.5441669234375001 0.20641552812500003 0.5172240296874999 0.170636165625 0.45456252968750005 0.2178534828125
1 0.5746477984375 0.18021579062499998 0.60394891875 0.1581953328125 0.5930932515625 0.143845890625 0.5638464375 0.16585529999999998 0.5746477984375 0.18021579062499998
10 0.5645400015625001 0.1057531953125 0.5359044984375 0.067617034375 0.5211667953125 0.0786838546875 0.52813271875 0.087892803125 0.498676034375 0.110055271875 0.5035893359375 0.1166083796875 0.5269583843750001 0.099034575 0.5437653765625 0.12137201718749999 0.5645400015625001 0.1057531953125
10 0.43806944375 0.1770820703125 0.43395515625 0.17162162812499998 0.4346842421875 0.17107176875000002 0.42334126093749996 0.15601783125 0.4098006140625 0.166182446875 0.42267374843749994 0.1832999875 0.42348768750000004 0.1826857078125 0.426058665625 0.18605941875 0.43806944375 0.1770820703125
13 0.5053453921875 0.11855508749999999 0.520336596875 0.1386157265625 0.5422379453125 0.122213034375 0.5271268765625 0.1021370828125 0.5053453921875 0.11855508749999999
1 0.5905945874999999 0.20085568125000003 0.6199524109375 0.17873319375000002 0.6073337265625 0.1620074703125 0.5779373734375 0.18416243125 0.5905945874999999 0.20085568125000003
1 0.430409825 0.26932982499999997 0.45551006875000005 0.30268774062500003 0.49215867968750004 0.2750722921875 0.46706064999999997 0.24174647343750003 0.430409825 0.26932982499999997
10 0.4833226046875 0.25838476093749996 0.49421842656250004 0.2728907078125 0.55912470625 0.223997634375 0.5482417171875 0.20950571093749998 0.4833226046875 0.25838476093749996
1 0.35171447968749997 0.16492678593750001 0.3733143546875 0.1935601859375 0.405964271875 0.16902219062499999 0.402977003125 0.165056221875 0.4578797078125 0.12361530000000001 0.4428280203125 0.1036107078125 0.403611603125 0.13313031875 0.39698571875 0.12436752499999999 0.3679140109375 0.1463396046875 0.37096752187500004 0.15041905312499998 0.35171447968749997 0.16492678593750001
2 0.3913611859375 0.21529367968750002 0.41491909375 0.24659218125 0.4491538640625 0.2207995390625 0.42553811093749994 0.189518109375 0.3913611859375 0.21529367968750002
1 0.458586496875 0.12941434999999998 0.4583292765625 0.1290727734375 0.4302784671875 0.15019556875 0.4305570296875 0.15056427187500002 0.42465542031250003 0.15500045625 0.43554312343749996 0.1694967703125 0.473300978125 0.14107340625 0.46237985156250005 0.12661742812500001 0.458586496875 0.12941434999999998
10 0.44887806093749993 0.10153179062499999 0.45505932343750005 0.109787796875 0.4586535609375 0.1071145921875 0.45242088437500005 0.0988454 0.44887806093749993 0.10153179062499999
10 0.4571327765625 0.1111818515625 0.47265465312500005 0.13180145625 0.472818659375 0.13167818125 0.48343646093750003 0.1457703578125 0.483542740625 0.1456901609375 0.49371920312500006 0.1592547859375 0.498574165625 0.15568274531249998 0.47784225156250004 0.12821088593750002 0.49852679687499996 0.112622615625 0.48282102031249996 0.091762865625 0.4571327765625 0.1111818515625