0 0.2780301421875 0 0.1599117234375 0.9619973234374999 0.46941869062499997 1 0.7219698578125 1 0.8400882765625 0.0380026765625 0.530581309375 0 0.2780301421875 0
13 0.5294317484375 0.257951384375 0.522184540625 0.317872628125 0.5422652625 0.3203744375 0.5498406484375 0.26030615625000003 0.5294317484375 0.257951384375
10 0.5215681562500001 0.256812690625 0.5142126593749999 0.31666711406250003 0.5203676390624999 0.31725913125 0.527639746875 0.2575581890625 0.5215681562500001 0.256812690625
2 0.5155250437500001 0.35651941875 0.519862453125 0.3213735453125 0.5118892984375 0.3203835453125 0.51966049375 0.25643835312499996 0.48139076562499994 0.2516953421875 0.46909008124999996 0.3512225015625 0.5155250437500001 0.35651941875
7 0.46859896562500003 0.35556848125 0.4570294890625 0.44878143593750003 0.5052607 0.4545523578125 0.5168916671875 0.361454 0.46859896562500003 0.35556848125
1 0.45531979375000003 0.448448721875 0.479518284375 0.25136782812499997 0.46501745625 0.24978255468750002 0.452348525 0.35356530625000004 0.44242693125 0.352520253125 0.43105508906249995 0.44553393437500005 0.45531979375000003 0.448448721875
13 0.46868146250000003 0.45404223125 0.46152980781249997 0.5114800453125 0.495548646875 0.5156113812500001 0.5028537546875 0.4582443578125 0.46868146250000003 0.45404223125
10 0.45659786875 0.45268134218749995 0.449581140625 0.5102254562499999 0.4594466078125 0.5113942781249999 0.46634653437500007 0.453968059375 0.45659786875 0.45268134218749995
10 0.4734709875 0.5173855781250001 0.471161965625 0.5359346296874999 0.4928573703125 0.5385685796875 0.49509918906249994 0.5200411875000001 0.4734709875 0.5173855781250001
10 0.45360649375 0.672604496875 0.45174931249999994 0.687460775 0.47426492812500004 0.6901970078125 0.47608704062499996 0.6755237578125 0.45360649375 0.672604496875
5 0.47651544687499997 0.6713936203124999 0.4922752984375 0.542886075 0.46858844218750006 0.5402909671875 0.471393959375 0.5171085125 0.44911263906250004 0.514720615625 0.4281537828125 0.6844423921875 0.44972234687499996 0.6872118953124999 0.4520470875 0.6683168687500001 0.47651544687499997 0.6713936203124999
12 0.41167884375 0.4472053359375 0.3881761765625 0.6385422765625 0.43142824687500003 0.6436451640625 0.454785928125 0.4524761796875 0.41167884375 0.4472053359375
4 0.3876342640625 0.642878871875 0.3756037375 0.7404493703125 0.41893516093749994 0.746213734375 0.43070213593749995 0.6479434000000001 0.3876342640625 0.642878871875
8 0.5923868546875 0.5071688109375 0.6068606265625001 0.38896886249999996 0.5348992984375001 0.380493621875 0.54180795625 0.3242271109375 0.5217907078125 0.3215929875 0.4930945359375 0.55186849375 0.513582859375 0.5543841421875 0.5205094531250001 0.498343375 0.5923868546875 0.5071688109375
1 0.566193578125 0.5081527375 0.5533921453125 0.6119632984375001 0.569716159375 0.614110890625 0.582517640625 0.5100563296875 0.566193578125 0.5081527375
2 0.5222504531250001 0.5029854640625 0.509448025 0.6060733296875 0.5516348640625 0.6116719671874999 0.5642214390625 0.507983003125 0.5222504531250001 0.5029854640625
6 0.4930945359375 0.55186849375 0.48663800312500005 0.6037732171875 0.5072163296875 0.6062353734375 0.513582859375 0.5543841421875 0.4930945359375 0.55186849375
1 0.6039132687500001 0.266761253125 0.5896454890625 0.38255272812499996 0.607549684375 0.384831371875 0.621559259375 0.26892475937500004 0.6039132687500001 0.266761253125
2 0.551735790625 0.26053885 0.5377134046875 0.37661390625 0.587852571875 0.38262854062499996 0.60208408125 0.26664527968749996 0.551735790625 0.26053885