9 0.49836260625 0.31994057656249997 0.479273415625 0.307702271875 0.459851428125 0.3373513125 0.45174453124999997 0.3323232421875 0.44890539531250007 0.3366779125 0.448113290625 0.336113209375 0.4354288234375 0.3554734421875 0.4613566859375 0.37254966562499997 0.4795857984375 0.34464855625 0.48178075624999994 0.3460739796875 0.49836260625 0.31994057656249997
10 0.4488806171875 0.3710708171875 0.44150948906250004 0.36628395 0.4288321640625 0.38580531875 0.43628191875000005 0.3906432453125 0.4488806171875 0.3710708171875
3 0.5798662875 0.6121322859375 0.6041184828125 0.574428571875 0.5666475328125 0.55025115 0.5427633609375 0.587385290625 0.5798662875 0.6121322859375
11 0.826581415625 0.5536212328125 0.8095978453124999 0.5799371640625 0.834197940625 0.5974571359375 0.8523633140625 0.569229584375 0.826581415625 0.5536212328125
3 0.43332319375 0.4395463125 0.45680335000000005 0.454794503125 0.5095015921875 0.37387583593749996 0.4989734265625 0.36680401875 0.5028189375000001 0.3608336796875 0.4900046890625 0.35247102343750003 0.43332319375 0.4395463125
2 0.31482601875 0.2912751171875 0.2814644109375 0.34301470156249997 0.32414485625 0.3705137265625 0.3575108046875 0.319134671875 0.31482601875 0.2912751171875
10 0.30792643750000004 0.2388130328125 0.2874307859375 0.27035635468749997 0.298829203125 0.277680325 0.3192418390625 0.246081228125 0.30792643750000004 0.2388130328125
7 0.7766432734375 0.6832462375 0.720429071875 0.646550275 0.687283446875 0.6980146546875 0.6991792515624999 0.7055423953125 0.6722454640625 0.74808688125 0.7162006812499999 0.7754561375 0.7766432734375 0.6832462375
9 0.7982785953125 0.534028309375 0.779758703125 0.5622193921875 0.8048784484375 0.5781932671875001 0.8234103390625 0.5500267437499999 0.7982785953125 0.534028309375
13 0.2873187765625 0.27775265312499997 0.2556629546875 0.3262143265625 0.27935629375 0.3421785109375 0.310507590625 0.2928843046875 0.2873187765625 0.27775265312499997
6 0.251369740625 0.327182225 0.2756774203125 0.288543884375 0.267130459375 0.2823860625 0.27085060156249996 0.2765858234375 0.255069765625 0.266169953125 0.2513058 0.27196595156250003 0.24463990781249997 0.26787181875 0.22016686875000002 0.3065983953125 0.251369740625 0.327182225
10 0.698230425 0.48128917031249996 0.6861328828125 0.500838659375 0.76678023125 0.5532116593749999 0.7794269203125 0.5337374671874999 0.698230425 0.48128917031249996
2 0.6843028046875 0.5832851609375 0.7272509578124999 0.6115654 0.7616555593750001 0.5583717953125 0.71785574375 0.530123484375 0.6843028046875 0.5832851609375
13 0.6042723390625 0.6248760265625 0.6116831828125 0.61367375625 0.6254260031250001 0.6228127 0.640531884375 0.59924758125 0.605762728125 0.57705201875 0.58344614375 0.6114165453125 0.6042723390625 0.6248760265625
8 0.7400226375 0.6251374968750001 0.6470363484375 0.5647514953125 0.6307108796875001 0.5894659203125 0.7768154984375 0.6829724265625 0.828143140625 0.6032950296874999 0.7758844796875 0.5703396953125 0.7400226375 0.6251374968750001
10 0.48412373124999997 0.357197775 0.478246328125 0.3534759609375 0.46164306718750003 0.378839053125 0.467660684375 0.3826519234375 0.48412373124999997 0.357197775
1 0.32537536718750004 0.5427709468749999 0.353977675 0.560961709375 0.35880326406249996 0.55345923125 0.3604404578125 0.5545615609375 0.37241623125 0.5358049109375 0.3425990125 0.5163091046875 0.32537536718750004 0.5427709468749999
10 0.6418668453125 0.6601034296875 0.6078937171875001 0.71220229375 0.6208695234375 0.7206288796875 0.654834575 0.6683272875 0.6418668453125 0.6601034296875
2 0.2418688 0.3652396046875 0.19971250000000002 0.3378629828125 0.16473998125 0.391365934375 0.20736521562500002 0.41888686093749994 0.2418688 0.3652396046875
13 0.43661702968749994 0.39424978906249997 0.42724760625 0.38824532500000003 0.40639699843750005 0.42043564218749996 0.4320513734375 0.437330534375 0.46598272031250004 0.3852529765625 0.44950880625 0.37439819375 0.43661702968749994 0.39424978906249997
6 0.6690756703125 0.61470261875 0.6506458859375 0.6027341765625 0.6495109203125 0.6041806359375 0.64327338125 0.5999920640624999 0.6189934874999999 0.6370871984375001 0.6503787421875 0.657880759375 0.6745767609375 0.620320715625 0.6681533125 0.6164212890625 0.6690756703125 0.61470261875
11 0.3743353625 0.5372505578125 0.35729892812499997 0.5632433812500001 0.377833715625 0.576904865625 0.394635121875 0.550433375 0.3743353625 0.5372505578125
2 0.2911978953125 0.3972724296875 0.2441450671875 0.3663992453125 0.20910002187500001 0.4201774078125 0.2565416484375 0.450982634375 0.2911978953125 0.3972724296875
1 0.2523765609375 0.45809057343750004 0.23534819687500003 0.48396195156250005 0.3148491875 0.5354321359374999 0.33193717968750003 0.5092939375000001 0.2523765609375 0.45809057343750004
1 0.24079438749999998 0.450406934375 0.1606446046875 0.39803660937499996 0.14362724531249998 0.4240660421875 0.2235625765625 0.47676659375 0.24079438749999998 0.450406934375
10 0.392347953125 0.2512261328125 0.3750298671875 0.2777272515625 0.38069089375 0.2814035640625 0.397894971875 0.25482841093749997 0.392347953125 0.2512261328125
10 0.666078925 0.5077037140625 0.6375806875000001 0.5515871515625 0.6462559156250001 0.5574556562499999 0.6748506671875 0.513165403125 0.666078925 0.5077037140625
2 0.6466695625 0.5642003046874999 0.6309691578125001 0.5537695968749999 0.68651950625 0.4680258734375 0.6395672171875 0.43697205468749994 0.5676746625 0.548451475 0.630430809375 0.5892057921875 0.6466695625 0.5642003046874999
10 0.6258040671875 0.721668525 0.6411606703125 0.7316933859375 0.6688039984375 0.6894792671875 0.658059378125 0.6821755921875 0.6907717609375 0.631802940625 0.675985021875 0.622530084375 0.652242565625 0.65926813125 0.6620280140625 0.665773784375 0.6258040671875 0.721668525
1 0.40000292968749995 0.25622714375 0.3832877078125 0.2818659203125 0.4507832703125 0.3258824953125 0.46762529218750004 0.300048465625 0.40000292968749995 0.25622714375
9 0.6703079390625 0.6908527703125 0.6449711015624999 0.7305107078125 0.6700473515625001 0.7467954140625 0.695278290625 0.706873084375 0.6703079390625 0.6908527703125
5 0.6036697531249999 0.663039025 0.5070771796875 0.600311075 0.48555632812500005 0.6330945421874999 0.6060278078125 0.7106775609375 0.6401757171875 0.6586251328125 0.6166857359375 0.643532646875 0.6036697531249999 0.663039025
1 0.321474225 0.2474117203125 0.30409025624999997 0.27441593124999997 0.3595801078125 0.3104514625 0.37716626875000003 0.2832506578125 0.321474225 0.2474117203125
10 0.75986575625 0.5687791328125 0.7314647328125 0.61220590625 0.740456853125 0.6180454578125001 0.7687176625000001 0.574527628125 0.75986575625 0.5687791328125
2 0.336807325 0.5026121984375 0.399360396875 0.543489878125 0.45572001249999994 0.4564254 0.392903628125 0.41588720312499994 0.336807325 0.5026121984375
10 0.5196978578125 0.5809802140625 0.5078766796874999 0.5994385640625 0.603554575 0.6620401453125 0.6159311453125 0.6432400953124999 0.5196978578125 0.5809802140625
10 0.5019497640624999 0.32260173124999997 0.485262534375 0.3482978109375 0.5139434031250001 0.36685817656249997 0.5306962109375 0.34102955625 0.5019497640624999 0.32260173124999997
7 0.43790004531250004 0.3672059078125 0.4256082796875 0.35922354218749997 0.43029728125 0.3520031125 0.4331317265625 0.353843821875 0.44519729375 0.33505792031250003 0.44264590000000004 0.333401025 0.4457565203125 0.3281979734375 0.43251731875 0.319600334375 0.43026047187499994 0.3230755765625 0.380040603125 0.29027424218750003 0.3251754515625 0.3731038265625 0.3890509765625 0.41572341249999994 0.392073025 0.410651009375 0.4037118859375 0.4183994078125 0.43790004531250004 0.3672059078125
13 0.692373603125 0.634216271875 0.662170815625 0.6807244859375 0.6858141140625 0.6968517953125 0.7158039296875 0.6498252109375 0.692373603125 0.634216271875
8 0.22000726718750002 0.30698473437499996 0.2019137609375 0.3344503859375 0.29559443281250003 0.395419603125 0.2587036484375 0.4522264296875 0.33441936562499996 0.5009589703125 0.38876051562499997 0.4174071671875 0.22000726718750002 0.30698473437499996
5 0.2980778359375 0.242824371875 0.2465799890625 0.209850771875 0.22538583124999997 0.24223158437499998 0.276687178125 0.276018425 0.2980778359375 0.242824371875
10 0.611466984375 0.6176730906250001 0.6045174062500001 0.6283831078125 0.6167135109374999 0.6363033515625001 0.62387758125 0.625518375 0.611466984375 0.6176730906250001
2 0.6489020921875001 0.5606850515625 0.6828390625 0.582334596875 0.71707473125 0.5296162890625 0.6835836843750001 0.5072800828124999 0.6489020921875001 0.5606850515625
0 0.22852215 0 0 0.35189325312499997 0 0.77147785 0.35189325312499997 1 0.77147785 1 1 0.648106746875 1 0.22852215 0.648106746875 0 0.22852215 0