7 0.7000437500000001 0.7305265624999999 0.6325390625 0.7307828125 0.6325078125 0.7853609374999999 0.6999859374999999 0.7852859375000001 0.7000437500000001 0.7305265624999999
13 0.6114171875000001 0.7415359375 0.604071875 0.7415359375 0.6041203125 0.7205781250000001 0.588390625 0.7206375 0.5883984375 0.7700453125 0.611425 0.7699515625 0.6114171875000001 0.7415359375
1 0.6491921875 0.13068125 0.6491921875 0.11100937500000001 0.6232984375 0.1109625 0.62333125 0.15158125 0.656175 0.15180156250000001 0.6562375 0.13068125 0.6491921875 0.13068125
10 0.5919984375 0.1832125 0.5856765625 0.1832375 0.5856656250000001 0.2019328125 0.5919625 0.2018890625 0.5919984375 0.1832125
10 0.28693124999999997 0.11045 0.28108125 0.11052187499999999 0.2811015625 0.128478125 0.2869171875 0.12851875 0.28693124999999997 0.11045
1 0.7001390625 0.6885749999999999 0.6723874999999999 0.6885265625 0.6723015625000001 0.7280968750000001 0.7001031249999999 0.7280703125 0.7001390625 0.6885749999999999
8 0.7000953125 0.8759109374999999 0.6999859374999999 0.7852859375000001 0.6324921875 0.7853484374999999 0.632590625 0.5632265624999999 0.6073500000000001 0.5632609375000001 0.607375 0.605078125 0.6145984375 0.6050421874999999 0.6145984375 0.87598125 0.7000953125 0.8759109374999999
2 0.6114171875000001 0.772334375 0.558090625 0.77265 0.5581515625 0.8488203125 0.611428125 0.84836875 0.6114171875000001 0.772334375
10 0.6706796875000001 0.6883734375 0.6340656250000001 0.6883734375 0.63410625 0.7261109375 0.6706796875000001 0.7264328124999999 0.6706796875000001 0.6883734375
10 0.7005546875 0.67836875 0.6856515625 0.67844375 0.685615625 0.6861921875 0.7005343749999999 0.6861671874999999 0.7005546875 0.67836875
13 0.23522656249999999 0.607284375 0.21059999999999998 0.6073359375 0.21059999999999998 0.654759375 0.23537499999999997 0.6548109375 0.23522656249999999 0.607284375
10 0.31058906249999996 0.67534375 0.3105125 0.6861265624999999 0.3250578125 0.6861984375 0.3250578125 0.675309375 0.31058906249999996 0.67534375
10 0.587103125 0.6569390625 0.5870796875 0.6722421875 0.613034375 0.6722609375 0.613034375 0.6569984375 0.587103125 0.6569390625
10 0.6039453124999999 0.5927921875 0.5853640625 0.5927609375 0.5853703125 0.6019687499999999 0.603903125 0.6020125000000001 0.6039453124999999 0.5927921875
2 0.6836234375 0.6289828125 0.6344203125 0.6291765625 0.6343765625 0.686078125 0.683653125 0.6861125 0.6836234375 0.6289828125
10 0.6046671875 0.5695218750000001 0.602465625 0.5694781250000001 0.602465625 0.5595609375 0.5853937499999999 0.5595609375 0.5853015625 0.588153125 0.6047609375 0.588153125 0.6046671875 0.5695218750000001
11 0.5793062499999999 0.854396875 0.559984375 0.8544375000000001 0.5599703125 0.8794953124999999 0.5793062499999999 0.8794562499999999 0.5793062499999999 0.854396875
2 0.6836671875 0.5632375 0.6344125 0.5632375 0.634396875 0.6243609375 0.6836671875 0.6244828124999999 0.6836671875 0.5632375
3 0.2091421875 0.709421875 0.1804515625 0.7093875 0.180603125 0.7701140625 0.2091671875 0.7700078125 0.2091421875 0.709421875
10 0.23527499999999998 0.73911875 0.23530156249999998 0.7112 0.2108375 0.71119375 0.21072812500000002 0.718253125 0.2281984375 0.7183078125 0.2281921875 0.7391796875 0.23527499999999998 0.73911875
10 0.2095265625 0.6569859375 0.2095046875 0.672078125 0.23548437500000002 0.672046875 0.23544218749999998 0.6569859375 0.2095265625 0.6569859375
8 0.304553125 0.785078125 0.25506875 0.785175 0.2547375 0.6052171875 0.2370546875 0.605246875 0.237221875 0.8484375 0.3045734375 0.848378125 0.304553125 0.785078125
12 0.20439687499999998 0.5596484375 0.16625625 0.5595578125 0.16625625 0.659025 0.2043890625 0.6589875000000001 0.20439687499999998 0.5596484375
12 0.5820031250000001 0.559584375 0.543765625 0.55954375 0.543765625 0.659053125 0.5820031250000001 0.6590109375 0.5820031250000001 0.559584375
13 0.6128234375 0.607375 0.58815625 0.607340625 0.58815625 0.6548109375 0.612771875 0.6547562499999999 0.6128234375 0.607375
13 0.2338890625 0.7415109375 0.226515625 0.7415109375 0.22653906250000003 0.7205921875 0.21082031250000002 0.720621875 0.2107125 0.7699921875 0.23386875 0.7699921875 0.2338890625 0.7415109375
1 0.30895 0.6886171875 0.30897968750000004 0.6752546875000001 0.3085609375 0.6752546875000001 0.3085921875 0.5596687499999999 0.2279765625 0.5597125000000001 0.22800781250000002 0.569553125 0.227315625 0.569553125 0.227315625 0.588215625 0.22800781250000002 0.5882578125 0.2279765625 0.5977609375 0.2511890625 0.5979734375 0.25125000000000003 0.5723515625 0.2967140625 0.57239375 0.29674375 0.777184375 0.3103890625 0.7772265625 0.310359375 0.8565890625 0.20329375 0.8565890625 0.20329375 0.8795781249999999 0.325084375 0.8795359375 0.3250546875 0.6886171875 0.30895 0.6886171875
2 0.2338890625 0.7722796875 0.180584375 0.772596875 0.18060625 0.8483609375000001 0.2338484375 0.8483984375 0.2338890625 0.7722796875
10 0.2911359375 0.6882671874999999 0.2565265625 0.688196875 0.256528125 0.7261562500000001 0.290896875 0.72603125 0.2911359375 0.6882671874999999
7 0.290846875 0.7850328125 0.290903125 0.7308671875 0.254978125 0.7308234375 0.25506875 0.785175 0.290846875 0.7850328125
10 0.22490625 0.559521875 0.20783749999999998 0.559546875 0.2078203125 0.5881078125 0.2249421875 0.5882625 0.22490625 0.559521875
2 0.25671093749999996 0.580253125 0.25671093749999996 0.6243890624999999 0.2911359375 0.6243546875 0.2911734375 0.5801828125 0.25671093749999996 0.580253125
6 0.2370234375 0.6998171875 0.23704062499999998 0.6745109375 0.2095140625 0.6746078125 0.2095140625 0.676475 0.20620625 0.6764921875 0.20623437500000003 0.699671875 0.2095328125 0.699646875 0.2095140625 0.7088515625 0.2355484375 0.7088765625 0.2355828125 0.69984375 0.2370234375 0.6998171875
2 0.2911015625 0.6291140625 0.25689687499999997 0.6292015625 0.2568140625 0.6857859375 0.291134375 0.685690625 0.2911015625 0.6291140625
11 0.201515625 0.8544625 0.1831171875 0.8544375000000001 0.1830640625 0.879746875 0.2015265625 0.8797406249999999 0.201515625 0.8544625
10 0.22631874999999999 0.5927953125000001 0.2078453125 0.5927109374999999 0.2078453125 0.601975 0.22635156250000002 0.601975 0.22631874999999999 0.5927953125000001
6 0.6145171875 0.699778125 0.6145625 0.6746140625 0.58709375 0.6746140625 0.58709375 0.67601875 0.5837656250000001 0.676021875 0.5837703125 0.6994125 0.58709375 0.6994125 0.58709375 0.7088796875 0.613265625 0.7089390625 0.6131796875 0.699778125 0.6145171875 0.699778125
2 0.752740625 0.2584125 0.7082203125000001 0.25837656249999996 0.7082171875000001 0.33236875 0.7528328125 0.3322859375 0.752740625 0.2584125
10 0.571503125 0.15025312500000002 0.571546875 0.15575624999999998 0.5689984375 0.15575624999999998 0.5689984375 0.174534375 0.58889375 0.174534375 0.5889375 0.150378125 0.571503125 0.15025312500000002
13 0.7149671875 0.1931265625 0.68148125 0.1931265625 0.68148125 0.22796406249999998 0.7150546875 0.22796406249999998 0.7149671875 0.1931265625
10 0.2897515625 0.20482187500000001 0.2897515625 0.2280421875 0.3101390625 0.2280421875 0.3102453125 0.20482187500000001 0.2897515625 0.20482187500000001
1 0.22239843750000002 0.1747625 0.26759374999999996 0.17471874999999998 0.267534375 0.10850625 0.2511890625 0.10854843750000001 0.2511890625 0.1506265625 0.2223703125 0.150584375 0.22239843750000002 0.1747625
13 0.221821875 0.20431249999999998 0.2143703125 0.20427499999999998 0.21439375 0.183234375 0.1986640625 0.183234375 0.19876875 0.23281562500000003 0.221821875 0.2327078125 0.221821875 0.20431249999999998
2 0.22795937500000002 0.2350015625 0.1743859375 0.2350015625 0.1743859375 0.3046859375 0.22795937500000002 0.3046859375 0.22795937500000002 0.2350015625
7 0.2238296875 0.2071625 0.22780781249999998 0.2071921875 0.22780781249999998 0.20671875 0.23107812499999997 0.20671875 0.231065625 0.2309125 0.28645624999999997 0.23051249999999998 0.28658125 0.13072343749999998 0.2794375 0.1306953125 0.2794375 0.1110171875 0.27320937500000003 0.1109859375 0.273125 0.1828890625 0.2238296875 0.18286093750000001 0.2238296875 0.2071625
10 0.3831390625 0.1914859375 0.37281718750000004 0.1914859375 0.372809375 0.23080937499999998 0.3831015625 0.2307609375 0.3831390625 0.1914859375
6 0.35354687500000004 0.2303390625 0.371253125 0.230228125 0.371253125 0.191490625 0.36991406250000003 0.191553125 0.3698703125 0.18654375 0.35363125 0.1864828125 0.35363125 0.191003125 0.3469390625 0.1910625 0.3469390625 0.2283234375 0.35354687500000004 0.2283234375 0.35354687500000004 0.2303390625
10 0.2916484375 0.1672015625 0.2917125 0.1843890625 0.33680468750000003 0.18433125 0.336734375 0.1672015625 0.2916484375 0.1672015625
1 0.1924921875 0.312975 0.1924203125 0.33591875 0.3856078125 0.33590156250000003 0.38567968750000003 0.31295 0.1924921875 0.312975
4 0.3339578125 0.1086125 0.3017453125 0.1086125 0.3016203125 0.16261874999999998 0.33402031249999997 0.16253125 0.3339578125 0.1086125
5 0.337215625 0.07801875 0.337215625 0.1843609375 0.379859375 0.1843609375 0.37967343750000004 0.07802187499999999 0.337215625 0.07801875
3 0.19470625 0.17864375 0.18174218749999999 0.17858125 0.18174218749999999 0.18256406249999999 0.17432187500000002 0.18256406249999999 0.1745453125 0.2328328125 0.1968171875 0.2328875 0.19685312500000002 0.18275625 0.19470625 0.1826890625 0.19470625 0.17864375
0 0 0 0 1 1 1 1 0 0 0
8 0.29333593750000003 0.30474531250000003 0.293265625 0.2557796875 0.3712875 0.2558796875 0.371253125 0.230228125 0.23107656250000003 0.23094062499999998 0.23111406250000002 0.30479687499999997 0.29333593750000003 0.30474531250000003
5 0.749465625 0.0778625 0.7070093749999999 0.077628125 0.7069171875 0.1843609375 0.74946875 0.1843609375 0.749465625 0.0778625
3 0.566390625 0.1540328125 0.5440765625 0.1540578125 0.5440765625 0.2328875 0.566721875 0.23294375 0.566390625 0.1540328125
10 0.7527484375 0.23331718750000002 0.742409375 0.23327187500000002 0.7423859375 0.2559125 0.7527484375 0.2558875 0.7527484375 0.23331718750000002
11 0.56029375 0.31086718750000003 0.541609375 0.31086718750000003 0.5415656249999999 0.3359171875 0.5603546875000001 0.3358734375 0.56029375 0.31086718750000003
4 0.7036390625 0.10858281249999999 0.671453125 0.10858281249999999 0.671453125 0.1625421875 0.7036390625 0.16243749999999998 0.7036390625 0.10858281249999999
8 0.7409578125 0.2559328125 0.7409859375 0.23030468750000002 0.6451640624999999 0.23062187500000003 0.6451640624999999 0.2281625 0.6008515625 0.22809062500000002 0.6007453125 0.332325 0.663125 0.3322375 0.6629968749999999 0.2558421875 0.7409578125 0.2559328125
10 0.70643125 0.1671734375 0.6612390625 0.167115625 0.661278125 0.18434843750000002 0.7064703125 0.18430312499999998 0.70643125 0.1671734375
7 0.6008515625 0.22809062500000002 0.6561015625 0.2281984375 0.6566234375 0.154003125 0.5936625 0.1539015625 0.5937 0.2071734375 0.6007781249999999 0.20712187499999998 0.6008515625 0.22809062500000002
13 0.3453421875 0.19309375 0.3118859375 0.193078125 0.31186250000000004 0.22786093749999997 0.3453734375 0.2277625 0.3453421875 0.19309375
10 0.3831265625 0.23328125000000002 0.3727640625 0.23333125 0.3728 0.2558796875 0.383090625 0.25593125 0.3831265625 0.23328125000000002
10 0.6128234375 0.7391515625 0.6128234375 0.711225 0.58840625 0.7111921875 0.5883796875 0.7182953125 0.60575 0.7182953125 0.60575 0.7391140625 0.6128234375 0.7391515625
10 0.2984078125 0.10853281249999999 0.2917375 0.10859531250000001 0.29168906250000004 0.1648703125 0.29848906249999996 0.164828125 0.2984078125 0.10853281249999999
10 0.22222031250000002 0.1832171875 0.215959375 0.1832171875 0.21600625 0.2019328125 0.222353125 0.2019328125 0.22222031250000002 0.1832171875
10 0.22789687500000003 0.2094640625 0.223471875 0.2094015625 0.22343125000000003 0.2327578125 0.22787031249999998 0.23273281250000002 0.22789687500000003 0.2094640625
2 0.7063859375 0.2583953125 0.66614375 0.2583421875 0.6662515625000001 0.3323109375 0.706453125 0.332321875 0.7063859375 0.2583953125
10 0.597453125 0.2094296875 0.5931046875 0.20940468750000002 0.5931124999999999 0.232746875 0.5974609375 0.23271875 0.597453125 0.2094296875
10 0.6680296875 0.10860937500000001 0.66128125 0.10858125 0.661303125 0.1648421875 0.6680734375 0.1648109375 0.6680296875 0.10860937500000001
2 0.597425 0.235203125 0.5441125 0.2352578125 0.5441125 0.30481250000000004 0.5974999999999999 0.304759375 0.597425 0.235203125
13 0.5914875 0.2043171875 0.5841546875 0.20425468750000003 0.5841546875 0.1832609375 0.5683734375 0.183071875 0.5683296875 0.2328328125 0.5914875 0.2327078125 0.5914875 0.2043171875
1 0.5619125 0.312946875 0.5619140625 0.3358625 0.5973078125 0.3358828125 0.597334375 0.312946875 0.5948390625 0.312978125 0.594865625 0.30993125 0.56791875 0.30990625 0.567934375 0.3129359375 0.5619125 0.312946875
10 0.6798265625 0.2047640625 0.6594765625 0.20492343750000003 0.6594625 0.22821875 0.679875 0.22825 0.6798265625 0.2047640625
6 0.7227 0.23043125 0.7409859375 0.23030468750000002 0.7409859375 0.19141875 0.73995625 0.19141875 0.73995625 0.1865484375 0.72339375 0.1864484375 0.723415625 0.19148125 0.716665625 0.19148125 0.7167546875 0.22834374999999998 0.72274375 0.22840781250000003 0.7227 0.23043125
10 0.6566921875 0.1105265625 0.6507640625 0.1105578125 0.6506968750000001 0.1284953125 0.6566734375000001 0.1284578125 0.6566921875 0.1105265625
10 0.31014375 0.19096875 0.28976406250000003 0.1909171875 0.28976406250000003 0.2023515625 0.31025625 0.2023 0.31014375 0.19096875
2 0.33679375 0.25845625 0.2967203125 0.25846874999999997 0.2966875 0.304790625 0.3367640625 0.3047078125 0.33679375 0.25845625
2 0.38310468750000004 0.258415625 0.338553125 0.2584609375 0.3385859375 0.3047859375 0.38319843750000004 0.3047859375 0.38310468750000004 0.258415625
10 0.1984984375 0.150496875 0.17183593749999998 0.1503421875 0.1719421875 0.174471875 0.2193671875 0.1746984375 0.21931250000000002 0.150190625 0.2016640625 0.15041875 0.201609375 0.15573125000000002 0.1985515625 0.15573125000000002 0.1984984375 0.150496875
10 0.7527296875 0.1915390625 0.7424578125 0.1915390625 0.742434375 0.230803125 0.7527046875 0.230803125 0.7527296875 0.1915390625
1 0.6108046875 0.87978125 0.6108046875 0.8535640624999999 0.5839578125 0.8535640624999999 0.5839375 0.8565687499999999 0.580875 0.856540625 0.580834375 0.8797265624999999 0.6108046875 0.87978125
3 0.5867281249999999 0.7094359375 0.5580078125 0.709346875 0.5581125 0.770290625 0.586665625 0.7700859375 0.5867281249999999 0.7094359375