2 0.5082335812500001 0.8980746375 0.48461679531249996 0.9085890687499999 0.5101179671875 0.9663116671875001 0.5342942671875 0.9561523671875 0.5082335812500001 0.8980746375
8 0.5724283906250001 1 0.5272376109375 0.898278209375 0.5516057328125 0.8880519343750001 0.5025358718749999 0.77846166875 0.46458767500000003 0.7962911593750001 0.55528429375 1 0.5724283906250001 1
2 0.6012639453124999 1 0.590012890625 0.9747307453125 0.56760848125 0.9853522890624999 0.5741476078125001 1 0.6012639453124999 1
2 0.500559771875 0.7737624015625 0.474886509375 0.7157820734375 0.40838780156250004 0.7453885203125 0.4137635765625 0.7575670078125001 0.4414359390625 0.7452465187499999 0.46142495156249996 0.7904569484375 0.500559771875 0.7737624015625
6 0.5702083578125 0.328953940625 0.5671875609375 0.3302983 0.57843533125 0.3558609953125 0.600146865625 0.3467947828125 0.5831384890625 0.308807784375 0.564678075 0.31604764687500003 0.5702083578125 0.328953940625
12 0.5735406515625 0.47091653125 0.5457342046875 0.40846235468750003 0.4988292421875 0.43089873125 0.5262519359375 0.49197099843750003 0.5735406515625 0.47091653125
10 0.5238661140625 0.17697982343750002 0.5158678640625001 0.1806595453125 0.5351552828125 0.22398556875 0.543353121875 0.220331209375 0.5238661140625 0.17697982343750002
2 0.5852176 0.174386096875 0.5495560703125 0.1917460484375 0.5853160328125 0.2720636296875 0.621822078125 0.2564577453125 0.5852176 0.174386096875
11 0.7806663921875 0.8490624046875 0.7720040171875 0.8527399109375 0.7865019515625 0.885483859375 0.7952320234375 0.8817778437499999 0.7806663921875 0.8490624046875
10 0.789531921875 0.7734931203125 0.772073275 0.78108801875 0.7955247546875001 0.8337615765624999 0.8131093359375001 0.8261141796875 0.789531921875 0.7734931203125
1 0.756464375 0.8093949171875 0.753217496875 0.8105306125 0.7706514859375 0.8487547624999999 0.7932853484375 0.8380590859374999 0.7228548953125 0.680185546875 0.7026628296874999 0.68886571875 0.756464375 0.8093949171875
10 0.8212982859375 0.844903709375 0.80416055 0.8523776281250001 0.8086365671875001 0.8620275265625 0.825649540625 0.854538928125 0.8212982859375 0.844903709375
10 0.7597553234375 0.5618568390625 0.74726418125 0.5674178109375 0.7613636828125 0.5989046140625 0.7736532859375 0.5932510484375 0.7597553234375 0.5618568390625
10 0.70803301875 0.6350231171875 0.7058579734375 0.6359915546875 0.7222161734375 0.6727295140625 0.73897838125 0.664834915625 0.733769753125 0.65248119375 0.71893696875 0.6595124593749999 0.70803301875 0.6350231171875
2 0.7445344328125 0.5690985515625 0.7056544640625 0.5862335484375001 0.7497560171875 0.6851010984375 0.7885021531249999 0.66766528125 0.7445344328125 0.5690985515625
10 0.7842288109375 0.847218046875 0.78292138125 0.8477218687500001 0.791768621875 0.8674745953125 0.8037978453125 0.8624134515625 0.79371175 0.83914638125 0.7828351765625 0.844244834375 0.7842288109375 0.847218046875
4 0.77699565 0.9239910046875 0.7680421171875 0.90388168125 0.7422534093750001 0.9153646046875 0.7511770140625 0.9354874703125 0.77699565 0.9239910046875
1 0.731692415625 0.5348660875 0.6740406218749999 0.560160653125 0.6856802078124999 0.585927090625 0.7427778828125 0.5605056484375 0.731692415625 0.5348660875
10 0.8055263968749999 0.865269053125 0.7945005 0.8703273953125 0.798733146875 0.8801324453125 0.8098140515625 0.8750563109374999 0.8055263968749999 0.865269053125
10 0.8143485015625 0.829431625 0.7976696359375001 0.83693855625 0.803260765625 0.8498506015625 0.8200932796875 0.8423150968750001 0.8143485015625 0.829431625
13 0.8428895671875001 0.89465373125 0.8265549249999999 0.8580880828125 0.8103012484375001 0.8647819984374999 0.8267932828125 0.901820778125 0.8428895671875001 0.89465373125
2 0.8416705734375001 0.7866847625 0.8191655421874999 0.7975202078125 0.8551580124999999 0.878215340625 0.8780580328125 0.8681181515624999 0.8416705734375001 0.7866847625
13 0.7049204718750001 0.632491846875 0.7080235421875 0.6310895390625 0.71879978125 0.6553750593750001 0.7318394640625 0.64945485625 0.7058621781250001 0.591344203125 0.6902016296875 0.599153328125 0.7049204718750001 0.632491846875
7 0.7414782859375 0.6708607125 0.726005675 0.6777511031250001 0.7704241328125 0.777085190625 0.7891187656249999 0.769408725 0.7816652000000001 0.752447934375 0.7804567890625 0.7525612374999999 0.752555153125 0.6900991484375 0.750620403125 0.691178046875 0.7414782859375 0.6708607125
10 0.7829385296875 0.897323471875 0.7918419171875 0.9172615828125 0.8057159609375001 0.9110809015625 0.80576261875 0.91118329375 0.8206335359375 0.9045636937499999 0.8117524671874999 0.8844212546874999 0.7829385296875 0.897323471875
8 0.8392142203124999 0.7815661140625 0.7909457671875 0.6731556390625 0.7539561124999999 0.6900564046875 0.84481575625 0.8937965921875 0.8574533890625 0.8881694171875001 0.8145557828125 0.7916826171875 0.8392142203124999 0.7815661140625
1 0.89704203125 0.8705435874999999 0.7749961796875 0.5958186265625 0.7626185265625 0.6015925484375 0.884941465625 0.8759316609375001 0.89704203125 0.8705435874999999
10 0.789482078125 0.9184315125 0.780523803125 0.8983252328125 0.7715123890625 0.9020341515625001 0.780618084375 0.922378978125 0.789482078125 0.9184315125
10 0.6150629796875 0.343584303125 0.6024694453125 0.3491919328125 0.6084820671875 0.36284582187500003 0.62113071875 0.35721415 0.6150629796875 0.343584303125
5 0.54601850625 0.39978474531249997 0.566623025 0.4456341390625 0.585240603125 0.4369108578125 0.56022643125 0.38029536406250003 0.58278891875 0.37046576249999996 0.563948065625 0.3281461234375 0.5322759375 0.3420298578125 0.5287903359375 0.35675251874999997 0.4994525796875 0.3700300265625 0.518134825 0.4117671203125 0.54601850625 0.39978474531249997
8 0.5449823609375 0.1859919125 0.5828720578125 0.1692756328125 0.534933075 0.0611490765625 0.48064732968749996 0.08501623281250001 0.47146063125 0.0648356421875 0.45226323281249997 0.0738300953125 0.50204479375 0.1833827765625 0.5234241171875 0.173115271875 0.6007082031250001 0.3457919265625 0.6138586312500001 0.34068940625 0.5449823609375 0.1859919125
10 0.54462835625 0.22364146875 0.52802934375 0.23131857031249997 0.533535246875 0.243741553125 0.5502366750000001 0.23628502343750002 0.54462835625 0.22364146875
10 0.55157580625 0.23906819375000002 0.534788075 0.24690296250000002 0.5388632234374999 0.25624113125000003 0.5559202203125 0.24882675 0.55157580625 0.23906819375000002
2 0.6231017578125 0.2595133578125 0.5869971828125 0.276023259375 0.6227571453125 0.35634084062500004 0.6592632171874999 0.34073339375 0.6231017578125 0.2595133578125
10 0.5417086671875 0.2781034953125 0.513258534375 0.2912027171875 0.5220778265625 0.31166131406250003 0.5360998671874999 0.30541758125 0.547564059375 0.3313841140625 0.5624721609375001 0.3249620671875 0.5417086671875 0.2781034953125
10 0.5106724625 0.2919936421875 0.501939303125 0.2964137765625 0.5269291843749999 0.35236155625 0.53105028125 0.33775937968749997 0.5106724625 0.2919936421875
1 0.49476984843749994 0 0.49879314687500004 0.0091354265625 0.497896459375 0.009385440625 0.520392703125 0.05885902656250001 0.53320935625 0.05345063437499999 0.5095073343750001 0.00008978750000000001 0.504363434375 0 0.49476984843749994 0
10 0.5147044359375 0.2416719703125 0.513250234375 0.2421685421875 0.5218236921875 0.2615805015625 0.5341372796875 0.25625396718750004 0.5236145953125 0.232304171875 0.512698875 0.23731755625 0.5147044359375 0.2416719703125
10 0.600908496875 0.349447540625 0.5830494484375001 0.357688675 0.589452084375 0.37191820937500003 0.6073079531250001 0.3636801453125 0.600908496875 0.349447540625
10 0.5401521093749999 0.2691546546875 0.53586175625 0.2595220609375 0.5246709515625 0.264358740625 0.529180834375 0.274485865625 0.5401521093749999 0.2691546546875
11 0.5109271375 0.24320315625000002 0.5023389859375 0.2469257140625 0.517072359375 0.2797003390625 0.5253113546875 0.27592636718749997 0.5109271375 0.24320315625000002
2 0.44464594843749994 0 0.47987650468750004 0.0791300078125 0.5186918203124999 0.0620282625 0.49101957812499997 0 0.44464594843749994 0
13 0.423292634375 0 0.4351789359375 0.0265841125 0.43837057343749997 0.02530055625 0.44911179843750004 0.04944325625 0.4620444265625 0.043836857812500005 0.4425269390625 0 0.423292634375 0
7 0.4900566796875 0.2063223609375 0.48706417812499997 0.2074781234375 0.5007053828125 0.2382724484375 0.5219801609375 0.2288016765625 0.452510771875 0.0743313671875 0.4351989515625 0.08255704999999999 0.4900566796875 0.2063223609375
10 0.5444268375 0.3306245578125 0.536005621875 0.3117122078125 0.5244011765625001 0.31687921874999997 0.5327402984375 0.33539163906249997 0.5444268375 0.3306245578125
13 0.5570556171875001 0.2511953640625 0.540201734375 0.2585226515625 0.5641208640625 0.312606146875 0.5808407718749999 0.305523434375 0.5570556171875001 0.2511953640625
10 0.43819482968749995 0.0292809078125 0.43640348125 0.0303810625 0.45266234843750003 0.0673485734375 0.4694476859375 0.059113701562499996 0.46394189687500004 0.0470423359375 0.4489413578125 0.053567471874999995 0.43819482968749995 0.0292809078125
4 0.4982543796875 0.29775591874999996 0.47272139375 0.30989809375 0.496388196875 0.3635755625 0.5224021078125001 0.351993428125 0.4982543796875 0.29775591874999996
10 0.514362603125 0.18148496249999999 0.5044486125 0.18578134375 0.5236341640625 0.22921341874999998 0.533599875 0.2249085640625 0.514362603125 0.18148496249999999
10 0.5865921265625 0.44005836093750006 0.5676416843750001 0.448244503125 0.57687946875 0.468990134375 0.595639025 0.46063813593749997 0.5865921265625 0.44005836093750006
1 0.606277753125 1 0.6175118015625001 0.9949981296875 0.4905116984375 0.7091928296875001 0.478019890625 0.7149710109375 0.6051692890625 1 0.606277753125 1
1 0.4732833765625 0.70797946875 0.4622635328125 0.6830567890625 0.38705993906249997 0.7166275421875 0.39807968437499996 0.7413767578125 0.4732833765625 0.70797946875
7 0.46464918125 0.7972439390625 0.436685809375 0.8090467718750001 0.4618612234375 0.8653775359375 0.4802261578125 0.9064027328125001 0.5078695140625 0.894311459375 0.46464918125 0.7972439390625
10 0.439165609375 0.789902759375 0.429792996875 0.7940710703125 0.43415089843750004 0.8038626796875 0.4604157375 0.792050515625 0.4594378203125 0.7896127640625 0.4423216015625 0.7971073734375 0.439165609375 0.789902759375
11 0.40855253906250005 0.7646896484375 0.39204406718749996 0.772193303125 0.404627275 0.8003031296875 0.4251670109375 0.791311790625 0.4035625984375 0.7433883796874999 0.399868234375 0.7451819890625 0.40855253906250005 0.7646896484375
2 0.5534826109375001 0.8927057109375 0.53115853125 0.9032911515625001 0.5662769703125 0.9819535343749999 0.588843246875 0.9719067765625 0.5534826109375001 0.8927057109375
13 0.5411013296875 1 0.5511243171875 0.9955817843749999 0.535077159375 0.9596462499999999 0.5117549703125001 0.970651834375 0.5248228453125 1 0.5411013296875 1
1 0.5057820078125 0.968423815625 0.5069083984375 0.96781681875 0.483359875 0.9146149250000001 0.4802907671875 0.915772475 0.42658364375 0.794937065625 0.40637328124999994 0.8040388578125001 0.45844035156249996 0.9210669390625 0.469550065625 0.916041315625 0.49671785625 0.9770341234375 0.5072491718750001 0.9719296421875001 0.5057820078125 0.968423815625
0 0.39372220156250004 0 0.039697396875 0.15762227812500001 0.414113675 0.9985770125 0.4956365734375 1 0.6062777984375 1 0.9603026031249999 0.842377721875 0.5858863249999999 0.0014229874999999999 0.5043634265625 0 0.39372220156250004 0
13 0.17217710625 0.1448105421875 0.14598015312499998 0.1559566015625 0.15873131406250002 0.18465069843749998 0.1695837234375 0.17995188281250002 0.17247518281250002 0.18664399062499998 0.1876753296875 0.180053578125 0.17217710625 0.1448105421875
5 0.31508310625 0.53077900625 0.3732873203125 0.50499244375 0.3536584125 0.4609072203125 0.3241366875 0.473801771875 0.31112545156250004 0.454367046875 0.2924257234375 0.462693521875 0.29873773125 0.476743321875 0.262777559375 0.4931276015625 0.281522190625 0.5352299015625 0.3113252046875 0.522335571875 0.31508310625 0.53077900625
10 0.29215457499999997 0.46300758750000004 0.28180859375 0.4677902546875 0.28735156562499997 0.4800591734375 0.297692975 0.47562804375 0.29215457499999997 0.46300758750000004
10 0.258063134375 0.40492095156249996 0.259454125 0.408045703125 0.2571042078125 0.40954241874999997 0.2594425828125 0.4147949671875 0.2702417265625 0.4102827515625 0.2662897921875 0.40140617812499996 0.258063134375 0.40492095156249996
7 0.1473388984375 0.192890628125 0.1491547859375 0.19683073281250002 0.1403105140625 0.20125986562499998 0.18868209687499998 0.310208159375 0.23800109374999998 0.2888687703125 0.19459062031250002 0.1910556296875 0.1653878890625 0.20447614062500002 0.15793139375 0.1878622265625 0.1473388984375 0.192890628125
10 0.238965390625 0.36881339999999996 0.2280177265625 0.3736871421875 0.24316058125 0.40807072031249997 0.2542100375 0.403184690625 0.238965390625 0.36881339999999996
2 0.2975704921875 0.2808462390625 0.2612404453125 0.297202184375 0.2965161703125 0.37607515625 0.33291857187499996 0.3596923453125 0.2975704921875 0.2808462390625
13 0.2656932453125 0.353752571875 0.24157199375 0.364339459375 0.2577185328125 0.401206559375 0.282173190625 0.39076769843750003 0.2656932453125 0.353752571875
10 0.1439800265625 0.1563045609375 0.1334862453125 0.16122841875 0.145921021875 0.1891575015625 0.156554990625 0.1847971140625 0.1439800265625 0.1563045609375
10 0.3421478546875 0.52614126875 0.33086200312499997 0.5313200921875 0.3389164765625 0.54966658125 0.350161740625 0.544216696875 0.3421478546875 0.52614126875
4 0.310158953125 0.5302398593750001 0.28463091406249996 0.54191955 0.30818239687500004 0.595130871875 0.3341743828125 0.5841781390625 0.310158953125 0.5302398593750001
10 0.1298661984375 0.1428280625 0.115018403125 0.149644971875 0.11938834062499999 0.1594633578125 0.13415612500000001 0.15257472968750002 0.1298661984375 0.1428280625
10 0.27168896875000004 0.4132287703125 0.261276853125 0.41803997343750005 0.27865171875 0.4565178171875 0.2890607375 0.45170499687500004 0.27168896875000004 0.4132287703125
11 0.13101415156250001 0.1622041734375 0.12229414375 0.1659603734375 0.1348675453125 0.1944528984375 0.1435897625 0.19057015625 0.13101415156250001 0.1622041734375
10 0.3270944140625 0.5301463484375 0.31674682656250003 0.534752396875 0.3380129125 0.581735384375 0.34826303593749997 0.5774308046875001 0.3270944140625 0.5301463484375
2 0.15652926875 0.105604915625 0.19210989218750002 0.1849160875 0.23111319843749997 0.1684145890625 0.1956627359375 0.0881821109375 0.15652926875 0.105604915625
10 0.3235178046875 0.44900438125 0.3118897359375 0.4541819203125 0.3240603640625 0.47235490625 0.332217346875 0.468802975 0.3235178046875 0.44900438125
6 0.26785734687499996 0.40086157812499995 0.2903489015625 0.45123053124999996 0.2924771484375 0.45043630312499994 0.29553835 0.457162628125 0.3070692625 0.4517317921875 0.304114175 0.44519328593749996 0.307477971875 0.4437158296875 0.28486321718749996 0.3927055671875 0.26785734687499996 0.40086157812499995
10 0.19974773125 0.31406436875 0.19017711875 0.31847457343749996 0.1940177265625 0.327103853125 0.203531140625 0.32301613749999997 0.19974773125 0.31406436875
3 0.123533484375 0.120295359375 0.13857004687500002 0.15432234218750002 0.1704140125 0.1399946640625 0.15538585 0.1061131625 0.123533484375 0.120295359375
2 0.23851169687499998 0.2924735421875 0.201239315625 0.3089193046875 0.226961990625 0.3668442375 0.264292628125 0.3499259828125 0.23851169687499998 0.2924735421875
8 0.24682517656249997 0.167238621875 0.19529821875 0.1901787828125 0.308099215625 0.44384700468749994 0.3222582640625 0.43754315468750005 0.257022646875 0.291649603125 0.295432653125 0.27610195625 0.24682517656249997 0.167238621875
10 0.34357776875 0.5228282203125 0.3552620140625 0.54872201875 0.3412934484375 0.5553042375 0.350916184375 0.576736378125 0.3816078625 0.5630668156249999 0.36030080781249996 0.5152079796875 0.34357776875 0.5228282203125
2 0.33387720781249997 0.3626079578125 0.2976148953125 0.37875411406250004 0.3327581671875 0.45805296406249996 0.369355984375 0.441934540625 0.33387720781249997 0.3626079578125
10 0.1693759984375 0.1839738703125 0.16018882031249998 0.1883516984375 0.16432253125000001 0.1979159234375 0.190898653125 0.1865342578125 0.18960994375 0.1836378875 0.1726572609375 0.191343196875 0.1693759984375 0.1839738703125
12 0.2532709640625 0.4140996515625 0.20633509375 0.435083703125 0.2334904421875 0.49607316875 0.28055996250000004 0.4754899484375 0.2532709640625 0.4140996515625
1 0.22068653437500002 0.1035102328125 0.208431134375 0.10881590468749999 0.2329863640625 0.163970040625 0.245296934375 0.15863720312500001 0.22068653437500002 0.1035102328125
13 0.457631921875 0.7858166062499999 0.4419624265625 0.750268971875 0.415741928125 0.7616896625 0.4284329859375 0.7904249046875 0.43925360468749997 0.7857567890625 0.44235606718750003 0.79262604375 0.457631921875 0.7858166062499999
10 0.46947101093750004 0.9199436546875001 0.45988671875 0.9243317421875 0.46371389374999994 0.9329248437500001 0.47334118125 0.9287594171875 0.46947101093750004 0.9199436546875001
10 0.3996460890625 0.7488661734375001 0.3846825265625 0.755421646875 0.3904828359375 0.7683467203125 0.4054068328125 0.7619093234375 0.3996460890625 0.7488661734375001
10 0.5197882203125 1 0.5085357968750001 0.9744978015625 0.49781018593750004 0.9799004984374999 0.5067301359374999 1 0.5197882203125 1