10 0.32215937499999997 0.5671765625 0.33250625 0.5627390625 0.3210109375 0.5355953125 0.310684375 0.5400171874999999 0.32215937499999997 0.5671765625
12 0.6068265625 0.31098593750000003 0.6174390625 0.335990625 0.67811875 0.3099328125 0.667646875 0.2851015625 0.6068265625 0.31098593750000003
1 0.27444375 0.681846875 0.2429703125 0.695146875 0.2413765625 0.69139375 0.2205546875 0.7002703125 0.23081093749999998 0.7247874999999999 0.25312812500000004 0.715125 0.25079843749999997 0.7099328125000001 0.3592078125 0.663896875 0.349678125 0.64176875 0.2714765625 0.6749234375000001 0.27444375 0.681846875
10 0.6529078125 0.516728125 0.6631 0.5400890625 0.68523125 0.531121875 0.6832765625 0.5263578125 0.685465625 0.525428125 0.6772781250000001 0.5064015625 0.6529078125 0.516728125
11 0.66071875 0.5421125 0.650684375 0.51850625 0.6277 0.5282453125 0.6377234374999999 0.551890625 0.66071875 0.5421125
10 0.2764375 0.51834375 0.28516875 0.5146375 0.27825 0.49833906250000004 0.2695484375 0.5020781249999999 0.2764375 0.51834375
10 0.7506171875 0.34602499999999997 0.7404109375 0.35035781250000003 0.74179375 0.3536171875 0.7520234375 0.3492734375 0.7506171875 0.34602499999999997
13 0.2407921875 0.6346890625 0.226290625 0.6409125 0.24507812499999998 0.6859124999999999 0.2664 0.676840625 0.25172500000000003 0.6422656250000001 0.2453203125 0.6450078125 0.2407921875 0.6346890625
8 0.41643125000000003 0.6111078125 0.3868109375 0.5413125 0.21465312499999997 0.614553125 0.2244984375 0.637653125 0.33254375 0.5915109375000001 0.352353125 0.6382218749999999 0.36076874999999997 0.6346499999999999 0.3593421875 0.6313390625 0.40492812499999997 0.6120171875 0.40626562499999996 0.615309375 0.41643125000000003 0.6111078125
10 0.6803703125 0.31522656250000003 0.6496828125 0.32826093749999996 0.668628125 0.372865625 0.7124984375000001 0.354234375 0.6982484375 0.32066875 0.68505 0.3262546875 0.6803703125 0.31522656250000003
10 0.21182812499999998 0.6123859375 0.2242484375 0.6071140625 0.21077343750000002 0.575328125 0.21195624999999998 0.574846875 0.2046015625 0.5575734375 0.190884375 0.5633765625 0.21182812499999998 0.6123859375
1 0.2802515625 0.49747812500000005 0.28834218749999996 0.5166078125 0.277675 0.5211359375 0.284059375 0.5363125 0.31396562499999997 0.52361875 0.307290625 0.5077578125 0.3616078125 0.4846609375 0.353796875 0.46625937500000003 0.2802515625 0.49747812500000005
10 0.7289796875000001 0.3930796875 0.734721875 0.3906890625 0.7351828125 0.3918125 0.745671875 0.3874140625 0.745140625 0.38625937499999996 0.750509375 0.38398125 0.7436796875 0.3678375 0.72215 0.3769546875 0.7289796875000001 0.3930796875
11 0.2283796875 0.7256296875 0.218346875 0.7020234375000001 0.1953609375 0.7117625000000001 0.2053859375 0.73540625 0.2283796875 0.7256296875
10 0.6785078125 0.457703125 0.682959375 0.4558375 0.6794921875 0.44775 0.67510625 0.4496109375 0.6785078125 0.457703125
6 0.6597265625000001 0.4250140625 0.6815890625 0.41565312499999996 0.6770109375 0.40500625 0.678775 0.40422812500000005 0.6824515625 0.41279843749999995 0.6900796875 0.40956093750000006 0.6766390624999999 0.3777984375 0.6689234374999999 0.38101875 0.6724078125 0.3891359375 0.6705593750000001 0.3899484375 0.6651234374999999 0.3777921875 0.651959375 0.3834640625 0.6537 0.3875109375 0.6453359375 0.39111406249999997 0.6597265625000001 0.4250140625
13 0.6923046875 0.40787968750000003 0.7208125 0.3959109375 0.7085765625 0.366709375 0.6799734374999999 0.378878125 0.6923046875 0.40787968750000003
0 0.3982734375 0 0 0.16905781250000002 0 0.6017265625 0.16905781250000002 1 0.6017265625 1 1 0.8309421875 1 0.3982734375 0.8309421875 0 0.3982734375 0
10 0.2966421875 0.5765953125000001 0.3023828125 0.57420625 0.30284374999999997 0.5753296875 0.313334375 0.57093125 0.3128015625 0.5697765625 0.31816875 0.5674984375000001 0.3114546875 0.551646875 0.28996093749999996 0.5607890624999999 0.2966421875 0.5765953125000001
3 0.1798421875 0.5962703125 0.1976109375 0.5887109374999999 0.1875109375 0.5646890625000001 0.1392609375 0.585459375 0.14149375 0.590846875 0.1436953125 0.5900484374999999 0.16224375 0.63364375 0.190575 0.6215796874999999 0.1798421875 0.5962703125
12 0.1744875 0.4945015625 0.1851015625 0.51950625 0.24577812500000001 0.49345 0.23530937500000002 0.46861718750000003 0.1744875 0.4945015625
13 0.259965625 0.591396875 0.2884734375 0.579428125 0.2762375 0.5502265625 0.247634375 0.5623953125 0.259965625 0.591396875
6 0.2273890625 0.60853125 0.24925156249999997 0.5991703125 0.2446734375 0.5885234374999999 0.2464375 0.5877453125 0.2501140625 0.596315625 0.257740625 0.593078125 0.24430000000000002 0.561315625 0.23658593749999998 0.5645359375 0.24007031250000002 0.572653125 0.23822187499999997 0.573465625 0.232784375 0.561309375 0.219621875 0.5669796875 0.2213625 0.571028125 0.21299843749999997 0.57463125 0.2273890625 0.60853125
10 0.28407343749999997 0.538615625 0.2849546875 0.540690625 0.2762671875 0.5444234375 0.2908109375 0.5786453125000001 0.2944078125 0.57711875 0.2865609375 0.5587718749999999 0.3101875 0.5486828125 0.3025296875 0.5307640625000001 0.28407343749999997 0.538615625
2 0.6268296875 0.5260609374999999 0.6517796875 0.5153984375 0.650253125 0.5118046875 0.670815625 0.5030765625 0.6723140625 0.5066453125 0.6759906250000001 0.505084375 0.6445515625 0.43227031250000003 0.63635625 0.435609375 0.6352484375 0.43295312499999994 0.640734375 0.430578125 0.63108125 0.4078390625 0.6150781249999999 0.41467968749999995 0.625946875 0.43993593750000004 0.5956625 0.452790625 0.6268296875 0.5260609374999999
9 0.7208078125 0.333078125 0.712396875 0.3366015625 0.7204843750000001 0.35545781249999997 0.7491390625000001 0.3432734375 0.732678125 0.30424843749999997 0.728696875 0.30593750000000003 0.7302765625000001 0.30975312499999996 0.7177625 0.3151640625 0.7161187499999999 0.3112578125 0.712259375 0.3129 0.7208078125 0.333078125
2 0.7260109375 0.4285046875 0.7551390625 0.49703749999999997 0.76386875 0.49333125000000005 0.7622640625 0.48967968749999996 0.7828953125 0.48090312500000004 0.784503125 0.48459375 0.7919828125 0.48134062499999997 0.762665625 0.41265156249999996 0.7260109375 0.4285046875
1 0.36252968750000003 0.6624656250000001 0.42572031250000003 0.6356640625 0.41629062499999997 0.613475 0.3532375 0.6402171875 0.36252968750000003 0.6624656250000001
7 0.7349671875 0.30329843749999996 0.755325 0.351221875 0.7429703125 0.35644375 0.755096875 0.38501093750000004 0.8190828124999999 0.3578046875 0.7865140625 0.281203125 0.7566609375 0.2941453125 0.7582625000000001 0.2979171875 0.742090625 0.3048015625 0.7404375 0.3009765625 0.7349671875 0.30329843749999996
10 0.3162875 0.5249484375 0.3060859375 0.529196875 0.3094546875 0.537134375 0.319684375 0.532790625 0.3162875 0.5249484375
10 0.7079390625 0.33519062499999996 0.71750625 0.331121875 0.7101421875 0.3138140625 0.7006578125 0.3178796875 0.7079390625 0.33519062499999996
10 0.5942671875000001 0.3504625 0.6152562500000001 0.341396875 0.60316875 0.31284375 0.5821046875 0.3217703125 0.5942671875000001 0.3504625
10 0.1123 0.5933265624999999 0.115475 0.6005874999999999 0.13813124999999998 0.5910109375 0.13501875000000002 0.5836453125000001 0.1123 0.5933265624999999
2 0.29367343749999997 0.612021875 0.3121125 0.6553140625 0.3207703125 0.6517046875 0.3193390625 0.648334375 0.3400546875 0.639540625 0.34147500000000003 0.6428499999999999 0.34886093749999997 0.6397140625 0.330328125 0.5961671875000001 0.29367343749999997 0.612021875
10 0.24803125 0.4987421875 0.21734375 0.5117765624999999 0.23628906249999998 0.5563828125 0.2801609375 0.5377515625 0.265909375 0.5041859375 0.2527109375 0.509771875 0.24803125 0.4987421875
7 0.3516015625 0.49105 0.35295624999999997 0.49440156249999995 0.340446875 0.49959375 0.339115625 0.496428125 0.33319375 0.498884375 0.33459374999999997 0.502215625 0.31761875 0.5095375 0.3161859375 0.5061625000000001 0.3095015625 0.5090578125 0.317259375 0.5271390625000001 0.31937812499999996 0.5261812499999999 0.3350625 0.56331875 0.3867453125 0.5413218750000001 0.363365625 0.48617499999999997 0.3516015625 0.49105
2 0.7231015625 0.5106578125000001 0.7215515625 0.5069421875 0.7420656250000001 0.49831250000000005 0.7435953125 0.5019171874999999 0.7533515625 0.4977765625 0.7241421875 0.429 0.683184375 0.4463265625 0.7122875 0.51515 0.7231015625 0.5106578125000001
10 0.161928125 0.5339796875 0.18291875 0.5249125 0.17083125 0.49635937500000005 0.14976406250000002 0.5052875 0.161928125 0.5339796875
3 0.6121828125000001 0.41275312499999994 0.6299515625 0.40519375 0.6198484375 0.381171875 0.5716015624999999 0.4019421875 0.5738328125 0.4073296875 0.5760359375 0.40653125 0.5945828125 0.450128125 0.6229125 0.4380625 0.6121828125000001 0.41275312499999994
5 0.2356953125 0.5565953125 0.216765625 0.5120703125 0.161671875 0.535059375 0.1491640625 0.505590625 0.1248375 0.5159578125000001 0.13747499999999999 0.5457265625 0.09889218749999999 0.5620640625 0.11183749999999999 0.592296875 0.20575625 0.5519578125 0.21204062499999998 0.5666359375 0.2356953125 0.5565953125
2 0.279990625 0.668959375 0.2785546875 0.6657031250000001 0.2993078125 0.6568937499999999 0.30067187500000003 0.660103125 0.310346875 0.656075 0.291803125 0.6125171875000001 0.25084375 0.62984375 0.2694015625 0.6734953124999999 0.279990625 0.668959375
10 0.24616875 0.6412203125 0.25061875 0.6393546875 0.247153125 0.6312656249999999 0.2427671875 0.633128125 0.24616875 0.6412203125
8 0.8594203125 0.452734375 0.8191499999999999 0.3577953125 0.6469921875 0.4310359375 0.6568375 0.4541375 0.7648843750000001 0.40799375 0.7953046875 0.480009375 0.8040062499999999 0.47633281250000004 0.802434375 0.47262812500000007 0.84773125 0.4533828125 0.8493 0.4570484375 0.8594203125 0.452734375
2 0.194490625 0.709578125 0.219440625 0.6989156249999999 0.217915625 0.695321875 0.238478125 0.68659375 0.2399734375 0.6901625 0.24365312499999997 0.6886015624999999 0.2122125 0.6157874999999999 0.20401875 0.619125 0.20290781249999998 0.6164703125 0.20839531249999999 0.6140953125 0.1987421875 0.59135625 0.1827390625 0.598196875 0.1936078125 0.6234531249999999 0.1633234375 0.6363078125 0.194490625 0.709578125
10 0.5446390625 0.4098078125 0.5478140625 0.41707031250000004 0.570471875 0.40749375 0.56735625 0.400128125 0.5446390625 0.4098078125
13 0.67313125 0.451171875 0.6586296875000001 0.4573953125 0.68509375 0.5203781249999999 0.7062796875 0.51109375 0.6840625 0.4587484375 0.677659375 0.461490625 0.67313125 0.451171875
10 0.6441671875 0.42886875 0.6565875 0.423596875 0.6431109375 0.39181093749999996 0.64429375 0.39132968749999997 0.6369421875 0.37405625 0.623221875 0.3798609375 0.6441671875 0.42886875
5 0.6680328125 0.37307812500000004 0.6491046875 0.328553125 0.594009375 0.3515421875 0.5815015625 0.322075 0.5571765625 0.332440625 0.5698125 0.3622109375 0.53123125 0.378546875 0.544175 0.40877968750000004 0.63809375 0.36844062499999997 0.6443796875000001 0.38311875 0.6680328125 0.37307812500000004
10 0.7198234375 0.3591140625 0.7187625 0.356625 0.7086078125 0.36090625 0.72315 0.395128125 0.7267453125000001 0.3936015625 0.7187187500000001 0.3747 0.742359375 0.364725 0.7368953125 0.35179218749999996 0.7198234375 0.3591140625