13 0.36902910312500004 0.213964315625 0.3553081328125 0.21564778750000002 0.3536104953125 0.22962164999999998 0.367405346875 0.2280104109375 0.36902910312500004 0.213964315625
10 0.48922838750000003 0.21389975 0.4918842109375 0.20799613906249997 0.487612946875 0.2060380078125 0.48497714375 0.21213867187500002 0.48922838750000003 0.21389975
10 0.391396021875 0.2186462203125 0.39442330625 0.1951937015625 0.38584887968750003 0.1961394984375 0.382738978125 0.21977758125000002 0.391396021875 0.2186462203125
3 0.496629484375 0.260646859375 0.508061578125 0.23458580156250003 0.4979583359375 0.2300875484375 0.48639093125 0.2561259890625 0.496629484375 0.260646859375
3 0.48548524375 0.255832215625 0.49267451093750003 0.23962723437500003 0.4835801578125 0.2355405390625 0.47635100937499997 0.25183893749999997 0.48548524375 0.255832215625
2 0.34620868437499996 0.1970514734375 0.3307074765625 0.19881120000000002 0.3315150546875 0.1929022546875 0.31560310468749997 0.194908409375 0.3143612984375 0.2047083859375 0.315472678125 0.2046285203125 0.3127740046875 0.22509566093750003 0.31159265625 0.225424875 0.31109874843749996 0.22935775 0.34247635781249997 0.225610246875 0.34620868437499996 0.1970514734375
2 0.402965346875 0.237899209375 0.398463915625 0.24800958906249998 0.3853231765625 0.24209738125000002 0.370328040625 0.27562334375 0.373085709375 0.27675535625 0.37365557968749996 0.27553303125 0.38741746250000003 0.28163285 0.3868145453125 0.2829294015625 0.3896477015625 0.2841069953125 0.4091181796875 0.24057534375 0.402965346875 0.237899209375
2 0.42304459375 0.24689721874999998 0.41862685624999996 0.25687724375 0.4053083703125 0.2510569359375 0.3904372078125 0.2844773203125 0.3932859640625 0.28581579375 0.39381412656250003 0.28456805625000003 0.40759219062499996 0.2906699484375 0.4070570359375 0.2919333875 0.40982322031249996 0.2931461578125 0.42920930625000003 0.249604296875 0.42304459375 0.24689721874999998
10 0.3863837546875 0.1688885859375 0.3875658796875 0.16882653593750002 0.38981370000000004 0.1514733578125 0.381860890625 0.15236752656250002 0.3809981671875 0.1584195359375 0.376657234375 0.1589189734375 0.373649 0.1816257015625 0.3858961984375 0.1800830953125 0.386137934375 0.177968953125 0.3851958203125 0.17806431875 0.3863837546875 0.1688885859375
10 0.40869832500000003 0.10910389375 0.409286809375 0.10489328906249999 0.4042384296875 0.1054489 0.40364615156249994 0.1096372921875 0.40869832500000003 0.10910389375
13 0.4007899703125 0.2352288515625 0.4096684953125 0.21518363593749998 0.39998175625 0.2108485875 0.390970925 0.23112565937500001 0.4007899703125 0.2352288515625
7 0.4707584265625 0.2534247703125 0.4840909 0.2235832671875 0.48489535625 0.2238969640625 0.48871037343749996 0.21515542499999998 0.4835829140625 0.2129152921875 0.486833715625 0.205725278125 0.4828955078125 0.20392569531250002 0.48223238124999995 0.205345953125 0.4684597453125 0.19919345625 0.4691038265625 0.19778524375 0.461282990625 0.19434936249999998 0.44069966406249994 0.24044197343749998 0.4660772390625 0.251918675 0.4663468375 0.25134771875 0.4707584265625 0.2534247703125
10 0.474043953125 0.25498849218749997 0.4828328984375 0.23509837500000003 0.481224203125 0.2343821375 0.4723681671875 0.254242384375 0.474043953125 0.25498849218749997
13 0.3621616875 0.21424538593750003 0.3639968453125 0.2003122265625 0.357329121875 0.2011474265625 0.3555731671875 0.21502177812499998 0.3621616875 0.21424538593750003
8 0.3366875 0.2606781078125 0.338058515625 0.2611944515625 0.35154142187500004 0.231057328125 0.36632465625 0.11554454375 0.325276659375 0.120271553125 0.324696275 0.1242257890625 0.3258364109375 0.12408517968749999 0.3212655515625 0.1590642015625 0.32021091562500004 0.1592240640625 0.3196226875 0.16328427031249998 0.3520705984375 0.159195740625 0.34331127499999997 0.2266507296875 0.310970246875 0.2305645 0.310790203125 0.232228915625 0.3117623328125 0.232085340625 0.310270675 0.2440368953125 0.3091004515625 0.2443334359375 0.3086968859375 0.248159440625 0.3132200703125 0.2501356640625 0.3138263625 0.2487739109375 0.3372770671875 0.259177209375 0.3366875 0.2606781078125
10 0.40349682343750004 0.20129790625 0.40003746875 0.20911000156249998 0.41123199687499995 0.214172803125 0.4073228015625 0.22282623125 0.4098592109375 0.2238751265625 0.41713781406250006 0.20740034375 0.40349682343750004 0.20129790625
2 0.448061003125 0.188465975 0.44524373749999996 0.194762928125 0.4382025921875 0.1916656359375 0.42151155625000003 0.22924267343750002 0.44094598906250004 0.2376183609375 0.4604195609375 0.193968359375 0.458518390625 0.19314071875 0.457930509375 0.19449185468750002 0.4499796625 0.1909330953125 0.45060037499999994 0.1895965765625 0.448061003125 0.188465975
10 0.49351580312500004 0.210332028125 0.49413035625 0.2089517171875 0.4929717546875 0.2084615296875 0.48192406875 0.23306375468749999 0.4933018859375 0.23804909843750002 0.4970884296875 0.22942144999999997 0.4981118859375 0.22987712343750002 0.5051901421875 0.2138484859375 0.5021053234374999 0.21250240156250003 0.5014869265625 0.2139374421875 0.49351580312500004 0.210332028125
13 0.390907134375 0.0850248890625 0.3929660390625 0.0695596546875 0.3722626625 0.0717210046875 0.37044030625 0.0874232546875 0.390907134375 0.0850248890625
2 0.4182927484375 0.2554149265625 0.422202721875 0.24654462812500003 0.40982974375000003 0.241017009375 0.4059356796875 0.2498208453125 0.4182927484375 0.2554149265625
10 0.4088273328125 0.200903825 0.41063349843749997 0.1968471125 0.4056466703125 0.19449855625 0.4037932796875 0.1987189625 0.4088273328125 0.200903825
10 0.414368090625 0.1764580703125 0.4187741625 0.16660797031250002 0.4165529796875 0.165569434375 0.4115642859375 0.1767319640625 0.414368090625 0.1764580703125
13 0.48177442812500004 0.265588215625 0.4853525765625 0.2575861390625 0.475921646875 0.25338721875000003 0.472348084375 0.26141357187500003 0.48177442812500004 0.265588215625
10 0.40471527968750004 0.19420873125 0.40421110000000005 0.1939620203125 0.39560433281249996 0.19487289531250002 0.39244188750000003 0.21855600000000003 0.39387504687499997 0.21841415468749997 0.40471527968750004 0.19420873125
13 0.48569544374999996 0.2575421015625 0.47825391718750004 0.2744865328125 0.48850686718749997 0.27882909218749996 0.4959399984375 0.2621032703125 0.48569544374999996 0.2575421015625
10 0.20828947343749998 0.6772650734375001 0.210564021875 0.67215635625 0.2001095203125 0.6674367171875 0.19786496874999998 0.6725280031249999 0.20828947343749998 0.6772650734375001
10 0.2125969203125 0.6702410624999999 0.2160579640625 0.6625135281250001 0.21061095000000002 0.660088359375 0.207129921875 0.667806996875 0.2125969203125 0.6702410624999999
2 0.0854368625 0.6830547734375 0.085966890625 0.6818643093750001 0.099680346875 0.6880229546875001 0.0991870984375 0.6892537390625 0.10481327656249999 0.69160303125 0.12295211718750002 0.65090094375 0.0988523875 0.6402497296874999 0.0807606015625 0.6810497343749999 0.0854368625 0.6830547734375
3 0.2950500390625 0.7043894234375 0.306090534375 0.679626640625 0.301710921875 0.677654478125 0.3011404921875 0.6790048328125 0.295114134375 0.676278965625 0.295676575 0.6750157031249999 0.29231710624999996 0.67347208125 0.2812603609375 0.6983405109375 0.2950500390625 0.7043894234375
13 0.275549221875 0.71720301875 0.2791846515625 0.7091836859375 0.2697266015625 0.704972690625 0.2661613015625 0.7129804875 0.275549221875 0.71720301875
10 0.24754063906249998 0.660642896875 0.25017026875 0.6547635421875 0.24738852968749997 0.6535626609375 0.24473526875 0.659429784375 0.24754063906249998 0.660642896875
10 0.1934867015625 0.6617172499999999 0.19691078906249998 0.6539766828125 0.1914587609375 0.6514552140625 0.1880432171875 0.659230371875 0.1934867015625 0.6617172499999999
10 0.13222104375 0.6318727578125001 0.143167453125 0.6071176890625 0.14214810312499998 0.6066912109375 0.1415961234375 0.6079693921875 0.1336593640625 0.6044596640625 0.1342758140625 0.6030904609375 0.13328866875 0.6026646390625 0.1222058421875 0.6273880484375 0.13222104375 0.6318727578125001
7 0.2510320078125 0.655059984375 0.2478692875 0.6622019859375 0.24423337968749997 0.6605301546875 0.24043393906250002 0.6692290265625 0.24731583750000002 0.6722691015625 0.24719762968749998 0.6725346 0.2517800703125 0.6746312765625 0.25114454375 0.676058690625 0.24732712812500002 0.6744103781249999 0.23566925625000001 0.7005060328125 0.239538009375 0.70225416875 0.238884315625 0.703806903125 0.2603684703125 0.7134064734375001 0.2804084875 0.6681922578124999 0.2749763625 0.6658027953125 0.2743828109375 0.667089834375 0.2587247765625 0.660008965625 0.25929513593750003 0.6587663328125 0.2510320078125 0.655059984375
10 0.12357365625000001 0.6497546437499999 0.1310538578125 0.6328616390625 0.128833496875 0.631779 0.1212372703125 0.648752046875 0.12357365625000001 0.6497546437499999
13 0.1105375265625 0.6439916343750001 0.11804308906250001 0.6271338656250001 0.10793975 0.6225397890625 0.100384209375 0.6394060921875 0.1105375265625 0.6439916343750001
10 0.19622643281250002 0.6718326875 0.1984781015625 0.6667753578125 0.1880080328125 0.6620829968749999 0.185718671875 0.6672826093750001 0.19622643281250002 0.6718326875
10 0.206247759375 0.6674450203125 0.2096845578125 0.659675903125 0.2042631609375 0.6571355750000001 0.20080074374999998 0.665019853125 0.206247759375 0.6674450203125
6 0.23467988125 0.7005769359375 0.24083328124999998 0.686637084375 0.22247408750000003 0.6774060375000001 0.215955896875 0.6921652234375 0.23467988125 0.7005769359375
2 0.135310603125 0.7100661296874999 0.135899296875 0.708686278125 0.14967025312499999 0.7147388265625 0.1490175671875 0.71620478125 0.151835284375 0.717459309375 0.1659350234375 0.6858522406249999 0.14650436718749998 0.6772798328125 0.13244272031249998 0.7088628124999999 0.135310603125 0.7100661296874999
13 0.2793486578125 0.7087538578125 0.28288613281249997 0.7008431359375 0.273479353125 0.6965899734375001 0.2699351609375 0.7045849343749999 0.2793486578125 0.7087538578125
2 0.41356244062499997 0.809707346875 0.41365835625 0.8110208562500001 0.41926340624999997 0.808323703125 0.4153788875 0.777588053125 0.38939910625 0.7907975171875 0.3934019546875 0.8210830031249999 0.399741340625 0.8182116609375001 0.3995071234375 0.816839996875 0.41356244062499997 0.809707346875
10 0.462999896875 0.72670849375 0.449385965625 0.7333107546875001 0.4498525671875 0.736434678125 0.46331631093750003 0.72950899375 0.462999896875 0.72670849375
8 0.49659069687499996 0.770131465625 0.5255356984375 0.7829536171875 0.5109198703125 0.8157813015625001 0.514743375 0.8175811265625 0.515345828125 0.8160243921875001 0.5348271859375 0.8246980515625 0.5342202578124999 0.8260612328124999 0.5390449203125 0.8282093109374999 0.5411316046875 0.8236224218749999 0.5401595546875 0.8231588500000001 0.5576478078125 0.7836260484375 0.5015674 0.7591072703124999 0.49659069687499996 0.770131465625
10 0.5283224953125 0.728448315625 0.514496525 0.7223387781249999 0.512883559375 0.7259615562499999 0.5267694765625001 0.7318634640624999 0.5283224953125 0.728448315625
10 0.41440431875000006 0.7320226359374999 0.41129645625 0.7336440453125 0.4127563921875 0.7442176125 0.4157431671875 0.7426568859375 0.41440431875000006 0.7320226359374999
1 0.5437251078124999 0.7238944187499999 0.534236046875 0.7195533109375 0.527532715625 0.7350356515625001 0.5368343671875 0.7392060890625001 0.5437251078124999 0.7238944187499999
8 0.40844988281249994 0.7801011 0.41659450312499996 0.7758065984375 0.4206383734375 0.8076479703125001 0.4238478859375 0.806094053125 0.423641646875 0.8048785171875 0.4441812609375 0.7945336859375 0.4444865125 0.7957266 0.4475985359375 0.7942917640625 0.443605628125 0.76263556875 0.45173359843750005 0.7583285234375 0.450554315625 0.7489608624999999 0.4072171640625 0.770446253125 0.40844988281249994 0.7801011
10 0.39160153124999997 0.7729931156250001 0.3874298875 0.774929378125 0.38801844375 0.779089353125 0.3920299859375 0.77695181875 0.39160153124999997 0.7729931156250001
10 0.5698650265625 0.7665655984375 0.5676252265625 0.7656111343750001 0.559933671875 0.7827982921875 0.56227625625 0.7837831265624999 0.5698650265625 0.7665655984375
2 0.582756390625 0.7940166296875 0.55950651875 0.7838806265625 0.541375803125 0.8245298890624999 0.546989084375 0.8269504046874999 0.5475178421875 0.8257627953125001 0.5613327046875 0.8318742312499999 0.5608360421875 0.8332317734375 0.5654110078125 0.8351147453125 0.582756390625 0.7940166296875
2 0.395706621875 0.741372840625 0.38490116093750004 0.746634303125 0.38472408593749996 0.7454608281249999 0.38360781718750003 0.7459780828125 0.3873214328125 0.77386684375 0.4064799265625 0.7643882765625001 0.4071990703125 0.7697301046875 0.41368115781250003 0.7664998359374999 0.4096847 0.73445209375 0.40611679531249995 0.7360157703125 0.4059568484375 0.734849921875 0.3954673765625 0.7401699734375 0.395706621875 0.741372840625
10 0.5439646484375 0.7442774953125 0.5268065578125001 0.7365321781249999 0.5213023765625 0.7487257406250001 0.53848390625 0.7562916421875 0.5439646484375 0.7442774953125
2 0.5040690046875 0.7747899796875 0.484756365625 0.7662444609375 0.470583828125 0.7978191171875 0.4732645125 0.7990126359375 0.4739112109375 0.7977253140625 0.4878658640625 0.8038032078124999 0.487219534375 0.8052548875 0.48987819374999997 0.8064095234374999 0.5040690046875 0.7747899796875
2 0.4661743515625 0.752773403125 0.45283514062499997 0.7594654796875 0.45352003593749995 0.76429263125 0.45274286249999995 0.76471285625 0.4520471671875 0.759660259375 0.444756140625 0.7633667359375 0.44867754531250004 0.79373910625 0.4519531109375 0.79209829375 0.45179463125 0.790871525 0.46555930781250005 0.7839806234375 0.46577968593749997 0.785168246875 0.47021496718750005 0.78304320625 0.4661743515625 0.752773403125
6 0.5039474765625 0.760257596875 0.5118258015625 0.76360276875 0.5190028125 0.7477019078125 0.5085956578124999 0.74311794375 0.50195145 0.7579527234375 0.5045090937500001 0.7590384390625 0.5039474765625 0.760257596875
10 0.5884420125000001 0.7438566890625 0.5874444265625 0.7433851687499999 0.5868514046875 0.7445903453125 0.5789064140625 0.7410530078125 0.57945233125 0.7398268578125 0.578553059375 0.7394264765624999 0.5676413109375 0.7640652796875 0.5775614046875 0.7684255484375 0.5884420125000001 0.7438566890625
7 0.545116234375 0.7329476171875 0.54233606875 0.73176625 0.538476328125 0.7402432937500001 0.5490516546875 0.745302359375 0.5484972546875 0.746401584375 0.5446360984374999 0.7446824859375 0.5326772531249999 0.7712889484375001 0.5366682093749999 0.7729700562499999 0.5361735828125 0.7741232609375001 0.5577713328125 0.783479221875 0.5775316109374999 0.738812634375 0.5720660390625001 0.7363792046875 0.571476240625 0.7377500125 0.5557713046874999 0.730824428125 0.556367428125 0.7294855140625 0.54823490625 0.725962171875 0.545116234375 0.7329476171875
7 0.43346536249999995 0.756046153125 0.43818397343750004 0.753703475 0.43638020468749994 0.74004525 0.4373157359375 0.73958435625 0.43459851875 0.7200411265625 0.4305571515625 0.72193448125 0.42815888593749996 0.7049517187500001 0.4261124984375 0.7061443625 0.42636098593750005 0.707288059375 0.41252314375 0.7139821890625 0.412286575 0.71280788125 0.40429136874999994 0.7169089296875 0.40644839375 0.73525178125 0.415067425 0.7306331562499999 0.41668228437500004 0.743259728125 0.4127410796875 0.745312271875 0.4154473890625 0.765767403125 0.43363830312499996 0.7572366015625 0.43346536249999995 0.756046153125
13 0.5046116078125 0.7493041890625001 0.4948709296875 0.744967359375 0.4859843046875 0.7652689453125 0.4955882328125 0.7695979125 0.5046116078125 0.7493041890625001
13 0.4054152953125 0.7662455046875001 0.39285890625 0.7726122328125 0.3933914 0.77589548125 0.396390215625 0.7746035124999999 0.3965672453125 0.7760882546875 0.389834690625 0.7795046125 0.3909810734375 0.7884813421875 0.4071896828125 0.780434546875 0.4054152953125 0.7662455046875001
4 0.495655028125 0.737363246875 0.48076582031250004 0.7307375656249999 0.4728961265625 0.7486167874999999 0.4876734 0.7551327703124999 0.495655028125 0.737363246875
13 0.4615474640625 0.7320566734375 0.45038315781250005 0.7375363593750001 0.4526330609375 0.7569844125 0.46418525 0.7512789062499999 0.4615474640625 0.7320566734375
10 0.47954377031249995 0.72901845 0.47349143125 0.7264777078125 0.46681193125 0.741664503125 0.4685401578125 0.7536676640625 0.47954377031249995 0.72901845
12 0.4904624796875 0.714590228125 0.5117402249999999 0.724203940625 0.5221963281249999 0.7007921390625 0.493361090625 0.6880000453124999 0.48189836562500005 0.713595928125 0.4893801125 0.716879125 0.4904624796875 0.714590228125
10 0.5380142625000001 0.7573311125 0.5192838421875 0.7490567859375 0.5130449734375 0.7629312171875 0.5317974109375 0.771259815625 0.5380142625000001 0.7573311125
6 0.442209528125 0.7529404765625001 0.450589309375 0.7488208000000001 0.44844853906250004 0.7332765078125 0.43719154531250004 0.7388107078124999 0.4393482140625 0.752851821875 0.44214404375000005 0.751915884375 0.442209528125 0.7529404765625001
10 0.4727760640625 0.7260292171875 0.4664313765625 0.7234267296875 0.46460983593750005 0.7243141234375 0.466830465625 0.73928336875 0.4727760640625 0.7260292171875
10 0.5077645984375 0.7427256984375 0.49727024531249997 0.7380533109375 0.49499660624999997 0.7432291375 0.5054074328125 0.7480199796875 0.5077645984375 0.7427256984375
10 0.547446846875 0.7255617046875 0.5450248171875 0.7245209765625 0.542472328125 0.7303423171875 0.5448526703125001 0.7313268578125001 0.547446846875 0.7255617046875
2 0.5242989328125 0.7838413937500001 0.5049564281250001 0.7751132515625 0.4908926359375 0.8068201328125 0.49354019843749997 0.807961275 0.4940880609375 0.8066692890624999 0.5078872734375001 0.8126967890625 0.50732149375 0.814213409375 0.5102909109375 0.8154191734375 0.5242989328125 0.7838413937500001
1 0.404189971875 0.7169407515625 0.3950686078125 0.7214007171875 0.3971795 0.7389636265624999 0.4061907984375 0.734451234375 0.404189971875 0.7169407515625
3 0.6029449359375 0.7504472140625 0.5990278515624999 0.7483696937500001 0.59832955 0.7497229796875 0.592324546875 0.7468492671875 0.5928685578125 0.7456273999999999 0.5894184953125 0.7440913328125001 0.578135890625 0.7691174703125 0.5917200625000001 0.7750133109374999 0.6029449359375 0.7504472140625
5 0.5205383703125 0.745755034375 0.5262843625 0.7330260359375 0.4820011390625 0.7136416859375 0.48147688125 0.714742359375 0.46697125 0.708169440625 0.43704206250000005 0.7228736375 0.4387193359375 0.7356443031250001 0.46699488125000005 0.72175003125 0.5205383703125 0.745755034375
13 0.5913023109375 0.7762742874999999 0.5705741093750001 0.766920640625 0.5630202468750001 0.7838868921875 0.584073334375 0.7932791453125 0.5913023109375 0.7762742874999999
10 0.4718692640625 0.75094236875 0.46892042343749996 0.7575655734375 0.4718962578125 0.781679459375 0.4752521109375 0.78317358125 0.48660205 0.7575582703125 0.4718692640625 0.75094236875
2 0.1554764625 0.7190770468750001 0.15606278125 0.71769100625 0.1697487171875 0.723719384375 0.1692115375 0.7251717703125 0.171917915625 0.726376728125 0.185964946875 0.6948265796875 0.1667104625 0.68614275625 0.1526530359375 0.7178199765625 0.1554764625 0.7190770468750001
13 0.12037429531249999 0.64816258125 0.123969728125 0.6401716203125 0.1145880171875 0.6359159359375 0.110990753125 0.6440377796875 0.12037429531249999 0.64816258125
8 0.2376672921875 0.754021965625 0.23709782031249999 0.755362484375 0.24182029374999997 0.7575403203125 0.24388579375 0.7528396671875 0.24287247500000003 0.7524073234374999 0.2603273578125 0.7134411890625 0.2043136 0.6884116078125 0.199447378125 0.6993413234375 0.2284199078125 0.712278353125 0.21383011718749997 0.7450782921875 0.2175613796875 0.74673955625 0.21817185781249998 0.7452838859375001 0.2376672921875 0.754021965625
6 0.1694494421875 0.6714780296875 0.1756241921875 0.6576400453125 0.15696759843750002 0.6492805734375 0.15075316249999998 0.6631539109375 0.1694494421875 0.6714780296875
13 0.28701600312500003 0.7224879468750001 0.29448314999999997 0.7056626765625 0.2833418859375 0.7006646375 0.27579630625 0.7175815562500001 0.28701600312500003 0.7224879468750001
12 0.2157000421875 0.6453274453125 0.22610587343750002 0.6218864187500001 0.197289884375 0.6092585374999999 0.1869287671875 0.6324954125 0.2157000421875 0.6453274453125
13 0.36912007812500003 0.21337198281249997 0.37089287031249996 0.1994675 0.36432700156250003 0.2002967375 0.3625010328125 0.21424767031249997 0.36912007812500003 0.21337198281249997
6 0.372719596875 0.18169251875 0.37569014375 0.15887836093750002 0.3625328046875 0.16038689687500002 0.3595342953125 0.1832638609375 0.372719596875 0.18169251875
1 0.5102477703125 0.2326104796875 0.5163431 0.21892014531249998 0.5059536328124999 0.2142157796875 0.4998325390625 0.228002396875 0.5102477703125 0.2326104796875
13 0.37024644218749997 0.0888728515625 0.3671276375 0.1127806296875 0.380690471875 0.11128330625 0.381297371875 0.10681237187499999 0.388157190625 0.1060182296875 0.39061009375 0.086560246875 0.37024644218749997 0.0888728515625
6 0.3693615140625 0.22019780781249998 0.3808409953125 0.2189274140625 0.38396530625 0.19387785 0.3726575640625 0.19526575468750001 0.3693615140625 0.22019780781249998
0 0.175296203125 0 0 0.39372172031249997 0 0.824703796875 0.39372172031249997 1 0.824703796875 1 1 0.6062782796875 1 0.175296203125 0.6062782796875 0 0.175296203125 0
13 0.47798131718750003 0.27406926875000004 0.4815758109375 0.2660573671875 0.472170928125 0.2618153109375 0.4686068984375 0.269820253125 0.47798131718750003 0.27406926875000004
4 0.4326731796875 0.1699450265625 0.44059296875 0.152122315625 0.42558436874999994 0.14539216562499999 0.41759397031249995 0.1632313296875 0.4326731796875 0.1699450265625
2 0.3315150484375 0.1977579890625 0.34637816250000003 0.1957757375 0.3506951546875 0.16181252968749998 0.31942495000000004 0.16531880000000002 0.31886694531250004 0.16925734375 0.320027346875 0.1691787796875 0.3172819375 0.1897893078125 0.316152303125 0.18988328125 0.315775453125 0.1938528796875 0.332233825 0.191787271875 0.3315150484375 0.1977579890625
10 0.409387065625 0.1036961984375 0.40952863125 0.10240632499999999 0.4084924046875 0.10255556875 0.4100713921875 0.090492384375 0.41116072499999995 0.0904044125 0.4112570171875 0.08944671875 0.391100175 0.09186337343749999 0.389216584375 0.10610507031250001 0.395985165625 0.10533529999999999 0.3952963390625 0.1106317828125 0.402719896875 0.1097431390625 0.4034249234375 0.10441795000000001 0.409387065625 0.1036961984375
10 0.3671074984375 0.229324771875 0.355505990625 0.23063490625 0.36467770625 0.234809065625 0.3671074984375 0.229324771875
1 0.40329760468750003 0.15107144687500002 0.3905849484375 0.1525915375 0.3887326203125 0.166578625 0.4014265640625 0.16504678125 0.40329760468750003 0.15107144687500002
10 0.71329285 0.30931020625 0.7220250109374999 0.313150125 0.7272817203125 0.3014125140625 0.71865426875 0.2975679046875 0.71329285 0.30931020625
10 0.74636554375 0.43094687499999995 0.748976971875 0.43203088125000005 0.763062053125 0.4005181984375 0.7605255375 0.39938886875 0.76263755625 0.39414963593749996 0.7654822875 0.3953358046875 0.786086771875 0.34818534375 0.78390145 0.347135409375 0.785988521875 0.3421980671875 0.78857214375 0.3433483703125 0.793398328125 0.33250858125 0.7552094796875 0.31543226562500004 0.7524030765624999 0.32161261875 0.74023574375 0.3162723390625 0.738258621875 0.3207130265625 0.7408130078124999 0.3219289890625 0.7385924 0.3270394875 0.735888190625 0.3259141734375 0.715004725 0.3729421328125 0.717544096875 0.374072734375 0.715277175 0.379164321875 0.7127085703125 0.3780993828125 0.6986234875 0.409612065625 0.7012377703125 0.4106973421875 0.700061175 0.4134591078125 0.7247097734375 0.4244333703125 0.725901384375 0.4217569671875 0.7298874671875 0.4236103640625 0.728834315625 0.4263484125 0.7451739328125 0.43362327812499996 0.74636554375 0.43094687499999995
7 0.7077635953125 0.31981986406249996 0.71410988125 0.3226454125 0.7083896984375 0.33593493125 0.72529958125 0.3433234453125 0.7353201109375 0.32052500781250004 0.7121143359375 0.310155503125 0.7077635953125 0.31981986406249996
12 0.748118371875 0.2902660703125 0.7585002546874999 0.26705554375 0.7313993171875001 0.255051003125 0.7209390828125 0.27823006562499997 0.748118371875 0.2902660703125
10 0.6677380875 0.3553184078125 0.6722793140625 0.34548743437499996 0.6642766921875001 0.3417722140625 0.65970316875 0.3517410328125 0.6677380875 0.3553184078125
2 0.68938875625 0.28699072812500004 0.7095351328125 0.29595705156249996 0.7231064328125 0.2657788953125 0.7185513359375 0.263839775 0.7180458859375001 0.2650480234375 0.7080304125 0.2604947765625 0.7085610765625 0.2593028859375 0.703093346875 0.25677442500000003 0.68938875625 0.28699072812500004
5 0.7472117234375 0.2926520171875 0.736010396875 0.28779656249999996 0.7298728953125 0.3016853390625 0.7941727968750001 0.3299201140625 0.810299721875 0.29349100156249996 0.8079159390624999 0.2924296734375 0.8092767828125 0.2895806140625 0.789747296875 0.280753828125 0.7784728390625 0.306180396875 0.7606351328125001 0.298628503125 0.764777490625 0.2893246140625 0.7664424171875 0.289937609375 0.7704790515625 0.2809749015625 0.7688513953125 0.28038192031250003 0.772054490625 0.2728764828125 0.7585002546874999 0.26705554375 0.7472117234375 0.2926520171875
7 0.17402836093750002 0.655446646875 0.1792994546875 0.6435461124999999 0.16269436406249999 0.636356584375 0.1574744859375 0.648057571875 0.17402836093750002 0.655446646875
11 0.2400807109375 0.6676521531249999 0.2465446859375 0.6530723625 0.23712158906249997 0.648782859375 0.230597259375 0.6634674765625 0.2400807109375 0.6676521531249999
11 0.18100104687500002 0.6414644968750001 0.1874656578125 0.6268832796875 0.17804398906250002 0.6225944109375 0.1715175953125 0.6372798203125 0.18100104687500002 0.6414644968750001
2 0.1763110390625 0.7283070171875 0.1769058921875 0.7269709578125 0.1905929328125 0.733008378125 0.1900747875 0.734464109375 0.1927497625 0.735655084375 0.20686947656250002 0.704072303125 0.18765774531249999 0.6955152671875 0.173588146875 0.727123784375 0.1763110390625 0.7283070171875
13 0.18594145625 0.6931468 0.1948582484375 0.6730502078125 0.1852902578125 0.66883644375 0.17621392656249998 0.6888380609375 0.18594145625 0.6931468
13 0.124130178125 0.6395999578125 0.127705275 0.6316546749999999 0.1183933296875 0.6274574187499999 0.11479246875 0.6354989843750001 0.124130178125 0.6395999578125
7 0.2414321484375 0.6854687187499999 0.2464802625 0.6739307078125 0.2301474953125 0.6663715484375 0.22487120625 0.6779687437499999 0.2414321484375 0.6854687187499999
3 0.121293996875 0.6270504828125001 0.13233321874999998 0.60229055625 0.128860925 0.6007890609375 0.1282651640625 0.6020580125 0.12228174375 0.59941625625 0.12286062187499999 0.59800466875 0.1185144171875 0.596138028125 0.10740755625000001 0.620980725 0.121293996875 0.6270504828125001
8 0.1285322828125 0.705356671875 0.127940390625 0.7067744375 0.131560596875 0.7084392796875 0.1461433765625 0.6756858203125 0.175233525 0.6885315453125 0.1799637 0.6777345296874999 0.124105590625 0.6526818875 0.106698053125 0.6917836953125 0.10573740312499999 0.6913559874999999 0.1036854765625 0.6959224328125 0.1084247765625 0.6980855265625 0.109019521875 0.69666903125 0.1285322828125 0.705356671875
10 0.2803612296875 0.6977246859374999 0.291347109375 0.6730231078125 0.2903658296875 0.6726033171875 0.2897241453125 0.6739869406250001 0.2817782265625 0.670413271875 0.282359753125 0.6690764109375 0.2813538640625 0.6686850015625 0.2703958875 0.6934161078125001 0.2803612296875 0.6977246859374999
10 0.26508659843750004 0.712770528125 0.2725592140625 0.6958330968750001 0.2704294921875 0.6949156703125 0.26283124375 0.7118279515625 0.26508659843750004 0.712770528125
10 0.1998672359375 0.664573440625 0.2032726109375 0.6568211203125001 0.197842725 0.6544035796875 0.1944059265625 0.6621726953125 0.1998672359375 0.664573440625
7 0.1454585796875 0.6622264796875 0.1461621078125 0.6606463312499999 0.1500544609375 0.6624528640625 0.1617093515625 0.6363062828125 0.15775920625 0.6345680890625001 0.15849063593749999 0.6330174671875 0.170114075 0.6381925546875 0.174052803125 0.6292615140625 0.170216340625 0.627625246875 0.1734392953125 0.620563084375 0.16535712656249998 0.61694585625 0.1647140140625 0.6183288453125 0.14898833125 0.611346134375 0.1496801828125 0.6099113 0.1442015578125 0.6075456046875 0.1241409828125 0.6526600171875 0.1454585796875 0.6622264796875
6 0.180413878125 0.676135653125 0.18691890625000002 0.661613478125 0.17682565625 0.657119675 0.17039628125 0.6716755328125 0.180413878125 0.676135653125
2 0.19649340312500002 0.7373115984374999 0.197053871875 0.7359106296875 0.21082015156249997 0.7420774 0.21026952968749998 0.7434639390625 0.21299003593750002 0.7446563734375 0.22703379375 0.7130175375000001 0.20768434375 0.7044778640625 0.193669809375 0.7360664265625 0.19649340312500002 0.7373115984374999
6 0.2151964 0.6915123671875001 0.2216931453125 0.677039525 0.2116788421875 0.6726373125 0.20522847031250002 0.6870367296875 0.2151964 0.6915123671875001
5 0.2175553890625 0.6456318359375001 0.2163040375 0.648442415625 0.185888684375 0.6349006265625 0.17716863124999999 0.6544861859375 0.1871177125 0.6589158015625001 0.19112353437500001 0.6497649187500001 0.2175678203125 0.6615386734375 0.21348202343749997 0.6707155218749999 0.223486678125 0.6750741015624999 0.23344537031249998 0.6527065109375 0.2175553890625 0.6456318359375001
13 0.198586328125 0.698716796875 0.207444546875 0.6786710921875 0.19778445 0.6743530359375 0.1887750109375 0.6944425875 0.198586328125 0.698716796875
2 0.24994439218750003 0.75623838125 0.2504520421875 0.7550636093749999 0.26412157187499996 0.7611941453125 0.26360277499999996 0.76243236875 0.2682932609375 0.7645207078125 0.28644719687500003 0.7237808718750001 0.2625170515625 0.7129024265624999 0.2442961125 0.7537236046875 0.24994439218750003 0.75623838125
4 0.234513453125 0.650426646875 0.2436150375 0.629895796875 0.22765197499999998 0.6227355625000001 0.21849130625000002 0.643368384375 0.234513453125 0.650426646875
10 0.73489515625 0.3109766671875 0.736999 0.30635123750000004 0.72925313125 0.3030274109375 0.7272271046875 0.30753184375 0.73489515625 0.3109766671875
2 0.6742069015625 0.343766415625 0.6747706140624999 0.34250029843749996 0.6848113062500001 0.346820190625 0.68420374375 0.3481847984375 0.6853770781249999 0.3487072015625 0.7006169156250001 0.31435119375 0.6812143093749999 0.30582719062499997 0.6659707187499999 0.3400994296875 0.6742069015625 0.343766415625
10 0.3822310890625 0.1081534 0.38187374375 0.11116874531250001 0.3886946390625 0.11045818437499999 0.38861719687499996 0.11146189843750001 0.3942900875 0.11079437343750001 0.3948672484375 0.10667450781250001 0.3822310890625 0.1081534
3 0.4114599515625 0.0881995625 0.41219635625000006 0.082684809375 0.4110697375 0.0825338328125 0.4122582921875 0.07362177343750001 0.41334895781250003 0.07343861406249999 0.41416885781249996 0.066883503125 0.39418135312499997 0.06920793593749999 0.39095688281249996 0.09094439062500001 0.4114599515625 0.0881995625
5 0.47035190312499997 0.133820665625 0.45200918437500004 0.12559751875 0.44603243593749997 0.13893700312499999 0.4480336703125 0.1398280109375 0.4331899578125 0.17300235 0.41961563125 0.1670920796875 0.4148904953125 0.177704909375 0.3877901703125 0.1809998921875 0.385965428125 0.19477520312500002 0.4047243171875 0.1925212 0.412196303125 0.195930040625 0.4097654171875 0.20138990156249997 0.41914095937500007 0.205617184375 0.428511790625 0.184569953125 0.444667165625 0.1916824015625 0.449709428125 0.18035729218750002 0.4408023609375 0.1763916109375 0.45491929999999997 0.1446844453125 0.46378569374999995 0.1487414828125 0.47035190312499997 0.133820665625
12 0.44971085625 0.180357928125 0.4637789953125 0.1487949421875 0.454912621875 0.144707128125 0.440805215625 0.17639288125000002 0.44971085625 0.180357928125
2 0.466853490625 0.27083889375000003 0.47343620781249995 0.2561460640625 0.46736669375 0.253424928125 0.44313150468750007 0.30791951875 0.44589955468750003 0.30918956249999996 0.4464385015625 0.3079483375 0.464080409375 0.315782496875 0.46358065000000004 0.3170240640625 0.47112654843749996 0.320458971875 0.48884310781250007 0.2806669296875 0.466853490625 0.27083889375000003
8 0.4416574546875 0.3072734921875 0.466161309375 0.2519372921875 0.4063500125 0.22518786093749998 0.4016792140625 0.23592066250000002 0.4305758 0.24878625156249998 0.41072109375 0.2934997375 0.4127180484375 0.2943888375 0.41333387187500004 0.2930056734375 0.43815135468750005 0.3040961765625 0.43752794375 0.30543491562499997 0.4416574546875 0.3072734921875
6 0.41335358749999995 0.2250888484375 0.4128337078125 0.22628725156249999 0.420458371875 0.22960671562499999 0.4374828828125 0.191307571875 0.4290996765625 0.187575128125 0.4197796875 0.208508165625 0.4179003671875 0.2077466953125 0.41070661093750005 0.2240232234375 0.41335358749999995 0.2250888484375
10 0.3864787953125 0.2350264078125 0.3932871859375 0.2197345140625 0.3714147375 0.22237421406250002 0.37062379375 0.2280767703125 0.3864787953125 0.2350264078125
2 0.39814050624999997 0.2464425703125 0.40209773125000003 0.2376121234375 0.3897571453125 0.23204248437500002 0.38574911875 0.24092556874999999 0.39814050624999997 0.2464425703125
7 0.3802110359375 0.15708733125000002 0.3811626359375 0.150739659375 0.3891167625 0.150015403125 0.3889194421875 0.1511692796875 0.40352299374999995 0.1494511640625 0.4045692359375 0.1410316140625 0.4034493765625 0.141218878125 0.406153784375 0.12047379062500001 0.4073511640625 0.1203774828125 0.40855868749999996 0.11035870781249998 0.366358621875 0.11552203750000001 0.36148477031250004 0.153371278125 0.363558690625 0.15301187031250002 0.3628063890625 0.15906173125 0.3802110359375 0.15708733125000002
4 0.7632435875 0.29722601875 0.777767234375 0.3034204140625 0.7879978875 0.2802691234375 0.773649953125 0.2739374546875 0.7632435875 0.29722601875
10 0.7406747796875 0.313519134375 0.7426957515625 0.3089799546875 0.7378418859375 0.306851371875 0.7357773187500001 0.31133864375 0.7406747796875 0.313519134375
10 0.6959673359375 0.310365453125 0.702493890625 0.29591785625 0.688946815625 0.28981960625 0.6825181015624999 0.30457758125 0.6959673359375 0.310365453125
10 0.7518414453125 0.31849085312500003 0.7538367453125 0.3139094578125 0.7435915125 0.3094112703125 0.7415862015625 0.3140189953125 0.7518414453125 0.31849085312500003
1 0.703264265625 0.25426615468749997 0.725327815625 0.26408948125 0.729724434375 0.25413768124999997 0.7074678765625 0.2444559015625 0.703264265625 0.25426615468749997
6 0.7158762375000001 0.28416176718749997 0.7223317375 0.2871300125 0.718423253125 0.2959086125 0.7286284359375 0.3005121171875 0.73233273125 0.29175035781249997 0.7315601765624999 0.2914149453125 0.7333045546875 0.2877121359375 0.717502528125 0.280539790625 0.7158762375000001 0.28416176718749997
10 0.7367250390625 0.3196436875 0.738606790625 0.3154786671875 0.7247721859375 0.3094730375 0.723032634375 0.3133148265625 0.7367250390625 0.3196436875
1 0.7122069296875 0.3749427546875 0.71645339375 0.36510539999999997 0.6733044046875001 0.34587028750000004 0.668730090625 0.3558370421875 0.7122069296875 0.3749427546875
8 0.7158762375000001 0.28416176718749997 0.7157267828125 0.2849008109375 0.7097613265625 0.2977116875 0.7041930015625 0.295201721875 0.696875403125 0.3113837734375 0.7026132031250001 0.31383578437500004 0.6868015468750001 0.34899592031250004 0.6927319609375 0.35190655 0.6932753468749999 0.3506707203125 0.7110960453125 0.35851435781249996 0.7105132671875001 0.35982329687500003 0.7166697078125 0.3625643203125 0.72529958125 0.3433234453125 0.7083896984375 0.33593493125 0.71410988125 0.3226454125 0.7077635953125 0.31981986406249996 0.7223317375 0.2871300125 0.7158762375000001 0.28416176718749997
2 0.33091025625000003 0.0848763 0.32760759375 0.11094109375000001 0.3263792765625 0.11128360468750001 0.32549516875 0.11801366093750001 0.366012459375 0.11308799375 0.37133460625 0.0719115671875 0.330883890625 0.076683865625 0.3298167109375 0.08485464375 0.33091025625000003 0.0848763
2 0.367869359375 0.22999920624999998 0.364976284375 0.2362589859375 0.35322889218750003 0.23115869843749998 0.3394583703125 0.261761265625 0.34130174687500003 0.26265724687500003 0.341919459375 0.2613005765625 0.365390146875 0.271712771875 0.3647768640625 0.273090228125 0.368647171875 0.27488865625000003 0.3852087421875 0.237809846875 0.367869359375 0.22999920624999998
6 0.3581545265625 0.19563638125 0.3577692484375 0.1991524 0.371440209375 0.197523628125 0.37191295156250004 0.193930246875 0.3842703078125 0.1927856015625 0.385707996875 0.1813624671875 0.3587639984375 0.1845714078125 0.3572436796875 0.195711459375 0.3581545265625 0.19563638125