0 0.40280984531249997 0 0.028607570312500004 0.1511875328125 0 0.47817172656249995 0 0.5971901546875 0.1511875328125 0.9713924296875 0.47817172656249995 1 0.5971901546875 1 0.9713924296875 0.8488124671874999 1 0.5218282734375 1 0.40280984531249997 0.8488124671874999 0.028607570312500004 0.5218282734375 0 0.40280984531249997 0
13 0.3478829921875 0.44977698750000006 0.38422118125 0.4530428984375 0.3900406953125 0.380955965625 0.3545628171875 0.37710822187500004 0.3478829921875 0.44977698750000006
1 0.4982214546875 0.261277125 0.4923319265625 0.3256370078125 0.5195696562500001 0.3285183859375 0.52272970625 0.29353237499999996 0.5291072890625 0.2943058640625 0.53186355 0.26462288749999996 0.521227165625 0.263606796875 0.52080828125 0.26840531093750003 0.5018369203125 0.2666886703125 0.5022228828124999 0.2616001203125 0.4982214546875 0.261277125
7 0.43504567656250004 0.4195458296875 0.51105449375 0.4265967875 0.5183204734375 0.348333915625 0.5022467640625 0.3469278484375 0.5034350859375001 0.33190436874999996 0.48887396875 0.3305090171875 0.49524352968749996 0.260575996875 0.49386485 0.260442084375 0.49341523125000003 0.26558163125 0.4656160234375 0.263024846875 0.46601773125 0.25795858437499997 0.448998084375 0.256371840625 0.44696863750000004 0.2562497578125 0.43876929374999996 0.349679140625 0.44127511875 0.3499542234375 0.43504567656250004 0.4195458296875
13 0.5790399890625 0.42893855312499996 0.614941709375 0.4328509828125 0.6188260984375 0.3851759125 0.607812784375 0.384069440625 0.6102249875 0.3576683921875 0.585488309375 0.3551921 0.5790399890625 0.42893855312499996
3 0.6156482359375001 0.437206596875 0.578248625 0.43359096093750005 0.5776573984375 0.440986921875 0.575072509375 0.4407538953125 0.5772289703125 0.417248565625 0.562537659375 0.4158771671875 0.5573512734375 0.47030681718749995 0.5725556234375 0.4716091203125 0.5731734312500001 0.4647669671875 0.575526 0.4649421875 0.57489389375 0.47192830625 0.6121272078125 0.4756161859375 0.6156482359375001 0.437206596875
10 0.5859981671875001 0.35311720625 0.6124802421875 0.3555505984375 0.6101348078125 0.381124196875 0.624063084375 0.3824297640625 0.6276961328125 0.34159877031249997 0.5873039453125 0.3374918359375 0.5859981671875001 0.35311720625
10 0.545676034375 0.265754475 0.5345407046874999 0.26477145 0.5318509140625001 0.29529882500000004 0.5429331953125 0.296296540625 0.545676034375 0.265754475
10 0.6170704609375 0.3032408265625 0.6143236609375 0.33464900625 0.62774945 0.33613736875 0.6305592796874999 0.30458070312499996 0.6170704609375 0.3032408265625
10 0.520165496875 0.3325833625 0.5061405796875 0.3313556015625 0.5051436515625001 0.3437537140625 0.5190438625 0.34499815625 0.520165496875 0.3325833625
8 0.411681146875 0.5654136171874999 0.41003279531250003 0.584916878125 0.4266335875 0.5864554578125001 0.4271098203125 0.58171129375 0.5025617578125 0.58873951875 0.5022068375 0.593491965625 0.5180884234375001 0.594968915625 0.51972385625 0.5776818703125 0.5171514640625 0.57737133125 0.5269534515625 0.4674079578125 0.5550654109375001 0.4696209890625 0.558483721875 0.4314618671875 0.389522890625 0.4155620046875 0.386502796875 0.45401018750000005 0.42439026249999995 0.457406809375 0.41473359062500004 0.5656818718750001 0.411681146875 0.5654136171874999
2 0.5401482578125 0.3003775890625 0.5255071671875 0.2990971234375 0.5146853953125 0.4237378234375 0.5406422421875 0.4263227546875 0.5405199015625 0.4279428 0.5597539921875 0.429617328125 0.5613051859375 0.41188403281249997 0.5777530125 0.41357373124999997 0.585101028125 0.3305169953125 0.5877570953125 0.3306926140625 0.5876100703125 0.3321389453125 0.6113619328125 0.33401716718749996 0.6140433625 0.302918515625 0.5901981109375 0.3007173890625 0.589732528125 0.30694360625 0.586873684375 0.30677913437500004 0.586982475 0.30510052499999996 0.5520011625000001 0.30203969062499997 0.5524462546875 0.2971850859375 0.5404326078125 0.2961929203125 0.5401482578125 0.3003775890625
11 0.6051824703124999 0.5929017640625001 0.5682323546875 0.5894685265625 0.5646288828125 0.62895456875 0.6016484953125001 0.632263671875 0.6051824703124999 0.5929017640625001
1 0.5228960046875 0.6246242234375 0.5616692296875 0.6285864703125 0.5651216765625 0.5897276765624999 0.531111634375 0.5865389999999999 0.5309058578125 0.5889494156249999 0.52596646875 0.5884863359375 0.5228960046875 0.6246242234375
2 0.39297015625 0.5831486484374999 0.39677595 0.5833669984375 0.39822810625 0.5676993390625 0.41127395624999996 0.5688979984375 0.4209038109375 0.460001815625 0.344577121875 0.45332364218750004 0.3350543921875 0.5614839218750001 0.3381068359375 0.5617521765625 0.33661785625 0.5778459046875 0.351152825 0.5791473375 0.35158069531249997 0.57426261875 0.3933980265625 0.5782639296875 0.39297015625 0.5831486484374999
6 0.425739278125 0.3436729203125 0.42341738125 0.3434735109375 0.423136090625 0.3463643875 0.39725180937500004 0.343871471875 0.39745591875 0.3413151171875 0.3952046296875 0.34114447812500004 0.39450000625000003 0.34872275468749997 0.3957648671875 0.3488335609375 0.3895600328125 0.4153953296875 0.42639520312499996 0.41873176562500003 0.4329055140625 0.349643465625 0.42530325468749997 0.34880023437499996 0.425739278125 0.3436729203125
5 0.43308914375 0.256545653125 0.2827691046875 0.2420864828125 0.2693772015625 0.3946935625 0.28173188125 0.3957164640625 0.2900863 0.3020744421875 0.3553566125 0.3086156859375 0.35637308125 0.297000040625 0.392739628125 0.3004112203125 0.38971035625 0.33663020625 0.4256631515625 0.340377071875 0.43308914375 0.256545653125
4 0.3495997796875 0.316581996875 0.29562609375000004 0.311602359375 0.2879822984375 0.3964671796875 0.342010346875 0.4014770953125 0.3495997796875 0.316581996875
10 0.39066991875 0.377491415625 0.39336999375000004 0.3449915609375 0.3548564765625 0.3416220625 0.3518096109375 0.3734345921875 0.39066991875 0.377491415625
10 0.3917341453125 0.3014679515625 0.35724115156249997 0.29848956718749997 0.35438480625 0.3333680390625 0.388692290625 0.3364837265625 0.3917341453125 0.3014679515625
10 0.4404898734375 0.25717371093749997 0.43387842968749996 0.25665143437500004 0.42644930625 0.340416709375 0.43323818125 0.3409818953125 0.4404898734375 0.25717371093749997
2 0.5316576625 0.5787433703125 0.56630035625 0.5817168828125 0.5659595687500001 0.585607534375 0.6053659875 0.5894268625 0.6151721796875 0.4790859890625 0.53005909375 0.47096952812500004 0.5204912984375001 0.5810287093750001 0.5313838453125 0.5818654703125 0.5316576625 0.5787433703125