11 0.637475 0.2701671875 0.62685 0.270203125 0.6269 0.28404375000000004 0.6374093750000001 0.284115625 0.637475 0.2701671875
2 0.6889624999999999 0.11867343749999999 0.6696046875 0.11858125 0.6696046875 0.1393171875 0.6729546875 0.13925625 0.6729546875 0.1406078125 0.6695781249999999 0.1406078125 0.66946875 0.152415625 0.689015625 0.1523234375 0.6889890624999999 0.146953125 0.6881390625 0.1469234375 0.6881515625 0.12397968749999999 0.6889765625 0.12394687499999998 0.6889624999999999 0.11867343749999999
7 0.629671875 0.2067234375 0.6410671875 0.2067234375 0.6411015625 0.1924109375 0.6493156250000001 0.19228125000000001 0.64926875 0.19885312500000002 0.662603125 0.19892812499999998 0.6627 0.1685859375 0.661853125 0.1686109375 0.6617734375000001 0.16101875000000002 0.6530218750000001 0.16104374999999999 0.6530328125 0.1597140625 0.6405515625 0.15976718750000002 0.640528125 0.16677187499999999 0.6296265625 0.16677187499999999 0.6296484375 0.170246875 0.630484375 0.1702984375 0.6305078125 0.193253125 0.6296375000000001 0.193228125 0.629671875 0.2067234375
13 0.661775 0.23054843749999998 0.662965625 0.23050625 0.662946875 0.2296328125 0.668696875 0.22952499999999998 0.668678125 0.214678125 0.6596875 0.21472031249999998 0.659678125 0.23557968749999997 0.661775 0.23561875 0.661775 0.23054843749999998
11 0.6402359375 0.20849375 0.6296109375000001 0.2085296875 0.629659375 0.2223703125 0.6401703125 0.22244531250000002 0.6402359375 0.20849375
13 0.6658421875 0.263003125 0.6601343749999999 0.2629765625 0.6601234375 0.261878125 0.6589453125 0.26195625 0.6589671874999999 0.2567890625 0.65685 0.2568140625 0.6568968749999999 0.277728125 0.6658203125 0.277728125 0.6658421875 0.263003125
12 0.6363421875 0.380378125 0.62199375 0.3804140625 0.6219781249999999 0.42171562500000004 0.63629375 0.4218265625 0.6363421875 0.380378125
11 0.6374359375 0.4666765625 0.626809375 0.46671250000000003 0.626859375 0.48055312499999997 0.6373703125 0.4806234375 0.6374359375 0.4666765625
6 0.6618625 0.140353125 0.652596875 0.1404609375 0.65264375 0.1589046875 0.6619390625 0.158821875 0.6618625 0.140353125
10 0.6548578125 0.11867343749999999 0.652665625 0.1187171875 0.652684375 0.13908125 0.6548953125 0.139103125 0.6548578125 0.11867343749999999
10 0.639153125 0.10173125000000001 0.6248515625 0.10170625 0.624840625 0.1056640625 0.639153125 0.10571875 0.639153125 0.10173125000000001
13 0.6653484375 0.3536328125 0.6530046875 0.3536609375 0.6529703125 0.3723203125 0.6653718750000001 0.3723203125 0.6653484375 0.3536328125
10 0.311840625 0.253621875 0.31015156250000003 0.25364375 0.3101703125 0.29956875 0.3221640625 0.2994640625 0.32220312500000003 0.2845109375 0.3287234375 0.2844453125 0.328703125 0.2238828125 0.3102 0.2239671875 0.310190625 0.2304234375 0.3118765625 0.23038124999999998 0.311840625 0.253621875
13 0.3217 0.47314375000000003 0.352109375 0.4735875 0.3521765625 0.410021875 0.3318125 0.41004375 0.33187812499999997 0.42180156249999995 0.321715625 0.42180156249999995 0.3217 0.47314375000000003
10 0.329153125 0.09845625 0.3471140625 0.0984171875 0.33192656249999997 0.08399218750000001 0.329153125 0.09845625
8 0.3686265625 0.0273234375 0.3692859375 0.0238875 0.36719843750000003 0.0218625 0.3525390625 0.1002046875 0.3524125 0.4037625 0.4143296875 0.40407187499999997 0.41434218749999996 0.39311875 0.4126125 0.393028125 0.4125859375 0.30143593750000003 0.4143296875 0.301403125 0.4143296875 0.2906359375 0.365909375 0.2906640625 0.366003125 0.11309218750000001 0.4143296875 0.113059375 0.41431562499999997 0.108365625 0.4127375 0.108365625 0.4126953125 0.0769234375 0.4143703125 0.07695625 0.4143296875 0.0663109375 0.406915625 0.059378125000000004 0.40625625000000004 0.0628140625 0.3686265625 0.0273234375
2 0.313146875 0 0.29991249999999997 0.0699984375 0.327990625 0.09711562500000001 0.3311453125 0.08005156249999999 0.35014531249999997 0.09796875000000001 0.36494218749999996 0.0197453125 0.3619203125 0.016932812499999998 0.3612046875 0.0204515625 0.3395609375 0 0.313146875 0
13 0.34966875000000003 0.14008125 0.3396390625 0.14008125 0.339753125 0.17710625 0.34969843749999996 0.17706249999999998 0.34966875000000003 0.14008125
10 0.31114375 0.4181796875 0.3301921875 0.418096875 0.33018281250000003 0.4094875 0.319971875 0.40955312499999996 0.3199515625 0.40680468750000004 0.31121875 0.40680468750000004 0.31114375 0.4181796875
10 0.29736406249999997 0.40674687499999995 0.28968906250000004 0.40674687499999995 0.289640625 0.4180140625 0.2973734375 0.41803749999999995 0.29736406249999997 0.40674687499999995
7 0.2914265625 0.3227921875 0.2913703125 0.37667656250000003 0.289696875 0.3766515625 0.2896828125 0.40357656249999996 0.35241406249999996 0.40373749999999997 0.35248124999999997 0.303384375 0.35000468749999997 0.30338125 0.34991875 0.2872546875 0.3235390625 0.2873046875 0.32349843749999996 0.303896875 0.311515625 0.30384687499999996 0.3115328125 0.299596875 0.2897109375 0.2995578125 0.289665625 0.3226125 0.2914265625 0.3227921875
2 0.3893625 0.19444843750000002 0.3673203125 0.19444843750000002 0.3673015625 0.2851796875 0.41435000000000005 0.28531249999999997 0.41433125000000004 0.2743609375 0.41263125 0.27440312499999997 0.412590625 0.220378125 0.41435000000000005 0.2202921875 0.41435000000000005 0.2095140625 0.38940312499999996 0.2095140625 0.3893625 0.19444843750000002
10 0.34992968750000003 0.2238671875 0.3301125 0.2238921875 0.33013750000000003 0.2843984375 0.3499171875 0.2844234375 0.34992968750000003 0.2238671875
13 0.3392203125 0.1401125 0.32937656249999997 0.1401734375 0.3293625 0.177015625 0.3392203125 0.17698750000000002 0.3392203125 0.1401125
6 0.35076406250000003 0.1908671875 0.3499046875 0.1908671875 0.349984375 0.1806421875 0.328959375 0.18051250000000002 0.328959375 0.1907375 0.310115625 0.1905828125 0.3101828125 0.2208015625 0.3507515625 0.22082656250000002 0.35076406250000003 0.1908671875
2 0.41433749999999997 0.11594374999999998 0.36731875 0.11596875 0.3672828125 0.1915296875 0.39066875 0.1914796875 0.39065625000000004 0.20673750000000002 0.414303125 0.20673750000000002 0.4143734375 0.1807671875 0.4125875 0.1807671875 0.4126 0.12690625 0.41436093749999997 0.12678125 0.41433749999999997 0.11594374999999998
11 0.28968906250000004 0.2965625 0.3014203125 0.29659843750000003 0.3014703125 0.2937640625 0.308784375 0.29383593750000003 0.308784375 0.2590890625 0.2897234375 0.2591640625 0.28968906250000004 0.2965625
10 0.29304687500000004 0.1184484375 0.29075937500000004 0.1184984375 0.2789859375 0.1804625 0.2797640625 0.181125 0.2930703125 0.181075 0.29304687500000004 0.1184484375
9 0.298696875 0.4212359375 0.289703125 0.42113281249999995 0.2897375 0.42478906250000004 0.291465625 0.424840625 0.2914421875 0.456103125 0.2897375 0.456078125 0.2897375 0.4589171875 0.3200890625 0.45901718750000003 0.3201234375 0.42103124999999997 0.30996562499999997 0.4210828125 0.30996562499999997 0.4069484375 0.2987296875 0.4069984375 0.298696875 0.4212359375
10 0.2798640625 0.16821875 0.2715390625 0.16036250000000002 0.26947187499999997 0.1714375 0.277775 0.1792125 0.2798640625 0.16821875
10 0.3243734375 0.100121875 0.29873906250000004 0.07605625 0.2912578125 0.115721875 0.3243734375 0.11569218750000002 0.3243734375 0.100121875
10 0.2930390625 0.7388328125 0.29074062500000003 0.738853125 0.2789859375 0.8006734375000001 0.27972031249999996 0.801440625 0.2930875 0.8014187500000001 0.2930390625 0.7388328125
7 0.3543453125 1 0.354378125 0.9236078125 0.3499421875 0.9236671875000001 0.3499421875 0.9076531250000001 0.325765625 0.9076234375000001 0.325628125 0.9195265625 0.32270468750000003 0.9195265625 0.32270468750000003 0.92348125 0.3099234375 0.9234484374999999 0.30993593750000004 0.9194625000000001 0.30400625 0.91949375 0.303925 0.93928125 0.30565312499999997 0.9393390625 0.305709375 1 0.3543453125 1
10 0.32316875 0.8508484375 0.3105859375 0.8508484375 0.310075 0.9140078125000001 0.3231125 0.9140734374999999 0.32316875 0.8508484375
0 0.21875 0 0.21875 1 0.78125 1 0.78125 0 0.21875 0
2 0.2999328125 0.690328125 0.32801718750000003 0.717296875 0.3311359375 0.700575 0.3500890625 0.71838125 0.3591171875 0.6706015625 0.353215625 0.6651265625 0.3526046875 0.6685984375 0.31491875 0.633196875 0.3156234375 0.6294890625 0.31198281250000004 0.6263140625 0.2999328125 0.690328125
2 0.3893703125 0.8147078125 0.36728125 0.8148328125000001 0.367309375 0.9053859375 0.3995015625 0.9054453125 0.3994890625 0.8946796875 0.3977453125 0.8948296875 0.39773125 0.8406296875000001 0.3995015625 0.8405687500000001 0.3994890625 0.8298625 0.389384375 0.8298921874999999 0.3893703125 0.8147078125
10 0.307578125 0.738875 0.29446875 0.738875 0.29446875 0.8014187500000001 0.3075484375 0.8013984375 0.307578125 0.738875
10 0.27229375 0.844803125 0.26798125 0.8448328125 0.2630953125 0.870353125 0.266884375 0.8737562499999999 0.27229375 0.844803125
10 0.32914374999999996 0.718703125 0.34718125 0.7188078124999999 0.3318984375 0.7042796874999999 0.32914374999999996 0.718703125
13 0.3496265625 0.7604140625 0.33975625 0.760446875 0.33976875 0.7973140625 0.34964062500000004 0.7973140625 0.3496265625 0.7604140625
11 0.28967343749999996 0.91675625 0.3014046875 0.9167921874999999 0.301453125 0.9139625 0.3087671875 0.9140328125 0.3087671875 0.8792843749999999 0.2897078125 0.8793593749999999 0.28967343749999996 0.91675625
10 0.27980312500000004 0.7885140625 0.271565625 0.780721875 0.2694375 0.7917359375 0.27774375 0.7996171875 0.27980312500000004 0.7885140625
13 0.349859375 0.721878125 0.3294625 0.721878125 0.32935781249999996 0.7594015625 0.349859375 0.7593 0.349859375 0.721878125
6 0.3277453125 0.741690625 0.3101828125 0.741690625 0.3101828125 0.8082437499999999 0.327696875 0.8082062499999999 0.3277453125 0.741690625
2 0.3499515625 0.8441906250000001 0.32735625 0.8442187499999999 0.3273328125 0.9047765625 0.3499515625 0.904671875 0.3499515625 0.8441906250000001
8 0.39775 1 0.3976921875 0.9216796875 0.3995359375 0.9216796875 0.3995015625 0.9109953125000001 0.365921875 0.9109953125000001 0.366025 0.733378125 0.39946875 0.7334546875 0.39946875 0.708646875 0.39653125 0.7058234375 0.3958125 0.7094109375000001 0.3641109375 0.6797187499999999 0.364896875 0.6760546875 0.361446875 0.6729265625 0.3524625 0.7204015625 0.352565625 0.9235890625 0.3543984375 0.9235421875000001 0.3543546875 1 0.39775 1
6 0.32896875 0.8109640625000001 0.31010781249999997 0.810878125 0.3101125 0.845215625 0.3270796875 0.845334375 0.32709062499999997 0.8413468749999999 0.3524671875 0.8411984374999999 0.3524734375 0.8111437499999999 0.34994375 0.8110109375000001 0.3499234375 0.8009390625 0.32896875 0.800896875 0.32896875 0.8109640625000001
10 0.3243765625 0.720528125 0.298715625 0.6963874999999999 0.29128750000000003 0.7359875 0.3243609375 0.73601875 0.3243765625 0.720528125
1 0.41431874999999996 1 0.41431874999999996 0.6867703125 0.31777968749999996 0.5955203124999999 0.3130015625 0.620990625 0.4019953125 0.7049890624999999 0.401971875 1 0.41431874999999996 1
2 0.3995015625 0.7362984375 0.367315625 0.7363203125 0.367259375 0.8118359375 0.3906921875 0.81185625 0.390634375 0.8270640625000001 0.3994546875 0.8271515624999999 0.3994828125 0.8009499999999999 0.397728125 0.80099375 0.3977578125 0.7470328125 0.39947343750000003 0.7470328125 0.3995015625 0.7362984375
1 0.301396875 1 0.30138750000000003 0.919740625 0.28972031249999997 0.9197484375 0.28971718750000003 1 0.301396875 1
13 0.3392484375 0.7604140625 0.3293625 0.7604765625 0.3293921875 0.7973140625 0.3392203125 0.797378125 0.3392484375 0.7604140625
10 0.30759375 0.8417078124999999 0.307578125 0.8045296875 0.2794171875 0.8046015625 0.26771875 0.7934625 0.270275 0.7795359375 0.261196875 0.7709984375000001 0.26122968750000003 0.8684890624999999 0.26186875 0.8689875 0.2670953125 0.8416328125 0.30759375 0.8417078124999999
13 0.349778125 0.101784375 0.32937812499999997 0.101784375 0.3292765625 0.1393109375 0.349778125 0.13920625 0.349778125 0.101784375
10 0.27229375 0.22450625 0.267946875 0.22450625 0.263140625 0.24993906250000003 0.26688125 0.25338906250000004 0.27229375 0.22450625
2 0.41434531249999995 0.5189171875 0.4143265625 0.49678281249999995 0.4126484375 0.49678281249999995 0.4126390625 0.4277640625 0.414375 0.4277421875 0.41433593750000003 0.40931562499999996 0.353759375 0.40953125 0.35375 0.5187453125 0.41434531249999995 0.5189171875
10 0.3076140625 0.22139531250000002 0.307596875 0.18422031249999998 0.27952499999999997 0.18425625 0.26768125 0.173028125 0.27023437499999997 0.1591515625 0.2611734375 0.1504984375 0.2611890625 0.24823125 0.26188125 0.24867187500000001 0.267021875 0.2213234375 0.3076140625 0.22139531250000002
3 0.3523546875 0.5188984375000001 0.3523578125 0.47690937499999997 0.321475 0.4768484375 0.3213921875 0.5187234375 0.3523546875 0.5188984375000001
3 0.3200484375 0.461721875 0.2897296875 0.4617890625 0.28968906250000004 0.47700624999999997 0.291390625 0.476790625 0.29143281249999997 0.5006625 0.2896328125 0.5007484375 0.2896484375 0.5189671875 0.3200484375 0.5187015625 0.3200484375 0.461721875
10 0.30755937499999997 0.11850156249999999 0.29446875 0.11852343750000001 0.29445 0.1810890625 0.307578125 0.1811109375 0.30755937499999997 0.11850156249999999
6 0.3277453125 0.12142187499999998 0.3101828125 0.1213109375 0.3101671875 0.1877140625 0.32772812500000004 0.1878609375 0.3277453125 0.12142187499999998
4 0.6270484374999999 0.848003125 0.616078125 0.8480281250000001 0.616053125 0.8772703125 0.6270484374999999 0.877346875 0.6270484374999999 0.848003125
13 0.6701890625 0.699128125 0.66525 0.699084375 0.6652203125 0.717425 0.67015 0.717425 0.6701890625 0.699128125
6 0.66735625 0.9144890625000001 0.664078125 0.8967640625 0.650490625 0.909803125 0.653790625 0.9271640624999999 0.66735625 0.9144890625000001
2 0.671075 0.7195359375 0.66201875 0.7194703125 0.662009375 0.7312937500000001 0.69555625 0.7312515625 0.6955765625 0.7258375 0.6948140625 0.7258578124999999 0.6948046875 0.6915421875 0.69555625 0.69145625 0.6955953125 0.6767171875 0.67109375 0.6767171875 0.671075 0.7195359375
8 0.6955625000000001 0.7341109375 0.6615203125 0.734328125 0.661459375 0.8508078125 0.6680421875 0.8506328125 0.6680421875 0.7944015624999999 0.6955625000000001 0.7943140625 0.6955625000000001 0.790428125 0.6947109375 0.790428125 0.69473125 0.7421031250000001 0.6955625000000001 0.742146875 0.6955625000000001 0.7341109375
6 0.65980625 0.8395046875000001 0.660540625 0.8394828125 0.6605015625 0.8247015624999999 0.636925 0.82474375 0.636925 0.841059375 0.6498140625 0.841059375 0.649853125 0.8446609374999999 0.6598640625 0.8445734375 0.65980625 0.8395046875000001
2 0.674259375 0.8487734375 0.6688156249999999 0.8487312499999999 0.6687765625 0.8727984375 0.674259375 0.8728859375000001 0.674259375 0.8487734375
7 0.63244375 0.942503125 0.6289640624999999 0.9455484375 0.626771875 0.9331515625 0.6274109375 0.9326390625000001 0.6231875 0.9101640625 0.6186203124999999 0.914553125 0.6189734375 0.9162375 0.6076937499999999 0.9268453125 0.6073703125 0.92496875 0.6019453125 0.9302531249999999 0.6142546875 0.9950546875 0.63481875 0.9756031249999999 0.6341593750000001 0.9724937499999999 0.637440625 0.9693421875 0.63244375 0.942503125
1 0.6240703125 0.9093578125 0.6277609375 0.92890625 0.6353718749999999 0.9218015625 0.63168125 0.9022921875 0.6240703125 0.9093578125
3 0.5898953125 0.9415640625 0.5868921874999999 0.9443546875 0.5870734375 0.94629375 0.582221875 0.9508078125000001 0.581878125 0.9491703125000001 0.578321875 0.9525781249999999 0.5840890625 0.9833578125000001 0.595996875 0.972878125 0.5898953125 0.9415640625
5 0.5998640625 0.8129312499999999 0.5998359375 0.848665625 0.6080578125 0.8487265624999999 0.6080578125 0.8448328125 0.6285015625 0.844953125 0.6285703125000001 0.8712734375 0.6351046874999999 0.8712734375 0.6429984375 0.9129015624999999 0.65049375 0.9059046875 0.6450437499999999 0.8770703125000001 0.6450859375 0.8624703125 0.6484484375 0.8624703125 0.648475 0.8441875 0.635515625 0.8441875 0.635475 0.8128062500000001 0.6285015625 0.8128062500000001 0.6285015625 0.8301390625 0.6089781249999999 0.8301390625 0.609034375 0.8128062500000001 0.5998640625 0.8129312499999999
12 0.6285015625 0.8128015625 0.6090640625 0.8127765625000001 0.6089921875 0.8301328124999999 0.6285015625 0.8301328124999999 0.6285015625 0.8128015625
2 0.6861906249999999 0.340125 0.66681875 0.3401390625 0.666771875 0.3517734375 0.6701328125 0.3517734375 0.6701484375 0.3537578125 0.6668375 0.35386875 0.666834375 0.37356406249999996 0.6862015625 0.3737390625 0.6862265625 0.368371875 0.6853687500000001 0.368396875 0.6853687500000001 0.3454421875 0.6861906249999999 0.3454421875 0.6861906249999999 0.340125
2 0.638934375 0.4598375 0.638934375 0.4636125 0.638934375 0.465175 0.6381671875 0.46520312500000005 0.6381921875 0.4833046875 0.63904375 0.4833640625 0.6390421875000001 0.5012578125 0.6382218749999999 0.5013109375 0.6382218749999999 0.50298125 0.6560265625 0.5028125 0.6559984375 0.47087812500000004 0.6591296875 0.47091093749999996 0.65915625 0.45974375 0.638934375 0.4598375
10 0.636271875 0.3598484375 0.6219703125 0.3598234375 0.621959375 0.3637859375 0.636271875 0.3638359375 0.636271875 0.3598484375
10 0.662103125 0.237815625 0.6595109375 0.237796875 0.6595015625 0.24467656249999997 0.66209375 0.24471875 0.662103125 0.237815625
2 0.6417875000000001 0 0.6417953125 0.0090578125 0.64090625 0.0090578125 0.6408406249999999 0.027240625 0.6416984375 0.0272046875 0.6416796875 0.032503125 0.661878125 0.0327625 0.661878125 0.0215375 0.6587640625 0.021684375 0.658771875 0 0.6417875000000001 0
8 0.688159375 0.040260937499999996 0.6890734375 0.040175 0.68909375 0.0352984375 0.6689125 0.035326562500000006 0.668925 0.0219859375 0.6627875000000001 0.021953125 0.662734375 0.0939171875 0.668884375 0.093978125 0.668828125 0.08020625 0.689078125 0.080265625 0.68909375 0.07472656250000001 0.688121875 0.07472656250000001 0.688159375 0.040260937499999996
8 0.685371875 0.29851875 0.6862515625000001 0.29846093749999997 0.6862109375000001 0.293090625 0.666028125 0.2931234375 0.6660421875 0.2797765625 0.660015625 0.279715625 0.6598499999999999 0.3517125 0.6660015625 0.3517734375 0.6659453125 0.33799687500000003 0.6861953125 0.33806250000000004 0.68616875 0.3328453125 0.68534375 0.332784375 0.685371875 0.29851875
12 0.639165625 0.12240312499999999 0.624815625 0.1224421875 0.6247984375 0.1637421875 0.639115625 0.163853125 0.639165625 0.12240312499999999
2 0.689028125 0.0819640625 0.66965625 0.081978125 0.6696078125 0.0936078125 0.67296875 0.0936078125 0.672984375 0.095596875 0.6696734375 0.0957078125 0.6696703125 0.11540312500000001 0.6890390625 0.1155734375 0.6890625 0.1102078125 0.6882046875000001 0.11023281250000001 0.6882046875000001 0.087278125 0.689028125 0.087278125 0.689028125 0.0819640625
11 0.6402484375 0.011762499999999999 0.629621875 0.011803125000000001 0.629671875 0.025639062499999997 0.6401828125 0.025714062500000003 0.6402484375 0.011762499999999999
5 0.64585 0.355115625 0.6484484375 0.3550625 0.6484703125 0.3354578125 0.6349140625 0.3354328125 0.6349140625 0.3564703125 0.6377515625 0.3563921875 0.6377515625 0.36541718749999996 0.6220046875 0.365628125 0.6219578125 0.3803671875 0.6378078125 0.3800375 0.6377390625 0.41457187500000003 0.6484359375000001 0.41467656249999996 0.6484125 0.3949671875 0.6458734374999999 0.3948875 0.64585 0.355115625
10 0.6484625 0.369984375 0.6466609375 0.37000625 0.6466609375 0.38061406249999996 0.648434375 0.38061406249999996 0.6484625 0.369984375
13 0.668671875 0.2304234375 0.6630265625 0.230403125 0.6629796875 0.241778125 0.6686984375 0.2418640625 0.668671875 0.2304234375
2 0.6889109375 0.23354375 0.688125 0.23360625000000002 0.6881125 0.21066406249999997 0.68895 0.21066406249999997 0.68895 0.20167656250000002 0.6694921875000001 0.201646875 0.6695453125 0.2447375 0.6889375 0.2447375 0.6889109375 0.23354375
10 0.65200625 0.3533234375 0.6498125 0.35336406249999996 0.6498328124999999 0.37373124999999996 0.65204375 0.37374999999999997 0.65200625 0.3533234375
7 0.6377546875 0.33254375 0.659015625 0.3313078125 0.6589859375 0.32370625 0.6598921875 0.3236625 0.6599484375 0.2932015625 0.646478125 0.293284375 0.6464484374999999 0.2998046875 0.638259375 0.2998046875 0.63823125 0.2854234375 0.6268671875 0.2854453125 0.626771875 0.2989953125 0.6276859375 0.2989953125 0.6276859375 0.322 0.6268578125000001 0.322 0.6268765625 0.3255359375 0.6377265624999999 0.3255796875 0.6377546875 0.33254375
13 0.65966875 0 0.6597125 0.019548437499999998 0.6686359375 0.019548437499999998 0.6686593750000001 0.0048234375000000005 0.66295 0.004798437500000001 0.6629390625 0.0036984375 0.6617609375 0.0037765624999999995 0.6617765624999999 0 0.65966875 0
10 0.636371875 0.328646875 0.6349234375 0.3285609375 0.6349328125 0.33397343749999997 0.6363218749999999 0.3339671875 0.636371875 0.328646875
4 0.6363859374999999 0.0703671875 0.6248421875 0.07039218750000001 0.6248640625 0.098484375 0.636396875 0.098509375 0.6363859374999999 0.0703671875
10 0.6391078125 0.070403125 0.6377359375 0.0704890625 0.63770625 0.07568749999999999 0.63915625 0.07568749999999999 0.6391078125 0.070403125
2 0.66678125 0.3986859375 0.6667921875 0.41062343749999997 0.6861734375 0.41062343749999997 0.6861843750000001 0.40520625 0.685371875 0.40518124999999994 0.6853828125 0.3821234375 0.686240625 0.3820984375 0.68621875 0.37685625 0.6668125 0.3769609375 0.66678125 0.3986859375
13 0.6589578125 0.48866718750000004 0.6601484375 0.48862500000000003 0.6601296875 0.48775 0.6658796875 0.4876421875 0.6658609375 0.47279687499999995 0.6568703124999999 0.4728390625 0.6568609375000001 0.49369375 0.6589578125 0.49373750000000005 0.6589578125 0.48866718750000004
13 0.6629578125 0 0.6629421875 0.003834375 0.6686640625 0.0039203125 0.668653125 0 0.6629578125 0
13 0.6681390625 0.09566875 0.6557937500000001 0.09569375 0.6557609375 0.11435312500000001 0.6681609374999999 0.11435312500000001 0.6681390625 0.09566875
2 0.669584375 0 0.6695671875 0.032571875 0.68900625 0.032632812500000004 0.6890234375000001 0.023596875 0.6881921875 0.0236875 0.6881734374999999 0.0007140625000000001 0.68904375 0.0005859375 0.6890421875 0 0.669584375 0
13 0.6681546875000001 0.11988125000000001 0.6558109375 0.11990624999999999 0.655778125 0.13856875 0.6681796875 0.13856875 0.6681546875000001 0.11988125000000001
4 0.6335234375 0.328621875 0.6219796875 0.328646875 0.622003125 0.3567390625 0.633534375 0.35676406250000003 0.6335234375 0.328621875
10 0.64856875 0.1939875 0.641746875 0.1939875 0.6417796874999999 0.19921093750000002 0.6486 0.1992859375 0.64856875 0.1939875
2 0.68623125 0.28173750000000003 0.6854 0.2818234375 0.6853796875 0.258853125 0.68625 0.258721875 0.68623125 0.247721875 0.666796875 0.247721875 0.6667765625000001 0.2907078125 0.686215625 0.290771875 0.68623125 0.28173750000000003
7 0.626865625 0.465021875 0.638259375 0.465021875 0.6382953125 0.45070781249999997 0.6465078125 0.450578125 0.6464624999999999 0.45715000000000006 0.6598531249999999 0.4571390625 0.65989375 0.4268828125 0.659046875 0.4269078125 0.6589671874999999 0.419315625 0.650215625 0.41934062499999997 0.6502265625 0.41801093749999996 0.6377453125 0.418065625 0.6377234374999999 0.42506875 0.62681875 0.42506875 0.62684375 0.4285453125 0.6276765625 0.4285953125 0.6277015625 0.45155 0.6268296875 0.451525 0.626865625 0.465021875
10 0.6548671875000001 0.09515625 0.652665625 0.095178125 0.6526359375 0.11560625 0.6548765624999999 0.11558593749999999 0.6548671875000001 0.09515625
5 0.6405640625 0.1566296875 0.6512609375 0.1567296875 0.6512374999999999 0.13702187500000002 0.648696875 0.1369453125 0.648675 0.09716875 0.6512718750000001 0.09711875 0.6512953125000001 0.07751406250000001 0.6377375 0.07748906250000001 0.6377375 0.0985234375 0.640575 0.0984484375 0.640575 0.1074734375 0.62336875 0.10742031249999999 0.6233578125 0.10128593749999999 0.6137921875 0.1013359375 0.6137703125 0.16435 0.6233906250000001 0.1643765625 0.6233796875000001 0.12217031249999999 0.64063125 0.12209531250000001 0.6405640625 0.1566296875
13 0.665815625 0.25075625 0.6601734375 0.2507390625 0.6601234375 0.26211406249999997 0.66584375 0.262196875 0.665815625 0.25075625
13 0.665328125 0.3781359375 0.6529843750000001 0.3781609375 0.6529499999999999 0.39682343750000004 0.66535 0.39682343750000004 0.665328125 0.3781359375
2 0.64170625 0.20163906250000002 0.64170625 0.2054125 0.64170625 0.206978125 0.6409359375 0.20700781250000003 0.6409640624999999 0.22510781249999998 0.6418140625000001 0.22516875 0.6418109375000001 0.2430609375 0.6409921875 0.24311406249999998 0.6409921875 0.244784375 0.658796875 0.244615625 0.6587703125 0.21268281249999998 0.6618999999999999 0.2127140625 0.6619265624999999 0.20154687500000001 0.64170625 0.20163906250000002
10 0.6512796875 0.1117328125 0.649478125 0.11175625 0.649478125 0.12236406250000001 0.6512515624999999 0.12236406250000001 0.6512796875 0.1117328125
8 0.68675625 1 0.68664375 0.9994390624999999 0.6931265625 0.9932203124999999 0.693546875 0.9949046875 0.6956046875 0.99279375 0.6955859375 0.98401875 0.694746875 0.98401875 0.6947281249999999 0.9384109374999999 0.695634375 0.9382828125 0.6955859375 0.9356843749999999 0.6770140625 0.9355765625 0.6142734375 0.99509375 0.615190625 1 0.6425156249999999 1 0.639965625 0.98668125 0.6766328125000001 0.9521296875 0.6856984374999999 1 0.68675625 1
10 0.6498359375 0.8727171874999999 0.6546406250000001 0.8726859375 0.65468125 0.8508437499999999 0.660021875 0.8509375 0.65998125 0.8460578125 0.64985 0.8461515625 0.6498359375 0.8727171874999999
10 0.6484125 0.86434375 0.645915625 0.86434375 0.6458484375 0.8741421875000001 0.6484421874999999 0.8741 0.6484125 0.86434375
10 0.6345828124999999 0.8730218750000001 0.6285140625000001 0.8729890625 0.6284875000000001 0.877346875 0.635365625 0.8773781250000001 0.6345828124999999 0.8730218750000001
13 0.6649625 0.6990984375 0.6600312500000001 0.6990734375 0.6600312500000001 0.717428125 0.6649734375 0.717428125 0.6649625 0.6990984375
10 0.6459125 0.8758625 0.6459015625 0.8768625 0.6483390625000001 0.8901796875000001 0.6612328125 0.8781921875 0.66083125 0.8759671875 0.6459125 0.8758625
10 0.66151875 0.879825 0.6487734374999999 0.8918671874999999 0.651221875 0.905109375 0.66408125 0.8930671875 0.66151875 0.879825
13 0.6642296875 0.9195375 0.668234375 0.940603125 0.6758031250000001 0.93325625 0.67181875 0.9120171875 0.6642296875 0.9195375
10 0.6366968749999999 0.72436875 0.6330546874999999 0.724325 0.6330265625 0.7326765625 0.6367640625 0.7325484375 0.6366968749999999 0.72436875
6 0.6573 0.9504484375000001 0.6591953125 0.9485328125000001 0.6552296875 0.9275078125 0.653275 0.9293390625000001 0.649859375 0.910096875 0.6436609375 0.916021875 0.6514734375 0.9574609374999999 0.657546875 0.951875 0.6573 0.9504484375000001
2 0.672734375 0.9098234375 0.6766140625 0.909996875 0.67668125 0.9327640625000001 0.69555625 0.9330015625 0.6955953125 0.9293578124999999 0.69475625 0.9293359375 0.6947375 0.8836875 0.6955859375 0.8836875 0.6956249999999999 0.876103125 0.67278125 0.8760171874999999 0.672734375 0.9098234375
13 0.6639046875 0.9198171875 0.656353125 0.9269921875 0.6582828125 0.93705625 0.66586875 0.929934375 0.6639046875 0.9198171875
6 0.6468015625 0.936878125 0.6343984375 0.94855 0.638184375 0.9688281249999999 0.6506265625000001 0.95715625 0.6468015625 0.936878125
10 0.6725625 0.9115515625 0.675890625 0.9294437500000001 0.6759375000000001 0.9115296875000001 0.6725625 0.9115515625
10 0.5983328125 0.9337249999999999 0.5976375 0.9344265625 0.5979515625 0.936003125 0.5913921875 0.9421625 0.5910968750000001 0.9404562500000001 0.5905828125 0.9409906250000001 0.5964359375 0.97198125 0.6041859374999999 0.9647406249999999 0.6022406250000001 0.9543046875 0.6051203125 0.9515953125 0.6029656250000001 0.94018125 0.6000687499999999 0.9428859375 0.5983328125 0.9337249999999999
2 0.6621453125000001 1 0.6612515625000001 0.9953312499999999 0.664484375 0.99218125 0.660065625 0.9694734374999999 0.641625 0.9870218749999999 0.644034375 1 0.6621453125000001 1
13 0.608190625 1 0.6126703124999999 0.9957890624999999 0.608796875 0.97484375 0.6063609375000001 0.977090625 0.6043828125 0.9665250000000001 0.5938234375 0.9766109374999999 0.598178125 1 0.608190625 1
1 0.6415015625 0.676703125 0.633071875 0.676703125 0.6330328125 0.696978125 0.6415171875000001 0.6969484375 0.6415015625 0.676703125
3 0.659025 0.6785484375 0.6430171875 0.6788234375 0.6430171875 0.6984859375 0.65904375 0.69844375 0.659025 0.6785484375
3 0.6591 0.7001265625 0.6491281250000001 0.7001703125 0.649109375 0.71789375 0.6591390625 0.7178515625 0.6591 0.7001265625
2 0.684925 1 0.6762890625 0.9542390624999999 0.660759375 0.9688281249999999 0.6652109375 0.9927296875 0.6619890625 0.9956921875000001 0.6628140625000001 1 0.684925 1
2 0.6687640625 0.8471140625 0.6749906250000001 0.8471140625 0.674959375 0.87273125 0.6956171875 0.8728421875000001 0.69556875 0.86754375 0.694809375 0.867503125 0.6947953124999999 0.8407406249999999 0.6956 0.8407828125 0.69555625 0.83533125 0.6687328124999999 0.8351875 0.6687640625 0.8471140625
2 0.6687953125 0.8079968750000001 0.6749343750000001 0.8079546875 0.6749906250000001 0.8337937500000001 0.6955671875 0.8337796875000001 0.6956015625 0.8281875 0.694840625 0.8282296875 0.6948234375 0.801440625 0.6955953125 0.8013984375 0.6955859375 0.7960281250000001 0.668775 0.7960281250000001 0.6687953125 0.8079968750000001
10 0.6370953125 0.92394375 0.63679375 0.9220703125 0.6273625 0.930965625 0.6296406250000001 0.9432375000000001 0.6329484375 0.9402609375000001 0.6341984375 0.9469484375 0.6465546875 0.9354156250000001 0.642959375 0.9166421874999999 0.64181875 0.9177781250000001 0.6420828125 0.9192390625 0.6370953125 0.92394375
10 0.60126875 0.9309328125 0.5989718749999999 0.933021875 0.6004109375 0.94081875 0.6027 0.9387515625 0.60126875 0.9309328125
13 0.667890625 0.852578125 0.6555578125 0.852653125 0.655546875 0.8715203125000001 0.668028125 0.8714921875 0.667890625 0.852578125
7 0.6612328125 0.7257875 0.642846875 0.7257125 0.642825 0.724178125 0.6374593749999999 0.7243031249999999 0.6374828124999999 0.7342500000000001 0.63304375 0.7341703125000001 0.6330203125 0.7418671875 0.6339015625 0.7419171875 0.633890625 0.768734375 0.6330203125 0.7687062499999999 0.63304375 0.7838921875 0.6614375 0.7839921875 0.6615296875000001 0.734478125 0.661175 0.734453125 0.6612328125 0.7257875
10 0.6612843749999999 0.7193203125000001 0.649053125 0.7194281250000001 0.649053125 0.722559375 0.6612843749999999 0.72258125 0.6612843749999999 0.7193203125000001
13 0.6659453125 0.9304859375 0.658365625 0.9375796875000001 0.6603203125 0.94780625 0.6678515625 0.940625 0.6659453125 0.9304859375
2 0.6330453125 0.8096203125000001 0.636925 0.8096421875 0.6369453125 0.8233171875 0.6600734375 0.8232531249999999 0.65993125 0.785634375 0.6330453125 0.78556875 0.6330546874999999 0.78925625 0.6338843749999999 0.789234375 0.633875 0.8047187499999999 0.6330453125 0.8046765625000001 0.6330453125 0.8096203125000001
10 0.6338828125 0.7199859375 0.6330328125 0.7199859375 0.6330453125 0.722221875 0.648215625 0.7223765625 0.6481734375 0.7002921875 0.642875 0.7003812500000001 0.642875 0.6983890625 0.63301875 0.6984828125 0.6330328125 0.704465625 0.6339109374999999 0.7044328125 0.6338828125 0.7199859375
13 0.597240625 1 0.5929671875 0.9772375 0.5845484375 0.9850765625 0.5872703125000001 1 0.597240625 1
2 0.674259375 0.80955625 0.66880625 0.8096203125000001 0.668796875 0.8337109375 0.6742109375 0.83366875 0.674259375 0.80955625
13 0.65993125 0.6985515625 0.6703406249999999 0.6983828125 0.6702265625 0.678590625 0.65993125 0.6786125000000001 0.65993125 0.6985515625
10 0.6710609375 0.8759671875 0.6616453124999999 0.8759671875 0.66800625 0.9095812499999999 0.6711171874999999 0.9067421875000001 0.6710609375 0.8759671875
10 0.6068359375 0.9746046875 0.6084671875 0.9730062500000001 0.6065421875 0.9624406249999999 0.607075 0.9618421875 0.605434375 0.9531109375 0.6031859374999999 0.955153125 0.6068359375 0.9746046875
2 0.63815625 0.24767812500000003 0.6381890625 0.24948125000000002 0.6390281250000001 0.24936875 0.63904375 0.2672234375 0.63815625 0.2672234375 0.638090625 0.285409375 0.638946875 0.2853734375 0.638928125 0.290671875 0.659128125 0.29093125 0.659128125 0.2797015625 0.6560140624999999 0.2798484375 0.6559296875 0.2477140625 0.63815625 0.24767812500000003
6 0.6618031249999999 0.07509218749999999 0.6525375 0.0752 0.652584375 0.0936484375 0.6618796875 0.0935625 0.6618031249999999 0.07509218749999999
10 0.652034375 0.3767921875 0.6498406250000001 0.376834375 0.649859375 0.3971953125 0.6520718750000001 0.3972203125 0.652034375 0.3767921875
10 0.6457328125 0.293234375 0.6389125 0.293234375 0.6389453125 0.29846093749999997 0.645765625 0.2985328125 0.6457328125 0.293234375
10 0.6512640625 0.1240828125 0.6495 0.1241046875 0.6495 0.13530781249999999 0.6512546875 0.13524687500000002 0.6512640625 0.1240828125
10 0.65920625 0.24769999999999998 0.6566109375 0.24767812500000003 0.656603125 0.25456093750000003 0.659196875 0.2546046875 0.65920625 0.24769999999999998
10 0.64845625 0.3569109375 0.6466828125 0.356953125 0.6466546875 0.36822499999999997 0.6484171875 0.36822499999999997 0.64845625 0.3569109375
7 0.640621875 0.07437656249999999 0.6618828125 0.07313906249999999 0.661853125 0.06553281250000001 0.662759375 0.06549374999999999 0.6628171875 0.035029687500000004 0.649346875 0.035115625 0.6493171875 0.0416328125 0.641128125 0.0416328125 0.6411 0.02725625 0.6297359375 0.0272765625 0.6296390625 0.040826562500000003 0.6305546875 0.040826562500000003 0.6305546875 0.06383124999999999 0.6297265624999999 0.06383124999999999 0.62974375 0.06736718750000001 0.6405953125 0.0674109375 0.640621875 0.07437656249999999
10 0.6485828125 0.034990625 0.6417640625 0.034990625 0.6417953125 0.0402171875 0.6486171875 0.0402921875 0.6485828125 0.034990625
10 0.64841875 0.3823921875 0.64665625 0.3824125 0.64665625 0.39361718749999997 0.6484093750000001 0.39355625 0.64841875 0.3823921875
10 0.64575625 0.452184375 0.6389359375 0.452184375 0.63896875 0.4574109375 0.6457890625 0.4574828125 0.64575625 0.452184375
2 0.6861703125 0.4916765625 0.685384375 0.4917375 0.685371875 0.46879375 0.6862109375000001 0.46879375 0.6862109375000001 0.4598046875 0.6667515625 0.4597765625 0.6668046875 0.5028671874999999 0.6861953125 0.5028671874999999 0.6861703125 0.4916765625
10 0.6592687500000001 0.495915625 0.6566765625000001 0.49589375 0.656665625 0.5027734374999999 0.659259375 0.502815625 0.6592687500000001 0.495915625
10 0.6512796875 0.098846875 0.6495062500000001 0.0988890625 0.649478125 0.11015781250000001 0.6512421875000001 0.11015781250000001 0.6512796875 0.098846875
13 0.6658546875 0.488428125 0.660209375 0.48840625 0.6601625 0.49978125 0.66588125 0.49986718750000003 0.6658546875 0.488428125
6 0.659071875 0.39864687499999996 0.6498046875 0.3987515625 0.649853125 0.4171984375 0.6591484375000001 0.4171125 0.659071875 0.39864687499999996
8 0.6881828125 0.1594859375 0.6890078125 0.1594671875 0.689021875 0.1540578125 0.6688390625 0.1540890625 0.6688531249999999 0.14074375 0.6627156249999999 0.14071093750000002 0.6626609375 0.212675 0.6688125 0.2127390625 0.66875625 0.1989640625 0.68900625 0.199025 0.688978125 0.1938125 0.6881546875 0.1937515625 0.6881828125 0.1594859375
8 0.68539375 0.41756093749999995 0.6862515625000001 0.41753906250000006 0.68623125 0.412225 0.6660515625000001 0.41225781250000004 0.6660640625 0.3989125 0.659928125 0.3988828125 0.6598734375 0.470846875 0.666021875 0.47090781249999997 0.6659671875 0.45713593750000003 0.68621875 0.457196875 0.6861890625 0.4519796875 0.6853671875 0.45192187500000003 0.68539375 0.41756093749999995
6 0.659003125 0.3330921875 0.6497359375 0.3332 0.6497843750000001 0.351646875 0.6590796875 0.3515625 0.659003125 0.3330921875