13 0.3616703484375 0.8529719046875 0.357485421875 0.79352 0.33799012500000003 0.794912896875 0.342178246875 0.854333715625 0.3616703484375 0.8529719046875
13 0.373464628125 1 0.37271664375 0.9892326296875 0.356715215625 0.9903909875 0.35737407499999996 1 0.373464628125 1
7 0.58776714375 0.2776739640625 0.5828484703125001 0.2088158234375 0.532667471875 0.2122571734375 0.537462990625 0.2812895703125 0.58776714375 0.2776739640625
10 0.3392109703125 0.830479865625 0.3375626703125 0.8071222609375001 0.330443071875 0.8075539031250001 0.33207393125 0.8308764156249999 0.3392109703125 0.830479865625
10 0.6673215140625001 0.9646422859375001 0.666463590625 0.9520987765625 0.6507944 0.953194221875 0.6533867234375 0.990494603125 0.654625478125 0.9904083375000001 0.6572719828125 0.9888181578124999 0.6556384203125 0.9654608109374999 0.6673215140625001 0.9646422859375001
10 0.627720753125 0.8250789828125 0.6258569265625 0.79862623125 0.6214785234375 0.79889643125 0.6233693953125 0.8253183500000001 0.627720753125 0.8250789828125
2 0.5770997125 0.128640640625 0.571555396875 0.0497097640625 0.53118478125 0.0525044671875 0.536790425 0.1313766203125 0.5770997125 0.128640640625
1 0.37506084687499996 0.376307675 0.3766832859375 0.376153103125 0.377142553125 0.3824631578125 0.3894326140625 0.3816809609375 0.3855463046875 0.3253563046875 0.3731925203125 0.326220540625 0.3733658609375 0.32870850156250003 0.37171735156249996 0.32874384375 0.37506084687499996 0.376307675
13 0.31227805468750003 0.3304074640625 0.313207240625 0.34334564375 0.3013057625 0.34417690156249997 0.3032297 0.37203724375 0.3311181265625 0.3700326296875 0.32828208124999997 0.32911994375 0.31227805468750003 0.3304074640625
6 0.33593320625 0.7796518921875 0.336830725 0.79209140625 0.357477134375 0.7905846999999999 0.35667038125 0.7792973859375001 0.357874303125 0.779213821875 0.3545127671875 0.7293931875 0.3325322578125 0.73064241875 0.3339090078125 0.7504536578125001 0.331299128125 0.750636453125 0.33335199375 0.77982475625 0.33593320625 0.7796518921875
10 0.5374890531250001 0.20853796249999998 0.5367792171875 0.1983827453125 0.5308411046875 0.198848209375 0.5315278953125 0.20900451250000002 0.5374890531250001 0.20853796249999998
13 0.6286376609375 0.23613285 0.6255176671875 0.1924085703125 0.5989014546875 0.1942703578125 0.60183521875 0.2380062765625 0.6286376609375 0.23613285
8 0.3700154328125 0.7467540484375 0.35573095 0.7476208453125001 0.3660162046875 0.891057928125 0.371070553125 0.9634365265625 0.37238942656249996 0.9633440484375001 0.3737424140625 0.9832916968750001 0.42762843906250003 0.9796183562499999 0.42043032187499996 0.8766805953125001 0.37923132656249997 0.8797470046875 0.3700154328125 0.7467540484375
10 0.5921035984375 0.9947809078125 0.5906175328125001 0.9732981609375001 0.585438725 0.9735862859375001 0.5869352875 0.9951411078125 0.5921035984375 0.9947809078125
10 0.3641670703125 0.8857142359375001 0.362047703125 0.85602996875 0.342475071875 0.8575914656249999 0.34453101875000003 0.886991190625 0.3641670703125 0.8857142359375001
6 0.6134730078125 0.16175384375 0.6133779234375 0.1601302953125 0.615265665625 0.1599986015625 0.613230003125 0.1308965734375 0.6113422625 0.1310282671875 0.6105339984375 0.11946843124999999 0.593427821875 0.120751021875 0.5942350171874999 0.1323151453125 0.5931259296875 0.132356309375 0.59529884375 0.1632370140625 0.6134730078125 0.16175384375
1 0.6528865328125 0.8470513296875 0.6494226921874999 0.7977460609375 0.6272566312500001 0.7992325578125 0.6306708421875 0.8484491625 0.6528865328125 0.8470513296875
2 0.374695634375 0.4132031546875 0.3686464703125 0.3262269 0.3295351953125 0.329282075 0.3356602046875 0.41585365156250004 0.374695634375 0.4132031546875
0 0.4825400578125 0 0.345374521875 0.0095916625 0.1902861703125 0.1027781453125 0.253026934375 1 0.5174599421875 1 0.654625478125 0.9904083375000001 0.8097138296875 0.8972218546875 0.746973065625 0 0.4825400578125 0
10 0.3406116625 1 0.3402147125 0.9943228484375 0.3280570953125 0.995213221875 0.328393390625 1 0.3406116625 1
7 0.3724824078125 0.9832485468750001 0.3660162046875 0.891057928125 0.3232005796875 0.8937212671875001 0.3296734453125 0.9862779250000001 0.3724824078125 0.9832485468750001
7 0.6899538921875 0.9153735656249999 0.6815433640624999 0.795710365625 0.650809421875 0.7977513468749999 0.6593244859375 0.9174611078125 0.6899538921875 0.9153735656249999
10 0.356109121875 1 0.3552756890625 0.987834425 0.34474136875 0.9886535640625 0.3455343609375 1 0.356109121875 1
1 0.5405529718750001 0.3245907484375 0.5496026078125 0.32395825 0.55120345625 0.3468576625 0.56067868125 0.3463176109375 0.5603804125 0.34204721562499996 0.5636360359375 0.341777190625 0.5594535515625 0.2823748578125 0.5376661078125 0.28382708437500004 0.5405529718750001 0.3245907484375
2 0.370331425 0.136839640625 0.365294196875 0.065684834375 0.3256854 0.068461103125 0.3306405671875 0.1395157421875 0.370331425 0.136839640625
10 0.5627322921875 0.374566690625 0.5610646609375001 0.35072488125 0.5403498484375 0.3521177453125 0.5419922921875 0.37596010625 0.5627322921875 0.374566690625
10 0.311605396875 0.3404764671875 0.3107482015625 0.32781585625 0.300244703125 0.3286438171875 0.30104723906249997 0.3413135734375 0.311605396875 0.3404764671875
10 0.3110639609375 0.084809615625 0.30999556250000004 0.06953431875 0.288172490625 0.0710061296875 0.2892095328125 0.086274746875 0.3110639609375 0.084809615625
6 0.29149006875 0.11953706875 0.292357828125 0.131954359375 0.3129916421875 0.13044792968750002 0.31221095781249997 0.11927984375 0.31342858906250004 0.11926460312500001 0.311186321875 0.0876162203125 0.2894049015625 0.0892726328125 0.28948818906249996 0.090463959375 0.2867660359375 0.0906540625 0.28879926562499997 0.119724740625 0.29149006875 0.11953706875
10 0.3323922140625 0.7858755125 0.313670484375 0.78718458125 0.316217953125 0.8238976093750001 0.327765584375 0.8232844328125 0.3261276890625 0.7998531296875 0.3333009828125 0.7991558984375 0.3323922140625 0.7858755125
7 0.3280104015625 0.3232495046875 0.3214109 0.23129209999999997 0.27856339375 0.2335443984375 0.2851415890625 0.3261307328125 0.3280104015625 0.3232495046875
10 0.3428480640625 0.7211592546875 0.3407693984375 0.6914304796875 0.326291553125 0.69246996875 0.328332953125 0.7221700953125 0.3428480640625 0.7211592546875
1 0.2818307015625 0.200911503125 0.27638100468750004 0.2012402625 0.278380878125 0.230531496875 0.2987144265625 0.22922006874999998 0.2948478859375 0.1732225875 0.279949940625 0.17437596093750002 0.2818307015625 0.200911503125
1 0.4310880328125 1 0.4300805171875 0.98541640625 0.4176352625 0.9861314421875 0.41782781875 0.9889213890624999 0.416355934375 0.9890110171875 0.4171225203125 1 0.4310880328125 1
10 0.6315309953125 0.992024315625 0.6289038671875 0.9543474625 0.6203408375 0.9549464249999999 0.6229476 0.9926227546874999 0.6315309953125 0.992024315625
1 0.651555940625 0.34357536718750004 0.64882490625 0.3437051828125 0.6508448875 0.372586953125 0.67475421875 0.3709133828125 0.6725331109375 0.3383991859375 0.651297696875 0.3398842921875 0.651555940625 0.34357536718750004
8 0.3758562109375 0.2166663421875 0.33468995156250003 0.21980240312500002 0.3254075109375 0.086665321875 0.311186321875 0.0876162203125 0.3266164875 0.3034157671875 0.32787398749999996 0.3033091234375 0.3292617625 0.323181184375 0.3830756890625 0.319481896875 0.3758562109375 0.2166663421875
10 0.62575053125 0.1856334234375 0.6245593781250001 0.16904650937500001 0.6154317234375 0.16961286874999998 0.616881946875 0.1903533703125 0.62534069375 0.1896839984375 0.625090290625 0.1856783234375 0.62575053125 0.1856334234375
10 0.6794268109375 0.1808009921875 0.677834884375 0.157600915625 0.6277970093749999 0.1610893375 0.6289179640625 0.1772681828125 0.653988078125 0.175515096875 0.6544196671875 0.18212797187500002 0.6794268109375 0.1808009921875
10 0.287910303125 0.1258933578125 0.26914216875 0.12712822968749998 0.27171140625 0.16394119375 0.2832878484375 0.163121128125 0.2816807453125 0.1396530953125 0.288838628125 0.139163815625 0.287910303125 0.1258933578125
3 0.6530881265625 0.23463177656249998 0.64974285 0.18679194062499999 0.6264253671875 0.1883249890625 0.6298506171875 0.2363555671875 0.6530881265625 0.23463177656249998
12 0.6640393421875 0.10705533281249999 0.659317953125 0.0391413828125 0.603337775 0.042824354687499996 0.6082017875 0.11084218593749999 0.6640393421875 0.10705533281249999
2 0.689074528125 0.330521759375 0.6824694109375 0.23561833281250003 0.6138528562500001 0.2403444546875 0.6161316 0.2720474796875 0.64228920625 0.2704266171875 0.6466977546875 0.333484675 0.689074528125 0.330521759375
10 0.32482832500000003 0.8583202421875 0.322962653125 0.83191599375 0.3184650328125 0.832230484375 0.32031114375 0.8586355484375 0.32482832500000003 0.8583202421875
10 0.6153707390625 0.1897010234375 0.6136992828125 0.1648972171875 0.5967185046875 0.1661609703125 0.5983630578125 0.19079865468749999 0.6153707390625 0.1897010234375
2 0.582210425 0.2028574546875 0.5773086125 0.131849140625 0.53694333125 0.13460418125 0.5419089140625 0.2056033453125 0.582210425 0.2028574546875
2 0.686546925 0.9712279984375 0.720534946875 0.950805934375 0.6852587171875 0.953290325 0.686546925 0.9712279984375
8 0.6112033265625 0.24054013749999997 0.6007694265625 0.241253365625 0.587207128125 0.048551893750000005 0.5729951140625 0.04960300625 0.5855239515624999 0.22846465781249997 0.5842573296875 0.22855308437500002 0.58776714375 0.2776739640625 0.5608229765625 0.27959062343749996 0.569607865625 0.4064752859375 0.6227028906250001 0.402859790625 0.6112033265625 0.24054013749999997
13 0.6685583078125 0.205297603125 0.6676291671875 0.19200758281250002 0.651620525 0.19319944218750001 0.6545922921875 0.23431676875 0.68222119375 0.23252642343750002 0.6802596234375 0.204479065625 0.6685583078125 0.205297603125
10 0.6056307546874999 0.11101075625000001 0.6008866375 0.0431742625 0.590877946875 0.0438033484375 0.595622334375 0.111643325 0.6056307546874999 0.11101075625000001
6 0.6443279828125 0.9530110031250001 0.64416114375 0.9506339765625 0.6300350578125 0.951545959375 0.6328595140625 0.9919296859375001 0.6520943781249999 0.9905857250000001 0.649457075 0.95249755 0.6443279828125 0.9530110031250001
11 0.6904220703124999 0.36981874375 0.6881939953125 0.3385792671875 0.6740105828125 0.339520228125 0.6761925390625 0.370716321875 0.6904220703124999 0.36981874375
10 0.5722920515625 0.9732189124999999 0.5725402468749999 0.9771238328124999 0.5669753625 0.9775126890625 0.5683001078125 0.9964455671874999 0.584342825 0.9953225531250001 0.5827346765625 0.972319978125 0.5722920515625 0.9732189124999999
2 0.4140736359375 1 0.41311043437499995 0.9862216609375001 0.3739894453125 0.98916965625 0.3747431578125 1 0.4140736359375 1
2 0.634010875 0.9159572140625001 0.6279204515625 0.8285664421875 0.59586613125 0.83086121875 0.6020773187499999 0.9181101593750001 0.634010875 0.9159572140625001
13 0.31303593749999997 0.1335402359375 0.293478715625 0.1348937796875 0.29760470625 0.1943719828125 0.31729025 0.1929650328125 0.31303593749999997 0.1335402359375
10 0.3697686015625 0.7437342203124999 0.3686949765625 0.7278222390625 0.3558671453125 0.7286650703124999 0.35697340781250003 0.7444918171875 0.3697686015625 0.7437342203124999
3 0.33438508125 0.41605838124999994 0.331449065625 0.372998275 0.2885369640625 0.376496121875 0.2915629671875 0.419053734375 0.33438508125 0.41605838124999994
10 0.549747903125 0.3435341890625 0.5486003953125 0.32732025625 0.540406325 0.3278688765625 0.5415321609375 0.34413775625 0.549747903125 0.3435341890625
10 0.656508928125 0.9148654890625 0.6521544328125 0.849992190625 0.6307962953125 0.8514854125 0.6353376015625 0.9164178125 0.656508928125 0.9148654890625
2 0.599377434375 0.918343390625 0.5933349781249999 0.8309566078125 0.55896844375 0.8333592296875001 0.5650762609375 0.9207122078125 0.599377434375 0.918343390625
10 0.31971105 0.22556887187500002 0.31756994843749997 0.19583933281250002 0.2978345171875 0.19717235625 0.29999651875 0.22690027499999998 0.31971105 0.22556887187500002
10 0.6800796890624999 0.201734396875 0.6791459453125 0.188791665625 0.6686836140625 0.18946364531249998 0.6696495890625 0.202523725 0.6800796890624999 0.201734396875
10 0.28034155781250003 0.198284496875 0.2784434484375 0.1718596359375 0.27398200156249997 0.1721706203125 0.2759066375 0.1985941234375 0.28034155781250003 0.198284496875
10 0.28585773593749997 0.3678687578125 0.28767229843750003 0.3676971828125 0.28796201875 0.37201099375 0.29837232812500003 0.3712827734375 0.295768146875 0.33429940468749997 0.28358796875 0.335106721875 0.28585773593749997 0.3678687578125
2 0.37551300625 0.21125631406249998 0.3705171359375 0.13982145625 0.33090205625 0.142833003125 0.3357987984375 0.21387535156249998 0.37551300625 0.21125631406249998
11 0.39185720625 0.41646631406249995 0.38958200781249996 0.38443851093750003 0.3761267109375 0.3854596671875 0.37837991249999997 0.4174478265625 0.39185720625 0.41646631406249995
13 0.66797724375 0.9544996031249999 0.668888259375 0.9675197921875001 0.657122046875 0.968260659375 0.658530946875 0.9880616953124999 0.68524911875 0.9720077984375 0.6839213453124999 0.953370221875 0.66797724375 0.9544996031249999
1 0.3244045703125 0.83444013125 0.3262558203125 0.860920490625 0.3209181609375 0.8612931250000001 0.3228856375 0.8906275234375001 0.3431513453125 0.8892456624999999 0.3394083796875 0.8333142921875 0.3244045703125 0.83444013125
10 0.2946613703125 0.1706641609375 0.2930410578125 0.1470709953125 0.2859161421875 0.1475696328125 0.2875564625 0.171023175 0.2946613703125 0.1706641609375
10 0.2984061265625 0.0612496921875 0.296864209375 0.0387395984375 0.2828321125 0.0471709328125 0.2838802375 0.0621667515625 0.2984061265625 0.0612496921875
9 0.6410082874999999 0.27333084687500003 0.6163135 0.2749349734375 0.6230176015625 0.3700031359375 0.647672971875 0.3683607140625 0.6410082874999999 0.27333084687500003
8 0.6815433640624999 0.795710365625 0.6899490859374999 0.9154019734375 0.5652950875 0.9239402625 0.5684460203125 0.9687050375 0.5919078390625 0.967017815625 0.590992403125 0.9542117359375 0.7311812328125 0.9444089999999999 0.7426003078125001 0.9375477265625 0.732383096875 0.7919607046875 0.6815433640624999 0.795710365625
2 0.3794020609375 0.8607486015625 0.3863946078125 0.8602602312500001 0.38745244687499997 0.87536323125 0.420175625 0.8730894687499999 0.409841378125 0.7254874109375 0.370090559375 0.728266984375 0.3794020609375 0.8607486015625
10 0.32526312343749997 0.08377351718750001 0.324197696875 0.0685365390625 0.311385978125 0.06943348906249999 0.31241161562499997 0.08446469375 0.32526312343749997 0.08377351718750001
13 0.6217431453125 0.9927084625000001 0.6191144359375 0.9554992125 0.5925212109375 0.957268803125 0.5951143390625 0.994570525 0.6217431453125 0.9927084625000001