13 0.33642500000000003 0.0934828125 0.3483828125 0.1264265625 0.36074843749999996 0.1219265625 0.3488859375 0.08930468750000001 0.33642500000000003 0.0934828125
6 0.59565625 0.8826640625 0.5973625 0.8874109375 0.6177984375000001 0.943296875 0.641665625 0.9346140625 0.6217515625 0.8787968749999999 0.6125671875 0.8822125 0.6105343750000001 0.876659375 0.59565625 0.8826640625
3 0.381415625 0.23062343749999997 0.3918859375 0.25863125 0.40806250000000005 0.252625 0.397975 0.22478906250000003 0.381415625 0.23062343749999997
10 0.419028125 0.30293749999999997 0.43740781249999994 0.353309375 0.4437640625 0.3508015625 0.425390625 0.30038593750000003 0.419028125 0.30293749999999997
11 0.41183593749999997 0 0.40558750000000005 0.002275 0.42378906250000004 0.052571875000000004 0.4415484375 0.0465953125 0.42463749999999995 0 0.41183593749999997 0
10 0.5155953125 0.8671875 0.5368578125 0.9256078125 0.5498875 0.9205062500000001 0.528425 0.8628750000000001 0.5155953125 0.8671875
10 0.642403125 0.93043125 0.6538265625 0.9264484375 0.64774375 0.909309375 0.6362 0.9140328125 0.642403125 0.93043125
3 0.5951 0.815646875 0.6170828125 0.8760406250000001 0.6375015625 0.8671796875 0.615709375 0.8080999999999999 0.5951 0.815646875
1 0.24469375000000002 0.0779484375 0.26715625 0.1397484375 0.25319375 0.14463593749999998 0.3236640625 0.3385359375 0.4173640625 0.30447812500000004 0.41550937499999996 0.29914843750000003 0.426 0.295353125 0.445759375 0.3501984375 0.5089875 0.32703906250000003 0.48702187500000005 0.26678125 0.51793125 0.2556109375 0.511328125 0.23801875 0.44313125 0.0501234375 0.42537343749999995 0.056896875 0.425728125 0.057846875 0.425115625 0.058184374999999997 0.4407375 0.10099375 0.44140781249999994 0.10075 0.44431093749999995 0.108784375 0.44706250000000003 0.10778281249999999 0.4545375 0.128146875 0.45361406249999997 0.12834218749999998 0.49050000000000005 0.2297984375 0.49134687499999996 0.2295109375 0.4955671875 0.2407921875 0.4291734375 0.264796875 0.425896875 0.256715625 0.38213906249999996 0.2728515625 0.381409375 0.2709359375 0.3612015625 0.27836249999999996 0.3617828125 0.2801390625 0.3259796875 0.2932203125 0.29536093750000003 0.20898124999999998 0.3025203125 0.20620781250000003 0.254603125 0.07443593750000001 0.24469375000000002 0.0779484375
7 0.427065625 0.2453 0.42996875 0.253215625 0.45982031250000005 0.24239687499999998 0.43219843750000003 0.165896875 0.3846953125 0.1833625 0.4102453125 0.2516359375 0.427065625 0.2453
0 0.41183593749999997 0 0.0647015625 0.126346875 0.382684375 1 0.5881640625 1 0.9352984375 0.873653125 0.617315625 0 0.41183593749999997 0
13 0.26104531249999996 0.079459375 0.27939375 0.12955 0.30267187500000003 0.12079218750000001 0.2849140625 0.07091562500000001 0.26104531249999996 0.079459375
12 0.49589218749999997 0.8663296875000001 0.52113125 0.8574296875 0.46675781250000004 0.7078609375 0.4419234375 0.7170234375 0.49589218749999997 0.8663296875000001
13 0.5459625 0.8635140625 0.5648625 0.9151328124999999 0.5894671875 0.9061765625 0.5702875 0.85440625 0.5459625 0.8635140625
3 0.35224687499999996 0.083271875 0.33230624999999997 0.028946875 0.3118296875 0.0364 0.3314359375 0.09039375 0.35224687499999996 0.083271875
10 0.23063906250000002 0.08286875 0.25143125 0.14023125 0.2635984375 0.135803125 0.2428453125 0.07840312499999999 0.23063906250000002 0.08286875
2 0.440271875 0.110565625 0.40140000000000003 0.0037984375 0.35107499999999997 0.022115625 0.39019375 0.128409375 0.440271875 0.110565625
5 0.507859375 0.781109375 0.4991171875 0.7842687500000001 0.5191343749999999 0.8394703124999999 0.5657062500000001 0.822640625 0.586375 0.8789906249999999 0.6094968749999999 0.8703625 0.5863890625 0.807184375 0.5635203125 0.74436875 0.5823484375 0.7379390625 0.565309375 0.690509375 0.5419390625 0.6991609375000001 0.5360296875 0.6827390624999999 0.5215828124999999 0.687496875 0.5500671875 0.76575625 0.5341812499999999 0.7710015625 0.5232390625 0.7755062500000001 0.5207296875 0.7686124999999999 0.5291109374999999 0.7654828124999999 0.50313125 0.694459375 0.47051718749999993 0.7061890625 0.49640625 0.7767859374999999 0.5051875 0.773853125 0.507859375 0.781109375
7 0.34573125 0.27547968749999996 0.31997343749999996 0.20509375 0.30857812500000004 0.2095265625 0.310284375 0.21420781249999998 0.30299062499999996 0.2169421875 0.3268 0.2817703125 0.34573125 0.27547968749999996
13 0.38622812500000003 0.12930312500000002 0.36899375 0.081746875 0.348790625 0.089365625 0.3581375 0.11469531250000001 0.35991875 0.1141171875 0.367728125 0.13560624999999998 0.38622812500000003 0.12930312500000002
6 0.3012140625 0.10682499999999999 0.32107968750000004 0.16265625 0.34925937500000004 0.15204062499999998 0.34776562499999997 0.14796875 0.353125 0.14585781250000002 0.3342640625 0.0936671875 0.3269359375 0.0972375 0.325021875 0.0916109375 0.310303125 0.097853125 0.311440625 0.10223125 0.3012140625 0.10682499999999999
13 0.6537375 0.9218296875 0.6740140625000001 0.9139453124999999 0.656090625 0.864984375 0.6232484375 0.8781921875 0.6353875 0.9109328124999999 0.6481703125 0.9065312499999999 0.6537375 0.9218296875
11 0.7096171874999999 0.8372718750000001 0.7268421875 0.8310015625 0.7083625 0.7800140625 0.69085 0.7865656249999999 0.7096171874999999 0.8372718750000001
8 0.5662906249999999 0.9186734375000001 0.595196875 0.997440625 0.606671875 0.9932640625 0.605428125 0.98990625 0.69066875 0.9584250000000001 0.6920390624999999 0.9621921875 0.7463515625 0.9424250000000001 0.7316953125000001 0.9016921874999999 0.6044453125 0.9486109375 0.5893828125 0.9072140624999999 0.5790093749999999 0.9102609375 0.58045625 0.9140874999999999 0.5662906249999999 0.9186734375000001
10 0.6059015624999999 0.944375 0.616628125 0.9399015625 0.5974 0.8877796874999999 0.586696875 0.8914109375000001 0.6059015624999999 0.944375
10 0.349853125 0.13017343750000002 0.3553953125 0.14569375 0.36633593750000004 0.14180781250000002 0.36084062499999997 0.12629531249999998 0.349853125 0.13017343750000002
10 0.285253125 0.0542921875 0.2825109375 0.0470703125 0.2367265625 0.063734375 0.239425 0.07079687500000001 0.285253125 0.0542921875
2 0.63484375 0.8017890624999999 0.6758109375 0.9134265625 0.7263124999999999 0.8950374999999999 0.685065625 0.7832578125 0.63484375 0.8017890624999999
3 0.3690640625 0.07705625 0.349378125 0.022732812499999998 0.334278125 0.028228125 0.3538421875 0.08233281249999999 0.3690640625 0.07705625
2 0.3917140625 0.2588875 0.3803375 0.227428125 0.396634375 0.22146249999999998 0.3849921875 0.19030156250000002 0.32503906250000003 0.212603125 0.3477078125 0.274496875 0.3917140625 0.2588875
10 0.5365296875000001 0.6825625 0.541984375 0.6974296875 0.5646734375 0.689171875 0.559184375 0.6742171875 0.5365296875000001 0.6825625
10 0.5199390625 0.8415874999999999 0.525075 0.8557 0.5707796875 0.83894375 0.56564375 0.8248312500000001 0.5199390625 0.8415874999999999
8 0.383734375 0.1810734375 0.432196875 0.1651578125 0.4613515625 0.24279375 0.48760312499999997 0.2332375 0.44598125 0.1154875 0.319071875 0.1639390625 0.3053265625 0.125759375 0.28123593750000003 0.1344296875 0.3086328125 0.20955625000000003 0.383734375 0.1810734375
10 0.5788593750000001 0.7478765625 0.5852453125 0.7454500000000001 0.58296875 0.73931875 0.5648671875 0.74590625 0.5868781249999999 0.80650625 0.5986484375 0.8021234375 0.5788593750000001 0.7478765625
3 0.6391390625 0.8670484374999999 0.65459375 0.8612781249999999 0.633484375 0.8025609375 0.6178281250000001 0.8079671875000001 0.6391390625 0.8670484374999999
10 0.5342875 0.7696500000000001 0.54859375 0.7644437500000001 0.5209328125 0.6883 0.50653125 0.693540625 0.5342875 0.7696500000000001