10 0.864815625 0.299678125 0.864815625 0.28610156249999996 0.8284421875 0.2863265625 0.8284421875 0.299603125 0.864815625 0.299678125
10 0.7295906249999999 0.49487812499999995 0.761125 0.494203125 0.7614421874999999 0.40680781250000003 0.7284765625 0.4072578125 0.7295906249999999 0.49487812499999995
8 0.65435 0.5399093749999999 0.6544187499999999 0.6687546875 0.7385578125000001 0.6685609375 0.7387875 0.5716125 0.8176062500000001 0.572940625 0.8184109375 0.5414171875 0.65435 0.5399093749999999
10 0.3951484375 0.299503125 0.3951484375 0.28605 0.35879374999999997 0.2864265625 0.35874843749999996 0.2996296875 0.3951484375 0.299503125
10 0.9071031250000001 0.418453125 0.886521875 0.41866875 0.886521875 0.5333765625 0.9071031250000001 0.5333765625 0.9071031250000001 0.418453125
6 0.788253125 0.540071875 0.8103953125000001 0.5405015625 0.8103187500000001 0.5387625 0.8179062500000001 0.5389078125 0.8180453125 0.498415625 0.8104265625 0.498484375 0.8104265625 0.4966078125 0.7883921875000001 0.497146875 0.788253125 0.540071875
9 0.6367375 0.44044375 0.606465625 0.44044375 0.60600625 0.4835859375 0.6525609375 0.4835859375 0.6516421875 0.4569875 0.6371953125 0.4569875 0.6367375 0.44044375
2 0.1799703125 0.6310171875 0.17981875 0.5357078125 0.134015625 0.5352406249999999 0.1343703125 0.47630937500000003 0.1199109375 0.4766421875 0.1197515625 0.4764515625 0.119903125 0.6318578125000001 0.1799703125 0.6310171875
10 0.2595484375 0.5377828124999999 0.298075 0.5377828124999999 0.2983046875 0.4969140625 0.29188125 0.4969140625 0.2916546875 0.4067421875 0.2804171875 0.4060953125 0.280646875 0.47713124999999995 0.259778125 0.4777765625 0.2595484375 0.5377828124999999
2 0.7429703125 0.668765625 0.7938046875 0.6679515625 0.7938046875 0.572265625 0.7424000000000001 0.572265625 0.7429703125 0.668765625
10 0.1696234375 0.45397187499999997 0.18237187500000002 0.45375624999999997 0.182525 0.43637499999999996 0.1695453125 0.4364828125 0.1696234375 0.45397187499999997
2 0.326115625 0.63725 0.38268125 0.63725 0.3822984375 0.57589375 0.326303125 0.575896875 0.326115625 0.63725
10 0.852959375 0.49709375 0.852959375 0.4845171875 0.8234999999999999 0.48507812499999997 0.8234999999999999 0.49690625 0.852959375 0.49709375
7 0.7277796875 0.5400203125 0.727090625 0.44174218749999994 0.6537078125 0.44109375 0.65435 0.5399093749999999 0.7277796875 0.5400203125
7 0.2252515625 0.48628125000000005 0.1849015625 0.486271875 0.18506562499999998 0.540840625 0.25753750000000003 0.5402671875 0.25729531250000004 0.4776515625 0.22538437500000003 0.47726875 0.2252515625 0.48628125000000005
0 0 0 0 1 1 1 1 0 0 0
13 0.163778125 0.488646875 0.135378125 0.488646875 0.1355109375 0.5338812500000001 0.1805015625 0.533696875 0.18076562499999999 0.5044140625 0.163778125 0.5044140625 0.163778125 0.488646875
13 0.8516609374999999 0.571978125 0.8507046875000001 0.499675 0.8199671875 0.49989999999999996 0.8199671875 0.57310625 0.8516609374999999 0.571978125
3 0.5660078125 0.533165625 0.6035015625 0.5333281249999999 0.6032890625 0.5039078124999999 0.566234375 0.5032859375000001 0.5660078125 0.533165625
13 0.35049375 0.5734281250000001 0.38208125000000004 0.5726765625 0.38194218750000003 0.49929375 0.3506203125 0.49929375 0.35049375 0.5734281250000001
10 0.41676875 0.5334859375 0.4375828125 0.53326875 0.4375828125 0.41877812499999995 0.417 0.41877812499999995 0.41676875 0.5334859375
11 0.57875 0.6723109375 0.6113765625 0.6724421875 0.610821875 0.6392015625 0.578659375 0.6393328125 0.57875 0.6723109375
10 0.8356796875000001 0.43083593750000004 0.8356015625 0.40715625 0.7948390625 0.4074859375 0.7946671875 0.437678125 0.8306875 0.43756874999999995 0.8356796875000001 0.43083593750000004
1 0.650203125 0.6387437499999999 0.646209375 0.6387437499999999 0.6138 0.6386328125 0.6133390624999999 0.6727421875 0.650203125 0.6730671874999999 0.650203125 0.6387437499999999
10 0.366278125 0.430553125 0.3659125 0.406828125 0.324990625 0.40735 0.3249 0.43746093750000004 0.36111875000000004 0.43746093750000004 0.366278125 0.430553125
3 0.587328125 0.5358328125 0.5661953125 0.5357031250000001 0.5659296875 0.63180625 0.5850515625 0.63155625 0.587278125 0.631553125 0.5872531249999999 0.6077859375 0.5848875 0.6079984375 0.5848921875 0.558353125 0.5872796874999999 0.558353125 0.587328125 0.5358328125
6 0.3400984375 0.491978125 0.32023437499999996 0.4919234375 0.320271875 0.496628125 0.3182609375 0.4965921875 0.31786875000000003 0.5396671875 0.341484375 0.5396671875 0.3414203125 0.53595625 0.34823125 0.536046875 0.3483046875 0.496896875 0.340175 0.4965921875 0.3400984375 0.491978125
10 0.1799359375 0.482953125 0.13603125 0.483109375 0.1359203125 0.48608124999999996 0.1654484375 0.4854546875 0.1655546875 0.5017234375 0.1799359375 0.5015640625 0.1799359375 0.482953125
5 0.3994578125 0.2858328125 0.399559375 0.34573125 0.4111546875 0.3458359375 0.41109062500000004 0.3519890625 0.39514375 0.351971875 0.39537187500000004 0.3005875 0.3586 0.3007640625 0.35852343750000004 0.3463015625 0.367134375 0.3463375 0.36724999999999997 0.4316328125 0.36140625000000004 0.4392703125 0.31575625 0.4394296875 0.315390625 0.487665625 0.34745312500000003 0.4874125 0.34744687500000004 0.4757375 0.3899390625 0.4755859375 0.389834375 0.5336515625 0.4158953125 0.5332734375 0.416059375 0.41758281249999996 0.4377453125 0.417353125 0.4376203125 0.3519359375 0.432184375 0.3520265625 0.43218281249999996 0.34642343750000004 0.44327812499999997 0.34614375000000003 0.443078125 0.286115625 0.3994578125 0.2858328125
2 0.852890625 0.66846875 0.8516609374999999 0.571978125 0.796515625 0.5725140625 0.7963250000000001 0.6687406250000001 0.852890625 0.66846875
10 0.7294765625 0.5375125 0.7680453125 0.5375125 0.7681953125 0.49697031249999996 0.729665625 0.49652031250000006 0.7294765625 0.5375125
10 0.6494859374999999 0.5016359375 0.6496453125 0.48676875 0.6351515625 0.48654374999999994 0.6351515625 0.5025359375 0.6494859374999999 0.5016359375
10 0.787771875 0.53758125 0.78823125 0.49684531249999997 0.7724859375 0.49695625000000004 0.7729484375 0.53758125 0.787771875 0.53758125
2 0.3238203125 0.6367109375 0.323825 0.5756265625 0.2737484375 0.5761640625 0.2735609375 0.6364375 0.3238203125 0.6367109375
1 0.1338546875 0.4365203125 0.1335859375 0.4521828125 0.093728125 0.45180625 0.09349375 0.6346984375 0.1147515625 0.6352515624999999 0.11466093749999999 0.46927812500000005 0.13949687500000002 0.46927812500000005 0.13949687500000002 0.47537812500000004 0.1878375 0.47618906250000004 0.18756250000000002 0.4790109375 0.22022031250000002 0.47862031250000003 0.22035624999999998 0.47018750000000004 0.274890625 0.46999375 0.2750296875 0.40729531249999995 0.2568421875 0.40693906249999995 0.256796875 0.43493125 0.18467499999999998 0.43587031249999997 0.1847625 0.45745781250000006 0.1678296875 0.456959375 0.167565625 0.4365203125 0.1338546875 0.4365203125
10 0.6390515625 0.45428125 0.6521 0.45412656250000005 0.651984375 0.43973593749999995 0.6391625000000001 0.439578125 0.6390515625 0.45428125
13 0.605840625 0.4888484375 0.6059421875 0.53379375 0.6497609375 0.5332578125 0.65044375 0.504621875 0.633675 0.5044421875 0.633625 0.48795312500000004 0.605840625 0.4888484375
12 0.9077546875 0.65834375 0.9072953125 0.5396328125000001 0.8593671875 0.5399546875000001 0.85845 0.65801875 0.9077546875 0.65834375
10 0.7681203125 0.4872078125 0.78428125 0.4872078125 0.784440625 0.43749843750000006 0.793828125 0.437571875 0.7937734375 0.40739843750000004 0.768015625 0.40724687499999995 0.7681203125 0.4872078125
10 0.324103125 0.4074859375 0.2984484375 0.40721875 0.298540625 0.4875140625 0.3147609375 0.487646875 0.31466875 0.4375890625 0.323978125 0.4373296875 0.324103125 0.4074859375
11 0.1084328125 0.6730234375 0.1415578125 0.6725734375 0.141553125 0.6383328125000001 0.10874999999999999 0.6385671875 0.1084328125 0.6730234375
5 0.8809687500000001 0.3522234375 0.86476875 0.3523484375 0.8646953125 0.300946875 0.828515625 0.3009625 0.8283250000000001 0.3462125 0.8369875 0.3463375 0.83660625 0.4316578125 0.8313578125 0.438990625 0.7855328125 0.43917031250000005 0.7851796875 0.48750625000000003 0.8174125 0.48731093750000004 0.8175515624999999 0.475184375 0.8592562499999999 0.47550625 0.8594578125 0.5341328125 0.88556875 0.53343125 0.885509375 0.41703906249999995 0.9070203125 0.4171359375 0.907284375 0.35200624999999997 0.9012390625 0.35204375 0.9012390625 0.34573125 0.9127078125000001 0.34566093750000004 0.9127078125000001 0.28610156249999996 0.8691359375 0.28601875 0.8694109375 0.34560625 0.8808093749999999 0.34573437500000004 0.8809687500000001 0.3522234375
1 0.3851421875 0.6729234374999999 0.3851171875 0.6445734375 0.195978125 0.64430625 0.1802359375 0.6438953125 0.1802359375 0.6382078124999999 0.176175 0.638225 0.1761015625 0.6361875 0.1462609375 0.6357375000000001 0.1462203125 0.6387625 0.143665625 0.6387437499999999 0.14388125000000002 0.6723140625 0.1461046875 0.6722421875 0.1460421875 0.6730671874999999 0.3851421875 0.6729234374999999
10 0.3163328125 0.537678125 0.3160125 0.5287140625 0.317803125 0.5288062499999999 0.318315625 0.5062640625 0.3160125 0.5061765625 0.3160125 0.49676093750000005 0.30275625 0.49657343750000005 0.30289062499999997 0.537403125 0.3163328125 0.537678125
10 0.5662359375 0.501940625 0.6034421875 0.5004015625 0.604015625 0.45580156250000003 0.5659859375 0.45661406250000003 0.5662359375 0.501940625
10 0.38358593750000003 0.4968796875 0.3836671875 0.48416875 0.35348437499999996 0.484278125 0.3536375 0.49666249999999995 0.38358593750000003 0.4968796875
8 0.348415625 0.5719484375 0.348415625 0.540053125 0.2681515625 0.540053125 0.18506562499999998 0.540840625 0.1845984375 0.63624375 0.2685359375 0.636278125 0.26834375 0.5719484375 0.348415625 0.5719484375
12 0.389409375 0.6588453125 0.437759375 0.657765625 0.43756874999999995 0.5393765625 0.389409375 0.5388375 0.389409375 0.6588453125
2 0.587315625 0.6317328125 0.649778125 0.6320515624999999 0.6496453125 0.536696875 0.5874546875 0.535759375 0.587315625 0.6317328125