13 0.5307132796875 0.3846861203125 0.5229681890625 0.384923040625 0.523448328125 0.40053336875 0.5312978609375001 0.40037859375 0.5307132796875 0.3846861203125
2 0.53015194375 0.1997104328125 0.5256149796875 0.2000186140625 0.5265553359374999 0.227037678125 0.5531370390625 0.2263502453125 0.55291054375 0.218983253125 0.5517364125 0.2190604328125 0.5506365843750001 0.18756545468750002 0.5517673484375 0.187526534375 0.5515120109375 0.18023615625 0.5249360828125 0.18118301875 0.525421975 0.1971419609375 0.5300355265625 0.1969815359375 0.53015194375 0.1997104328125
0 0.49127184843749994 0 0.47819010312500004 0.0004568359375 0.20163993906250002 0.014950215624999999 0.236039503125 1 0.5087281515625001 1 0.521809896875 0.9995431640625 0.7983600609375 0.985049784375 0.763960496875 0 0.49127184843749994 0
7 0.5181817421875 0.793636796875 0.5184050375 0.793628225 0.518016215625 0.781342675 0.5192218765625001 0.781299828125 0.5196124906249999 0.7914401578125 0.5416724890625 0.790755 0.54132856875 0.780400996875 0.54262671875 0.7802719421875 0.5406450031250001 0.7228735578125 0.5024870296875 0.7244070687499999 0.503010946875 0.7388822984375001 0.504104909375 0.738887553125 0.505494521875 0.7808082140625 0.5044365296875 0.7808026406249999 0.5051892671875 0.8028982140625001 0.5112157671875 0.8026496578125 0.5115176906250001 0.8124112968749999 0.5188398890625 0.8119868765625 0.5181817421875 0.793636796875
10 0.5135598796874999 0.0410191265625 0.5100004765625 0.041111787500000004 0.5103169249999999 0.050553478124999995 0.51387771875 0.05048734218749999 0.5135598796874999 0.0410191265625
2 0.4925168453125 0.37897734375000003 0.4936879125 0.3790208015625 0.49454103125 0.4035691703125 0.49341575468750004 0.40368290625 0.493496709375 0.40597399687499997 0.5179204656249999 0.40489271093749996 0.5163517546875 0.3610772640625 0.520647559375 0.3609741734375 0.5201496171875 0.3456511078125 0.492409478125 0.3467450390625 0.4925901421875 0.35192393125 0.4926649703125 0.354068265625 0.4916129546875 0.35414687031250003 0.4925168453125 0.37897734375000003
10 0.5100579656249999 0.0547180515625 0.5064987249999999 0.0548138328125 0.506815009375 0.064252403125 0.51037440625 0.0641894703125 0.5100579656249999 0.0547180515625
6 0.5436638765625 0.8452927078125001 0.53141480625 0.8456013859375 0.5323875140625 0.8722823562500001 0.5445679343750001 0.8719475484375 0.5436638765625 0.8452927078125001
13 0.555000390625 0.8748023437500001 0.5380922953125 0.875538253125 0.5389800359375 0.9013443453125 0.555976840625 0.9008979406250001 0.555000390625 0.8748023437500001
13 0.5101660453125 0.0671998125 0.507264684375 0.06733934999999999 0.5083283468750001 0.09602455625 0.5205712015625 0.0955972921875 0.5198988515625 0.0753938546875 0.512063015625 0.0756308375 0.51199494375 0.0741229578125 0.5103826640625 0.074288815625 0.5101660453125 0.0671998125
10 0.48260872031249996 0.166870834375 0.48061445156250004 0.1668235796875 0.48088782500000005 0.1742491359375 0.48279260625 0.174171215625 0.48260872031249996 0.166870834375
3 0.5021435046875 0.6835784687500001 0.5010768796875 0.68361715625 0.501361478125 0.6926302390625 0.5223608765625001 0.691859846875 0.5210155984375 0.6551439984375 0.5000920171875001 0.6558384421875 0.5004854828124999 0.667555784375 0.5016139625 0.6674434453125 0.5021435046875 0.6835784687500001
10 0.5102995781249999 0.8049617140625 0.505328465625 0.8051064546875001 0.50561104375 0.812498671875 0.51058690625 0.8124147031250001 0.5102995781249999 0.8049617140625
10 0.501402 0.3359173796875 0.49204374531250006 0.3362435375 0.49233975937499996 0.3434144359375 0.5017016062499999 0.3431866625 0.501402 0.3359173796875
10 0.5017108312499999 0.240033875 0.49929318125 0.24014806093750002 0.49982971093749995 0.25552073750000004 0.5022333296875 0.25534782968749997 0.5017108312499999 0.240033875
7 0.5132572734374999 0.11710799062499999 0.4947797171875 0.11787138906250001 0.495052996875 0.12681778593749998 0.4838159125 0.1272095515625 0.48308712031249995 0.10748159374999999 0.467497221875 0.10805297656249999 0.46801496406250004 0.1266498046875 0.469272196875 0.1266058203125 0.47037397968750005 0.158167975 0.46923541562500004 0.1582073046875 0.4694317578125 0.16305836406250002 0.4843187390625 0.162598921875 0.48469125156250004 0.1721550234375 0.5138014859375 0.16943872499999998 0.5133987828125 0.15900800625 0.5146389484375 0.158907025 0.5132572734374999 0.11710799062499999
6 0.5469810703125 0.938055603125 0.5346961046875001 0.938395890625 0.5356373828125001 0.9653429328125 0.5479146734375 0.9647965140625001 0.5469810703125 0.938055603125
13 0.52470680625 0.2333837453125 0.507771059375 0.23401001406250002 0.5086184406250001 0.25961325468749996 0.525635646875 0.259018703125 0.52470680625 0.2333837453125
13 0.5299741124999999 0.3632375984375 0.5176389375 0.36372446406250003 0.5186252578125 0.39233705625000004 0.52150524375 0.3922972125 0.5212627265625 0.385340996875 0.522896509375 0.385227209375 0.522827465625 0.38402918124999996 0.530709825 0.38360513125 0.5299741124999999 0.3632375984375
13 0.52356310625 0.1997678453125 0.5066257171874999 0.20039263593749998 0.507474821875 0.2259989140625 0.52448890625 0.22540452656249998 0.52356310625 0.1997678453125
2 0.5801560953125 0.79615144375 0.55344505625 0.7971773609375 0.5552976562499999 0.8487682937500001 0.5819654203125 0.847722740625 0.5816945328124999 0.8401953515624999 0.5805340906249999 0.84038446875 0.5792783453125 0.8035856953125 0.5804218703124999 0.8034021593749999 0.5801560953125 0.79615144375
8 0.52097314375 0.098400409375 0.5127037875 0.09860535000000001 0.5159267546875 0.1973923703125 0.524366190625 0.197178515625 0.52363253125 0.1782832046875 0.5514181203125 0.17739968281250001 0.5511308890625 0.1702471015625 0.5499972718749999 0.1702016796875 0.5483924828125 0.123189990625 0.5495987359375001 0.12306888125 0.54928305625 0.11570186874999999 0.5215962328125 0.116708515625 0.52097314375 0.098400409375
5 0.48194057187499995 0.2051144640625 0.48582874687500005 0.204876271875 0.4862614015625 0.2172518390625 0.46466778125 0.21829745625000002 0.465308590625 0.23852601718750002 0.4870404609375 0.23731199531249997 0.4886007375 0.284698403125 0.5032825562500001 0.2843248171875 0.5023051656249999 0.2572857875 0.49881845937499997 0.25730266562500004 0.496881690625 0.2027323671875 0.500440378125 0.2025364765625 0.499534321875 0.175634528125 0.4809317234375 0.1762511453125 0.48194057187499995 0.2051144640625
8 0.5736454078125 0.7220171515625 0.5406870374999999 0.7229292468749999 0.5458479296875 0.8725767328125 0.555082753125 0.8722539156250001 0.5524050734375 0.7948582984375 0.58010963125 0.793861675 0.5797611078125 0.7838975109375 0.57854738125 0.78402526875 0.5767675765625 0.7319126234375 0.57789055 0.7318146546875 0.5774994375 0.7191271109375 0.5735389203125 0.7193284140625 0.5736454078125 0.7220171515625
10 0.5064028859375 0.23217597968749998 0.503394759375 0.2323383234375 0.5043974078125 0.2602772625 0.507432121875 0.2602042765625 0.5064028859375 0.23217597968749998
7 0.50260851875 0.34269790312500004 0.520982084375 0.34204009218750003 0.519585646875 0.3005265953125 0.51842711875 0.3006029578125 0.517953375 0.29019004375 0.5059467 0.2906456109375 0.5058994765625 0.28881901718749997 0.48877664374999996 0.28948794843750003 0.4890800796875 0.2990993015625 0.4741213078125 0.2996219625 0.474317996875 0.304390078125 0.47546820624999997 0.3044236765625 0.47659759843750005 0.335915540625 0.47540557968749997 0.33592011875 0.4760976046875 0.35443896874999997 0.4917311046875 0.3538934640625 0.4910926296875 0.33424682968749997 0.50235644375 0.3336784234375 0.50260851875 0.34269790312500004
11 0.49068154843749995 0.356198428125 0.4761034921875 0.3567605921875 0.47683409218749995 0.37574681249999997 0.4912577234375 0.37534294687499997 0.49068154843749995 0.356198428125
2 0.49125689687499996 0 0.483061278125 0.0002860390625 0.4839470546875 0.024591740625 0.485118203125 0.024636759375 0.4859711578125 0.0491820078125 0.48484908281249994 0.049297140625 0.4849286421875 0.051591432812500004 0.509350346875 0.0505008671875 0.507782128125 0.006694782812499999 0.5120775234375 0.006583889062499999 0.5118636734375 0 0.49125689687499996 0
11 0.5235050718750001 0.9719995109375 0.511198146875 0.972488025 0.51201620625 0.99774075625 0.5244152671875 0.99727870625 0.5235050718750001 0.9719995109375
11 0.48215215625 0.0018373062499999998 0.467575496875 0.00239626875 0.46830601562499996 0.0213809296875 0.48272989062500005 0.0209817453125 0.48215215625 0.0018373062499999998
13 0.5222164375 0.030557990624999996 0.51447159375 0.030799592187500002 0.514950171875 0.0464100015625 0.5228028250000001 0.0462550625 0.5222164375 0.030557990624999996
10 0.5316083734375 0.90667651875 0.525079096875 0.9070046218750001 0.5255851890625001 0.9214979984375 0.532138928125 0.9212186812500001 0.5316083734375 0.90667651875
10 0.531034446875 0.8896050359375 0.5244807078125 0.8898843515625 0.5249000546875 0.904483975 0.5315433203125 0.9041514625 0.531034446875 0.8896050359375
10 0.5034378015625001 0.719112553125 0.5023147515625 0.7191792328125 0.5024448234375 0.72181040625 0.523318178125 0.72096369375 0.5223029671874999 0.694486790625 0.5014375156249999 0.69524546875 0.5015423828125 0.697843540625 0.5027231453125001 0.6978630203125 0.5034378015625001 0.719112553125
2 0.5839893578125 0.9058073562500001 0.5573359078125 0.906737940625 0.5590567156249999 0.9582622421875 0.58579995 0.9572236875 0.585536128125 0.9496818453125 0.5843764421875 0.9497958203125 0.5830578828124999 0.913321090625 0.5842413421875 0.913033759375 0.5839893578125 0.9058073562500001
10 0.5005421375 0.2050752546875 0.49811035625000005 0.2052183453125 0.4986124546875 0.22068044531250003 0.5010300984375 0.2205959875 0.5005421375 0.2050752546875
13 0.537245265625 0.6853500609375 0.5304457734375 0.6854482421875 0.5313263296875 0.7106992625 0.538093578125 0.7104635187499999 0.537245265625 0.6853500609375
7 0.529335384375 0.7932650515625 0.5196237874999999 0.7938053078125 0.5209527625 0.837703728125 0.5307941781250001 0.8376104156249999 0.529335384375 0.7932650515625
2 0.5861413046874999 0.9669316265625 0.5858798609375 0.9594053062500001 0.55916713125 0.960279540625 0.56050523125 0.997515228125 0.585965603125 0.99618090625 0.5849043546875 0.966974546875 0.5861413046874999 0.9669316265625
2 0.4821118953125 0.08251404062499999 0.4828922453125 0.10746520781249999 0.484067284375 0.1073754625 0.48429667343749994 0.11464842500000001 0.512021103125 0.11403096875 0.5114831843750001 0.0986317671875 0.507219025 0.0989804140625 0.505564309375 0.0548972265625 0.48117412187499997 0.0556935515625 0.4813084984375 0.058168034375 0.48245473437499997 0.0579765328125 0.4833315984375 0.082470459375 0.4821118953125 0.08251404062499999
13 0.5300927109375 0.685518378125 0.5234048015625 0.6857155421875001 0.52423806875 0.7109001968750001 0.5309846296875 0.7106279859375 0.5300927109375 0.685518378125
7 0.5255678828125 0.97365319375 0.526545584375 0.9992949781249999 0.53649443125 0.99877358125 0.535611803125 0.9732441625 0.5255678828125 0.97365319375
10 0.5011751640625 0.22300576093750002 0.49870454375 0.2231242875 0.49921366406249995 0.237675396875 0.501646909375 0.237590121875 0.5011751640625 0.22300576093750002
12 0.4850456515625 0.237851509375 0.46536039687499997 0.23858901718749997 0.4673177203125 0.295253296875 0.486963675 0.29472125312499997 0.4850456515625 0.237851509375
10 0.53219371875 0.9237270640625 0.5256633859375001 0.9240051546875 0.526107359375 0.9386566843749999 0.5326597953125 0.938322675 0.53219371875 0.9237270640625
10 0.5379014828125 0.9073652953125 0.5336284984375 0.90751569375 0.5345832578125 0.935496259375 0.538964575 0.93529324375 0.5379014828125 0.9073652953125
13 0.5562202015625 0.9084971812499999 0.53925365 0.9091626156249999 0.5401767734375 0.9346586203125 0.5571408390625 0.9344533203125 0.5562202015625 0.9084971812499999
11 0.5179200671874999 0.8143789187499999 0.5056147859375 0.8148689125 0.5064297234375 0.84012180625 0.5188288671875 0.8396613171875 0.5179200671874999 0.8143789187499999
6 0.542107596875 0.792877325 0.5303535171875 0.793405709375 0.5313561484375 0.8434968843749999 0.5438037625 0.842946234375 0.542107596875 0.792877325
10 0.5304217234374999 0.8726889203124999 0.52388615625 0.8728671468750001 0.524394703125 0.8874073328125001 0.5309314890625 0.887282240625 0.5304217234374999 0.8726889203124999
4 0.4786993875 0.1669740125 0.462863115625 0.1675614359375 0.464238453125 0.20610477968750002 0.4800626375 0.20558526875 0.4786993875 0.1669740125
5 0.5328107015625 0.9406945890625 0.5251064671875 0.9411139984375 0.5226408734375 0.8705119046875 0.5303936078125 0.870241725 0.52939633125 0.8436293218750001 0.510500215625 0.8442879203125001 0.51198169375 0.8867075828125 0.5143572078124999 0.8866253328125 0.5171926171875 0.967836675 0.533738184375 0.9672590171875 0.5328107015625 0.9406945890625
13 0.5214707359374999 0.008954910937500001 0.5091373671875 0.009446375 0.51012393125 0.0380636484375 0.513003509375 0.038016003124999996 0.5127611546875 0.031062907812500002 0.5143931328125 0.030944521875 0.5143274546875001 0.0297510109375 0.5222098140625 0.029326962499999998 0.5214707359374999 0.008954910937500001
10 0.483965446875 0.20968663125 0.464341475 0.210339565625 0.46451526718749997 0.21577542031250002 0.4841551625 0.2151576375 0.483965446875 0.20968663125
6 0.513870253125 0.1718853546875 0.5011603265625 0.17247635156250002 0.50210960625 0.197784790625 0.5148616546875 0.197221315625 0.513870253125 0.1718853546875
2 0.5535035265625 0.2695277375 0.5524136671875 0.23789454999999998 0.5535909203125 0.23781720625 0.5533080499999999 0.2306284078125 0.5266887312499999 0.231702715625 0.5276860343750001 0.2615101203125 0.5282739109375 0.2778924296875 0.5548633046875 0.2769636375 0.5546174453125 0.2695256875 0.5535035265625 0.2695277375
8 0.5267137828124999 0.2618567921875 0.5182920765625 0.262110396875 0.5216641906249999 0.3608473546875 0.5301069109375 0.3606364578125 0.5293703765625 0.3417459921875 0.5571556390625 0.3408562296875 0.5568667656249999 0.33370216875000003 0.555734953125 0.333661346875 0.5541292906249999 0.286513578125 0.5553038328125 0.2864442 0.5550206546875 0.279159975 0.52733375 0.28016506093750004 0.5267137828124999 0.2618567921875
6 0.5171081703125 0.2618219625 0.5043967671875 0.2624146015625 0.50534760625 0.28772295937500003 0.518094975 0.28715972968750003 0.5171081703125 0.2618219625
13 0.51927345625 0.0585941859375 0.51152869375 0.05883735 0.512007190625 0.0744461984375 0.519861321875 0.0742896171875 0.51927345625 0.0585941859375
10 0.50524113125 0.1999770296875 0.50223316875 0.20014249374999998 0.5032358984374999 0.22808299375000002 0.506270284375 0.22800376406249998 0.50524113125 0.1999770296875
10 0.5368187468750001 0.87509179375 0.5325019906249999 0.8752429218750001 0.5334333453125 0.9032247140624999 0.537725640625 0.9030247984375 0.5368187468750001 0.87509179375
12 0.512504734375 0.8911347140625001 0.4927127140625 0.891895028125 0.49553565468749994 0.9686290109375 0.515172271875 0.9679785421875 0.512504734375 0.8911347140625001
2 0.557271371875 0.34443789375 0.5305719421874999 0.3453270765625 0.5327080750000001 0.404447865625 0.5593161921875 0.4035180921875 0.5587416359375 0.38816618593749996 0.5576683421874999 0.3882865859375 0.556548965625 0.35680671406250003 0.5577015734375 0.3567666484375 0.557271371875 0.34443789375
13 0.5362963078125 0.6545543968749999 0.5220916671875 0.6551063796875 0.5231049890625 0.684891040625 0.537404628125 0.684420134375 0.5362963078125 0.6545543968749999
2 0.5718092703125001 0.6533347453125 0.5373871625 0.65450035625 0.53946765 0.718619971875 0.573973015625 0.71752040625 0.57344545625 0.702438284375 0.5724587296875 0.702508771875 0.57121319375 0.6659645000000001 0.572246409375 0.6658555890625 0.5718092703125001 0.6533347453125
2 0.52228875625 0 0.5241024578125 0.050154890625000004 0.550709096875 0.049226759375 0.5501361 0.033874770312500004 0.549059603125 0.0339937734375 0.5479435109375 0.002516859375 0.5490929984374999 0.0024769578125 0.54900634375 0 0.52228875625 0
10 0.5220365734375 0.3952703546875 0.5184788124999999 0.39536449375 0.5187951796875 0.404804625 0.5223545765625001 0.404741690625 0.5220365734375 0.3952703546875
2 0.5471362875 0.05345235 0.5204750359375 0.054383342187499996 0.5225050984374999 0.11336104843749999 0.54917889375 0.1125201484375 0.5487667765625 0.10011847031250001 0.5476330296875 0.10027958906250001 0.546503971875 0.0687642390625 0.5476924249999999 0.0685423609375 0.5471362875 0.05345235
10 0.538371971875 0.7130587562499999 0.5240910984375 0.7137086125 0.5243106656250001 0.7193611171875001 0.5386231703125001 0.7190162734375 0.538371971875 0.7130587562499999
4 0.50855259375 0.8442350921875 0.491226090625 0.844928778125 0.49267540312499997 0.8876004703125 0.5100972453125 0.8869346437500001 0.50855259375 0.8442350921875
6 0.5364565765625 0.96747955 0.53752426875 0.998719609375 0.5492332 0.9981059703125 0.548151165625 0.9670997937499999 0.5364565765625 0.96747955
11 0.48132055156250003 0.08658134375 0.4667407703125 0.08714046875 0.4674729328125 0.10612660781250001 0.48189836875000003 0.10572734218749999 0.48132055156250003 0.08658134375
2 0.5820489656250001 0.8501826765624999 0.555343478125 0.8509861234375 0.557135453125 0.90228608125 0.5838335812500001 0.901342203125 0.58356394375 0.8941073359375 0.5824316203125 0.8941463390625 0.5811201265625 0.8576571578125 0.5822963703124999 0.8573217 0.5820489656250001 0.8501826765624999
10 0.4937528578125 0.11783289062499999 0.48439624375 0.1181605265625 0.48469094375 0.1253361875 0.49405262656250004 0.12510529374999999 0.4937528578125 0.11783289062499999