4 0.20556562500000003 0.241684375 0.24 0.29888906249999997 0.2658015625 0.2831703125 0.231728125 0.2260984375 0.20556562500000003 0.241684375
3 0.44761562499999996 0.383871875 0.4190359375 0.33621875 0.3892265625 0.3541296875 0.402290625 0.375959375 0.41378281250000004 0.36917187500000004 0.4293234375 0.3948625 0.44761562499999996 0.383871875
1 0.46239687500000004 0.2456546875 0.4136578125 0.16448281250000002 0.4022 0.1713671875 0.414159375 0.1913859375 0.4131796875 0.19201718750000002 0.44364687500000005 0.24269531249999998 0.444665625 0.2420421875 0.456934375 0.262459375 0.46249375 0.2592 0.456496875 0.249275 0.46239687500000004 0.2456546875
13 0.349825 0.258575 0.379678125 0.30825625 0.395628125 0.2987375 0.36581406250000004 0.2491703125 0.36512656250000003 0.2495828125 0.3648 0.2490390625 0.3741234375 0.24343750000000003 0.3499515625 0.2032078125 0.33404375000000003 0.2126953125 0.35846875 0.2534484375 0.349825 0.258575
10 0.33970625 0.20000625 0.3530421875 0.192371875 0.3323609375 0.1580296875 0.3192453125 0.1659234375 0.33970625 0.20000625
2 0.340709375 0.3939296875 0.34910312499999996 0.40786875 0.3562859375 0.4034890625 0.354275 0.4001421875 0.370903125 0.390109375 0.3729515625 0.3935171875 0.38084375000000004 0.3887875 0.37880625 0.3854578125 0.395396875 0.37545 0.39749687499999997 0.37894375 0.40106875000000003 0.3767625 0.3865078125 0.35249687500000004 0.4175234375 0.33413125 0.4005515625 0.30594062499999997 0.35775 0.33099531249999997 0.35661718750000004 0.329025 0.316325 0.353315625 0.324059375 0.366128125 0.32534375 0.36527656249999996 0.3420296875 0.39301875000000003 0.340709375 0.3939296875
6 0.31105312500000004 0.1523078125 0.3176171875 0.16309374999999998 0.3355890625 0.151828125 0.32957187499999996 0.14188125000000001 0.3307078125 0.1412 0.3107078125 0.10792187499999999 0.3027078125 0.11272968750000001 0.3013 0.11040781250000001 0.307996875 0.1064375 0.2967109375 0.087621875 0.2796125 0.09789687500000001 0.2908734375 0.11667968749999999 0.2930140625 0.115340625 0.294459375 0.1177921875 0.291425 0.1195328125 0.2931609375 0.1224609375 0.2905828125 0.12401875 0.3085671875 0.153846875 0.31105312500000004 0.1523078125
10 0.2263234375 0.14268125 0.26386875 0.20516562500000002 0.275953125 0.1979828125 0.27578125 0.196940625 0.23883593749999998 0.13540625 0.2263234375 0.14268125
10 0.3106765625 0.211465625 0.3341265625 0.197375 0.3131328125 0.1625171875 0.29007031250000004 0.1763578125 0.290121875 0.1772125 0.3106765625 0.211465625
10 0.47049062499999994 0.4634171875 0.4323 0.39985624999999997 0.430003125 0.40123749999999997 0.429490625 0.40038437499999996 0.42717343750000003 0.4018703125 0.46593125 0.46615624999999994 0.47049062499999994 0.4634171875
10 0.3921046875 0.30136093750000004 0.3954578125 0.2993078125 0.3845515625 0.28118750000000003 0.3811375 0.283196875 0.3921046875 0.30136093750000004
2 0.8313453125000001 0.884225 0.8217453125 0.8681796875 0.823559375 0.867090625 0.8173984375 0.85674375 0.7685578125 0.8871687500000001 0.78395625 0.9126984374999999 0.8313453125000001 0.884225
2 0.5040296875 0.3497640625 0.47330937500000003 0.298546875 0.4748671875 0.2974984375 0.45857656249999995 0.2706375 0.43599375 0.28409375 0.5011765625 0.3927046875 0.523828125 0.379153125 0.505565625 0.34875781250000004 0.5040296875 0.3497640625
1 0.40045937499999995 0.3837796875 0.39906874999999997 0.38146562500000003 0.38270781249999997 0.39137343750000003 0.384028125 0.393571875 0.37611875 0.3984046875 0.3747 0.3961078125 0.358253125 0.405990625 0.3596796875 0.40836562499999995 0.35231875 0.4127890625 0.367178125 0.4376390625 0.4249296875 0.402775 0.42367499999999997 0.400621875 0.4280125 0.3978546875 0.414428125 0.37530625 0.40045937499999995 0.3837796875
13 0.396571875 0.26936875 0.3969453125 0.270075 0.3896734375 0.27444531250000004 0.40187656250000003 0.2949265625 0.41580625 0.2865578125 0.387790625 0.23984531250000002 0.38717812500000004 0.2402140625 0.38516093749999997 0.2368578125 0.3873671875 0.2355453125 0.3714625 0.20899687500000003 0.370359375 0.20973906250000002 0.36195 0.19568125 0.351475 0.2022 0.3757375 0.24266875 0.37729375 0.2416171875 0.37934687500000003 0.24503593750000002 0.36901562499999996 0.250896875 0.3844296875 0.2765515625 0.396571875 0.26936875
1 0.29957656250000003 0.0507015625 0.3759828125 0.17796406250000002 0.4105890625 0.15702812500000002 0.334115625 0.029898437500000003 0.29957656250000003 0.0507015625
8 0.4018921875 0.304846875 0.44714687499999994 0.3801625 0.445846875 0.381009375 0.4656109375 0.414053125 0.4740125 0.40907499999999997 0.47202968749999996 0.405821875 0.49088125 0.3945609375 0.492859375 0.3977515625 0.49981093750000005 0.393575 0.37716249999999996 0.189453125 0.37841874999999997 0.18863125 0.3578515625 0.154453125 0.356440625 0.1553671875 0.3101109375 0.078209375 0.3115359375 0.07741875000000001 0.2924703125 0.0456390625 0.3161421875 0.031615625 0.31416875 0.028342187499999998 0.2765625 0.050937500000000004 0.33840781249999996 0.1539625 0.33350625 0.1569328125 0.354046875 0.19111875 0.358896875 0.18804218749999999 0.42179374999999997 0.292778125 0.4018921875 0.304846875
4 0.16747499999999998 0.17808437500000002 0.2017 0.2352109375 0.22752656249999997 0.21945 0.193453125 0.162540625 0.16747499999999998 0.17808437500000002
10 0.2960140625 0.26634531250000004 0.3355765625 0.3322703125 0.34874062499999997 0.324221875 0.30989374999999997 0.2590875 0.3090515625 0.2585109375 0.2960140625 0.26634531250000004
8 0.8128203125000001 0.8489828125000001 0.8047609375 0.8356937500000001 0.8028625 0.8368484374999999 0.7398687500000001 0.7319140625 0.741746875 0.73030625 0.7310421875 0.71284375 0.697528125 0.73275 0.7581562500000001 0.834084375 0.6536187499999999 0.8962125000000001 0.6770109375 0.9348828125 0.687240625 0.929409375 0.6854359375 0.92640625 0.8128203125000001 0.8489828125000001
1 0.6014125 0.87784375 0.6032656249999999 0.8809296874999999 0.6236140625 0.8684640625 0.6218656250000001 0.8655546875000001 0.6271296875 0.8621531250000001 0.608203125 0.8313703125 0.5732999999999999 0.8519828125 0.5922125 0.8833718749999999 0.6014125 0.87784375
2 0.608003125 0.88873125 0.6047703125 0.8838531250000001 0.5961734375 0.889828125 0.6378468749999999 0.9594875 0.675209375 0.9372 0.63356875 0.8671546875 0.6257125 0.8708921875 0.6283171875 0.8755515624999999 0.608003125 0.88873125
10 0.7632453124999999 0.9211218750000001 0.7495499999999999 0.89825 0.7451265625 0.900828125 0.75883125 0.9237062500000001 0.7632453124999999 0.9211218750000001
1 0.3034171875 0.36088437500000003 0.334921875 0.4133171875 0.3466 0.40643906249999995 0.31508125 0.353875 0.3034171875 0.36088437500000003
7 0.67416875 0.752346875 0.6713734375 0.74814375 0.654446875 0.7589203125 0.6753703125 0.7930390625 0.6769359374999999 0.7922343749999999 0.7170578125 0.8587906249999999 0.75800625 0.8339484374999999 0.697434375 0.7328453125000001 0.69240625 0.736103125 0.6947265625 0.740234375 0.67416875 0.752346875
0 0.3613375 0 0.001403125 0.2162703125 0.4723140625 1 0.6386625 1 0.9985968749999999 0.7837296874999999 0.5276859375 0 0.3613375 0
6 0.6853828125 0.9261359375 0.7055734375 0.9597953125 0.734946875 0.9421453124999999 0.7146234375 0.9085515624999999 0.6853828125 0.9261359375
1 0.80729375 0.8334703125 0.8202328124999999 0.8548781249999999 0.8190937500000001 0.8556531250000001 0.8348796875 0.8821 0.8494359375 0.8733546875 0.7472171875 0.7033625 0.7338890625000001 0.7113703124999999 0.744759375 0.7290234375 0.7433140625 0.7299734375 0.805925 0.83429375 0.80729375 0.8334703125
10 0.63050625 0.764471875 0.6056015625 0.7230953125 0.59993125 0.7264015625 0.6246515625 0.767990625 0.63050625 0.764471875
10 0.7134890625 0.8564093749999999 0.673353125 0.7897609375 0.6549437499999999 0.8009000000000001 0.6949875 0.8673875000000001 0.7134890625 0.8564093749999999
9 0.690796875 0.868925 0.6512890625 0.803071875 0.641996875 0.8089046874999999 0.644528125 0.8130265624999999 0.623865625 0.825325 0.6213328125 0.8212015625 0.6102515625 0.8279796875000001 0.6356453125 0.8705984375 0.6373578125 0.869334375 0.65138125 0.8928515625 0.690796875 0.868925
13 0.7237515625000001 0.9142906249999999 0.7389375 0.9397484374999999 0.758840625 0.9277890624999999 0.743471875 0.9022421875 0.7237515625000001 0.9142906249999999
13 0.7512359375 0.8976484375 0.7666765625 0.9230812500000001 0.7821765625 0.91376875 0.7666984375 0.8878765625 0.7512359375 0.8976484375
1 0.667925 0.7418734375 0.66929375 0.7442328125000001 0.6900906250000001 0.7327828125 0.68835 0.7298859375 0.6999328125 0.722640625 0.6990515625 0.7209109375 0.720325 0.7083578125 0.6962312500000001 0.6685171875 0.607384375 0.7220734375 0.6343828125 0.76700625 0.624496875 0.7732390625 0.6220796875 0.7693046875 0.5877234375 0.7904078125 0.6062531250000001 0.82120625 0.6663015624999999 0.7852375 0.6475187499999999 0.7541921874999999 0.667925 0.7418734375
1 0.40016406250000003 0.42710312500000003 0.41665937499999994 0.45455468750000005 0.444590625 0.43776562500000005 0.4280609375 0.41034218750000007 0.40016406250000003 0.42710312500000003
2 0.442875 0.2440109375 0.44134375 0.24493125 0.4105546875 0.1936015625 0.4120859375 0.1926828125 0.400075 0.17278125 0.37756249999999997 0.1865421875 0.4322796875 0.27760625 0.45494843749999997 0.2641046875 0.442875 0.2440109375
10 0.3246484375 0.211896875 0.3499984375 0.2542046875 0.3551171875 0.251265625 0.3297453125 0.2088890625 0.3246484375 0.211896875
10 0.35164375 0.26507187499999996 0.345709375 0.255215625 0.3205921875 0.270375 0.3310203125 0.2877890625 0.35452343750000004 0.273571875 0.34997968749999997 0.26599218750000003 0.35164375 0.26507187499999996
5 0.24384375 0.2187765625 0.23454843749999998 0.224303125 0.26875781249999997 0.2813375 0.3086796875 0.25779375 0.310353125 0.2588734375 0.3140625 0.2649953125 0.334821875 0.252659375 0.289515625 0.17727500000000002 0.2893328125 0.17568125 0.3126375 0.161653125 0.280390625 0.1079546875 0.256875 0.12219843749999999 0.257840625 0.12380781249999999 0.23908749999999998 0.1350203125 0.276346875 0.19704531249999999 0.2765796875 0.19863124999999998 0.2611765625 0.20771406250000002 0.223240625 0.1445296875 0.1964390625 0.1607421875 0.2305328125 0.217521875 0.23977343750000002 0.21196874999999998 0.24384375 0.2187765625
10 0.33528125000000003 0.252425 0.3423078125 0.24824375 0.3181859375 0.2082 0.311209375 0.21240312499999997 0.33528125000000003 0.252425
1 0.5079484375 0.3474640625 0.5262953125000001 0.3781421875 0.53780625 0.37124375 0.4720046875 0.2616515625 0.46609999999999996 0.2652515625 0.466740625 0.266315625 0.4611515625 0.2695796875 0.47749687500000004 0.296709375 0.47640937499999997 0.29736250000000003 0.5069609374999999 0.3480578125 0.5079484375 0.3474640625
12 0.243828125 0.30517656249999997 0.27986875 0.3653328125 0.3325359375 0.3337203125 0.2964546875 0.27366875 0.243828125 0.30517656249999997
3 0.3562765625 0.2763875 0.3327703125 0.2906328125 0.35557656249999997 0.3286734375 0.37919375 0.3145953125 0.3562765625 0.2763875
1 0.47588437499999997 0.4114703125 0.47751875000000005 0.414190625 0.46674218749999996 0.42053124999999997 0.4482640625 0.3900796875 0.4338484375 0.3989421875 0.47195312500000003 0.462459375 0.5431609374999999 0.41980312499999994 0.5239890625 0.3879484375 0.5147765625 0.3934828125 0.5140578125 0.3922359375 0.4958453125 0.40310781249999994 0.4942421875 0.400440625 0.47588437499999997 0.4114703125