10 0.73021641875 0.9189853687499999 0.732554765625 0.918532590625 0.7248815140625 0.8790588375 0.7067698828125 0.882978825 0.7090680640625 0.89618906875 0.72510158125 0.892671290625 0.73021641875 0.9189853687499999
10 0.6765886015625 0.9750332374999999 0.6701294359375 0.942185225 0.656883665625 0.9449290234375001 0.66316869375 0.9776422218749999 0.6765886015625 0.9750332374999999
10 0.6670676125 0.6890075359375001 0.685447740625 0.685577696875 0.6832586796875 0.6751732875 0.664996365625 0.6786415531250001 0.6670676125 0.6890075359375001
1 0.7222505406249999 0.738192540625 0.725671603125 0.737814934375 0.7172831765625001 0.696646234375 0.6928249875 0.7019810703125 0.725936121875 0.8716499328125 0.7475617671875 0.8677346078125 0.7222505406249999 0.738192540625
10 0.6819551203125 0.7657339265625 0.70067640625 0.7622641828125001 0.68967403125 0.7056619125 0.670821340625 0.7091590484375 0.6819551203125 0.7657339265625
5 0.6985947203125 0.484065696875 0.678516390625 0.48796781562499997 0.6906834984375 0.5492216265625001 0.6663127609374999 0.5536706171875 0.6750165265625 0.5991135515625 0.7089328703125 0.5925209765624999 0.7160344953125 0.5795629421874999 0.7473220578124999 0.573312796875 0.7386984453125 0.5286131968750001 0.708467315625 0.5341979968749999 0.6985947203125 0.484065696875
10 0.7188160296875 0.6461291140625 0.7284289234375 0.6445414781250001 0.7165698609375 0.5841621906250001 0.7093428890625 0.5974825625 0.7188160296875 0.6461291140625
10 0.6287162203125 0.572696171875 0.6422183328125 0.5701895546875 0.639351496875 0.5551706609375 0.6258857640625 0.55813789375 0.6287162203125 0.572696171875
6 0.6689634 0.5973889421874999 0.672390228125 0.5967224156250001 0.6671030250000001 0.568883609375 0.6432233015625 0.5738035640625 0.6511373421875 0.6145195718750001 0.671635390625 0.610813775 0.6689634 0.5973889421874999
2 0.6166510765625 0.6502462718750001 0.6409753796875 0.6451787953125 0.6240996640625001 0.5580254124999999 0.5995149343749999 0.5627136484374999 0.6166510765625 0.6502462718750001
1 0.6561533703125 0.94212570625 0.6695114625 0.9392843624999999 0.5954172 0.5592082656249999 0.58253134375 0.561712834375 0.6561533703125 0.94212570625
8 0.658007796875 0.863182040625 0.697852378125 0.8550347437499999 0.6429901359375 0.5737160578125 0.6294829765625 0.5763417796875 0.661666203125 0.7423823515625 0.6353644968750001 0.7466934359375 0.658007796875 0.863182040625
10 0.392074690625 0.364205753125 0.40082341875000005 0.362388140625 0.3912967 0.31310541875000003 0.3824601734375 0.314511484375 0.392074690625 0.364205753125
2 0.2975601046875 0.187681221875 0.3285300625 0.1813272828125 0.31690166249999996 0.121504778125 0.28594192500000004 0.1275227171875 0.2975601046875 0.187681221875
12 0.359693178125 0.25561969375000004 0.4101723703125 0.24575181562499998 0.3972427140625 0.1797019859375 0.346805821875 0.18933107031250002 0.359693178125 0.25561969375000004
7 0.266408003125 0.0360465109375 0.283880178125 0.12449219062500001 0.3317254515625 0.11606562499999999 0.3142677640625 0.0267445171875 0.266408003125 0.0360465109375
10 0.34312153749999996 0.23154516875 0.3512727390625 0.2298221296875 0.34346777031250003 0.1899603640625 0.3354117765625 0.1917294390625 0.34312153749999996 0.23154516875
8 0.270820784375 0.131714575 0.302927703125 0.29596715625000003 0.31673419375 0.2934827015625 0.266123996875 0.036102817187500004 0.209635796875 0.04708341875 0.227933946875 0.1408561203125 0.270820784375 0.131714575
10 0.3793596609375 0.34847352656249997 0.3861257125 0.347158734375 0.3808149203125 0.319838859375 0.37422841875 0.32100106875 0.3793596609375 0.34847352656249997
10 0.33417118125 0.22791530624999998 0.338131709375 0.22714588593750001 0.3297396734375 0.1844994390625 0.32590023281249997 0.1853625609375 0.33417118125 0.22791530624999998
6 0.33061965781249997 0.270637928125 0.333395653125 0.270262134375 0.327898115625 0.24238278750000003 0.325154896875 0.2429152828125 0.322929746875 0.2314585984375 0.3062697265625 0.23436990156249998 0.3176473875 0.292902953125 0.334222115625 0.290347203125 0.33061965781249997 0.270637928125
10 0.703707546875 0.6950883921875 0.705093846875 0.6948904828125 0.70091919375 0.6736587859375 0.6880590125 0.67588544375 0.6926535234375 0.70082056875 0.7043975171875 0.69830254375 0.703707546875 0.6950883921875
10 0.4766986828125 0.9401903953125 0.4808204984375 0.9616231734375 0.493396690625 0.959265203125 0.48549880468750006 0.9385738734375 0.4766986828125 0.9401903953125
12 0.5481454015625 1 0.589755175 0.9919122625 0.5789061453125 0.9360974828125 0.5284166046875 0.9451627765625 0.5390245234375 1 0.5481454015625 1
2 0.3618040546875 0.87628015 0.37875018437499997 0.9618991078124999 0.4163686109375 0.9542465265625 0.40017983125 0.8701815140625 0.3618040546875 0.87628015
6 0.42852922031249996 0.9325798796875 0.4490188640625 0.9285979265625001 0.44361616093749995 0.9010162921875 0.44034168281249997 0.9018494875 0.437641703125 0.88840696875 0.420798184375 0.892363146875 0.42852922031249996 0.9325798796875
10 0.51435165625 0.9549833640625 0.5255697765625 0.9527913359375001 0.5229589359375 0.9391849828125001 0.5117120109375 0.9413350812499999 0.51435165625 0.9549833640625
10 0.303672615625 0.6019120078125 0.31707576249999997 0.5994450828125 0.309769196875 0.5611961453125 0.2963552484375 0.56394601875 0.303672615625 0.6019120078125
13 0.38782602499999996 0.639602153125 0.391070540625 0.6385583828125 0.38406155625 0.6028685390625 0.36700947031250003 0.6066723328125 0.378866446875 0.668067821875 0.39279475625 0.6653613296875001 0.38782602499999996 0.639602153125
2 0.31362506093750003 0.5650129125000001 0.331898353125 0.6578513906250001 0.3734855375 0.6490881203125001 0.35537850312499997 0.5567242046875001 0.31362506093750003 0.5650129125000001
10 0.495200278125 0.8817017249999999 0.5064408828125 0.8795164906249999 0.49655069375 0.8284115546875 0.48530856718750004 0.8305964375 0.495200278125 0.8817017249999999
7 0.4223304453125 0.6686650890625 0.424879825 0.6682915 0.41838025625 0.6354309515625001 0.3958127703125 0.6406682921875 0.40151266249999995 0.6699910921875001 0.378295446875 0.6750142875 0.398652528125 0.7793521828125 0.44195638906249995 0.7704255812499999 0.4223304453125 0.6686650890625
4 0.5282699562500001 0.8219932734375 0.50076079375 0.8276307968750001 0.511832225 0.8859135484375 0.5396932671875 0.8807870265625001 0.5282699562500001 0.8219932734375
2 0.3449340515625 0.788164321875 0.3615176234375 0.8734782796875 0.3992189546875 0.8659458671875001 0.3827886125 0.7814129578125 0.3449340515625 0.788164321875
2 0.4128413453125 0.8447129140625 0.4429064578125 0.838583046875 0.43071518593749997 0.7764962 0.40071510000000005 0.7823235671875 0.4128413453125 0.8447129140625
10 0.4488376484375 0.882893575 0.45429723437499997 0.88218800625 0.44697094843749996 0.84442040625 0.4417946453125 0.845302025 0.4488376484375 0.882893575
1 0.3147485578125 0.6595431359374999 0.3279870921875 0.6565459015624999 0.31736407031249997 0.6022249359375 0.30422969375000003 0.6047779656250001 0.3147485578125 0.6595431359374999
10 0.477749925 0.8850912484375 0.4722348453125 0.8569336359375 0.48726742968750003 0.8541950406250001 0.482738796875 0.831100021875 0.449919509375 0.837219440625 0.459982378125 0.888986440625 0.477749925 0.8850912484375
10 0.4026163828125 0.5948269875000001 0.413052865625 0.5927976734375 0.4049663078125 0.55092573125 0.39453251875 0.5529572703125 0.4026163828125 0.5948269875000001
10 0.3939840734375 0.63895520625 0.388303340625 0.6101259265625 0.4005036140625 0.60758335 0.3988545046875 0.599098028125 0.3857599625 0.6014646140625 0.3931240984375 0.6389988093750001 0.3939840734375 0.63895520625
10 0.4798638609375 0.8823528453125 0.49229952343749994 0.8799159281250001 0.4884071109375 0.8599761453125 0.47592216406250004 0.8622028374999999 0.4798638609375 0.8823528453125
10 0.418139290625 0.9539465296875 0.431691421875 0.9513135500000001 0.42871426250000005 0.9363140874999999 0.41524190625 0.9387265484375 0.418139290625 0.9539465296875
8 0.414681615625 0.935159075 0.42822917968749996 0.9325250421875 0.37475611875000003 0.656490215625 0.32120457343750003 0.66608656875 0.3438249296875 0.782459228125 0.3834742984375 0.7741433843750001 0.414681615625 0.935159075
13 0.4215586046875 0.8874023734375 0.44683120781249996 0.8820615234375 0.4394891421875 0.8439663546875 0.41408168749999996 0.8486201984375 0.4215586046875 0.8874023734375
10 0.3955011171875 0.6370587984375 0.40679926093749996 0.6344715171875001 0.40222932812499995 0.61095804375 0.3907079859375 0.6132965546875 0.3955011171875 0.6370587984375
10 0.4368129515625 0.7892382265625 0.44741289531249995 0.787528884375 0.44546456250000005 0.7777557453124999 0.43497783749999996 0.77979430625 0.4368129515625 0.7892382265625
10 0.3985100953125 0.6673960250000001 0.399358490625 0.6671942 0.3944885453125 0.642055971875 0.390196340625 0.642928421875 0.394581440625 0.6654851703125 0.3979303828125 0.6648712203125 0.3985100953125 0.6673960250000001
10 0.43323828124999997 0.9511703484374999 0.4491769234375 0.9477717828125 0.446265696875 0.9327923515625001 0.4302234359375 0.93591041875 0.43323828124999997 0.9511703484374999
11 0.4086085828125 0.6292461625 0.41901624374999996 0.627341690625 0.41311983750000003 0.59673073125 0.40257947187500004 0.5987793578125 0.4086085828125 0.6292461625
5 0.5110194984375 0.9402643578125 0.5266389874999999 0.9370326499999999 0.52744073125 0.9409990359375 0.5399251125 0.938573365625 0.5391942249999999 0.9345848515625 0.54976706875 0.9321315968749999 0.5409523843749999 0.8868009656250001 0.5091768140624999 0.8929769328124999 0.5072120734375 0.8833234828125001 0.44476530625 0.8958165250000001 0.453853275 0.9430335421875 0.48575637812499994 0.93690946875 0.494027815625 0.9593098828125 0.51385086875 0.955061784375 0.5110194984375 0.9402643578125
3 0.3655887453125 0.6018029359375 0.39928386875 0.595112784375 0.3905273640625 0.5500649906249999 0.3568109046875 0.55697953125 0.3655887453125 0.6018029359375
4 0.40830930312499997 0.3817592015625 0.4354987375 0.376193790625 0.42328297187499997 0.3130252734375 0.395807709375 0.31808531093750003 0.40830930312499997 0.3817592015625
10 0.3771180265625 0.3878215046875 0.4047960953125 0.3818830125 0.401601325 0.36577012343750004 0.3913774015625 0.3678372859375 0.3883249640625 0.3525526421875 0.37791345781249996 0.35426539687499997 0.37683086875 0.3491052390625 0.369915259375 0.350449646875 0.3771180265625 0.3878215046875
2 0.22908517968750003 0.1458509203125 0.24420646562499998 0.22364155000000002 0.2853503375 0.2152425796875 0.27045590937499997 0.13861561875 0.22908517968750003 0.1458509203125
2 0.2861820203125 0.218412475 0.244718596875 0.2274801375 0.2597750765625 0.304474853125 0.301129153125 0.2962350609375 0.2861820203125 0.218412475
13 0.3062964953125 0.2299196765625 0.3317672328125 0.2248250203125 0.3243826734375 0.1865179859375 0.298764475 0.1905218265625 0.3062964953125 0.2299196765625
2 0.534806634375 0.1669531953125 0.5614243640625001 0.162113721875 0.5462344109374999 0.08473860625 0.5197213656249999 0.089728934375 0.534806634375 0.1669531953125
1 0.59242303125 0.125684475 0.6053273906250001 0.1231761625 0.5955475125 0.07219771875 0.58251736875 0.0747299125 0.59242303125 0.125684475
10 0.61020729375 0.17447140781249998 0.6141796640625 0.1735395515625 0.605783078125 0.13070443125 0.6018142359375 0.1314751390625 0.61020729375 0.17447140781249998
5 0.6974183828125 0.2514148140625 0.687697534375 0.1991526859375 0.6338063140625 0.21046344375 0.627787203125 0.17950183125000002 0.6050076515625 0.184435240625 0.614838125 0.23540291406249997 0.6182838625 0.2354046421875 0.6296385 0.293440075 0.6515350468750001 0.2893515625 0.6462261328125 0.261967978125 0.6467063296875 0.261673128125 0.6784503468749999 0.2560367046875 0.6902061921875 0.2532520109375 0.6974183828125 0.2514148140625
10 0.5990495218749999 0.0815758609375 0.61293438125 0.078876978125 0.6110071609375 0.068762334375 0.5970543890625 0.0713108375 0.5990495218749999 0.0815758609375
10 0.653855765625 0.3007693734375 0.652686296875 0.29541596718749996 0.645748915625 0.2966254578125 0.6529827328125 0.3338489359375 0.6806181312499999 0.328338375 0.6774055999999999 0.31180925937500004 0.667323003125 0.3141880765625 0.6644227796875 0.2992721234375 0.653855765625 0.3007693734375
12 0.636091221875 0.2029072078125 0.6860977140625 0.192072271875 0.6732806234375001 0.1258127 0.6228264984375 0.13562061875 0.636091221875 0.2029072078125
2 0.5621433359375 0.165778765625 0.53555215 0.17105894375 0.5507518484375 0.248176525 0.5770523953125 0.2424812671875 0.5621433359375 0.165778765625
10 0.61917289375 0.17789632187499999 0.6273047515625 0.1763820953125 0.6194754328125 0.13641047343749998 0.611441828125 0.13797143750000002 0.61917289375 0.17789632187499999
1 0.6102189609375 0.065251290625 0.5995118374999999 0.0098220640625 0.5852571078125 0.0065311 0.5971839921875 0.0680197015625 0.6102189609375 0.065251290625
8 0.5022800484375 0 0.5185922265625 0.0839230015625 0.5470637234375 0.07822220937499999 0.5789018734375 0.24238868593750001 0.591872803125 0.2393697609375 0.5891630828125 0.22490670625 0.5884849671875 0.2251558625 0.5878261421875 0.22202908125 0.5894358125 0.221481840625 0.545880903125 0 0.5022800484375 0
7 0.5458779296875 0 0.5592892109375 0.06783262343749999 0.59093116875 0.06149912656249999 0.5829671875 0.020075625 0.584278109375 0.0194193234375 0.5815849515625 0.005683315625 0.5569678062500001 0 0.5458779296875 0
0 0.451855653125 0 0.128512734375 0.06285133125 0.304457903125 0.968007603125 0.44303219531250004 1 0.548144346875 1 0.871487265625 0.9371486687499999 0.695542096875 0.031992396875 0.5569678046875 0 0.451855653125 0
1 0.48529652968750003 0 0.5339652171875 0.2511916953125 0.547398709375 0.248579434375 0.49884534374999995 0 0.48529652968750003 0
6 0.6068932609375 0.21737393906250002 0.6094569796875 0.21645202187499998 0.604016690625 0.188783134375 0.6012240624999999 0.18918234843749998 0.5989922984375 0.1770666609375 0.5817771796875 0.18097232968750002 0.593500459375 0.23935585937499998 0.610478209375 0.23647140625000002 0.6068932609375 0.21737393906250002
10 0.5734588031250001 0.1333877625 0.589805325 0.1303062640625 0.57814715 0.0707863796875 0.5619526546875 0.07374421875 0.5734588031250001 0.1333877625
10 0.6554292984375001 0.29470381875 0.66213056875 0.29357933125 0.6568025671875 0.2661672859375 0.6499556140625 0.26722125625 0.6554292984375001 0.29470381875
13 0.5821134140625001 0.1772446125 0.6083770421875 0.1718551359375 0.6005062578125 0.13195893281249998 0.5744086359375 0.13676132968750002 0.5821134140625001 0.1772446125
10 0.6680834015625 0.310713834375 0.6769781625 0.3089860625 0.6673094265625 0.25924880625 0.658438215625 0.260874575 0.6680834015625 0.310713834375
4 0.684077609375 0.3279471875 0.7115699015625 0.32236189375 0.6992341875 0.25945593749999996 0.672022690625 0.2642625625 0.684077609375 0.3279471875
5 0.342197634375 0.2887599984375 0.3535413796875 0.346800934375 0.37560305 0.34278903125000004 0.3702146171875 0.31538869062499997 0.421697871875 0.3051031609375 0.41168282187500005 0.2529414890625 0.35794201718749996 0.2638091 0.3519173453125 0.2334619859375 0.32881984375 0.23823058593750002 0.33875234062500004 0.2890133453125 0.342197634375 0.2887599984375
10 0.641003521875 0.555058153125 0.64385575 0.569730503125 0.662795340625 0.56621815 0.6599823625 0.55136884375 0.641003521875 0.555058153125
10 0.6757233328125001 0.6026298578125 0.6852588828124999 0.6526522734375 0.716237365625 0.6465600859375 0.7120473890625 0.6251308156250001 0.697136003125 0.62803209375 0.6917435640625 0.5996558390625 0.6757233328125001 0.6026298578125
7 0.7056911625 0.876544696875 0.7223177187500001 0.8733129671875 0.7013824390625001 0.7665340031250001 0.681439434375 0.7698082859375 0.6848880296875001 0.7880099328125 0.6860905453125 0.7881704921875 0.6992263390625 0.855307046875 0.7013544796875 0.8546950890625 0.7056911625 0.876544696875
13 0.732681728125 0.9221571734375 0.7293416828125 0.9228228890624999 0.72430411875 0.8967367218750001 0.710267465625 0.899572146875 0.7225068375 0.9620341140625 0.739525103125 0.9579531078124999 0.732681728125 0.9221571734375
2 0.63412266875 0.7411533421875001 0.6584865953125 0.73565723125 0.6415690296875 0.6489351765625 0.616986175 0.6536222421875 0.63412266875 0.7411533421875001
10 0.670359421875 0.70564475625 0.68829909375 0.7020875703125 0.6857567875 0.688246878125 0.6676590109375 0.6918012375 0.670359421875 0.70564475625
10 0.687018046875 0.6727121328125001 0.6988982375 0.6702640375 0.6969810078124999 0.6597588187500001 0.6850406203125 0.66221065625 0.687018046875 0.6727121328125001
10 0.678021984375 0.48494153593749995 0.6984199765625 0.48167607968750004 0.694028553125 0.4591050421875 0.6737732875 0.4627594484375 0.678021984375 0.48494153593749995
12 0.6981059875 0.4580515140625 0.7112137625 0.525483075 0.7616859453125 0.5142008078125 0.748788478125 0.44831716562499996 0.6981059875 0.4580515140625
4 0.7322272703125 0.643522940625 0.7599384312499999 0.6381357078125001 0.74873979375 0.58007054375 0.720866815625 0.5850820578125 0.7322272703125 0.643522940625
11 0.7075946640625 0.694095159375 0.7168633625 0.692463340625 0.7101010890625 0.657295496875 0.7007610671875 0.6589445265625 0.7075946640625 0.694095159375
10 0.6985877578124999 0.6217508031250001 0.7110059578125 0.6194381421874999 0.7070838015625001 0.5994674390625 0.6946871578125 0.601693671875 0.6985877578124999 0.6217508031250001
13 0.664913440625 0.674979028125 0.68225424375 0.6721126453124999 0.6712224875 0.615352853125 0.6538409140625 0.6183958406250001 0.664913440625 0.674979028125
2 0.7214146953125 0.9663201625 0.7008275937499999 0.860811453125 0.6591537921875 0.869081665625 0.6797064765624999 0.9744268796875 0.7214146953125 0.9663201625