13 0.7068236 0.303884034375 0.7003325375 0.3218140203125 0.7119245484375 0.32596000625 0.7183025749999999 0.3083679921875 0.7068236 0.303884034375
6 0.7675973125 0.2905966671875 0.7681071312500001 0.2892142265625 0.77016561875 0.2900549078125 0.777009109375 0.27120231875 0.769107896875 0.2685060921875 0.761887778125 0.28840716093749996 0.7675973125 0.2905966671875
13 0.799233415625 0.20354013750000002 0.8076054265625 0.180538225 0.8021431781249999 0.1786149765625 0.799848825 0.184959775 0.7946143515624999 0.182913246875 0.7885600609375001 0.1995472734375 0.799233415625 0.20354013750000002
7 0.723616053125 0.391538609375 0.726221053125 0.384262653125 0.7130961625000001 0.3795770375 0.7105686359375001 0.386694959375 0.7098623984375 0.3864379109375 0.7131955234375 0.37717058125 0.7179027703124999 0.37897533125 0.7298104640624999 0.3465470234375 0.7166080359375 0.341786628125 0.7131446828125 0.35129754375 0.7173336828125 0.3527307625 0.7142259578125 0.36132855625000004 0.7107648734375 0.359974046875 0.691210621875 0.4138725109375 0.7131470359375001 0.422092828125 0.7242252390624999 0.3918019046875 0.723616053125 0.391538609375
2 0.6994964171875 0.3237960171875 0.6969518921875 0.3306134421875 0.696209584375 0.33044635625 0.698804921875 0.3233431375 0.6938973749999999 0.3212892296875 0.678597103125 0.3636050609375 0.6966094796875 0.37001137968750003 0.7118445921875 0.3281989328125 0.6994964171875 0.3237960171875
11 0.7412753249999999 0.2526608984375 0.7322553046875 0.277580253125 0.73834406875 0.2798562421875 0.7473492390625001 0.2550462140625 0.7412753249999999 0.2526608984375
10 0.69598203125 0.453419065625 0.6943011609374999 0.45813315625 0.69897613125 0.45983470625 0.7007503609375 0.45496005000000006 0.69598203125 0.453419065625
10 0.713312065625 0.35271529375 0.7111893109375 0.358405890625 0.714150925 0.3595520046875 0.716207746875 0.35381413125 0.713312065625 0.35271529375
8 0.7055109984375 0.22995474218749998 0.682613834375 0.2932616359375 0.701693853125 0.3002477640625 0.6944749781249999 0.3200129359375 0.6993936328125 0.3219677953125 0.70681179375 0.30227183125 0.7110143484375 0.30391450625 0.716267084375 0.28975227187499997 0.709718984375 0.28742715625000004 0.7277077546874999 0.23807194375 0.7055109984375 0.22995474218749998
10 0.761372271875 0.3108931703125 0.747296615625 0.3497621609375 0.7510902625 0.35101157656250004 0.7651486609375 0.3122676625 0.761372271875 0.3108931703125
10 0.7305799765625001 0.346803825 0.7282648093749999 0.3531144421875 0.7366278625 0.355967125 0.7388755609375 0.3498464484375 0.7305799765625001 0.346803825
2 0.71884015625 0.4265294234375 0.7059069421874999 0.462209328125 0.724107753125 0.468810603125 0.736872128125 0.433484940625 0.71884015625 0.4265294234375
6 0.7469266609375 0.35398565 0.74481395625 0.3532116984375 0.74523388125 0.35200771249999996 0.739453696875 0.3499255140625 0.7321824390625 0.36987115312499996 0.7400638140625 0.37284116875 0.7469266609375 0.35398565
3 0.6580108984375 0.324401459375 0.672489496875 0.28442539375 0.6672042828125 0.2824269078125 0.666709584375 0.2836901421875 0.6633469328125 0.2826225390625 0.649394859375 0.3211474203125 0.6580108984375 0.324401459375
6 0.7242324203125 0.2927428703125 0.725793303125 0.288404128125 0.7176097718750001 0.28563840156250003 0.71628990625 0.2893149546875 0.7170328515625 0.2895853640625 0.7117710859375 0.3040419484375 0.7201582203125 0.307171103125 0.725257159375 0.2930476703125 0.7242324203125 0.2927428703125
13 0.7729873890625 0.255234121875 0.765063946875 0.2523202953125 0.7560222859375 0.27728997031249997 0.7639175671875 0.280185234375 0.7729873890625 0.255234121875
10 0.7386532109374999 0.3188894 0.7297813671875 0.343360528125 0.7382768234375 0.34628800625 0.747205153125 0.32175762343750003 0.7386532109374999 0.3188894
12 0.765787534375 0.35627448125 0.7861350609375 0.3003701125 0.7719583453125 0.29533990625 0.7663449390625 0.3107626109375 0.7670036687499999 0.31096745000000003 0.75231428125 0.3514038734375 0.765787534375 0.35627448125
10 0.486974071875 0.942037359375 0.4933574171875 0.9444405203124999 0.495139825 0.939447459375 0.488730828125 0.9371147750000001 0.486974071875 0.942037359375
10 0.5526922859375001 0.7923378921875 0.554363596875 0.7928763640625001 0.5581907421875 0.7823887828125 0.5565255828125 0.78180599375 0.5526922859375001 0.7923378921875
10 0.518581671875 0.90682418125 0.5210040359375 0.9077524078125 0.52337331875 0.9012702671874999 0.5209414703124999 0.9003635296875 0.518581671875 0.90682418125
7 0.58816488125 0.7309958578125 0.589031440625 0.7312647015625 0.599504021875 0.70266055625 0.5868177453125 0.69813125625 0.5845597687499999 0.7042481921875 0.5768645671875 0.70144736875 0.581756815625 0.68792379375 0.571070609375 0.6840576125 0.566345203125 0.6967573140625001 0.567205609375 0.6970704765625 0.5593375421875 0.7186878109375 0.558559359375 0.718404575 0.5573661484375 0.7217331484375 0.56754831875 0.7254857125 0.5651914296875 0.7320388765625 0.585592890625 0.7381491437500001 0.58816488125 0.7309958578125
10 0.577976759375 0.7003423703125 0.5843615734375 0.7027460671875 0.5861425140625001 0.6977524703125 0.579734984375 0.6954203203125 0.577976759375 0.7003423703125
10 0.5612751390625 0.7686927375 0.562932815625 0.76929608125 0.5668371578125 0.758678634375 0.5651557078125 0.7581131953125 0.5612751390625 0.7686927375
8 0.583419425 0.8234700015625 0.564443096875 0.8165964390625 0.569020678125 0.80406075625 0.5632634671875001 0.8019337109375 0.53859891875 0.8695391046875001 0.5443586546875 0.8717003265625 0.5490160562499999 0.8587397578125 0.568023990625 0.8657229281250001 0.569781409375 0.8608122249999999 0.5690290078125 0.8604718625000001 0.5807749703125 0.8282823265625 0.5815566296875 0.8285468734375 0.583419425 0.8234700015625
6 0.478968796875 0.9957229703125 0.487732390625 0.9988228687499999 0.493977665625 0.981440265625 0.4852324828125 0.9783720109375 0.478968796875 0.9957229703125
11 0.48058614843749997 0.9243698953124999 0.4904360796875 0.928034790625 0.49526946250000004 0.9149470546874999 0.4852729375 0.9113468609375 0.48058614843749997 0.9243698953124999
2 0.570214828125 0.8029772765625 0.573383640625 0.80406578125 0.572921378125 0.805335834375 0.5697484484374999 0.80418098125 0.5656071593750001 0.8152392875000001 0.5840067437500001 0.8218380843749999 0.585818003125 0.8167840249999999 0.5850299531250001 0.8164639421875 0.5928889234375 0.7949081453125 0.5936753921875 0.795159478125 0.5954658 0.7901992578125 0.5773074703125001 0.7834904 0.570214828125 0.8029772765625
2 0.503840803125 0.895938521875 0.4977493578125 0.9127203156249999 0.49691538125 0.9124167734374999 0.490634825 0.9294805828125 0.49145172812500004 0.9297396671874999 0.48962193750000005 0.93471215625 0.5085155515625 0.941863228125 0.5123547265624999 0.931315178125 0.50937823125 0.9303881234375 0.5202890140624999 0.9001642984375 0.5036013406250001 0.8940472500000001 0.5030144 0.8957557921875001 0.503840803125 0.895938521875
13 0.53306876875 0.8855690968750001 0.5385078062499999 0.8874373375 0.5435681171875 0.8734794265625 0.5351052640625 0.8704440953124999 0.527963196875 0.8900393531249999 0.5299202546874999 0.8907932328125 0.531654403125 0.8860286984375 0.5327876546875 0.886396271875 0.53306876875 0.8855690968750001
11 0.5042716031250001 0.8673625203125 0.5141240703125 0.8710250125 0.518956384375 0.8579402140625 0.508959859375 0.8543400203125 0.5042716031250001 0.8673625203125
13 0.5193870578124999 0.9149041062500001 0.5182532625 0.9145745765625 0.5200394968750001 0.9097308953125 0.518041440625 0.9090302671874999 0.5109340625 0.928694684375 0.51931935 0.9317466796874999 0.524376153125 0.9179171875 0.5190216484375 0.915940040625 0.5193870578124999 0.9149041062500001
10 0.6096266546875 0.665209434375 0.612048084375 0.6661356578125 0.6144183015625 0.6596555203125 0.6119879218750001 0.6587493171875 0.6096266546875 0.665209434375
7 0.5252715203125 0.8431204390625 0.5330345703125 0.845807946875 0.5307428078124999 0.85196745625 0.5432473703125 0.856598559375 0.5537165765625 0.82811789375 0.5529106203125 0.8278561421875 0.5554324203125 0.820694565625 0.547200090625 0.8177248468749999 0.5476651484375 0.8164790906249999 0.535919509375 0.8122572359375001 0.533501740625 0.8188314734375 0.5232576234375 0.8151029187500001 0.522089659375 0.8183758328125 0.5228575484375 0.81871019375 0.5150275375 0.840291496875 0.51421933125 0.839967403125 0.5096343609375 0.8526650109375 0.5203424515624999 0.8565624375 0.5252715203125 0.8431204390625
6 0.5698411328125 0.75423993125 0.578604728125 0.757339828125 0.5848489328124999 0.7399601625 0.5761062875 0.73688950625 0.5698411328125 0.75423993125
6 0.547576371875 0.815585459375 0.5563405015625 0.8186838890624999 0.562585240625 0.8013027546875 0.5538420609375 0.7982335671875 0.547576371875 0.815585459375
0 0.38268511875 0 0.064701378125 0.8736531453125 0.41183651093750007 1 0.61731488125 1 0.9352986218750001 0.1263468546875 0.5881634890624999 0 0.38268511875 0
10 0.26039795312499997 0.8023325968749999 0.2628188484375 0.8032602890625 0.26518759687500004 0.7967796171875 0.2627592203125 0.79587248125 0.26039795312499997 0.8023325968749999
2 0.23955225468750002 0.79974535625 0.2334608078125 0.81652715 0.23262683125 0.8162236078125 0.2263462765625 0.8332874171875 0.2271631796875 0.8335465015624999 0.2253333875 0.8385189921875 0.24422700156250002 0.8456700625 0.24806617812499998 0.8351220125 0.24508968125 0.8341949578125 0.2560004640625 0.803971134375 0.23931279062500002 0.797854084375 0.23872585000000002 0.799562628125 0.23955225468750002 0.79974535625
11 0.30728085 0.5863067265625 0.31713171406249996 0.5899736234375 0.32196563125 0.5768844203125 0.311967103125 0.573285159375 0.30728085 0.5863067265625
6 0.283287821875 0.71939229375 0.2920519515625 0.7224907234375 0.298296690625 0.7051095890625 0.2895535125 0.7020404015625 0.283287821875 0.71939229375
10 0.206769015625 0.8778426734375 0.2080769796875 0.8783104187499999 0.2099436171875 0.8733280609375 0.20861032031249999 0.8727563171874999 0.206769015625 0.8778426734375
11 0.239983053125 0.7711693546875 0.2498355203125 0.774831846875 0.254667834375 0.7617470484375 0.244671309375 0.7581468546875 0.239983053125 0.7711693546875
13 0.2550178140625 0.81893265 0.26036375624999997 0.8209698671875 0.2642502515625 0.8102095765625 0.2589552765625 0.808260746875 0.2550178140625 0.81893265
10 0.275370796875 0.65985324375 0.2888025125 0.664796859375 0.2901668515625 0.6610483671875 0.2767363296875 0.6561334515625 0.275370796875 0.65985324375
11 0.2162976 0.8281767296875 0.22614752968750002 0.831841625 0.23098091250000002 0.8187538906249999 0.2209843875 0.815153696875 0.2162976 0.8281767296875
7 0.23288367812500002 0.8764198578125001 0.23374970468749998 0.8766901703125001 0.244220815625 0.848085490625 0.2315334703125 0.8435591265625 0.2292765640625 0.8496731265624999 0.2215813625 0.8468723015625 0.22647254218750001 0.8333516640624999 0.215786334375 0.8294854828125 0.21106346562499997 0.84218278125 0.211922403125 0.8424954093749999 0.2040543375 0.8641127453124999 0.20327615468750002 0.8638295093749999 0.20208441093750001 0.8671586171874999 0.2122651125 0.8709106468750001 0.20990808906249997 0.8774687484375001 0.23030955 0.8835790171875001 0.23288367812500002 0.8764198578125001
10 0.254293121875 0.8106310156250001 0.2567154875 0.8115592421875 0.2590847703125 0.8050771015624999 0.256652921875 0.8041703640625 0.254293121875 0.8106310156250001
2 0.25656891875 0.7608227671875001 0.255834375 0.7605886703125 0.24967077343750002 0.7776052578125 0.2504486703125 0.7779532375 0.2443267796875 0.79476385625 0.2435387015625 0.7945352171875 0.24296635156250002 0.796107734375 0.25975607031250003 0.8020357859375 0.27065170625 0.772022609375 0.27358303125 0.7731194546875 0.2774263265625 0.7626377515625 0.2583949859375 0.7558056890625 0.25710439531249996 0.7593515609375 0.25656891875 0.7608227671875001
2 0.305926278125 0.7067841109375 0.30909509062499996 0.707872615625 0.3086328296875 0.70914266875 0.3054598984375 0.7079878171875 0.301318609375 0.719046121875 0.31971819375 0.7256449203125 0.3215294546875 0.720590859375 0.320741403125 0.720270778125 0.328600375 0.6987149796875001 0.32938684375 0.6989663125 0.33117725 0.69400609375 0.313018921875 0.687297234375 0.305926278125 0.7067841109375
2 0.330436790625 0.5580871765625 0.32434534375 0.5748689703125 0.3235098984375 0.5745648937500001 0.31722934375 0.591628703125 0.318047715625 0.591888321875 0.3162179234375 0.5968608125 0.335109534375 0.6040128171875 0.3389487109375 0.5934647671875 0.335972215625 0.5925377125 0.34698471875000003 0.5623176562500001 0.3301958578125 0.556195371875 0.32960891875 0.5579039140625001 0.330436790625 0.5580871765625
10 0.184381496875 0.9014200828125001 0.19781267656249998 0.9063651671875 0.1991764828125 0.9026181421875 0.185745959375 0.897703228125 0.184381496875 0.9014200828125001
6 0.3055525828125 0.658046765625 0.314316178125 0.6611466625 0.3205603828125 0.6437669968749999 0.3118177375 0.640696340625 0.3055525828125 0.658046765625
10 0.222685521875 0.84584419375 0.2290688671875 0.8482473562499999 0.23085127499999997 0.8432542937499999 0.224442278125 0.840921609375 0.222685521875 0.84584419375
10 0.2071724625 0.9202988953125001 0.20924258281250002 0.9210756375000001 0.216194709375 0.901865184375 0.21411829531249998 0.9011559890624999 0.2071724625 0.9202988953125001
2 0.23059998906249998 0.9054588015625 0.23375823750000002 0.9066083109375 0.2330931546875 0.9084812937500001 0.22994394843750002 0.9074531328125 0.22320588749999998 0.9259566687499999 0.24134523593749999 0.9327450828125 0.243204415625 0.9277101265625 0.24238978437499997 0.9274402296875 0.25024075 0.9058698796875 0.251013059375 0.9061509765625001 0.25283057656249996 0.9011573921875 0.23462162343749998 0.8945465031250001 0.23059998906249998 0.9054588015625
13 0.26878021875 0.78937593125 0.27421925625 0.7912441734375 0.2792795671875 0.7772862609375 0.2708167140625 0.7742509296875 0.26367464687500003 0.7938461875 0.26563170468749997 0.7946000671875 0.2673658546875 0.7898355328125 0.2684991046875 0.79020310625 0.26878021875 0.78937593125
10 0.25929339375 0.7535520515624999 0.2656778078125 0.7559522765625 0.267460615625 0.7509626859375 0.26105015 0.7486294671875 0.25929339375 0.7535520515624999
13 0.2106033171875 0.9200461359375 0.2222569734375 0.9242877203125 0.2286253828125 0.9067221359375001 0.2170175015625 0.9025238171875 0.2106033171875 0.9200461359375
2 0.298915865625 0.7801582875 0.2997028578125 0.7804447296875 0.3027772984375 0.7719977734375 0.2845025546875 0.76531638125 0.2698146140625 0.80582649375 0.288037309375 0.8124590125 0.291839234375 0.8019356468750001 0.29108145625000004 0.8017196984374999 0.298915865625 0.7801582875
2 0.3707791875 0.5828936 0.3716424390625 0.5830664609375 0.3753850390625 0.5727243640624999 0.3571241671875 0.56607795 0.3424000875 0.606463503125 0.3606449203125 0.613172253125 0.36375154374999996 0.6046871265625 0.36294049687499996 0.604485046875 0.3707791875 0.5828936
8 0.26893636718749997 0.8569664843749999 0.24996057343750003 0.850091453125 0.25453761875 0.8375572390625001 0.2488964140625 0.835435834375 0.2241163953125 0.90303411875 0.22987613125 0.905195340625 0.23453406718749997 0.892233303125 0.253541465625 0.8992179421875001 0.25530088906250004 0.8943063046875 0.254546484375 0.8939668749999999 0.266291378125 0.8617802765624999 0.26713885625 0.862023884375 0.26893636718749997 0.8569664843749999
4 0.1868317125 0.8948160859375 0.1976589921875 0.8987834984375 0.2072755125 0.872330346875 0.1964193859375 0.8684056437500001 0.1868317125 0.8948160859375
7 0.32387633125000004 0.6348026921875001 0.3247428921875 0.6350715359375 0.335215471875 0.6064673921875 0.3225291953125 0.6019380921875 0.3202712203125 0.608055028125 0.31257601875 0.605254203125 0.3174682671875 0.5917306296875 0.306782059375 0.5878644468750001 0.302056653125 0.6005641484375001 0.302917059375 0.6008773109375001 0.29504899375 0.6224946453125 0.294270809375 0.6222114109375 0.2930776 0.6255399828125 0.30325976875 0.6292925484375 0.3009028796875 0.6358457109375 0.32130434218750004 0.641955978125 0.32387633125000004 0.6348026921875001
10 0.20546643437499998 0.9157122281250001 0.2025175796875 0.923814140625 0.2041884703125 0.92442229375 0.20716629687500002 0.9163093109375 0.20546643437499998 0.9157122281250001
10 0.3136882109375 0.60414920625 0.320073025 0.6065529015625 0.3218539640625 0.6015593046875 0.315446434375 0.5992271546875 0.3136882109375 0.60414920625
2 0.27986623125 0.8245065171875 0.2807294828125 0.824679378125 0.28447248125 0.8143407515625001 0.2662101421875 0.807693803125 0.2514900671875 0.8480774890625 0.2697349 0.8547862390625 0.272839521875 0.8463020468750001 0.272029009375 0.8460984968749999 0.27986623125 0.8245065171875
8 0.47000997499999997 0.227218640625 0.4726253171875 0.2201792375 0.47169412031249996 0.2199966109375 0.48466095937500003 0.1843705140625 0.48544942031250005 0.184657490625 0.488660134375 0.1758361265625 0.48602127656249994 0.174799171875 0.48535194531250003 0.176592459375 0.46244020625 0.16844781250000002 0.4254425125 0.270774271875 0.431797415625 0.273205325 0.4510164375 0.220305559375 0.47000997499999997 0.227218640625
2 0.4867676203125 0.1739501078125 0.49044570781249996 0.163725865625 0.4897585578125 0.1634757640625 0.49892484843749996 0.138232196875 0.49974726875000003 0.1383436390625 0.5026809609375 0.1300549640625 0.4785753578125 0.1229290546875 0.46325823593750004 0.16533685781250002 0.4867676203125 0.1739501078125
2 0.4566484953125 0.26386504375 0.4583817265625 0.25904364062499996 0.4576252875 0.2588148765625 0.46672547968749994 0.2336387046875 0.46763893124999995 0.23378327968749998 0.46953104999999995 0.2284111296875 0.45124278906250004 0.2218445375 0.43828481874999997 0.257272665625 0.4566484953125 0.26386504375
3 0.451535590625 0.12025562031249999 0.44739269375 0.13133661875 0.44668645625 0.1310795703125 0.4443901109375 0.137388725 0.45882099531250004 0.14288556562500002 0.4677517953125 0.11811996875 0.45363653125000003 0.1124869234375 0.450785353125 0.119817940625 0.451535590625 0.12025562031249999
10 0.4183656203125 0.21963540625000003 0.41989472499999997 0.215320015625 0.41656790624999995 0.2140625953125 0.414984309375 0.2184728828125 0.4183656203125 0.21963540625000003
8 0.43333266875 0.3761629546875 0.4332908390625 0.371796240625 0.4323323453125 0.37273935625 0.43177104218749995 0.34499779531249997 0.4327469328125 0.34390637343749997 0.432757803125 0.3396369921875 0.40828374375000004 0.361989384375 0.4079070265625 0.351119040625 0.4006639953125 0.3577295 0.40159822656250005 0.41643469375000003 0.40906799843749997 0.409594159375 0.40870450625 0.39869204687500004 0.43333266875 0.3761629546875
4 0.40802038749999997 0.3220583640625 0.41780980625 0.2950662171875 0.40755184375000003 0.291211240625 0.3976438125 0.3184379 0.40802038749999997 0.3220583640625
13 0.42463616406250004 0.29267055468750003 0.4310665203125 0.2750809578125 0.419321290625 0.2708259984375 0.412837871875 0.288639046875 0.42463616406250004 0.29267055468750003
10 0.44388009375 0.1412569453125 0.43859160781249995 0.1557869421875 0.43788096562499995 0.155528290625 0.43728296406249995 0.157171284375 0.45155871249999996 0.162267465625 0.45812098125 0.1441555484375 0.44388634375 0.13907433125 0.443200446875 0.1409131328125 0.44388009375 0.1412569453125
1 0.3751923546875 0.448398175 0.3749667390625 0.4362126984375 0.36149878125 0.44824449218750007 0.36164864531249996 0.46063352343749997 0.3751923546875 0.448398175
1 0.41670566718749996 0.24124095625000003 0.422918396875 0.2242173078125 0.4140843890625 0.22087229531250002 0.40768358750000006 0.2382847546875 0.41670566718749996 0.24124095625000003
10 0.40087191093749996 0.33532109375 0.4102261234375 0.32650100625 0.3959729765625 0.3212650640625 0.3920579796875 0.3322544203125 0.40087191093749996 0.33532109375
10 0.3912798875 0.3651652515625 0.390805453125 0.3470528609375 0.388654309375 0.3489702609375 0.38883894375 0.36748598125 0.3912798875 0.3651652515625
10 0.405092409375 0.269315196875 0.414130415625 0.24406318124999998 0.4121654875 0.2432898078125 0.40299572031249997 0.2685520640625 0.405092409375 0.269315196875
13 0.4644597375 0.159696715625 0.47848549531250006 0.121188675 0.46853031874999995 0.11815557343750001 0.45464288750000004 0.1561236734375 0.4644597375 0.159696715625
10 0.4321433375 0.2504314546875 0.444608778125 0.2161509578125 0.436555059375 0.2131930390625 0.42413582656250004 0.247410540625 0.4321433375 0.2504314546875
10 0.42458153125000003 0.24434032499999997 0.4359553421875 0.21296312031250003 0.4290498703125 0.21022193281249998 0.417552028125 0.2416520984375 0.42458153125000003 0.24434032499999997
10 0.46261350468750007 0.165198634375 0.4641311109375 0.1609422453125 0.4541422984375 0.1574396375 0.4526825484375 0.1615142265625 0.46261350468750007 0.165198634375
2 0.3756952359375 0.4651075578125 0.375692915625 0.46663979375000003 0.39732100625 0.4466336421875 0.3969241765625 0.42066959531250003 0.40106854375 0.416825540625 0.4009172125 0.4080541796875 0.3761559484375 0.43060632656250003 0.37608280625 0.43554475937500003 0.3751769390625 0.43638897187500003 0.37549074843749997 0.450538696875 0.376449521875 0.449549125 0.3766132609375 0.46423451406250005 0.3756952359375 0.4651075578125
10 0.431822959375 0.3070055921875 0.43405624375 0.3008696921875 0.4192168140625 0.2955633609375 0.4093686640625 0.32253413124999997 0.41320084687499997 0.32392893125 0.431822959375 0.3070055921875
2 0.44315992499999995 0.30098397656250003 0.44494430781250005 0.296081425 0.44422542812500004 0.2956900765625 0.4534146078125 0.2702420046875 0.45425298906249995 0.27054714999999996 0.45600224687499996 0.2656999875 0.43774517187499995 0.2588604109375 0.42493088125 0.2941496140625 0.44315992499999995 0.30098397656250003
10 0.41161140312500005 0.2893133609375 0.4186538765625 0.27019731406249997 0.415591065625 0.2690825421875 0.40860583906250003 0.28827429531250004 0.41161140312500005 0.2893133609375
10 0.3874542078125 0.34759399062499996 0.3991396234375 0.3364897171875 0.3914860890625 0.333629234375 0.3874259703125 0.3451178125 0.3874542078125 0.34759399062499996
12 0.38988564375 0.2670510703125 0.37072675 0.3197582234375 0.3855135265625 0.32525490156250003 0.3904593453125 0.31159785 0.38915555468749996 0.31101356562500004 0.40341960312499997 0.2720335625 0.38988564375 0.2670510703125
6 0.38849581718750004 0.36900890625 0.3887033015625 0.3842822140625 0.3996910453125 0.37374708437500004 0.39995934843750003 0.3697343515625 0.4007296546875 0.3691118328125 0.400574684375 0.3577418875 0.38849581718750004 0.36900890625
10 0.40137229999999996 0.442885409375 0.40117817968749997 0.4375254578125 0.39814068125 0.44020604375000005 0.39813525781250003 0.4459223625 0.40137229999999996 0.442885409375
2 0.43335735 0.3780275984375 0.40959219375 0.3997434359375 0.41039137031250006 0.43477140312499996 0.43386883750000005 0.413092190625 0.4339312140625 0.4043686828125 0.43284920156249995 0.40543644375000004 0.4324265453125 0.38647825625 0.4334181078125 0.385663571875 0.43335735 0.3780275984375
2 0.41286950625 0.3452465265625 0.41291285312500003 0.34628325000000004 0.4089859984375 0.3499454171875 0.4092092390625 0.3597755359375 0.432723390625 0.3381828375 0.43264019375 0.333756171875 0.4316895984375 0.3346273375 0.4313460015625 0.3160138515625 0.43228687499999996 0.3150643234375 0.43224500624999995 0.3090165265625 0.40876658906249996 0.330748603125 0.40911129218750003 0.34877885468750003 0.41286950625 0.3452465265625
13 0.4008698953125 0.4358735203125 0.40094801562500004 0.431711753125 0.40209182343750005 0.4306797859375 0.402292990625 0.439761934375 0.40923959375 0.43339941875 0.4088818953125 0.41144859531250005 0.39791834062500003 0.42144214843750005 0.398290865625 0.43838176874999996 0.4008698953125 0.4358735203125
7 0.4242345046875 0.22105817343749998 0.43153006562499996 0.201543725 0.4321427015625 0.201879775 0.429572740625 0.208940684375 0.44492998281249996 0.2147248078125 0.4475154859375 0.2074750109375 0.44818983125 0.20768719687499998 0.46237389687499997 0.16832391093750002 0.436487303125 0.1591197859375 0.43284906406249996 0.169115765625 0.43365128437499995 0.16936950625 0.42324569375000004 0.19805456875 0.42247191562499997 0.1977729359375 0.4171294109375 0.2125975375 0.421168215625 0.2140825078125 0.41935895937499995 0.21913563281249998 0.4242345046875 0.22105817343749998
10 0.38433211875 0.4207605296875 0.38421021875 0.416755425 0.3759888171875 0.42425853281250003 0.3761150734375 0.4284298390625 0.38433211875 0.4207605296875
6 0.423050990625 0.24854544843749998 0.41615979843749995 0.267551940625 0.4247302015625 0.2707394875 0.426393565625 0.2660871984375 0.4270929859375 0.26637668593749997 0.43221774999999996 0.25204981718749997 0.423050990625 0.24854544843749998
13 0.40723204375 0.3503512546875 0.40699904218749994 0.33469120937499997 0.3920645046875 0.34860522656250004 0.39226441562500003 0.36375772031250003 0.40723204375 0.3503512546875
5 0.385582465625 0.32506549375 0.38620726250000004 0.325354425 0.3764685578125 0.351937696875 0.377016321875 0.3925492171875 0.38691220625 0.3834241234375 0.38639355000000003 0.34505797031249996 0.42215235 0.24706274062500003 0.4148142453125 0.24425387812500002 0.385582465625 0.32506549375
7 0.389329853125 0.384959209375 0.3893111375 0.38369035 0.3741160703125 0.39789530625 0.374121646875 0.40342607187499996 0.36090454843750003 0.41582851718749997 0.3610789 0.4185108515625 0.36199922500000004 0.417535553125 0.3621757578125 0.436365915625 0.3612378140625 0.4373348015625 0.361508703125 0.44809845312499996 0.375637515625 0.4353976515625 0.37519997968749996 0.42389493125 0.38496899375 0.4149448109375 0.38512602500000004 0.4202330640625 0.40098361875000005 0.4055875078125 0.40094783749999996 0.38070099218750003 0.40002086875 0.38157576875 0.399917159375 0.37518620937499997 0.389329853125 0.384959209375
5 0.2122555953125 0.9022854625000001 0.21898241718749997 0.8838676265625001 0.20625279531250001 0.8792061562500001 0.1990570109375 0.8989764078125001 0.20174957500000001 0.8998749437500001 0.19866391249999998 0.908352734375 0.183820746875 0.903038390625 0.1793233234375 0.9153721203125 0.20176876250000003 0.9235415921874999 0.2097967609375 0.9014437281250001 0.2122555953125 0.9022854625000001
6 0.21468024687499998 0.8995298046875 0.22344384218750002 0.9026297031249999 0.229689115625 0.8852471 0.220943934375 0.882178846875 0.21468024687499998 0.8995298046875
10 0.29281180625 0.6839696953125001 0.2944782921875 0.6845762453125 0.2981408234375 0.6745957578125 0.29644042656249997 0.6740001437500001 0.29281180625 0.6839696953125001
13 0.346045915625 0.57706733125 0.3449131890625 0.576734865625 0.3466994234375 0.571891184375 0.3447013671875 0.5711905546875 0.33759398749999997 0.5908549734374999 0.3459792765625 0.59390696875 0.351036478125 0.580080946875 0.345679971875 0.5781047328125 0.346045915625 0.57706733125
13 0.301455621875 0.6785907234375 0.313107809375 0.6828317734375 0.31947768593750003 0.6652667234375 0.30786833750000003 0.6610678703125 0.301455621875 0.6785907234375
10 0.296986590625 0.672499571875 0.2986442671875 0.6731029171875 0.30254860781250004 0.66248546875 0.3008671578125 0.6619200296875001 0.296986590625 0.672499571875
10 0.34533810468750004 0.56901626875 0.347759534375 0.5699424921875 0.35012975156250004 0.5634623546874999 0.347699371875 0.5625561515624999 0.34533810468750004 0.56901626875
13 0.346003428125 0.577193203125 0.35135083906250003 0.579230953125 0.355235865625 0.5684701296875 0.3499394234375 0.566520765625 0.346003428125 0.577193203125
13 0.2646571109375 0.8008000140625 0.2700015859375 0.8028366968749999 0.2738895484375 0.792076940625 0.26859163750000004 0.7901270421875 0.2646571109375 0.8008000140625
10 0.20606925 0.91403773125 0.2077254578125 0.914640540625 0.211630734375 0.904025096875 0.209949284375 0.9034596578125 0.20606925 0.91403773125
8 0.3598165140625 0.6157041109375 0.3408427234375 0.6088281453125 0.3454177671875 0.596294865625 0.339660021875 0.5941692890625 0.3149985453125 0.6617708125 0.3207568140625 0.6639314984375 0.3254142140625 0.65097093125 0.34442214843749996 0.6579541015625 0.34633130156249997 0.6527544296875 0.3454180375 0.6524220281249999 0.3572417484375 0.6200462921875001 0.3581295453125 0.6202796328125 0.3598165140625 0.6157041109375
2 0.3215611390625 0.663836821875 0.32471938749999996 0.6649863296875 0.3240559078125 0.666854909375 0.3209061671875 0.6658282171875001 0.31416703749999997 0.6843346875 0.3323078546875 0.6911236359374999 0.334166634375 0.6860852093750001 0.33335093437499996 0.68581825 0.3412019 0.6642478984375 0.34197567812499996 0.66452953125 0.3437942640625 0.659533009375 0.3255858453125 0.6529206515625 0.3215611390625 0.663836821875
10 0.2884037359375 0.696144728125 0.2900750484375 0.6966831984375 0.2939021921875 0.6861956171875 0.292237034375 0.685612828125 0.2884037359375 0.696144728125
10 0.2980904875 0.6786994640625 0.30020346875000004 0.6794452468750001 0.3071814890625 0.66024588125 0.305105215625 0.659513459375 0.2980904875 0.6786994640625
13 0.29318954062499997 0.701351846875 0.304843196875 0.70559343125 0.311211740625 0.68802290625 0.299603859375 0.6838245875 0.29318954062499997 0.701351846875
8 0.3191308765625 0.7272768359375 0.3001545484375 0.7204032734375 0.304732128125 0.7078675921875 0.29897491875000004 0.7057405453125 0.2743103703125 0.773345940625 0.28007010625 0.7755071609375 0.28472750625 0.7625465921875 0.303735440625 0.7695297640625001 0.3054928609375 0.764619059375 0.30474045781250003 0.764278696875 0.316486421875 0.7320891609375 0.31726808125 0.7323537078125 0.3191308765625 0.7272768359375
10 0.2977141875 0.6360818546875 0.2990767421875 0.636577784375 0.30083858750000003 0.6315955296875 0.2995200546875 0.6312070750000001 0.2977141875 0.6360818546875
10 0.290107615625 0.700773846875 0.29217720156250004 0.7015520546875 0.299129328125 0.682341603125 0.297054915625 0.6816314734375 0.290107615625 0.700773846875
4 0.27784841875 0.653114559375 0.28867716718750003 0.65708250625 0.2982936875 0.6306293546874999 0.2874375609375 0.6267046515625 0.27784841875 0.653114559375
7 0.2609829703125 0.7469272734375 0.2687460203125 0.74961478125 0.2664542578125 0.7557742921874999 0.2789588203125 0.7604053937499999 0.2894280265625 0.731924728125 0.288622071875 0.7316629781249999 0.2911438703125 0.7245014000000001 0.282911540625 0.72153168125 0.28337659843749996 0.720285925 0.27163095937500004 0.7160640703125 0.26921319062500004 0.7226383078125 0.2589690734375 0.7189097546875 0.257801109375 0.7221826671875 0.25856899843750003 0.722517028125 0.2507389875 0.74409833125 0.24993078125 0.7437742375 0.24534581093750002 0.7564718453125 0.25605390156249996 0.7603692718749999 0.2609829703125 0.7469272734375
5 0.3098590078125 0.6424459953125 0.29712738125 0.6377854578125 0.2899315984375 0.657555709375 0.29262523125 0.6584513109375 0.28953850000000003 0.6669320359375 0.27473822187499997 0.6614952921875 0.2696571015625 0.6754007343749999 0.28459038125 0.6806913421874999 0.27271579375 0.7131200609375 0.2827322984375 0.7168755124999999 0.2894512765625 0.6983467421875 0.287090590625 0.697404384375 0.3006728171875 0.660023565625 0.3031317859375 0.660860359375 0.3098590078125 0.6424459953125
13 0.255098509375 0.818710940625 0.2539647125 0.8183814125 0.2557509484375 0.8135377296874999 0.25375289218749997 0.8128371015625 0.2466455125 0.8325015203125 0.2550308015625 0.8355535156249999 0.260087603125 0.8217240234375 0.25473309843749997 0.8197468750000001 0.255098509375 0.818710940625
12 0.25546886875 0.7144099953125 0.268884146875 0.7194124765625001 0.2831078671875 0.68047931875 0.2696099171875 0.6756080359375 0.25546886875 0.7144099953125
10 0.5543961656249999 0.7969670109375 0.5564657515625 0.7977452203125 0.5634178765625 0.7785347687499999 0.561343465625 0.7778246390625 0.5543961656249999 0.7969670109375
10 0.539659346875 0.7560464078125 0.5530910625 0.760990025 0.5544554015625 0.75724153125 0.5410248796875 0.7523266171875 0.539659346875 0.7560464078125
10 0.46303238281250003 1 0.46346503125 0.9988113078125 0.450034509375 0.9938963921875 0.4486700453125 0.9976132468750001 0.4551526265625 1 0.46303238281250003 1
10 0.5246865015625 0.8985257624999999 0.5271073984375 0.8994534546875 0.529476146875 0.8929727828124999 0.5270477687499999 0.8920656453125 0.5246865015625 0.8985257624999999
2 0.5947253390625 0.6542803421875 0.58863389375 0.6710621359375 0.5877984484375001 0.670758059375 0.58151789375 0.6878218687500001 0.5823362640624999 0.6880814875000001 0.5805064734375 0.6930539765625 0.599398084375 0.7002059828125 0.6032372609375 0.6896579328125 0.6002607640625001 0.688730878125 0.6112732671875001 0.658510821875 0.5944844078125 0.6523885359375 0.5938974671875 0.6540970781250001 0.5947253390625 0.6542803421875
8 0.6241050640625 0.7118972765625 0.6051312734375001 0.7050213109375 0.609706315625 0.69248803125 0.603948571875 0.690362453125 0.5792870953125 0.757963978125 0.5850453625 0.7601246640625 0.5897027640625 0.7471640953125 0.6087106984374999 0.7541472671875 0.6106198515625 0.74894759375 0.6097065875000001 0.74861519375 0.6215302984375 0.7162394578125 0.62241809375 0.7164727984375 0.6241050640625 0.7118972765625
8 0.49466364374999994 1 0.4988226171875 0.98842646875 0.517830015625 0.9954111078125001 0.5195894390625 0.9904994703125001 0.518835034375 0.990160040625 0.530579928125 0.9579734421874999 0.53142740625 0.95821705 0.5332249171875 0.9531596484374999 0.5142491234375 0.9462846171875 0.51882616875 0.9337504046875 0.5131849640625 0.931629 0.4884049453125 0.999227284375 0.4904642625 1 0.49466364374999994 1
12 0.51975741875 0.810603159375 0.533172696875 0.8156056421875 0.547396415625 0.7766724843749999 0.5338984671875 0.7718012015625 0.51975741875 0.810603159375
2 0.5858496890625 0.7600299875000001 0.5890079375 0.7611794953125 0.5883444578125 0.7630480734375 0.5851947171874999 0.7620213828125 0.5784555874999999 0.780527853125 0.5965964046875001 0.7873168015625 0.598455184375 0.782278375 0.5976394843749999 0.7820114140625 0.60549045 0.7604410640625 0.6062642281249999 0.760722696875 0.6080828140625 0.7557261750000001 0.5898743953125 0.7491138171875 0.5858496890625 0.7600299875000001
11 0.5715693984375 0.682499890625 0.5814202640625 0.6861667890625001 0.58625418125 0.6730775859375 0.5762556531249999 0.669478325 0.5715693984375 0.682499890625
5 0.4732268109375 1 0.4740853109375 0.99763689375 0.4765441453125 0.9984786265625001 0.48327096718749996 0.9800607921875001 0.47054134375 0.9753993203125001 0.4633455609375 0.9951695734375001 0.466038125 0.9960681093750001 0.464607034375 1 0.4732268109375 1
13 0.5289456609375 0.8969931796875 0.5342901343750001 0.8990298624999999 0.5381780984375 0.88827010625 0.5328801875 0.8863202078124999 0.5289456609375 0.8969931796875
2 0.5632044140625 0.876351453125 0.5639914078125 0.8766378953125 0.5670658484375 0.8681909390625 0.5487911046875 0.861509546875 0.5341031640625 0.9020196578125 0.552325859375 0.9086521765625 0.5561277828125 0.8981288125000001 0.5553700046875 0.8979128640624999 0.5632044140625 0.876351453125
7 0.497172228125 0.9726130234375001 0.498038253125 0.9728833359375001 0.5085093656249999 0.9442786562500001 0.4958220203125 0.9397522921875 0.4935651140625 0.9458662921875 0.4858699125 0.9430654671875001 0.49076109062500006 0.9295448296875 0.480074884375 0.925678646875 0.47535201562499996 0.938375946875 0.476210953125 0.9386885749999999 0.46834288593749995 0.9603059093749999 0.467564703125 0.9600226749999999 0.4663729609375 0.9633517812499999 0.47655366250000003 0.9671038125000001 0.4741966390625 0.9736619140625 0.4945981 0.9797721812500001 0.497172228125 0.9726130234375001
13 0.610334465625 0.6732604953125 0.6092017390625 0.67292803125 0.6109879734375 0.6680843484375 0.6089899171875001 0.6673837203125 0.6018825375 0.6870481374999999 0.6102678265625 0.6901001328125 0.615325028125 0.6762741125 0.6099685203125 0.6742978984375 0.610334465625 0.6732604953125
10 0.4710575640625 0.9740358375 0.472365528125 0.974503584375 0.47423216718749994 0.9695212265625001 0.4728988703125 0.9689494812499999 0.4710575640625 0.9740358375
4 0.5421369687500001 0.749307725 0.5529657171875 0.753275671875 0.5625822375 0.7268225203124999 0.5517261109375 0.7228978171875 0.5421369687500001 0.749307725
10 0.5620027375000001 0.7322750203124999 0.563365290625 0.73277095 0.5651271375 0.7277886953125 0.5638086046875 0.727400240625 0.5620027375000001 0.7322750203124999
13 0.6102919765625 0.6733863671875 0.6156393890625 0.67542411875 0.619524415625 0.66466329375 0.6142279734375 0.66271393125 0.6102919765625 0.6733863671875
13 0.5657441703125 0.7747838890625001 0.577396359375 0.7790249390625 0.5837662359375 0.7614598875 0.5721568859375 0.757261034375 0.5657441703125 0.7747838890625001
2 0.6350677375 0.6790867656249999 0.6359309890625 0.6792596265624999 0.6396735875 0.6689175296875 0.6214127171875 0.6622711156250001 0.6066886375 0.7026566671875 0.6249334703125 0.7093654171875 0.6280400937499999 0.7008802921874999 0.6272290468749999 0.7006782109375 0.6350677375 0.6790867656249999
13 0.557478090625 0.7975450125 0.569131746875 0.801786596875 0.575500290625 0.784216071875 0.563892409375 0.780017753125 0.557478090625 0.7975450125
4 0.4511202609375 0.9910092515625 0.4619475421875 0.9949766625 0.4715640625 0.9685235109375 0.46070793437499996 0.9645988093750001 0.4511202609375 0.9910092515625
10 0.52358194375 0.8497452171875001 0.5299663578125 0.8521454421874999 0.531749165625 0.8471558515625001 0.5253387 0.8448226328124999 0.52358194375 0.8497452171875001
2 0.5441547812499999 0.9206996828125 0.5450180312499999 0.92087254375 0.54876103125 0.9105339171875 0.5304986921875 0.90388696875 0.5157786171875001 0.944270653125 0.5340234500000001 0.950979403125 0.5371280703125 0.9424952125000001 0.536317559375 0.9422916625 0.5441547812499999 0.9206996828125
10 0.5623790375 0.774892628125 0.5644920171875001 0.7756384125 0.5714700390624999 0.756439046875 0.5693937640625 0.755706625 0.5623790375 0.774892628125
5 0.5537398265625 0.7945399078125 0.551379140625 0.79359755 0.5649613671875 0.75621673125 0.5674203359375001 0.757053525 0.5741475578124999 0.7386391609375 0.56141593125 0.7339786234375001 0.5542201484375 0.753748875 0.55691378125 0.754644475 0.5538270484375001 0.7631252015625 0.5376755640625 0.7571933328125 0.539764434375 0.751422228125 0.5307575171875001 0.7482005125 0.5091859515625 0.80740394375 0.5182175375 0.810717778125 0.5326421140625001 0.771054603125 0.54887893125 0.7768845078125 0.53700434375 0.8093132265625 0.547020846875 0.813068678125 0.5537398265625 0.7945399078125
13 0.5193063625 0.915125815625 0.5246523062499999 0.91716303125 0.5285388015625 0.9064027421875 0.5232438265625 0.9044539125 0.5193063625 0.915125815625
2 0.5208574687499999 0.8570159328125 0.5201229234375 0.8567818359375 0.513959321875 0.8737984234375 0.51473721875 0.874146403125 0.508615328125 0.890957021875 0.5078272515625 0.8907283828124999 0.5072549015625001 0.8923008984375 0.5240446203125 0.8982289515625 0.53494025625 0.868215775 0.53787158125 0.8693126203125001 0.541714875 0.8588309171875 0.5226835359375 0.8519988546875 0.52139294375 0.8555447265625 0.5208574687499999 0.8570159328125
10 0.55710035625 0.7801628593750001 0.5587668421875 0.7807694109375001 0.5624293734375 0.7707889234375 0.5607289765625 0.7701933078125001 0.55710035625 0.7801628593750001
13 0.7020712734375001 0.45361509375000003 0.6998572281250001 0.45969813593750003 0.70523138125 0.46158931875000003 0.7134437515625 0.4389849015625 0.7028806078125001 0.4351734875 0.696858915625 0.4517179515625 0.7020712734375001 0.45361509375000003
2 0.6989222390625 0.4334401109375 0.69947440625 0.431955025 0.7077771953124999 0.4350052609375 0.7117854921875 0.4240565140625 0.690165625 0.4166248375 0.67736605625 0.451791365625 0.6937745375000001 0.4576521578125 0.70213803125 0.4345640046875 0.6989222390625 0.4334401109375
2 0.751958865625 0.3918928484375 0.7635734937499999 0.36007785625 0.7475502656249999 0.354245878125 0.7401789 0.37459904375 0.738044959375 0.373860596875 0.733840784375 0.385411475 0.751958865625 0.3918928484375
4 0.7250487796875 0.31521979375 0.71657875625 0.3383173921875 0.728484528125 0.3427388671875 0.7369011921874999 0.319513765625 0.7250487796875 0.31521979375
5 0.726589009375 0.2930934515625 0.7203874546875 0.3102508625 0.748518065625 0.320379825 0.738935175 0.34641622031249997 0.74659645 0.349282846875 0.761313146875 0.30904093125 0.7662894046875001 0.3107690015625 0.7718612984375001 0.2953278625 0.7592496875 0.290652809375 0.7546666171874999 0.30324469062500004 0.726589009375 0.2930934515625
2 0.7797269953125 0.1703696890625 0.7669435609375 0.20559696249999998 0.7882284078125 0.21376635781250003 0.7922652765625 0.20280306874999998 0.7839233250000001 0.199919821875 0.7844823140625 0.19838401249999998 0.7876611171875 0.19954100156250001 0.7957402796874999 0.1773254125 0.7925860046875 0.1762837671875 0.7930289359375 0.1749252015625 0.7797269953125 0.1703696890625
8 0.7378184375 0.431305271875 0.7514807921875 0.39336166875 0.732626925 0.38678209375 0.7375129 0.37370518750000004 0.7315271109375 0.37171276875000003 0.708468221875 0.435240146875 0.7141781609375 0.43741483593749997 0.718877665625 0.42427005937500006 0.7378184375 0.431305271875
10 0.677904696875 0.355822325 0.6755145625 0.36239830624999997 0.6779193078125 0.36332011875000003 0.6803161203125 0.3567349296875 0.677904696875 0.355822325
10 0.7457214109375 0.26368048593750004 0.743635784375 0.2693147609375 0.746578865625 0.2703793046875 0.7486869375 0.2646833625 0.7457214109375 0.26368048593750004
13 0.6726964703125 0.2860404578125 0.66000465625 0.3211165078125 0.6696159828125 0.3245050015625 0.6823866078124999 0.289710378125 0.6726964703125 0.2860404578125
10 0.719821075 0.3119485984375 0.7109255234375 0.33623816875 0.7153037359375001 0.3379464390625 0.724174678125 0.31336357656249997 0.719821075 0.3119485984375
2 0.8083456078125 0.18067460625 0.7952395265625001 0.2163314984375 0.813601875 0.22290011562499998 0.8265248921874999 0.1873944171875 0.8083456078125 0.18067460625
2 0.717396121875 0.2831279953125 0.7270079984375 0.28646015468749997 0.7426957546875 0.243404084375 0.7283522265625 0.2381834671875 0.7108033234375 0.28616569687500004 0.7157121859375 0.2878276671875 0.717396121875 0.2831279953125
10 0.7311914796875 0.2803523296875 0.7271757875 0.291481290625 0.74049303125 0.2966526125 0.7445852796875 0.28530875 0.7311914796875 0.2803523296875
10 0.7967994203125001 0.1764072890625 0.7951154734375 0.1811435390625 0.799741321875 0.1828338609375 0.801411509375 0.178130846875 0.7967994203125001 0.1764072890625
11 0.6444936875 0.33233819531250003 0.637886053125 0.350373740625 0.6465228484375001 0.35341085781250003 0.653087021875 0.335627203125 0.6444936875 0.33233819531250003
2 0.7868333843750001 0.296231221875 0.7984834296875001 0.2642778078125 0.7804471390625001 0.25748034531249997 0.7762034171875001 0.269139875 0.778301575 0.2699035421875 0.7707904421875 0.29025239531249997 0.7868333843750001 0.296231221875
10 0.7552514234375 0.2788916640625 0.75305435 0.284914371875 0.761259240625 0.2881285078125 0.7635032125000001 0.28196324375000004 0.7552514234375 0.2788916640625
7 0.6973527203125001 0.3004568703125 0.6978384796875 0.299177078125 0.6824825328124999 0.29352644843750003 0.6596790625 0.355991159375 0.6749647000000001 0.36150146875 0.6777647046874999 0.3538724796875 0.680999021875 0.35509623281249997 0.7003817609375 0.30155935 0.6973527203125001 0.3004568703125
8 0.799063496875 0.2627845875 0.812739790625 0.2251087765625 0.7937836890625001 0.21845374843749998 0.7987176109375 0.2053045015625 0.7928794781249999 0.20326273437500003 0.7697966218750001 0.2665818546875 0.7755213578125 0.268830103125 0.7801639078125 0.2559788625 0.799063496875 0.2627845875
7 0.7592831437500001 0.2505321828125 0.7626428109375001 0.24134268749999999 0.7633626734375001 0.24157144062499997 0.7607108515625 0.2487339140625 0.77381449375 0.2534916109375 0.7763987703125 0.24632284218749997 0.7770331875 0.24658534375 0.7882147421875 0.21620234218749998 0.766106896875 0.20806927968750003 0.7463504828125 0.26214856875 0.749850028125 0.263452228125 0.7466826015625 0.2721546640625 0.742532946875 0.27038491875 0.7390104359375 0.2799624328125 0.7522042812499999 0.2848560515625 0.764145296875 0.25214888593749996 0.7592831437500001 0.2505321828125
11 0.709854740625 0.33906590937500003 0.700767703125 0.363995790625 0.7069431328125 0.36617528906249996 0.715954828125 0.3414158578125 0.709854740625 0.33906590937500003
10 0.6488620296875001 0.322250453125 0.6460815125 0.3298898609375 0.65481730625 0.33310268593750003 0.657520334375 0.3256761765625 0.6488620296875001 0.322250453125
10 0.6515499296875 0.3443959296875 0.6487232281249999 0.352025178125 0.6588851609375 0.35559578593749996 0.6654560546875 0.3376566125 0.6649214640625 0.337485315625 0.668997765625 0.326345159375 0.659278284375 0.323043671875 0.65442983125 0.33653829062499996 0.65347438125 0.3362121515625 0.6506689421875 0.3441667296875 0.6515499296875 0.3443959296875
10 0.74527875 0.2853998640625 0.7411228328125 0.296722215625 0.754578834375 0.3016996125 0.7586520796875 0.2905084609375 0.74527875 0.2853998640625
13 0.7278794640624999 0.3547533609375 0.718776065625 0.3794860671875 0.7267047234375 0.3823718625 0.7357599546875 0.35755677656249996 0.7278794640624999 0.3547533609375
2 0.6853354109375001 0.22247009218749997 0.663955428125 0.28115629375 0.6829858984375 0.288219165625 0.7044020546875001 0.22954779374999998 0.6853354109375001 0.22247009218749997