0 0.19359960468749998 0 0 0.3799606203125 0 0.8064003953125001 0.3799606203125 1 0.8064003953125001 1 1 0.6200393796875 1 0.19359960468749998 0.6200393796875 0 0.19359960468749998 0
2 0.40799143281249994 0.5537709125 0.44003598593750004 0.5697775140625 0.4374500421875 0.5749869375000001 0.44801407187500003 0.5802731296875 0.5114721796875 0.45524774375000004 0.46075332187500007 0.43037846249999995 0.397704975 0.5537116921874999 0.4056894328125 0.5578448609375 0.40799143281249994 0.5537709125
2 0.46115589687499997 0.5804106296875 0.4921372875 0.5965489171875 0.4895460140625 0.6017240609375001 0.5072868234375 0.609930478125 0.57009481875 0.48539629843750004 0.5133903156249999 0.45691075468750003 0.450862509375 0.5809879546875 0.45871213125 0.58511730625 0.46115589687499997 0.5804106296875
8 0.4005023875 0.353483078125 0.31961663906250004 0.513827246875 0.3329306703125 0.5206444046875001 0.3350974203125 0.5164366593749999 0.3856742984375 0.54233488125 0.383025096875 0.547224478125 0.3934847453125 0.552361034375 0.45842664843750003 0.4244476265625 0.537446809375 0.4633671265625 0.5535706 0.4312577765625 0.4005023875 0.353483078125
10 0.5238084046875 0.29207437812500003 0.45114740624999994 0.255342853125 0.444240040625 0.269033546875 0.516956728125 0.305793446875 0.5238084046875 0.29207437812500003
7 0.5145770187500001 0.308873821875 0.442185846875 0.27259017343749997 0.4005023875 0.353483078125 0.4735403265625 0.3904522578125 0.5145770187500001 0.308873821875
10 0.5260578921875 0.2927084875 0.5026810734375 0.3391215421875 0.5239515406249999 0.34962093437499997 0.5475041546875 0.30352367187499996 0.5260578921875 0.2927084875
6 0.5361806265625 0.3555731375 0.508889725 0.408449646875 0.5315421734375 0.41999164687499996 0.5820927421875 0.32131403281250004 0.5493399453125 0.30507984062500004 0.526813084375 0.350726484375 0.5361806265625 0.3555731375
9 0.531720575 0.35764613437500004 0.501062990625 0.342025315625 0.477579621875 0.38848228281249997 0.5083661187499999 0.40396711874999996 0.531720575 0.35764613437500004
10 0.5741213187499999 0.3919572296875 0.5538787640625 0.3816431328125 0.53558495625 0.41774637343750004 0.5556048171875 0.4282153078125 0.5741213187499999 0.3919572296875
13 0.60603800625 0.4150500015625 0.5735382109375 0.3987185015625 0.5397211093750001 0.46524317656249997 0.5720505921875 0.48173340781249996 0.60603800625 0.4150500015625