0 0.44303219687500006 0 0 0.1022820421875 0 0.5569678031249999 0.1022820421875 1 0.5569678031249999 1 1 0.8977179578125 1 0.44303219687500006 0.8977179578125 0 0.44303219687500006 0
11 0.73621151875 0.648356975 0.7756741625 0.6387491890625 0.7623466796875 0.580278303125 0.723356453125 0.58964713125 0.73621151875 0.648356975
8 0.63495639375 0.47810204843750004 0.6200710078125 0.41412646718749996 0.5422390421875 0.4327224 0.545664625 0.44756022968750003 0.478944603125 0.46263021093749995 0.46578314218749994 0.40614955 0.426309075 0.41508966718750007 0.43908459375 0.47103081874999997 0.3005642890625 0.5028375625 0.3483593578125 0.709860753125 0.4778446578125 0.6794487515625 0.4531157375 0.5735376796875 0.542333284375 0.5520245312500001 0.5305117796875 0.502327240625 0.63495639375 0.47810204843750004
7 0.542333284375 0.5520245312500001 0.4531157375 0.5735376796875 0.484922934375 0.708156321875 0.5732906875 0.68775501875 0.542333284375 0.5520245312500001
2 0.3149385859375 0.49450774375 0.43479828437499995 0.4668359515625 0.39460505 0.2953654984375 0.2750716171875 0.3228737671875 0.3149385859375 0.49450774375
3 0.44868229218750005 0.28346289062499996 0.3982877609375 0.2946676203125 0.41392377343750003 0.3615680609375 0.4636579703125 0.3499064140625 0.44868229218750005 0.28346289062499996
10 0.46516839218749995 0.3548720359375 0.4148864296875 0.36630735312499996 0.4251803265625 0.4101032796875 0.47517555156249996 0.398217803125 0.46516839218749995 0.3548720359375
13 0.524048365625 0.2655773703125 0.452189753125 0.28226986875 0.46700304687500005 0.34926724062500003 0.538863503125 0.33226321875 0.524048365625 0.2655773703125
13 0.4814675234375 0.456860103125 0.5412713671875 0.44313828749999995 0.51798731875 0.34254793437500003 0.468377921875 0.3537429875 0.47941259687500004 0.402852203125 0.4693146171875 0.4050119203125 0.4814675234375 0.456860103125
10 0.548699265625 0.3525631265625 0.5603688703125 0.34986898593750004 0.5403205703125 0.2617244203125 0.5270402109375001 0.26479043281250003 0.54371840625 0.336496796875 0.5213908265625 0.34182150624999996 0.5410669703125001 0.42782619375 0.5645425734375 0.4219798671875 0.548699265625 0.3525631265625
6 0.5692311812499999 0.42629192656250003 0.6200710078125 0.41412646718749996 0.6042458625 0.3447953359375 0.5530838218749999 0.3566070234375 0.5692311812499999 0.42629192656250003
2 0.5679025281250001 0.6470167203125 0.6685284890625 0.623775765625 0.6356486546875 0.483059315625 0.5352535406250001 0.506445821875 0.5679025281250001 0.6470167203125
2 0.7214864359375001 0.4046128765625 0.6266764421875 0.4260813453125 0.6663728265625 0.59700421875 0.760659209375 0.575608528125 0.7214864359375001 0.4046128765625
1 0.691746290625 0.6736723687499999 0.688393815625 0.6591512093749999 0.7332904703125 0.6485406499999999 0.7197431796875 0.5902359703125 0.6673988843750001 0.6021987281250001 0.6726613109375 0.6272571874999999 0.568715478125 0.6513784499999999 0.5797448281250001 0.6999019796875 0.691746290625 0.6736723687499999
10 0.47550818125000005 0.6851790249999999 0.47196238749999997 0.6859976359375 0.47745425937499997 0.7100008718749999 0.48122173906250004 0.70905891875 0.47550818125000005 0.6851790249999999
1 0.479208509375 0.73486700625 0.468116290625 0.6865921171875 0.3463359953125 0.7150857640625 0.357451834375 0.76297675 0.479208509375 0.73486700625
10 0.3477556890625 0.7653002718749999 0.35394562500000004 0.763786221875 0.342846540625 0.7159747546874999 0.3368309609375 0.7171951828124999 0.3477556890625 0.7653002718749999
1 0.3080389359375 0.7191149328125 0.34508709843749996 0.7102040875 0.297365703125 0.5032777453125 0.2598067828125 0.5119489046875 0.3080389359375 0.7191149328125