0 0.3982734375 0 0 0.16905781250000002 0 0.6017265625 0.16905781250000002 1 0.6017265625 1 1 0.8309421875 1 0.3982734375 0.8309421875 0 0.3982734375 0
7 0.3069546875 0.4425265625 0.26011562499999996 0.462184375 0.301309375 0.5596578125 0.397875 0.5186375 0.3698578125 0.45242812499999996 0.320365625 0.47315781250000005 0.3069546875 0.4425265625
2 0.6948421875 0.4447765625 0.633015625 0.4705421875 0.66179375 0.537978125 0.676678125 0.532153125 0.6867125 0.5569734375000001 0.734278125 0.5372796875 0.6948421875 0.4447765625
8 0.451765625 0.5372171875 0.497525 0.6452718749999999 0.603525 0.6004296874999999 0.5580296875 0.49400000000000005 0.6917718749999999 0.437759375 0.67900625 0.40667968749999994 0.690475 0.4017375 0.6436296875 0.292634375 0.5965171875 0.3130109375 0.64423125 0.424278125 0.4016484375 0.5273296875 0.40080625000000003 0.5251703125 0.304115625 0.5669984375 0.3058828125 0.570796875 0.26173125 0.5900765625 0.2717515625 0.61355625 0.451765625 0.5372171875
2 0.25531875 0.7365296875 0.3323109375 0.7037546875 0.3428734375 0.727915625 0.397440625 0.7039796875000001 0.34835625000000003 0.5891734375000001 0.26976875 0.622471875 0.256959375 0.5926046875 0.20350000000000001 0.6147203125 0.25531875 0.7365296875
2 0.64290625 0.5462328125 0.6571828125 0.5403687500000001 0.6282890625 0.472603125 0.566059375 0.49909218749999995 0.6082359375 0.598275 0.6561874999999999 0.5777015624999999 0.64290625 0.5462328125
1 0.3665625 0.4452546875 0.347815625 0.40034375000000005 0.3032828125 0.41955625 0.3218140625 0.463934375 0.3665625 0.4452546875
13 0.49359062500000006 0.42384374999999996 0.5141890625000001 0.4724234375 0.5387828125 0.46136406250000006 0.5184593750000001 0.41291874999999995 0.49359062500000006 0.42384374999999996
1 0.68660625 0.41187031249999995 0.741928125 0.5420515625 0.6901375 0.56375625 0.6958890625 0.577978125 0.8498281249999999 0.5119515625 0.751109375 0.2790765625 0.6793578124999999 0.3088828125 0.66791875 0.282553125 0.6490421875 0.291321875 0.6980609375 0.40672968750000005 0.68660625 0.41187031249999995
13 0.22134218749999998 0.49425625 0.1631296875 0.5197515625 0.200315625 0.6077281250000001 0.22248125000000002 0.5980109375 0.2032140625 0.5520578125 0.2400390625 0.5368593749999999 0.22134218749999998 0.49425625
6 0.40578906249999996 0.52521875 0.4696234375 0.49784531249999997 0.44507031250000006 0.44105 0.3819296875 0.46798124999999996 0.40578906249999996 0.52521875
10 0.22988749999999997 0.5014984375 0.2648140625 0.48620937499999994 0.255653125 0.4644234375 0.22061875 0.479528125 0.22988749999999997 0.5014984375
1 0.44957812500000005 0.5461765625 0.353565625 0.586746875 0.40233281249999997 0.702459375 0.41962031250000004 0.6953734375 0.41332031249999995 0.681046875 0.49354062499999996 0.6480453125000001 0.44957812500000005 0.5461765625
2 0.5216203125 0.407115625 0.5434015624999999 0.4590953125 0.636471875 0.41958906249999994 0.5923828125 0.3150484375 0.53563125 0.33966562499999997 0.5578890624999999 0.39144843749999997 0.5216203125 0.407115625
1 0.3382234375 0.7296437499999999 0.330603125 0.7124671874999999 0.25837187500000003 0.7434499999999999 0.2653421875 0.7606078125 0.3382234375 0.7296437499999999
3 0.24708281250000003 0.5416421875 0.21104531249999997 0.5574046874999999 0.23044375 0.6029 0.2569546875 0.5923890625 0.2538671875 0.58490625 0.298540625 0.5662828125 0.2674609375 0.49308125 0.2332296875 0.5079765625 0.24708281250000003 0.5416421875
13 0.49989531249999997 0.357115625 0.5189890625 0.4008625 0.5500296875 0.3867875 0.53100625 0.3436734375 0.49989531249999997 0.357115625