6 0.4246078125 0.1591921875 0.4246078125 0.1628953125 0.44106249999999997 0.1627171875 0.44095781250000005 0.15908125 0.455115625 0.1593453125 0.455115625 0.105103125 0.4198515625 0.10511718750000001 0.4199390625 0.1592375 0.4246078125 0.1591921875
10 0.46778593749999997 0.05736875 0.45941093750000006 0.057328124999999994 0.45941093750000006 0.0677171875 0.467803125 0.0677171875 0.46778593749999997 0.05736875
1 0.574915625 1 0.574840625 0.8979921875000001 0.5616656250000001 0.897903125 0.561678125 1 0.574915625 1
2 0.5538578125 0.8964437500000001 0.5538578125 0.8720828125000001 0.551528125 0.8721125000000001 0.5515531250000001 0.8306859375 0.5539203125000001 0.830603125 0.553871875 0.8143968750000001 0.522896875 0.8143968750000001 0.5227859375 0.89646875 0.5538578125 0.8964437500000001
7 0.505290625 1 0.505459375 0.88308125 0.47610625000000006 0.8831234374999999 0.47610625000000006 0.9029359375 0.441196875 0.9037375000000001 0.4412453125 1 0.505290625 1
1 0.435925 1 0.435884375 0.8344109375000001 0.42274375 0.8342671875000001 0.42276875 1 0.435925 1
2 0.5538765625 0.8112703124999999 0.553865625 0.8043828124999999 0.5515625 0.8044109374999999 0.5515875 0.76315625 0.553865625 0.76315625 0.5539671875 0.7291015625 0.5228859375 0.7294343750000001 0.5228234375 0.811528125 0.5538765625 0.8112703124999999
9 0.47483125 0.8998078125 0.47488906249999996 0.8342031249999999 0.43879531250000003 0.8342203125 0.43877499999999997 0.8508093750000001 0.43926718749999993 0.8508125 0.4392828125 0.87579375 0.43874218750000005 0.87579375 0.43871093749999995 0.8999484375 0.47483125 0.8998078125
1 0.5699484375 0.7293953125 0.5567515625 0.7295453125 0.556771875 0.8913078125 0.5699640625 0.8912046874999999 0.5699484375 0.7293953125
6 0.5038671875 0.8245234375000001 0.50519375 0.8244859375000001 0.50523125 0.7776609375 0.4898953125 0.7774953124999999 0.4898953125 0.7489640625 0.47361250000000005 0.7490640625 0.47361250000000005 0.7745546875 0.476259375 0.7745875 0.476228125 0.790290625 0.4749734375 0.790290625 0.4749875 0.8272140625000001 0.476259375 0.8272078125 0.4762453125 0.8362265624999999 0.5038484375000001 0.8355109374999999 0.5038671875 0.8245234375000001
0 0.21875 0 0.21875 1 0.78125 1 0.78125 0 0.21875 0
12 0.4761515625 0.8374234375 0.476178125 0.8799109375 0.50546875 0.8799484375000001 0.505521875 0.8392328125 0.477625 0.8392671875 0.477625 0.837365625 0.4761515625 0.8374234375
8 0.55638125 1 0.5564171875 0.9135484375 0.5587390625 0.9134484374999999 0.5587390625 0.9025734375000001 0.51994375 0.902846875 0.51985 0.777753125 0.5056140625000001 0.777484375 0.505290625 1 0.55638125 1
10 0.47336718749999995 0.8271609375000001 0.47347968749999997 0.7810234375 0.436165625 0.780690625 0.436165625 0.8269953125 0.47336718749999995 0.8271609375000001
13 0.5199453125 0.7735125 0.5199453125 0.7299328125 0.491725 0.7300546875 0.4916703125 0.7734328125000001 0.5199453125 0.7735125
7 0.45943125 0 0.45942343750000003 0.0537578125 0.46932656250000004 0.0537109375 0.4693484375 0.0711734375 0.5113703125 0.07116249999999999 0.5112453125 0 0.45943125 0
5 0.41111875 0.30093437500000003 0.431309375 0.30045 0.43130781249999994 0.2116796875 0.4478546875 0.2116796875 0.4479421875 0.166378125 0.41103281249999996 0.16647343750000002 0.41111875 0.30093437500000003
10 0.45965156250000005 0.1664625 0.4483390625 0.16633124999999999 0.4483703125 0.21164062499999997 0.45956093750000004 0.211840625 0.45965156250000005 0.1664625
10 0.504809375 0.22367187500000002 0.4964140625 0.22367187500000002 0.4964140625 0.23671406250000002 0.504809375 0.23698281250000003 0.504809375 0.22367187500000002
2 0.3950921875 0 0.395034375 0.0323046875 0.392615625 0.0323875 0.392615625 0.0646390625 0.416909375 0.065971875 0.41681875 0 0.3950921875 0
11 0.568865625 0.2401421875 0.568803125 0.19012656249999998 0.5557828125000001 0.19012656249999998 0.5558140625 0.24007499999999998 0.568865625 0.2401421875
3 0.4893078125 0.11122812500000001 0.4893078125 0.154896875 0.47638749999999996 0.1550375 0.4762578125 0.182765625 0.5064078125 0.1831953125 0.506425 0.15535625 0.500171875 0.1554703125 0.500171875 0.152453125 0.50525 0.1523109375 0.50525 0.11108124999999999 0.4893078125 0.11122812500000001
10 0.48726875 0.138634375 0.48726875 0.1103328125 0.467684375 0.11026406250000001 0.4676265625 0.1251734375 0.4659140625 0.1251734375 0.4659234375 0.130671875 0.476378125 0.1304984375 0.476378125 0.1384984375 0.48726875 0.138634375
10 0.462496875 0.23684687499999998 0.4685265625 0.23684687499999998 0.46845468749999997 0.183446875 0.47473593750000004 0.183446875 0.47473593750000004 0.16246875 0.46228125000000003 0.162390625 0.462496875 0.23684687499999998
10 0.40818281250000005 0.1664421875 0.398175 0.1663453125 0.398175 0.20022812499999998 0.4080953125 0.20013125 0.40818281250000005 0.1664421875
1 0.5556625000000001 0 0.5556390625 0.1871390625 0.56899375 0.1868484375 0.5689703125000001 0 0.5556625000000001 0
13 0.47025937500000003 0.18731875 0.470221875 0.23636718750000002 0.49470000000000003 0.236525 0.49470000000000003 0.22006874999999998 0.504446875 0.219746875 0.504446875 0.187396875 0.47025937500000003 0.18731875
8 0.5112578125 0 0.5113578125 0.07118125 0.39268437500000003 0.0714609375 0.39268437500000003 0.0754078125 0.3950703125 0.0754078125 0.3950703125 0.100278125 0.3920640625 0.1003453125 0.39209375 0.1051953125 0.5505125 0.1044328125 0.5505125 0 0.5112578125 0
10 0.487528125 0.15124375 0.48750937499999997 0.142184375 0.4763515625 0.14223125 0.4763515625 0.151196875 0.487528125 0.15124375
10 0.3967359375 0.166378125 0.37667968749999997 0.16647343750000002 0.37667968749999997 0.20016093750000002 0.3967359375 0.20016093750000002 0.3967359375 0.166378125
4 0.4595734375 0.288640625 0.4595734375 0.218296875 0.4342671875 0.21837499999999999 0.434303125 0.288640625 0.4595734375 0.288640625
13 0.4180765625 0.15362499999999998 0.41801562499999995 0.1092546875 0.395271875 0.109121875 0.395453125 0.1534890625 0.4180765625 0.15362499999999998
12 0.4080859375 0.30093437500000003 0.40812968749999995 0.2008375 0.3765046875 0.20103125 0.376721875 0.30093437500000003 0.4080859375 0.30093437500000003
2 0.5528062499999999 0.125771875 0.5528062499999999 0.1112203125 0.5064609375 0.1113609375 0.506365625 0.23681875 0.54660625 0.236746875 0.5466359375 0.24201718749999998 0.5527765625 0.24201718749999998 0.55274375 0.17543906250000002 0.55054375 0.175303125 0.5505125 0.1259078125 0.5528062499999999 0.125771875
2 0.41986718749999996 0 0.419815625 0.06482656249999999 0.4562640625 0.06482656249999999 0.4564203125 0 0.41986718749999996 0
12 0.46396875 0.15929218750000002 0.46394375 0.1561578125 0.47492343750000005 0.15621093749999998 0.4748875 0.13055624999999998 0.46592031250000004 0.13065312499999998 0.46592031250000004 0.105003125 0.4565203125 0.1050984375 0.4564859375 0.15906718749999998 0.46396875 0.15929218750000002
1 0.3764984375 0 0.3765 0.1589984375 0.38928124999999997 0.15908125 0.389259375 0.09986874999999999 0.38990468749999996 0.09986874999999999 0.389890625 0 0.3764984375 0