0 0.39372172031249997 0 0 0.175296203125 0 0.6062782796875 0.175296203125 1 0.6062782796875 1 1 0.824703796875 1 0.39372172031249997 0.824703796875 0 0.39372172031249997 0
2 0.41410072500000006 0.6172570359375 0.41650213125 0.6225162265625 0.424247021875 0.6191517875 0.3863487 0.5340307625 0.3140286734375 0.5663870656250001 0.351805459375 0.6514886578125 0.3676928484375 0.644331328125 0.36527975625 0.638911434375 0.41410072500000006 0.6172570359375
2 0.443374671875 0.61059798125 0.44094429531249996 0.605189203125 0.4816934 0.587140603125 0.4841045859375 0.5925562156249999 0.4919125453125 0.5890798875 0.453986390625 0.5040961109375 0.3896578296875 0.5326583546875 0.4275718234375 0.617726221875 0.443374671875 0.61059798125
8 0.3425697890625 0.509025425 0.35703581406249996 0.5413092046875 0.45518955937500005 0.4977708265625 0.49525139375 0.5875437359375 0.5057100625000001 0.5828872359374999 0.5032917593749999 0.5775055796874999 0.5680892125 0.548594321875 0.5705282359375 0.554122396875 0.5862747796875001 0.5470175140625 0.5259381921874999 0.41188347500000005 0.4122532203125 0.46257625312500006 0.41051668125 0.45872970312500005 0.42158089062500004 0.4535624375 0.409957090625 0.4274088546875 0.36926134374999997 0.445780903125 0.38072899531250004 0.4718757296875 0.3920325984375 0.466938821875 0.3937818484375 0.47081392031249997 0.33620679062500003 0.496501009375 0.34187304375 0.5093236625 0.3425697890625 0.509025425
1 0.3552671140625 0.6594211640625 0.3740972953125 0.7015070015625 0.612378903125 0.59554889375 0.593538325 0.5533359859375 0.3552671140625 0.6594211640625
1 0.59787378125 0.5471657125 0.6186104859375 0.5932071375 0.65633665 0.5760289546874999 0.636135690625 0.5299730578124999 0.59787378125 0.5471657125
6 0.3066277703125 0.4302306296875 0.3358624765625 0.49594279375 0.3787180625 0.47685541562499995 0.363581503125 0.4427390578125 0.36632355625 0.44150282343749997 0.3521949609375 0.4096811234375 0.3500243328125 0.4106372875 0.347218484375 0.4043352515625 0.318094921875 0.4172711109375 0.3209706765625 0.42373016249999995 0.3066277703125 0.4302306296875
7 0.43851306250000005 0.44556707968750003 0.45853495000000005 0.43667841718749995 0.46044851875 0.4409763625 0.5259574796875001 0.4117808171875 0.49082294531250004 0.3329326640625 0.469727475 0.3422873453125 0.4721644796875 0.3476418609375 0.43150830156250003 0.365630271875 0.4290787265625 0.360234821875 0.40129892968750003 0.3727160671875 0.42084850625000003 0.4168709953125 0.42493377812500005 0.41506750937500003 0.43851306250000005 0.44556707968750003
2 0.6815655203125 0.50462041875 0.6282376859375 0.3845214515625 0.545831325 0.42199789687499994 0.545976890625 0.42237094218750004 0.536716115625 0.42645647656249996 0.589386896875 0.5452026062499999 0.5956169078125 0.54239633125 0.59340400625 0.537426071875 0.62587345 0.5230313171875001 0.6282623921875 0.5283969703125 0.6815655203125 0.50462041875
13 0.272726253125 0.4737662875 0.310286 0.558372721875 0.352086803125 0.5401124312500001 0.3142225125 0.454871921875 0.272726253125 0.4737662875
10 0.2692468875 0.46713470468749996 0.270108534375 0.4691199359375 0.3122572984375 0.4504464578125 0.3037275265625 0.43143809375000003 0.28033009531249997 0.4417920171875 0.28802026718749996 0.45880704375 0.2692468875 0.46713470468749996
10 0.38121725156249997 0.4252526078125 0.3432692859375 0.34039655625 0.3303057984375 0.34613064531250004 0.3575628734375 0.40735103749999996 0.35507536875 0.40846367812500006 0.3657027609375 0.43228324999999995 0.38121725156249997 0.4252526078125
1 0.4144946265625 0.41027921093749997 0.3947679296875 0.3660184234375 0.582754834375 0.282603471875 0.5645993203125 0.24163343906249998 0.346074575 0.33906033281250003 0.3838922265625 0.42406163125 0.4144946265625 0.41027921093749997
3 0.49427791406250005 0.3313807296875 0.5242086671874999 0.398637034375 0.5336844515625 0.39437367343749996 0.5440438125 0.41735306406249995 0.5508084671875 0.4143070390625 0.5526551796875 0.4185047625 0.578150790625 0.40703195000000003 0.5384871234374999 0.3179266859375 0.5141649734375 0.32882744062499997 0.5117906890625 0.323556175 0.49427791406250005 0.3313807296875
13 0.5790141234374999 0.4016567109375 0.6205982421875 0.38295583906249997 0.5960097906249999 0.32780610625 0.5829447390625 0.3334964734375 0.5692916890624999 0.303004090625 0.5407542328125 0.3155507203125 0.5790141234374999 0.4016567109375
10 0.5687642187499999 0.2936061359375 0.584033684375 0.3276598984375 0.599687446875 0.320596325 0.5845262124999999 0.286593575 0.5687642187499999 0.2936061359375
11 0.6594502203125 0.5744939015625 0.7039100953124999 0.5547418484375 0.6834000359375 0.50860635625 0.6388518484375 0.5284404875 0.6594502203125 0.5744939015625