6 0.80301045625 0.363811325 0.8230107062500001 0.336430528125 0.8109487625 0.32766630625 0.79565563125 0.3486876671875 0.7963622296875 0.34915499375 0.7916710203124999 0.355612809375 0.80301045625 0.363811325
10 0.76388345625 0.392091603125 0.7829475343750001 0.36580799218750004 0.77372790625 0.35912938125 0.7546702828125 0.3853525390625 0.76388345625 0.392091603125
2 0.7925548250000001 0.3312586125 0.8260090015625 0.2852336734375 0.8092711375 0.2728806390625 0.7757407828125 0.3190127453125 0.7925548250000001 0.3312586125
13 0.7655599390625001 0.39239851406250004 0.7822603531250001 0.40455495468749997 0.8005729296874999 0.379382590625 0.783944365625 0.36689886875 0.7655599390625001 0.39239851406250004
10 0.8319315015625 0.3302923015625 0.836027521875 0.3333437171875 0.85906558125 0.301611509375 0.8552408765624999 0.298792275 0.837998425 0.3224555328125 0.8377534499999999 0.3222785015625 0.8319315015625 0.3302923015625
3 0.908841525 0.22687449843750002 0.90771326875 0.22841176718749998 0.9139449953125001 0.23297828125 0.9378465125 0.2000794984375 0.9314963609375001 0.1954666203125 0.9088999609374999 0.226548046875 0.908841525 0.22687449843750002
10 0.8058863468749999 0.3742200671875 0.7993478578125 0.3693807984375 0.801391896875 0.3665401421875 0.79008094375 0.35827835625 0.785620915625 0.364416328125 0.80353743125 0.377454275 0.8058863468749999 0.3742200671875
2 0.7537362671875 0.384730209375 0.7908857140625 0.3336113015625 0.77397561875 0.32146018125000003 0.7367658875 0.37262248750000004 0.7537362671875 0.384730209375
0 0.5156270203125 0 0 0.7096987984375 0 0.754762196875 0.220232653125 0.9147711609375 0.3566273078125 1 0.48437297968750004 1 1 0.2903012015625 1 0.245237803125 0.779767346875 0.08522883906249999 0.6433726921875 0 0.5156270203125 0
10 0.8252038875000001 0.309771540625 0.8385496796874999 0.3195093484375 0.8541827890624999 0.2979616015625 0.8408320328125001 0.288261225 0.8252038875000001 0.309771540625
8 0.8212202859375 0.3133219140625 0.8211030156250001 0.313241265625 0.8413872828125 0.285553375 0.843255815625 0.286844409375 0.8915157390624999 0.2202950296875 0.891854959375 0.2205217375 0.8948159453125 0.21644659531250002 0.8949719734375 0.21654777812499998 0.8966843109375 0.214190778125 0.8739427796875001 0.1972129078125 0.8740149765625 0.1970442953125 0.8714900234374999 0.19522332343749998 0.8715531078125001 0.195025065625 0.8678050953125 0.19229244375000001 0.8121099046875001 0.26893916875 0.8145056578125001 0.2706130765625 0.8146671296875001 0.270487353125 0.830193028125 0.28186381250000003 0.8151282640625 0.3025875234375 0.8149404328125 0.3024517296875 0.775103734375 0.357195915625 0.78444873125 0.3637888875 0.7907255828124999 0.3550588828125 0.7908549453125 0.355152615625 0.8212202859375 0.3133219140625
10 0.904269928125 0.22307450312500002 0.9079583109374999 0.22576986406250002 0.9212254484375 0.2074806734375 0.9175744968749999 0.20480501874999998 0.904269928125 0.22307450312500002
7 0.8430229859375 0.2872553453125 0.8639689125000001 0.3017551421875 0.912412834375 0.23509411406249997 0.9062273171875 0.2305214671875 0.9059881859375001 0.23085108281250002 0.891513590625 0.22033974843749998 0.8430229859375 0.2872553453125
2 0.876946821875 0.1930688625 0.8771152499999999 0.192929059375 0.90010734375 0.20961209374999998 0.9176374328125 0.18539711406249998 0.8924241593750001 0.167079240625 0.8747264703125 0.1914326984375 0.876946821875 0.1930688625
8 0.42515839843750003 0.8389559296875 0.38531424375 0.8936678203125 0.3946751515625 0.900359171875 0.4918170421875 0.7668310546875 0.49408740937499995 0.7684137171875001 0.5022337703125 0.7572756859374999 0.5020162906250001 0.757119521875 0.505055109375 0.7529198234375001 0.5052081546875 0.7530080875 0.507053803125 0.75046723125 0.4683711265625 0.7218221046875 0.41249592343749997 0.798700884375 0.421711246875 0.80539523125 0.4220012171875 0.8049960484375 0.4403619765625 0.8184553015624999 0.4253480515625 0.83909470625 0.42515839843750003 0.8389559296875
10 0.42313789843749994 0.8631507375 0.4343269515625 0.8714100515625001 0.4435477375 0.8586882156250001 0.432349753125 0.8505522937500001 0.42313789843749994 0.8631507375
2 0.363907196875 0.9212418671875 0.4010467078125 0.8701388609375 0.374511340625 0.8509911671875001 0.3373251296875 0.9021718562500001 0.33954432031250004 0.9037833421875 0.3396768046875 0.9036155515625 0.363907196875 0.9212418671875
1 0.48488018750000006 0.7227912796875 0.48547796875 0.7232293000000001 0.50394885625 0.697779996875 0.49495945625 0.6912047140625 0.47389206875 0.7201664984375 0.48229296875000005 0.726353778125 0.48488018750000006 0.7227912796875
13 0.5283832796875 0.7381316546875001 0.532977025 0.7414480234374999 0.5503254578125001 0.7175709343750001 0.538798525 0.7092626281250001 0.5065665015625 0.7536413078125 0.5134496703125 0.7586425265625001 0.5283832796875 0.7381316546875001
2 0.4864902984375 0.7288568 0.5101014015625001 0.7463006562500001 0.5583683015625 0.679973046875 0.533141109375 0.6615801484375 0.4849159515625 0.7279706906250001 0.48629470625 0.728972259375 0.4864902984375 0.7288568
10 0.5322900374999999 0.7751909671874999 0.5357510015625 0.77770184375 0.5405276625 0.7711426578125 0.5371066124999999 0.768603290625 0.5322900374999999 0.7751909671874999
10 0.4160915625 0.9107476234374999 0.40952359375 0.9059230968750001 0.41160754375 0.903039209375 0.40027357031250005 0.894805415625 0.39578803749999997 0.900945875 0.4137300578125 0.9139813359375 0.4160915625 0.9107476234374999
2 0.40274530000000003 0.8678009093749999 0.4361655265625 0.8217860765625 0.4098742609375 0.8023302984375 0.3762827984375 0.8485513499999999 0.40274530000000003 0.8678009093749999
1 0.448542303125 0.8709017390625 0.461254846875 0.8799398421875001 0.483444346875 0.8492913953125001 0.4710052203125 0.8399248328125 0.448542303125 0.8709017390625
10 0.517917490625 0.764935015625 0.5311205015625 0.774550440625 0.565151475 0.727723328125 0.5518946125 0.7178697390625 0.519040915625 0.7631017765625 0.5190565109375 0.763380521875 0.517917490625 0.764935015625
10 0.39307193125 0.90241770625 0.3838900609375 0.89568161875 0.36488080312500004 0.921927628125 0.3740856890625 0.9285914999999999 0.39307193125 0.90241770625
10 0.4421132 0.86683095625 0.447064225 0.87042769375 0.4701019546875 0.8386989640625 0.465429196875 0.8353055890625001 0.4481773109375 0.859031121875 0.44792521250000006 0.8588477984375 0.4421132 0.86683095625
10 0.43540264375 0.8463005875 0.448769134375 0.855990528125 0.46432606718749997 0.8345646875 0.45099750156249996 0.8248376437499999 0.43540264375 0.8463005875
3 0.5401382953125 0.7060924453124999 0.5667364671875 0.7255760203125 0.5855147125 0.6996849671875001 0.559031334375 0.68035971875 0.5401382953125 0.7060924453124999
13 0.3756601515625 0.9289673203125 0.392463084375 0.9410864859375 0.41076936562500005 0.9158917625 0.39412358125 0.9034709796874999 0.3756601515625 0.9289673203125
11 0.4968811140625 0.6885363203125 0.506096934375 0.69523281875 0.5291212546875 0.6635786218749999 0.5199315999999999 0.6568431984374999 0.4968811140625 0.6885363203125
10 0.5144804421875 0.75959063125 0.518171475 0.76227290625 0.53142585625 0.7439628484374999 0.52776745625 0.7413286 0.5144804421875 0.75959063125
6 0.4130975890625 0.900421703125 0.4331919046875 0.8729522890625001 0.42106553281250003 0.8641791296875001 0.40584858125 0.8851228062500001 0.40657986093750004 0.8856184515625 0.40180436249999996 0.89221705625 0.4130975890625 0.900421703125
7 0.4516310859375 0.8220516109375 0.48552449218750005 0.8464548781250001 0.5338321203125 0.7799647875 0.5029569375 0.7578049546875001 0.494816046875 0.76899615 0.49178574687500004 0.7669165203125 0.4516310859375 0.8220516109375
13 0.9032679765625 0.22214809375 0.9181919765625001 0.2016054234375 0.9227681671875001 0.2049292453125 0.930283740625 0.1945854453125 0.918791584375 0.186236225 0.8963872875 0.2170839375 0.9032679765625 0.22214809375
1 0.610879803125 0.1691090890625 0.6235931734375 0.1781458671875 0.6457813484375 0.14749659375 0.63334139375 0.13813135625 0.610879803125 0.1691090890625
3 0.16282367343749998 0.7738350953124999 0.1775899546875 0.7845637015625 0.202333403125 0.7505475359375 0.197334509375 0.746915359375 0.1912038734375 0.75531111875 0.181501078125 0.7482145171875 0.16282367343749998 0.7738350953124999
10 0.3107549984375 0.57471914375 0.31957859375000003 0.5811558140625 0.32414858125 0.5748654578125 0.3153387296875 0.5684097390625 0.3107549984375 0.57471914375
7 0.6139694125 0.1202576375 0.647860665625 0.1446614015625 0.696169121875 0.07816998593749999 0.6652944359374999 0.05601230625 0.6571543734375 0.06720217656250001 0.6541210937499999 0.06512436875 0.6139694125 0.1202576375
6 0.57543806875 0.1986272328125 0.5955302312499999 0.171158315625 0.583402203125 0.16238780625 0.5681869078124999 0.18332883125 0.5689190156249999 0.183823153125 0.5641435171875 0.19042175625 0.57543806875 0.1986272328125
10 0.67681876875 0.05779665625 0.6805084765625 0.0604781046875 0.6937641828125 0.0421688734375 0.6901079359375 0.0395341296875 0.67681876875 0.05779665625
13 0.53799798125 0.22717119375 0.5548014109375 0.2392925125 0.5731063671875 0.2140969609375 0.5564619078125 0.20167700625 0.53799798125 0.22717119375
2 0.5650844546875 0.1660056109375 0.59850435 0.11999425625 0.572213084375 0.10053847812500001 0.5386211249999999 0.1467573765625 0.5650844546875 0.1660056109375
10 0.5977393140625 0.1445092640625 0.6111066328125 0.1541978796875 0.6266643937499999 0.13277071406250002 0.613334503125 0.12304284218749999 0.5977393140625 0.1445092640625
10 0.6044510296875 0.1650348296875 0.6094033796875 0.16863239531250002 0.63244028125 0.136904990625 0.6277670265624999 0.1335094609375 0.6105148093749999 0.157238471875 0.6102627125 0.15705515 0.6044510296875 0.1650348296875
10 0.5554081046875 0.2006242296875 0.546227890625 0.1938854921875 0.5272191296875001 0.22013365468749999 0.536424015625 0.22679752656250002 0.5554081046875 0.2006242296875
10 0.681395665625 0.061585221875 0.6802558171875 0.0631410421875 0.69345833125 0.0727543140625 0.7141787765625 0.0442445515625 0.70014225625 0.035473560937499996 0.6813770890625 0.0613083 0.681395665625 0.061585221875
2 0.1246685984375 0.7461147671874999 0.15223804218749998 0.7661315609375 0.19652829375 0.705088746875 0.1890123984375 0.6996553078125001 0.1891319625 0.6994757593750001 0.1706529515625 0.686064215625 0.17068755156249998 0.6858997484375 0.169245353125 0.6847903640624999 0.1246685984375 0.7461147671874999
2 0.2300133109375 0.59948298125 0.24723182812500002 0.611948428125 0.2805697625 0.56618618125 0.254105771875 0.54695964375 0.2204623078125 0.5932255843750001 0.22968740312499997 0.5999278796875 0.2300133109375 0.59948298125
10 0.20286890781250003 0.7245422593749999 0.20879354375 0.7288689781250001 0.2159621734375 0.7189624593749999 0.1977177 0.70568273125 0.1942738140625 0.7104215765624999 0.206677290625 0.7193439374999999 0.20286890781250003 0.7245422593749999
10 0.32076649375 0.5815811921875 0.3255217375 0.5850371671875 0.3453441203125 0.5577994875 0.33046786093749997 0.5470316375000001 0.3166974484375 0.565940478125 0.3267851828125 0.573343946875 0.32076649375 0.5815811921875
11 0.11247739062499999 0.7400666375 0.12165827031250001 0.7468278984375 0.144803646875 0.7150006125 0.13560355625 0.70824945625 0.11247739062499999 0.7400666375
7 0.2275227578125 0.7029030671875 0.2412544828125 0.7129373078125 0.2808676125 0.658462446875 0.248055740625 0.63411224375 0.20813608593750002 0.6890864921875 0.20904178281250002 0.6897482421875 0.20062250937499998 0.7012905890625001 0.218961403125 0.7147140703125 0.2275227578125 0.7029030671875
10 0.20705122343750001 0.7505605078124999 0.21176025625 0.754007875 0.2195036984375 0.74334953125 0.21480394062500002 0.7399079609375 0.20705122343750001 0.7505605078124999
13 0.17403779375 0.738642609375 0.19202170937500002 0.751599228125 0.2067575765625 0.73123379375 0.1999782515625 0.726196128125 0.20369505000000002 0.7210824484375 0.1926880390625 0.7130419078125 0.17403779375 0.738642609375
1 0.16481740625000002 0.68685810625 0.1643256328125 0.686501065625 0.16691997187500002 0.6829153796874999 0.158497046875 0.6767456578125 0.137480175 0.705700315625 0.146427003125 0.712213990625 0.16481740625000002 0.68685810625
10 0.1701629265625 0.762496734375 0.17002379375 0.7623950546875 0.18070785 0.7476617359375 0.171478278125 0.7409105828125 0.15288054375 0.7666012125 0.16228054218750002 0.773324359375 0.1701629265625 0.762496734375
10 0.2497522078125 0.6320696015625 0.27694516875 0.6518898359375 0.3017455828125 0.6177766078125 0.2995598453125 0.61612338125 0.2994122921875 0.6163241328125 0.2747083375 0.5982526625 0.26248482968750003 0.6150751484375 0.26221882343749997 0.6149347234375 0.2497522078125 0.6320696015625
13 0.28727233750000003 0.6004784703125 0.30417099531249997 0.61253585 0.32249814374999997 0.587328371875 0.3058214140625 0.575181203125 0.28727233750000003 0.6004784703125
1 0.2154982734375 0.7367416484375 0.22100335625 0.7408080453125 0.2391312734375 0.7157542859375 0.22670344375 0.706770646875 0.199627803125 0.7439706687500001 0.2065628203125 0.7490540328125 0.2154982734375 0.7367416484375
2 0.3068948828125 0.5299395640625 0.3068080890625 0.5298779609375 0.31945935625 0.51252129375 0.2930515125 0.49331694531250003 0.2558467546875 0.5445302625 0.281902471875 0.5636435515625 0.29434010312500003 0.5465255703125 0.2946894296875 0.5467714906250001 0.3068948828125 0.5299395640625
6 0.3151234 0.56646035625 0.31492861250000004 0.5663239 0.329083390625 0.5468943 0.3194768359375 0.53991495 0.3196793671875 0.539623265625 0.3169677390625 0.537632215625 0.3025112359375 0.5575181406249999 0.30328326250000004 0.5580576734375 0.298071234375 0.5652605171875 0.30657945781249996 0.5714411609375001 0.30667318906249996 0.5713117999999999 0.3098876890625 0.57366866875 0.3151234 0.56646035625
10 0.2955893234375 0.5861453578125 0.2957771546875 0.5862811531250001 0.3049091828125 0.5737396921875 0.296576528125 0.567617165625 0.2774278078125 0.5938091937500001 0.2856544484375 0.5997622953125 0.2955893234375 0.5861453578125
8 0.162123925 0.6735361734375 0.173463365625 0.6817789109375 0.1736505109375 0.681671071875 0.199830265625 0.7006389296875 0.2081619296875 0.6891542296875001 0.2073956984375 0.688605421875 0.316874121875 0.53722180625 0.3078691453125 0.53055940625 0.2600455734375 0.59636625 0.26030413281250003 0.5965775625 0.24528009687500002 0.6171240515624999 0.22690775312499997 0.6037570515625 0.22706607031249998 0.603539075 0.21792791718750001 0.59674186875 0.162123925 0.6735361734375
8 0.5874958968749999 0.13716328125 0.5476530671875001 0.191876 0.55701265 0.1985665234375 0.65415536875 0.06503708124999999 0.6564244109375 0.066618915625 0.66456994375 0.055482209375 0.6643559421874999 0.0553263765625 0.6673921109375 0.051125021874999996 0.6675464812499999 0.0512141125 0.6693921296875 0.048673257812499995 0.6307094531249999 0.0200281296875 0.57483425 0.09690691093750001 0.5840500703125 0.10360340937500001 0.5843400421875 0.10320422656249999 0.6026978187500001 0.11666530312500001 0.5876877046875 0.137301559375 0.5874958968749999 0.13716328125
10 0.58547755 0.1613575921875 0.5966652781249999 0.1696160765625 0.6058852375 0.1568955671875 0.5946859265625 0.1487588171875 0.58547755 0.1613575921875
2 0.5262468484375 0.219448721875 0.563385034375 0.1683448875 0.5368475140625 0.149197690625 0.49966345624999997 0.20037788281250002 0.5018826468750001 0.2019893671875 0.50201380625 0.20182075 0.5262468484375 0.219448721875
1 0.64462996875 0.024558975 0.6472176859375 0.0209986296875 0.6478154671875 0.0214366515625 0.6571329671874999 0.0085983734375 0.6476494046875 0.0026723859374999997 0.6362303953125 0.0183725234375 0.64462996875 0.024558975
13 0.6757876656249999 0.056852031250000004 0.69072160625 0.03633768125 0.6953161796875 0.039652723437499995 0.6989112609375 0.03470435 0.6868358515625 0.0271587953125 0.668901846875 0.05184915624999999 0.6757876656249999 0.056852031250000004
2 0.6486317078125 0.02717745625 0.648826140625 0.0270668015625 0.672439728125 0.0445066828125 0.6856181078125 0.0263978640625 0.6591205796875 0.009840371875 0.647255603125 0.0261775453125 0.6486317078125 0.02717745625
10 0.694628034375 0.073400471875 0.698086346875 0.075909690625 0.7028646640625 0.06934785624999999 0.6994432828125 0.0668119671875 0.694628034375 0.073400471875
10 0.5784298890625 0.20895365 0.5718605953125 0.2041282953125 0.5739437171875 0.2012457328125 0.562610571875 0.1930106140625 0.5581263640625 0.1991519015625 0.57606888125 0.2121895140625 0.5784298890625 0.20895365
1 0.8091494890625001 0.2508755921875 0.79114328125 0.27564612187500004 0.7909877484375001 0.2755323515625 0.7727048171875001 0.300695603125 0.7728735999999999 0.30081765312500003 0.7538649937499999 0.32695352187500004 0.753721884375 0.3268493578125 0.7355482515625 0.3518524390625 0.7356854 0.3519749890625 0.7263467015625 0.36482950000000003 0.7346533453124999 0.3708639171875 0.7436787265625 0.35848428125 0.7440759203125 0.3587509 0.7629550218750001 0.332766259375 0.7625611390625 0.3324796 0.7809149453125 0.3071911296875 0.7813495703125 0.3074627125 0.8000816140625 0.2816514953125 0.7997143953125 0.2813428046875 0.8171461250000001 0.257350103125 0.817550440625 0.2576230140625 0.85866459375 0.2010202328125 0.8582943953125 0.20072810625 0.8691997 0.18572032656249998 0.87325298125 0.1886897609375 0.890153953125 0.16542850781250001 0.8812380984375 0.1589507703125 0.86616041875 0.1796922046875 0.8663967796875 0.1798417421875 0.8622601734374999 0.1855093109375 0.8585192906250001 0.18285668593749999 0.8495876453125 0.19515118125 0.8494352640624999 0.19508544218749999 0.808989321875 0.250781034375 0.8091494890625001 0.2508755921875
10 0.8129530578124999 0.32665249531249996 0.8241409453124999 0.334842909375 0.8333622328124999 0.32216745 0.8221400624999999 0.31399062031249997 0.8129530578124999 0.32665249531249996
1 0.8599865531249999 0.3061851484375 0.8380081890625 0.33646621875 0.850665925 0.34567458906250004 0.86250258125 0.329362096875 0.8627748859375 0.329539621875 0.87226445 0.3164938 0.8720327250000001 0.31632505 0.8986703437499999 0.2796933265625 0.8988712609375 0.27986125156249997 0.9170490328125 0.2548368015625 0.9168434796874999 0.25468809062500003 0.9245496609374999 0.244074634375 0.9192872421875 0.24028331718749998 0.9296525171875001 0.22603067187499998 0.9305671578125001 0.22667221718750002 0.9328432078125 0.223539875 0.9330563828124999 0.22371177343749998 0.9459409781250001 0.20596106406249998 0.9396656921875 0.20140233749999997 0.9234662218749999 0.22375325156249998 0.9239048265625 0.2240715421875 0.9068405687500001 0.24754398281249998 0.906392853125 0.247196046875 0.8875417375 0.27314474375 0.8879949171874999 0.2734721421875 0.8627639359374999 0.308185965625 0.8599865531249999 0.3061851484375
10 0.9220955890625 0.23867566718750002 0.9262381515625 0.24176169375 0.93220036875 0.23357944062499997 0.9280458796875 0.23048596093749998 0.9220955890625 0.23867566718750002