0 0.1944609375 0 0 0.3812125 0 0.8064 0.37996093750000004 1 0.8064 1 1 0.6200390625 1 0.1947453125 0.61871875 0 0.1944609375 0
2 0.41141249999999996 0.2130890625 0.396859375 0.2410265625 0.4110078125 0.2483640625 0.4254640625 0.2199921875 0.41141249999999996 0.2130890625
8 0.70759375 0.45251875 0.694215625 0.4787734375 0.629928125 0.446265625 0.5882625 0.5276984375 0.6635703125 0.565453125 0.632753125 0.6257640624999999 0.609478125 0.6142703125 0.59239375 0.648140625 0.6401 0.6733125 0.659575 0.635603125 0.7415109375 0.678834375 0.803784375 0.5564453125 0.7214109375 0.51373125 0.7430546875 0.47110624999999995 0.70759375 0.45251875
7 0.63001875 0.44627343750000004 0.5886828125 0.4257234375 0.5192671875 0.5622234374999999 0.5595375 0.5835953125 0.63001875 0.44627343750000004
10 0.5334578125 0.757459375 0.5262578125 0.7719296875 0.542978125 0.780203125 0.5481484375 0.7698796875 0.5334578125 0.757459375
10 0.5618390625 0.7022906250000001 0.554590625 0.7168578125 0.573615625 0.720259375 0.5786078125 0.7104625 0.5618390625 0.7022906250000001
12 0.5810890625 0.7119984374999999 0.5741765625 0.7253546875 0.5496734375 0.719834375 0.5335390624999999 0.7512921875 0.5523015625000001 0.7687 0.5458171875 0.7818359375 0.6444593750000001 0.8316515624999999 0.678978125 0.7624671875 0.5810890625 0.7119984374999999
4 0.5101140625 0.676278125 0.47443125 0.7459046875 0.5236265625 0.7709609375 0.5591390625 0.7012578125 0.5101140625 0.676278125
1 0.5170625 0.566425 0.4735171875 0.6518859375 0.49944375 0.6650968749999999 0.5429640625000001 0.579475 0.5170625 0.566425
10 0.5886078125 0.5332109375 0.5624921875 0.5848921875 0.5850046875 0.59605625 0.61133125 0.5443765625 0.5886078125 0.5332109375
10 0.592128125 0.589653125 0.5880140625 0.597859375 0.59450625 0.6009484375 0.5984921875 0.5926953125 0.592128125 0.589653125
10 0.6142921875 0.5462343749999999 0.5940234375 0.5860140625 0.599978125 0.5888718749999999 0.6201531250000001 0.54903125 0.6142921875 0.5462343749999999
13 0.6230671875 0.55070625 0.59719375 0.602215625 0.6324171875 0.619615625 0.6581203125 0.5689234375 0.6230671875 0.55070625
2 0.590359375 0.6518421875 0.5663484375000001 0.699478125 0.5792312500000001 0.7057859375 0.60345 0.658253125 0.590359375 0.6518421875
2 0.545646875 0.5815515625 0.502453125 0.666315625 0.5633250000000001 0.6971171875 0.606759375 0.611571875 0.545646875 0.5815515625
6 0.607278125 0.6572312499999999 0.5817171875 0.70710625 0.6150625 0.7238859375 0.640234375 0.6735984375 0.607278125 0.6572312499999999
12 0.6603828125 0.6420578124999999 0.6178203124999999 0.7252796874999999 0.653259375 0.743559375 0.69539375 0.661178125 0.6603828125 0.6420578124999999
2 0.6984359375 0.66319375 0.65653125 0.7450078125 0.7042046875 0.7691328125 0.7463890625 0.685784375 0.6984359375 0.66319375
1 0.7449656250000001 0.680321875 0.751146875 0.683596875 0.7069546875 0.7706390625 0.7281296875 0.78125625 0.7908875 0.657915625 0.79796875 0.6536390625 0.803690625 0.6476468750000001 0.8089015625 0.6402796875 0.8133109375 0.6323234375 0.8156453125 0.6251218749999999 0.8175000000000001 0.618525 0.8180171875 0.612275 0.8167015624999999 0.6068921875 0.885978125 0.47070937500000004 0.8590515625 0.45705156249999995 0.7449656250000001 0.680321875
10 0.8714484375 0.4318640625 0.86115625 0.4524078125 0.8884968750000001 0.465846875 0.8989296875000001 0.44537343749999997 0.8714484375 0.4318640625
2 0.7891796875 0.3903421875 0.7269984375 0.5113624999999999 0.8059140625 0.5527375 0.8680046875 0.43014062500000005 0.7891796875 0.3903421875
13 0.7492265625 0.3698859375 0.7092625 0.4481296875 0.7454734375000001 0.46702656249999996 0.7858453125 0.38839687500000003 0.7492265625 0.3698859375
2 0.6774218750000001 0.33327968750000003 0.6241171875 0.43789375 0.69233125 0.47350624999999996 0.74598125 0.3682125 0.6774218750000001 0.33327968750000003
10 0.64481875 0.315859375 0.6405093749999999 0.3243171875 0.65439375 0.3311296875 0.65851875 0.322865625 0.64481875 0.315859375
10 0.6613875 0.324971875 0.6574015625 0.3327953125 0.670953125 0.33957187499999997 0.6749203125000001 0.3316046875 0.6613875 0.324971875
1 0.6381765625 0.328421875 0.5903828125 0.4215140625 0.6215640625 0.4366359375 0.6684734375 0.34385937499999997 0.6381765625 0.328421875
1 0.47438906249999996 0.269459375 0.364921875 0.48476093750000004 0.3879 0.4961125 0.49699687499999995 0.281259375 0.47438906249999996 0.269459375
12 0.3120671875 0.49580624999999995 0.28203125 0.5546656249999999 0.316759375 0.57235625 0.3468171875 0.5138796875 0.3120671875 0.49580624999999995
8 0.3523 0.328609375 0.3202 0.390721875 0.3271078125 0.39402499999999996 0.298490625 0.44959531249999996 0.32855625 0.4651296875 0.3125328125 0.49598437500000003 0.34678749999999997 0.513653125 0.42236250000000003 0.3647328125 0.3523 0.328609375
10 0.41803125 0.1994734375 0.41316875 0.208928125 0.42746093749999997 0.2159875 0.43218750000000006 0.207196875 0.41803125 0.1994734375
10 0.2559109375 0.412934375 0.24978906250000002 0.4251078125 0.2573578125 0.4290953125 0.26354687499999996 0.4169484375 0.2559109375 0.412934375
10 0.276171875 0.37283750000000004 0.2581390625 0.408921875 0.2656453125 0.412921875 0.283846875 0.37670781249999996 0.276171875 0.37283750000000004
13 0.286340625 0.37844375 0.2597015625 0.43096875 0.2955828125 0.44853750000000003 0.32229687500000004 0.3965953125 0.286340625 0.37844375
2 0.3951265625 0.24558125 0.379071875 0.27664062500000003 0.392921875 0.2836984375 0.4089125 0.252484375 0.3951265625 0.24558125
2 0.4248125 0.360359375 0.487684375 0.235734375 0.435584375 0.2086078125 0.394284375 0.28942812500000004 0.37640625 0.28076093750000003 0.354303125 0.32414062499999996 0.4248125 0.360359375
2 0.30124062500000004 0.2801453125 0.2606984375 0.3600578125 0.317359375 0.38905 0.35805937499999996 0.30934375 0.30124062500000004 0.2801453125
2 0.27931875 0.553478125 0.323203125 0.46794375 0.22925625 0.420715625 0.18693593749999998 0.5055515625 0.27931875 0.553478125