10 0.5814421875 0 0.5813796875 0.011425000000000001 0.5876890625 0.012484375 0.5877453125 0 0.585703125 0 0.585703125 0.00044843749999999994 0.5825515625000001 0 0.5814421875 0
1 0.5976046875 0.3244984375 0.5780671875000001 0.3251078125 0.5801578125 0.3842875 0.58485 0.3841765625 0.586196875 0.42225 0.6055703125 0.4216421875 0.6031375 0.3521296875 0.5985953125 0.3522015625 0.5976046875 0.3244984375
1 0.6689359375 0.23188749999999997 0.6694453125 0.12779374999999998 0.6363890624999999 0.12256875 0.635990625 0.23024218749999997 0.63621875 0.237975 0.66910625 0.23674843750000002 0.6689359375 0.23188749999999997
1 0.6232234375 0.3308328125 0.6069078125 0.33144375 0.6075781250000001 0.35064687499999997 0.6065968749999999 0.3507 0.6077546875000001 0.38205 0.624859375 0.381184375 0.6232234375 0.3308328125
1 0.35378750000000003 0.75705 0.35336249999999997 0.7570781249999999 0.3544546875 0.7891484375 0.3549078125 0.7891140625 0.35505 0.7927375 0.36464375000000004 0.7923015625 0.364515625 0.7882359375 0.36484218749999997 0.7882234375 0.3637125 0.7572828125 0.363446875 0.7572640625 0.3632609375 0.7519296875 0.3536265625 0.7522640625 0.35378750000000003 0.75705
1 0.6587468750000001 0.43944218749999997 0.6761609375 0.4388328125 0.6743953125 0.3880640625 0.656975 0.38870625 0.6587468750000001 0.43944218749999997
10 0.5854453125 0.10705 0.57981875 0.106296875 0.58006875 0.0722421875 0.5763390625 0.07149375 0.5761515625 0.11544375 0.585371875 0.11678437500000001 0.5854453125 0.10705
10 0.5975390625 0.1980625 0.6100765625 0.20014375 0.610278125 0.165171875 0.5976609374999999 0.1635546875 0.5975390625 0.1980625
10 0.611415625 0.20326875000000003 0.619928125 0.20298750000000002 0.6200390625 0.17591718750000002 0.6115296875 0.1744796875 0.611415625 0.20326875000000003
13 0.596128125 0.5125046875 0.6111796875 0.5119234374999999 0.6083046875 0.4321453125 0.5934453125 0.43271875 0.596128125 0.5125046875
6 0.6040734375000001 0.1323359375 0.5980453125 0.1316171875 0.5979546874999999 0.1603703125 0.611284375 0.1632765625 0.611175 0.17147812499999998 0.6203796875 0.1729921875 0.6204203125000001 0.1647546875 0.6213359374999999 0.1648828125 0.6214640625000001 0.134840625 0.6205046875 0.134746875 0.6206 0.1269703125 0.60411875 0.1241078125 0.6040734375000001 0.1323359375
10 0.6002859375 0.3154 0.6006203125 0.31537031249999997 0.601603125 0.3435125 0.605715625 0.343315625 0.6052015625 0.32818125 0.623328125 0.3275484375 0.6214078125 0.27231875 0.6056453125 0.27290468749999997 0.6031703125 0.20202499999999998 0.5973499999999999 0.20108593749999998 0.5972140625 0.2272296875 0.6002859375 0.3154
2 0.6368078125000001 0.315178125 0.6704953125 0.3140546875 0.6680546875 0.2444109375 0.6343156249999999 0.24562499999999998 0.6368078125000001 0.315178125
2 0.629196875 0.46079375 0.6161 0.4613296875 0.6165453125 0.47382656250000005 0.611440625 0.47409375000000004 0.6123046875 0.49928906250000005 0.6305328125 0.49861093749999996 0.6320187500000001 0.5413140624999999 0.6783406249999999 0.5396640625 0.6753984375 0.4554046875 0.6531234375 0.45611875 0.65310625 0.4562984375 0.629059375 0.457009375 0.629196875 0.46079375
3 0.3299171875 1 0.32866093749999997 0.9647984375 0.30498125 0.9657 0.3053109375 0.9753921875 0.305425 0.97540625 0.30627031250000003 1 0.3299171875 1
2 0.36381874999999997 0.7954703125 0.352415625 0.79585 0.3508828125 0.7523796875000001 0.3303421875 0.75304375 0.3330734375 0.8315093750000001 0.3650703125 0.8307 0.36381874999999997 0.7954703125
8 0.385234375 1 0.382375 0.9185359375000001 0.38108125 0.91856875 0.3768546875 0.796609375 0.36544374999999996 0.7970734375 0.3727125 1 0.385234375 1
10 0.3686359375 0.9218796875 0.3577359375 0.9223140624999999 0.35888749999999997 0.9543421875 0.369828125 0.9539765625 0.3686359375 0.9218796875
13 0.336625 0.95473125 0.35724999999999996 0.9541734375 0.3561921875 0.9227515625 0.3355296875 0.92338125 0.336625 0.95473125
10 0.3346015625 0.9636093750000001 0.34195000000000003 0.96340625 0.34173749999999997 0.95776875 0.3344 0.9580609375 0.3346015625 0.9636093750000001
1 0.392496875 0.8706390624999999 0.3922296875 0.8706406250000001 0.3921984375 0.870178125 0.3821875 0.87063125 0.38237031250000003 0.8758328125 0.382059375 0.8758625 0.38210937500000003 0.8773046875 0.3818921875 0.8773125 0.383325 0.9169265624999999 0.38349375 0.9169375000000001 0.38354374999999996 0.9183656250000001 0.38380625 0.9183484375000001 0.384003125 0.9235625000000001 0.3938875 0.9231624999999999 0.39353125 0.9124265625 0.39394687500000003 0.9124343749999999 0.392496875 0.8706390624999999
1 0.40486562499999995 0.8475703125 0.40502343749999997 0.847565625 0.4050765625 0.8490640624999999 0.40535781249999997 0.8490624999999999 0.4058890625 0.8638578125 0.41621406250000004 0.863565625 0.41383125 0.7953609375 0.403478125 0.7957453125 0.4040484375 0.8106781249999999 0.4037625 0.810675 0.40380781250000003 0.8117765625000001 0.403584375 0.81179375 0.40486562499999995 0.8475703125
13 0.36360468749999997 1 0.362771875 0.9755499999999999 0.36937031249999996 0.9753265624999999 0.3687625 0.9570546875 0.34326875 0.958015625 0.3447640625 1 0.36360468749999997 1
6 0.35128906249999997 0.902559375 0.367990625 0.9020203125 0.367696875 0.8938515625000001 0.3688140625 0.8938124999999999 0.3678328125 0.8657078125 0.35003281249999996 0.8663890625 0.35009687500000003 0.8682328125 0.34809375 0.8682359375 0.34881875 0.889271875 0.3508296875 0.8892265625 0.35128906249999997 0.902559375
1 0.3962375 0.9123125 0.3983375 0.9122328124999999 0.3983375 0.9120359375 0.4001671875 0.9119890625 0.40053906250000004 0.9228578125 0.418846875 0.9219968749999999 0.41703124999999996 0.8700125 0.3947984375 0.8707890624999999 0.3962375 0.9123125
7 0.42301406249999995 1 0.42058125 0.9305749999999999 0.3829046875 0.9319078125000001 0.3853078125 1 0.42301406249999995 1
2 0.37006875 0.265053125 0.3672796875 0.26513125 0.36722343749999997 0.2653296875 0.349190625 0.2659421875 0.35117656249999996 0.3225625 0.3720609375 0.321903125 0.37006875 0.265053125
2 0.3721703125 0.324846875 0.35124218749999997 0.3256171875 0.35275625 0.3673515625 0.3528390625 0.36733906250000004 0.35356875 0.3887640625 0.374384375 0.388078125 0.3721703125 0.324846875
10 0.3139875 0.2943484375 0.3364140625 0.2936546875 0.3349140625 0.2516125 0.30984531249999997 0.252434375 0.31134531249999997 0.2946734375 0.313996875 0.29459843750000003 0.3139875 0.2943484375
13 0.3256921875 0.33099218750000003 0.324746875 0.299509375 0.30404375 0.300590625 0.30512968749999997 0.33171093749999997 0.3256921875 0.33099218750000003
10 0.327353125 0.3315953125 0.33768125000000004 0.33130625 0.33660625 0.2988984375 0.3262234375 0.29924375 0.327353125 0.3315953125
1 0.322646875 0.34635625000000003 0.3098328125 0.346840625 0.30952812500000004 0.33765 0.303171875 0.33792656249999997 0.304315625 0.37065312499999997 0.32194218750000003 0.3700734375 0.32177968749999997 0.3654484375 0.32331875 0.36538125 0.322646875 0.34635625000000003
10 0.3303625 0.15579375 0.3151171875 0.15632656250000002 0.31487656249999996 0.1498859375 0.307553125 0.150159375 0.3080015625 0.162559375 0.310175 0.1625203125 0.3102640625 0.1622828125 0.3305578125 0.1616109375 0.3303625 0.15579375
8 0.3666015625 0.1654625 0.3633265625 0.165559375 0.36327031249999997 0.1657765625 0.333 0.1669265625 0.34016406250000003 0.367846875 0.351575 0.367446875 0.348075 0.2655234375 0.3477578125 0.2655765625 0.3476265625 0.2606921875 0.3671421875 0.26003906250000003 0.3671953125 0.2601953125 0.36991874999999996 0.26013593749999997 0.3666015625 0.1654625
6 0.34007187499999997 0.36749062499999996 0.33921250000000003 0.3429015625 0.338265625 0.3429703125 0.33794843750000003 0.3343890625 0.32344062500000004 0.3346984375 0.3245984375 0.367621875 0.3365703125 0.367240625 0.336725 0.367571875 0.34007187499999997 0.36749062499999996
10 0.2893109375 0.1454 0.295990625 0.145125 0.295478125 0.129825 0.2888046875 0.1301375 0.2893109375 0.1454
10 0.31201093750000003 0.3412484375 0.32235625 0.340959375 0.3221359375 0.33439375 0.3117890625 0.33474375 0.31201093750000003 0.3412484375
1 0.30281875 0.1134671875 0.30553906249999996 0.1134125 0.304853125 0.0940953125 0.3037515625 0.094153125 0.30343125 0.08457187499999999 0.29650468750000003 0.0848203125 0.29829374999999997 0.1298015625 0.2967984375 0.1298328125 0.2974421875 0.1480109375 0.2894359375 0.148265625 0.293071875 0.2526390625 0.2999625 0.25234843749999997 0.301321875 0.2923703125 0.3084359375 0.292115625 0.304371875 0.175890625 0.3049890625 0.1758796875 0.30281875 0.1134671875
2 0.3630140625 0.160659375 0.3658828125 0.1605671875 0.3632296875 0.0847921875 0.3292515625 0.0860203125 0.33187500000000003 0.1615390625 0.362928125 0.160465625 0.3630140625 0.160659375
3 0.307359375 0.11845625 0.3303390625 0.11765624999999999 0.3292203125 0.086084375 0.3062328125 0.08675468750000001 0.307359375 0.11845625
1 0.3681578125 0.15658125 0.368459375 0.156584375 0.36858124999999997 0.1595703125 0.36910937499999996 0.1595984375 0.36975156249999996 0.17758125 0.3693015625 0.17760625000000002 0.3717109375 0.247821875 0.37220624999999996 0.2478046875 0.3732390625 0.27720625 0.3727921875 0.27723593750000003 0.3738765625 0.30917500000000003 0.374353125 0.309171875 0.375434375 0.3403375 0.3749796875 0.34039375 0.376090625 0.3725203125 0.3765546875 0.3725046875 0.37716249999999996 0.38992031250000003 0.37903125000000004 0.389871875 0.3790484375 0.39035625 0.3874015625 0.39015 0.386740625 0.3715140625 0.38700625 0.3714875 0.38594375 0.340615625 0.3856703125 0.34060625 0.38455 0.308325 0.3848046875 0.308315625 0.38372968749999997 0.277303125 0.383440625 0.2773140625 0.3823921875 0.24682187500000002 0.3826421875 0.24681406250000001 0.3802453125 0.17785 0.37998906250000003 0.177859375 0.37920625 0.155696875 0.37947031249999996 0.15567031250000002 0.378375 0.12442187499999999 0.36701875 0.1250140625 0.3681578125 0.15658125
13 0.31639531249999997 0.15313749999999998 0.3300125 0.152696875 0.328928125 0.1211828125 0.306840625 0.1219734375 0.307715625 0.14702500000000002 0.31618124999999997 0.14676406250000001 0.31639531249999997 0.15313749999999998
11 0.36653437499999997 0.12174531250000001 0.3779578125 0.1214171875 0.3765640625 0.0820359375 0.36517656249999997 0.0823984375 0.36653437499999997 0.12174531250000001
7 0.33595156249999997 0.2490078125 0.3329828125 0.16716875 0.33194375 0.167240625 0.3319296875 0.1668453125 0.3102203125 0.1676 0.3101671875 0.167440625 0.308265625 0.167490625 0.3087859375 0.182103125 0.30741406250000003 0.18216875 0.30975 0.2499359375 0.33595156249999997 0.2490078125
10 0.3958359375 0.9228249999999999 0.3981953125 0.9227046874999999 0.3979796875 0.9164249999999999 0.39561406250000003 0.9164390625 0.3958359375 0.9228249999999999
2 0.380409375 0.8622624999999999 0.4030921875 0.861578125 0.40084375000000005 0.79581875 0.378084375 0.7966140625 0.380409375 0.8622624999999999
0 0.49127187499999997 0 0.20147187500000002 0.0101203125 0.2360390625 1 0.508728125 1 0.798528125 0.9898796875 0.7639609375 0 0.49127187499999997 0
10 0.335121875 0.92020625 0.3684796875 0.919046875 0.36799218749999996 0.904859375 0.3511640625 0.9054968750000001 0.3346453125 0.9058484375000001 0.335121875 0.92020625
2 0.639084375 0.3814671875 0.67278125 0.380240625 0.6704796875000001 0.316828125 0.6368328125 0.318 0.639084375 0.3814671875
7 0.7106171875 0.9204109375 0.6637421875 0.9217859374999999 0.6660953125 0.991471875 0.7131140625 0.989940625 0.7106171875 0.9204109375
10 0.630965625 0.85459375 0.6473203125 0.85406875 0.6462328125 0.8236265625 0.6299171875 0.8241421875 0.630965625 0.85459375
6 0.6486515625 0.8839671875 0.6497703125000001 0.8839281250000001 0.6487890625 0.8558234375 0.6309984375 0.8564921875 0.63224375 0.8926765624999999 0.6489453125 0.892140625 0.6486515625 0.8839671875
10 0.6161218749999999 0.910359375 0.6494796875 0.9091953125 0.6489921875 0.8950093750000001 0.6155859375 0.89618125 0.6161218749999999 0.910359375
10 0.6763703125 0.9130296875000001 0.679284375 0.9128812500000001 0.6790484375 0.9065765625 0.676134375 0.906696875 0.6763703125 0.9130296875000001
3 0.586025 0.9558640625000001 0.5875296875 0.9972484375 0.6111500000000001 0.9964234375000001 0.609621875 0.955059375 0.586025 0.9558640625000001
1 0.698125 0.8602078125 0.6758265625 0.8610093750000001 0.67730625 0.9025921875 0.6812546875 0.9024531250000001 0.6815578125 0.9130140625 0.699940625 0.9122203125 0.698125 0.8602078125
10 0.6495390624999999 0.9121109374999999 0.6387765625 0.912503125 0.6398906249999999 0.9444265625 0.6506046875 0.9442125000000001 0.6495390624999999 0.9121109374999999
13 0.6242640625 0.94845 0.625953125 0.99590625 0.6515140625 0.9950140624999999 0.649775 0.9474734375 0.6242640625 0.94845
2 0.671778125 0.8522437500000001 0.696040625 0.85145 0.6937656249999999 0.785571875 0.6591078125000001 0.7867828125 0.661428125 0.8527796875 0.6717921875 0.8524171875000001 0.671778125 0.8522437500000001
2 0.6298640625 0.821403125 0.6460796875 0.8208171875 0.6433015625 0.7422046875 0.6113500000000001 0.74325 0.61413125 0.8217609375 0.6298484375 0.8211562499999999 0.6298640625 0.821403125
10 0.66268125 0.9194218749999999 0.6741734375 0.9191062499999999 0.6719359375 0.8550328125 0.660546875 0.8554999999999999 0.66268125 0.9194218749999999
10 0.616128125 0.9538500000000001 0.623 0.9536250000000001 0.6228109374999999 0.94796875 0.615971875 0.948209375 0.616128125 0.9538500000000001
13 0.6176171874999999 0.9449125 0.6382625 0.944471875 0.6372078125 0.9130484375 0.6164984375 0.9137000000000001 0.6176171874999999 0.9449125
8 0.6958390624999999 0.993465625 0.6957625000000001 0.9913203125000001 0.6650734375 0.9923921874999999 0.65795 0.7868765625 0.6465124999999999 0.7871859375 0.6539484375 0.994928125 0.6958390624999999 0.993465625
10 0.349021875 0.8644140625000001 0.36625625 0.8638187500000001 0.36519218750000004 0.83314375 0.348025 0.83384375 0.349021875 0.8644140625000001
10 0.3703359375 1 0.369578125 0.9786468749999999 0.3642671875 0.9788140625 0.36499375 1 0.3703359375 1
13 0.6069312499999999 0.26973437499999997 0.62104375 0.2692625 0.618846875 0.20614218750000002 0.6047 0.2065828125 0.6069312499999999 0.26973437499999997
10 0.5884625 0.45399218750000003 0.5926796875 0.4538640625 0.591840625 0.4297140625 0.58764375 0.4298453125 0.5884625 0.45399218750000003
8 0.621603125 0 0.6217140624999999 0.006675 0.621571875 0.1219078125 0.621815625 0.12202500000000001 0.6217859375 0.1270828125 0.621578125 0.1271078125 0.621203125 0.2308125 0.6266499999999999 0.3848921875 0.6083484375 0.3855484375 0.6106984375 0.453071875 0.652828125 0.4512390625 0.6528828125 0.45139843749999997 0.6555765625000001 0.451359375 0.6533296875 0.3859109375 0.650534375 0.38599375 0.6504531250000001 0.3862078125 0.6380796875 0.38661875 0.632475 0.22846875 0.633071875 0.1143328125 0.668140625 0.1200578125 0.6686296875 0.0062671875 0.6277 0 0.621603125 0
7 0.588084375 0.1169390625 0.5960062500000001 0.118159375 0.5960859375 0.10534531250000001 0.6042468750000001 0.10662968749999999 0.60421875 0.11924375000000001 0.6205984375 0.1217484375 0.6211265625 0.006428125 0.59793125 0.0029765625 0.5977750000000001 0.016960937500000002 0.581559375 0.0141640625 0.5814640625 0.10304687500000001 0.5881265625000001 0.104325 0.588084375 0.1169390625
3 0.6294562499999999 0.5013109375 0.611846875 0.501859375 0.61233125 0.5154890625 0.5950703125000001 0.5160953125 0.5960093750000001 0.5425578125 0.6308374999999999 0.5413453125000001 0.6294562499999999 0.5013109375
10 0.60299375 0.10910625 0.5973171875000001 0.1083171875 0.5972125 0.11876093750000001 0.5976703125 0.1187453125 0.597675 0.1287640625 0.60291875 0.1296015625 0.60299375 0.10910625
10 0.6145296874999999 0.45829531250000005 0.6276203125 0.45780468750000003 0.6275421875 0.45557499999999995 0.6106234374999999 0.4562015625 0.611165625 0.4710296875 0.6149890625000001 0.47094531249999994 0.6145296874999999 0.45829531250000005
10 0.659059375 0.4483625 0.6767765625 0.44770468750000003 0.6765859375 0.441603125 0.6588578125 0.4424015625 0.659059375 0.4483625