1 0.40582344687500005 0.340719103125 0.468997965625 0.1730923984375 0.45529844375 0.163620659375 0.397128059375 0.31815045 0.1534843671875 0.30105471875 0.15195081875 0.322967071875 0.40582344687500005 0.340719103125
2 0.2051654046875 0.297146484375 0.20493636249999997 0.30019366718749996 0.21517358749999999 0.30090884375 0.2208763265625 0.2198016171875 0.159503446875 0.21560339062499997 0.15380512500000001 0.296617690625 0.166157975 0.2975273421875 0.166357890625 0.2944340859375 0.2051654046875 0.297146484375
3 0.18708272343750001 0.15996610625000002 0.1634695859375 0.1581751234375 0.159657575 0.21308035625000002 0.1832162921875 0.21473336875000001 0.18708272343750001 0.15996610625000002
13 0.22077084375 0.21703622500000003 0.2232859578125 0.1809217796875 0.21667755937500002 0.18057611093749998 0.21793804374999998 0.1625523546875 0.189131665625 0.1605099109375 0.18511365625 0.21442307187499998 0.22077084375 0.21703622500000003
2 0.34148040625 0.25235634687499997 0.3385631734375 0.2939140515625 0.330036890625 0.293213878125 0.3288954109375 0.3088509921875 0.34359384843749996 0.309930296875 0.3437857671875 0.30681734843749997 0.3740618015625 0.30898530625 0.373848053125 0.31202801406249997 0.37986838437500003 0.3125004171875 0.383849190625 0.25541906875 0.34148040625 0.25235634687499997
1 0.231879296875 0.10650056249999999 0.23041699375000002 0.1272193515625 0.2891007734375 0.1313015078125 0.2905450203125 0.11060939375 0.231879296875 0.10650056249999999
1 0.2288414125 0.1272097609375 0.2291409484375 0.12231502968750001 0.2212533578125 0.1217440546875 0.2223193078125 0.10585318125000001 0.167473984375 0.101937115625 0.16597881718750002 0.1227105390625 0.2288414125 0.1272097609375
13 0.354325846875 0.185769346875 0.35307134218749997 0.20319813125000002 0.373808965625 0.20469642968750001 0.3750008796875 0.187161759375 0.354325846875 0.185769346875
10 0.22379860156250003 0.17805054843749998 0.225027840625 0.159938553125 0.22657293125 0.1600119828125 0.22765703125 0.1445257546875 0.2212822734375 0.14394633437499998 0.2189678828125 0.1777297265625 0.22379860156250003 0.17805054843749998
10 0.3564346140625 0.096856590625 0.3641360234375 0.076547146875 0.37163216875 0.081625640625 0.3775497171875 0.06586397656250001 0.32283955937500003 0.0620945 0.32248225937499997 0.06320957031249999 0.33718166250000003 0.073550596875 0.3321185953125 0.1453682859375 0.352982065625 0.14679910937500001 0.3564346140625 0.096856590625
13 0.7235648 0.2113823921875 0.7210825062499999 0.2477464890625 0.74208095 0.2492141265625 0.74460943125 0.213037340625 0.7235648 0.2113823921875
10 0.6696904359375 0.08975408124999999 0.6672899640625001 0.0962536546875 0.6828264953125001 0.1069841390625 0.683366025 0.09927496875 0.6696904359375 0.08975408124999999
2 0.5126373109375 0.3452142671875 0.5513676578125 0.347905184375 0.5511648234375001 0.3509830125 0.5615080703124999 0.351637153125 0.5689005296875 0.24419965000000002 0.5076189640625001 0.23989775781249997 0.5000070296875 0.3473544625 0.512430021875 0.348187396875 0.5126373109375 0.3452142671875
10 0.7045143859375 0.12138778750000001 0.7122845578125 0.1008245109375 0.7197535609375 0.1058975359375 0.725731834375 0.090166634375 0.6708913734374999 0.086359934375 0.6705565265625 0.0875702875 0.685264646875 0.09775997656249999 0.680191246875 0.1697463953125 0.7010544453125 0.17117410625 0.7045143859375 0.12138778750000001
3 0.5351314625 0.184303959375 0.5116421109375 0.18251155937500002 0.5077047578125 0.23741834687500002 0.5312667249999999 0.23907264375 0.5351314625 0.184303959375
3 0.5389841171875001 0.1279270859375 0.5388927921875 0.130952809375 0.5254915437500001 0.13008939375 0.5256670421875 0.12689632343749999 0.515443028125 0.1262066546875 0.51182121875 0.1801306390625 0.54379556875 0.1823664609375 0.547517015625 0.1285953125 0.5389841171875001 0.1279270859375
10 0.704441259375 0.14798129531249998 0.70279994375 0.1712613703125 0.7379339359375 0.1736850265625 0.7395465921875 0.150471765625 0.704441259375 0.14798129531249998
6 0.6987749015625 0.1755958578125 0.6965144765625 0.206733228125 0.7337923265625 0.20936928125 0.736033665625 0.178228875 0.6987749015625 0.1755958578125
8 0.59304624375 0.7369499640625 0.5869554 0.7364962765625 0.585614075 0.7542055703125 0.5918440765625 0.7545467015625 0.589010815625 0.7929946296875 0.59558021875 0.7937013203125 0.5956678281250001 0.7923541828125 0.6150966859375 0.7936297625 0.6149959218750001 0.7950596109375 0.621718628125 0.7955285984375 0.6232476328125001 0.774496553125 0.6048312546875 0.7733378625 0.605659871875 0.758893490625 0.5987302609375 0.7584080984375 0.6012393 0.7227082609375 0.5941585093749999 0.722126303125 0.5942708453125001 0.7228724765625001 0.59304624375 0.7369499640625
10 0.6131803890625 0.7352794265625 0.6128176562500001 0.7402047828125 0.6212014953125 0.74081860625 0.6215959625 0.735754015625 0.6131803890625 0.7352794265625
2 0.5863976703125 0.7916312546875 0.5862927421874999 0.79312106875 0.58757423125 0.7932112859375 0.5901441125 0.7557149328125 0.5689969593749999 0.7543402984375 0.5663936703125 0.79175958125 0.5753873078125 0.7923874984375 0.575484375 0.7910050281250001 0.5863976703125 0.7916312546875
7 0.24122408593750003 0.707829034375 0.2414330796875 0.7089808265624999 0.2545678515625 0.7023702765625 0.2526711671875 0.694100990625 0.2516834125 0.6946610859375 0.247130121875 0.6742411640625 0.2482219328125 0.673740978125 0.24593019374999997 0.6639142609375 0.20804025468749998 0.6831993468750001 0.21640620937500002 0.7204322015625 0.2182313765625 0.719386334375 0.2195934484375 0.7253277312499999 0.23527422968749998 0.7175204140625 0.2339976546875 0.7112296125 0.24122408593750003 0.707829034375
4 0.6605988984375 0.69380129375 0.6449501265625 0.6927596484375 0.6431372343749999 0.7182019671875 0.658902925 0.7190561468750001 0.6605988984375 0.69380129375
10 0.6225591359375 0.7359348203125 0.6221538328125 0.740857628125 0.6275021234375 0.74123198125 0.6278479875 0.7362751624999999 0.6225591359375 0.7359348203125
10 0.5707872140625 0.7366528984375 0.5697947890624999 0.75272085 0.584412559375 0.75355939375 0.5856032859375 0.73775014375 0.5707872140625 0.7366528984375
10 0.628838459375 0.7363735859375 0.6285291749999999 0.74138994375 0.639696303125 0.742084934375 0.6400033703125 0.7370970031249999 0.628838459375 0.7363735859375
1 0.5969019546875 0.689177440625 0.5726770890624999 0.6876909328125 0.5720817234375 0.6983474359375 0.596174921875 0.7000321109375001 0.5969019546875 0.689177440625
13 0.27223939218750004 0.7612761296875 0.2707081953125 0.7834125671875001 0.28133730468749996 0.7839099484375 0.28282573125 0.7620376171875 0.27223939218750004 0.7612761296875
10 0.2401912203125 0.660777509375 0.24106613124999998 0.6649154390625001 0.2456314859375 0.6626871875 0.2447453296875 0.6585282828125 0.2401912203125 0.660777509375
10 0.2423769921875 0.708959415625 0.2352101359375 0.7125210390625 0.2364690859375 0.7185028265625 0.2325604828125 0.7204571703125 0.2375004375 0.7428226703125 0.248480540625 0.7371848625 0.24798579375 0.7351154203125 0.24713250625 0.7355272937499999 0.245111365625 0.7264987796875 0.2462000828125 0.7260349390624999 0.2423769921875 0.708959415625
2 0.29099671250000003 0.797239109375 0.288453303125 0.833729325 0.29158843125 0.8340134125 0.2916582375 0.832659990625 0.3066919953125 0.8336817249999999 0.3066205734375 0.835052540625 0.3096347765625 0.83524525625 0.31295979687500003 0.7876995359375 0.30624150625 0.7872631 0.30550346093749997 0.798153240625 0.29099671250000003 0.797239109375
2 0.2691535671875 0.7956540203125 0.2665286140625 0.832287828125 0.26950670625 0.832408415625 0.2696244359375 0.8310649171875 0.2846427640625 0.8320895703125 0.2845195265625 0.8335135421875 0.287585409375 0.8336515468749999 0.2909918375 0.78608615625 0.28429467656249996 0.7856761046875 0.2835227359375 0.7967166453125001 0.2691535671875 0.7956540203125
2 0.20176423593749998 0.7678293187499999 0.18749858125000002 0.7751567859375 0.189682471875 0.78479060625 0.190699859375 0.7843361437499999 0.1951640796875 0.80449094375 0.1941663203125 0.8052056234375 0.1950471109375 0.8090701250000001 0.22325113124999998 0.7948155531250001 0.2169911671875 0.7667026046875 0.20302554218750002 0.7736587593750001 0.20176423593749998 0.7678293187499999
3 0.3592413890625 0.7558869609375 0.3580230109375 0.7736748999999999 0.36797194375000003 0.7743039375 0.369185028125 0.75661684375 0.3592413890625 0.7558869609375
3 0.3708871625 0.74584625625 0.36892410781249996 0.77426925625 0.3800910609375 0.775016021875 0.381919784375 0.746617321875 0.3708871625 0.74584625625
10 0.25392851875 0.7522878234375 0.259090875 0.7755639671875 0.26683844687499997 0.7715406 0.261662390625 0.74846641875 0.25392851875 0.7522878234375
10 0.3529403625 0.7267847640625 0.35254990468749997 0.7334190406250001 0.3571473375 0.733619109375 0.3576240453125 0.727163934375 0.3529403625 0.7267847640625
13 0.23508505624999998 0.7947777640625 0.247496940625 0.7885457203125 0.24422008593750003 0.774791478125 0.23190128125 0.7810655703125 0.23508505624999998 0.7947777640625
6 0.24086237656249998 0.75851750625 0.24007752343750002 0.7549786953125001 0.25129725468749997 0.7496775328124999 0.24874191093750003 0.7384512765625 0.22452043124999999 0.7506822984375 0.22690117187499997 0.7616697390625 0.22773200624999998 0.7612880625 0.22857209687500002 0.7647232265625 0.24086237656249998 0.75851750625
2 0.23525258125 0.7963519671875 0.23277884375000002 0.8298199234375 0.23481745781250002 0.830030546875 0.23493524687499998 0.8285443125 0.26055147343749996 0.8303012093750001 0.2604462140625 0.8318051687500001 0.26469748593750003 0.8321719796875 0.2675796078125 0.7916650828125 0.24861421562500002 0.790254846875 0.2480359375 0.797126709375 0.23525258125 0.7963519671875
2 0.1690223125 0.6928899859375 0.1704945234375 0.699516578125 0.206882671875 0.6810294796874999 0.1978015765625 0.6405167875 0.1614222046875 0.658835290625 0.16321440625 0.666878446875 0.1642485640625 0.666526034375 0.17006005468750002 0.6921482812499999 0.1690223125 0.6928899859375
13 0.23512650000000002 0.7635553421875 0.238182034375 0.7772897359375001 0.2441026890625 0.77420259375 0.241011859375 0.760530890625 0.23512650000000002 0.7635553421875
6 0.2197906296875 0.7266672046875 0.2247976703125 0.7491899562500001 0.236649096875 0.7432030046875 0.2316387078125 0.720749559375 0.2197906296875 0.7266672046875
1 0.3729723828125 0.728195790625 0.37193630781250003 0.74324491875 0.383299678125 0.7440137109375 0.38434446875 0.7290642015625 0.3729723828125 0.728195790625
13 0.2200584015625 0.6743133953125 0.21910023750000002 0.6699051296875 0.2252745515625 0.66681305 0.22092410468749998 0.6476897578125 0.2025787453125 0.6568265546875 0.207826378125 0.6803603093749999 0.2200584015625 0.6743133953125
6 0.2513850890625 0.7508069890625 0.2412331359375 0.75597865625 0.2466643140625 0.7805346796875 0.2570168296875 0.7754144765625 0.2513850890625 0.7508069890625
13 0.357506503125 0.7844797828125001 0.3568957109375 0.7932209671875 0.367158015625 0.7940076671875 0.3677956 0.785250021875 0.357506503125 0.7844797828125001
4 0.27391085 0.6910115125 0.272503059375 0.71050683125 0.288969253125 0.7116589046875 0.290316084375 0.69220185625 0.27391085 0.6910115125
2 0.20915413906250002 0.7320553656250001 0.18096926875 0.7460447593749999 0.181791259375 0.749936365625 0.1828558109375 0.7494652281249999 0.1873240359375 0.7697733875 0.1862958296875 0.77024761875 0.187298440625 0.77410616875 0.20205890625 0.766536215625 0.20342452031249997 0.7723926046875 0.21671349218749997 0.7654470265625 0.20915413906250002 0.7320553656250001
10 0.24319831249999999 0.65660423125 0.24055633437499999 0.644728365625 0.24155010156249998 0.6442728328125 0.2413132046875 0.6433399296875 0.22319776562500002 0.6525052328125 0.2262992734375 0.6665320453125 0.2323967328125 0.6634937421875 0.23356011875 0.6687059296875 0.2402320671875 0.6653319046874999 0.2390737390625 0.6600879046875 0.244429128125 0.6573701859375001 0.24412119843750002 0.6561094125 0.24319831249999999 0.65660423125
10 0.24725919218749998 0.795867740625 0.24766725156249997 0.7898828390625 0.2372133265625 0.7950809265625 0.24725919218749998 0.795867740625
1 0.24652774531250002 0.7235233859375 0.257933003125 0.7177432953125 0.25491013749999997 0.70396996875 0.2434842375 0.7097471609375 0.24652774531250002 0.7235233859375
10 0.6107758359375 0.7344357859375 0.6013541078125 0.733773171875 0.6003312296875001 0.7466425437499999 0.6098512734375 0.74726361875 0.6107758359375 0.7344357859375
10 0.6782939 0.8153277671874999 0.6755242890625001 0.8151340421875 0.6757173078125 0.809487921875 0.67879605 0.80962950625 0.6820310078125 0.75827558125 0.6796197359375 0.758036390625 0.6798916859374999 0.752682940625 0.6827133453124999 0.7528799546875 0.683541175 0.741044015625 0.6418143703125 0.738058446875 0.6412911953125 0.74482510625 0.6280302515625 0.7439698078125 0.6276921125 0.748817725 0.6305075828125 0.7490874296875 0.6301691453125 0.754649028125 0.6272432953125 0.7545160265625 0.6237039734375001 0.80585109375 0.626476696875 0.806044546875 0.6260879046875 0.8116042765625 0.6233104125 0.8114818218750001 0.6208518015625 0.8459114937500001 0.6236797828125 0.8460373734375001 0.6235185296875 0.8490347078125 0.650435078125 0.8509178171875 0.6506389421875001 0.8479951781249999 0.6550182015625 0.84837275 0.6549658109375 0.8513056640625001 0.6728081125 0.8525537921874999 0.673011975 0.849631153125 0.6758368453125 0.8497573031250001 0.6782939 0.8153277671874999
6 0.297897390625 0.7719006296875001 0.3007955390625 0.7300889328125 0.2916423734375 0.729448309375 0.290042525 0.752305975 0.2880175875 0.7522337484375 0.2868245046875 0.7699881046875 0.28967507656249997 0.77008534375 0.2895962421875 0.7713893640625 0.297897390625 0.7719006296875001
8 0.283127934375 0.7725732437499999 0.2824106796875 0.7842567796875 0.313963709375 0.7864635859375 0.310600034375 0.8352706 0.312781015625 0.8354232843749999 0.3128857296875 0.8339130984375 0.3399995921875 0.8358463890625 0.3398726578125 0.8373177390625001 0.34438128749999997 0.8376322328124999 0.34848136093750004 0.7772529375 0.283127934375 0.7725732437499999
2 0.3501235140625 0.7782385656249999 0.3459869671875 0.837734865625 0.3490231953125 0.8379821203125 0.34910430625 0.8366324140625 0.3683619625 0.8379590468749999 0.3683175265625 0.8392977015625 0.3765834171875 0.8399438031249999 0.379621946875 0.7964917546875 0.35559675 0.794777603125 0.3567563484375 0.7787201203125 0.3501235140625 0.7782385656249999
12 0.30123597968750004 0.680336221875 0.2988173890625 0.71493649375 0.3085417890625 0.7156165437500001 0.31096545625 0.6811460109375 0.30123597968750004 0.680336221875
5 0.290918553125 0.6779513703125 0.293102784375 0.6781053375 0.2905006375 0.71435444375 0.275724390625 0.7134435 0.2749142296875 0.7250332125 0.250574315625 0.737398503125 0.253571421875 0.750967046875 0.2704276796875 0.7424326375 0.278615334375 0.743080878125 0.27819900625 0.7490429765625 0.288454734375 0.74980829375 0.290060809375 0.7268246046875 0.3076756609375 0.7279828390625 0.3085402328125 0.7156166796875 0.29881427656250004 0.714936765625 0.3012339375 0.6803128734375 0.31095459999999997 0.6810936328125 0.3120205546875 0.6648263265625001 0.2919722703125 0.6633728062500001 0.290918553125 0.6779513703125
3 0.238772709375 0.63690875 0.23684211875 0.6281264046875 0.237804503125 0.627581078125 0.23633293281249998 0.621141078125 0.218344453125 0.6301619546875 0.2227501109375 0.65169115 0.24107749687500002 0.6420979328125 0.239883740625 0.6366641109375 0.238772709375 0.63690875
10 0.2272970921875 0.670801953125 0.2275685234375 0.6717710453125 0.23267032968749998 0.6692025578125 0.231804659375 0.6651344 0.220435709375 0.6708454390624999 0.22113200000000002 0.6738022546875 0.2272970921875 0.670801953125
10 0.249336803125 0.781877178125 0.2505446046875 0.7875073984375 0.267820965625 0.7886152546874999 0.26898882031250004 0.771917115625 0.249336803125 0.781877178125
13 0.378676359375 0.7948805359375 0.37994132187499996 0.7766211171874999 0.368753978125 0.77583849375 0.36755748125 0.7943068015625 0.378676359375 0.7948805359375
10 0.262662659375 0.7477624984375 0.2677910046875 0.7710980828125 0.2690884953125 0.7704748140625 0.270996484375 0.7440219234375001 0.27043918125 0.74396245625 0.262662659375 0.7477624984375
13 0.3581491328125 0.7752778203124999 0.3575355765625 0.7840412046874999 0.3678216578125 0.7847411281250001 0.36844787968750004 0.775997025 0.3581491328125 0.7752778203124999
10 0.272324921875 0.7130601984375 0.271454846875 0.7252558765625 0.273995971875 0.7240391484375001 0.2747671125 0.7132762953125 0.272324921875 0.7130601984375
10 0.271971178125 0.7439758609375 0.271672503125 0.7485756453125 0.27715024062500004 0.7489057359375 0.2774606484375 0.7444758874999999 0.271971178125 0.7439758609375
2 0.2918114578125 0.7862575609375 0.29116335625 0.7958630984374999 0.30468895156250003 0.796892871875 0.305329640625 0.7872205375 0.2918114578125 0.7862575609375
13 0.1986081875 0.6400195937500001 0.2022655828125 0.6553984140625 0.2206775453125 0.6461444296875001 0.2173228203125 0.6309085234375 0.1986081875 0.6400195937500001
10 0.35880616875000004 0.7272299062500001 0.3568381109375 0.75412565625 0.369235771875 0.7549200265625 0.36984201875 0.7455173453125 0.3709593109375 0.7455952640625 0.37212912187499997 0.72811271875 0.368769946875 0.72790313125 0.3686804859375 0.7294621718750001 0.35995687187500003 0.7288012203124999 0.3600618578125 0.7272941484375 0.35880616875000004 0.7272299062500001
2 0.3015939328125 0.7301790671874999 0.29876284062499997 0.771197525 0.319889003125 0.7724218546875 0.32325889218750004 0.7247435953125 0.32118986562499996 0.7246156234375001 0.3210990046875 0.726086953125 0.31241148124999996 0.7254620546874999 0.31253713125 0.7239939546875 0.30976440781250003 0.723800503125 0.30926998906250003 0.7306807125 0.3015939328125 0.7301790671874999
10 0.283949034375 0.7605528140625 0.2832340625 0.770021471875 0.285976628125 0.7701391390625 0.2871821859375 0.7521688109375 0.272276046875 0.7510998359375 0.2716979640625 0.7596232781250001 0.283949034375 0.7605528140625
8 0.2336321859375 0.796834090625 0.20801638125 0.6832312375 0.17105999375 0.701713153125 0.171868325 0.7056279109375 0.172890753125 0.7051055625 0.1805600265625 0.73953848125 0.1796228 0.7400486703125 0.1804589359375 0.744066084375 0.20955183281249998 0.729125178125 0.2243908109375 0.7955079203125 0.1953399046875 0.810247525 0.1957393953125 0.8118735828125001 0.19660348125 0.8114058671875 0.19929005625000001 0.8231460796875 0.198292415625 0.8238262421875 0.199221325 0.8275594890625 0.20414672031249997 0.827868890625 0.204251921875 0.8263821890624999 0.22984608281250002 0.8281378796875 0.2298051078125 0.82974914375 0.2312699015625 0.829765290625 0.2336321859375 0.796834090625
13 0.2288417859375 0.7667480531249999 0.23193598125 0.7803865234375 0.23786264687499997 0.77740394375 0.234820928125 0.7636840265625 0.2288417859375 0.7667480531249999
10 0.3566317921875 0.75560395 0.355102528125 0.77729634375 0.3569314953125 0.777423359375 0.3583883421875 0.755727890625 0.3566317921875 0.75560395
7 0.35649591406250003 0.744495396875 0.3570905265625 0.7349776671875 0.351505775 0.7346255703125 0.35210200468749997 0.7267577281250001 0.3477852984375 0.726413896875 0.3476473125 0.727974046875 0.3326014140625 0.7269031828125 0.3327251953125 0.725359959375 0.32420081875 0.7248070546875 0.3206240921875 0.775158828125 0.3483960234375 0.777263540625 0.34845403125 0.776635784375 0.3533095171875 0.777078346875 0.3556316390625 0.744476903125 0.35649591406250003 0.744495396875
7 0.6048312546875 0.7733378625 0.6232476328125001 0.774496553125 0.6248661234374999 0.74964686875 0.5995136171875 0.7478386671874999 0.5987302609375 0.7584080984375 0.605659871875 0.758893490625 0.6048312546875 0.7733378625
2 0.26988040625 0.7846895734375 0.26915270625 0.7944071625 0.2826835359375 0.7953533484374999 0.28338101875 0.7857027109375 0.26988040625 0.7846895734375
12 0.5987886671875 0.6894625249999999 0.5968867999999999 0.7148200890624999 0.6265440296875 0.716835146875 0.6283608890625 0.691474040625 0.5987886671875 0.6894625249999999
10 0.5653742015625001 0.793911309375 0.5644860656249999 0.8048428124999999 0.5732603468749999 0.8054554156249999 0.5741655453125001 0.7946651484375 0.5653742015625001 0.793911309375
2 0.5946643390624999 0.702378946875 0.5897209640625001 0.7021150359375 0.589659796875 0.7034237859375 0.5786905453125 0.7025703203125 0.5787821046875 0.7012683234375 0.5727792843749999 0.70076301875 0.5702355640625 0.7338434125 0.5922327875 0.7353789453124999 0.5946643390624999 0.702378946875
5 0.6133040734375 0.7338067921875 0.6833835453125 0.7383459234374999 0.6860780546874999 0.6985988953125 0.6834740609375001 0.6984157765625 0.68377953125 0.6952740734375 0.6624089765625001 0.6936586171875 0.660510875 0.721407765625 0.6411660890624999 0.7204118609375 0.6418754859375 0.7102519968750001 0.6436501109375 0.7102598578125 0.6443781046875 0.7004559765625 0.642644903125 0.700455471875 0.643088028125 0.6923077203125 0.6283608890625 0.691474040625 0.6265069343749999 0.719387153125 0.6143218203125 0.7186557484375 0.6133040734375 0.7338067921875
6 0.6005690578125 0.7322937765625 0.611732740625 0.7331286625 0.61221751875 0.723628384375 0.6113771171875 0.7235780015625 0.611749840625 0.71950188125 0.5944473718750001 0.7181673109375 0.5941585093749999 0.722126303125 0.6012393 0.7227082609375 0.6005690578125 0.7322937765625
10 0.6111748609375 0.7428690375 0.6108541828125 0.747073925 0.6258855640625 0.7483374109375001 0.626228796875 0.7437807828125 0.6111748609375 0.7428690375
1 0.5752595875 0.7946745203125001 0.5743697578125 0.805604603125 0.6217594171874999 0.8086876171874999 0.6223842015625001 0.797990896875 0.5752595875 0.7946745203125001
10 0.6360088125 0.1712136703125 0.63458098125 0.19248781718750002 0.6429668046875 0.1931422484375 0.64219534375 0.204708184375 0.6761802328125001 0.20704886406249998 0.6784284 0.17422959843750002 0.6748051765625 0.17395998125 0.67462145 0.17695144062499998 0.6615837171875001 0.17597622968749999 0.6617811796875 0.1729804328125 0.6360088125 0.1712136703125
13 0.5688211390625 0.2413739421875 0.571333140625 0.20525976875000002 0.5647278546875001 0.20491382812499997 0.5659883390625 0.186890071875 0.53718040625 0.1848477640625 0.5331608390625 0.2387610625 0.5688211390625 0.2413739421875
10 0.7542774140625 0.2182536328125 0.746505665625 0.2127679234375 0.7443001 0.244621990625 0.7542774140625 0.2182536328125
8 0.7847655015624999 0.283243728125 0.7426231765625 0.2541748078125 0.5723031203125 0.242037053125 0.5644518203125 0.3518313265625 0.570595859375 0.352283496875 0.570862590625 0.3492189 0.6222597249999999 0.352768478125 0.6220627859375 0.35585990624999997 0.6281039374999999 0.356283434375 0.63409403125 0.2704111546875 0.7337230906250001 0.277545684375 0.7277481359375 0.36325038125 0.730383046875 0.3634104046875 0.730578853125 0.3606108109375 0.7482283578125 0.36177071875 0.7480019828125 0.36474081406250003 0.75397974375 0.365085190625 0.7587897531250001 0.3522075921875 0.756944125 0.3509041140625 0.7815257640625 0.285564609375 0.7833712578124999 0.28686652968750004 0.7847655015624999 0.283243728125
2 0.7661001421875 0.162028009375 0.7474010171875001 0.21075723750000003 0.756586728125 0.21702267968750003 0.7441744265625 0.25001596875 0.7862343093749999 0.2793258046875 0.7881873359375 0.2740762359375 0.7862998953125 0.272671328125 0.8109176093749999 0.20733180468749998 0.8127674203125 0.2087368671875 0.8170228500000001 0.197498215625 0.7661001421875 0.162028009375
13 0.7010584515625 0.2284808890625 0.699850484375 0.24611891406250003 0.72060456875 0.2475185265625 0.7218481234375 0.229731521875 0.7010584515625 0.2284808890625
10 0.571847340625 0.20238840156250001 0.5730781359375 0.184276271875 0.5746216703125 0.1843498359375 0.5757057703124999 0.1688636078125 0.5693310125 0.16828418750000002 0.567016621875 0.20206758125 0.571847340625 0.20238840156250001
10 0.572091890625 0.1301562859375 0.5711207578125 0.143868103125 0.5774554359375 0.1442941828125 0.578407265625 0.1306844375 0.572091890625 0.1301562859375
7 0.5952943125 0.1318781140625 0.5801863468749999 0.1307969953125 0.5723175375 0.242040496875 0.628621428125 0.2460987328125 0.628930296875 0.24170509375 0.6379895062500001 0.2421861125 0.64123215625 0.19540203125 0.63192748125 0.1946789859375 0.6334406703125001 0.1734303078125 0.6358246453125 0.1736264015625 0.638552803125 0.134927303125 0.625620915625 0.1339428328125 0.6253020984375001 0.137057471875 0.595072334375 0.13484468593750001 0.5952943125 0.1318781140625
2 0.6369983546875 0.2730948015625 0.631089675 0.3565272625 0.63723673125 0.356924271875 0.637424640625 0.3539089203125 0.6677435203125001 0.35595706250000003 0.6675743468750001 0.3590789984375 0.6736217234375 0.3595019828125 0.6767149953125 0.31525934218749996 0.685173840625 0.3157803375 0.6879068671875 0.2766886953125 0.6369983546875 0.2730948015625
10 0.6420446609375 0.2072168015625 0.6395770515625 0.24229660625 0.6735573687499999 0.24469258124999999 0.6760004421875 0.20954747812500002 0.6420446609375 0.2072168015625
13 0.7023968265625 0.21005663281250003 0.7011910796875 0.2275407515625 0.721881909375 0.2289882484375 0.723067771875 0.21152782656250002 0.7023968265625 0.21005663281250003
6 0.697804528125 0.246487696875 0.7004854484374999 0.2092027828125 0.6947473765625001 0.20880136093749999 0.697171265625 0.17539109375 0.6802075390625 0.17432489843750001 0.6751618640625 0.2462696796875 0.6919709468749999 0.24746860937499998 0.6920775484374999 0.2459441421875 0.697804528125 0.246487696875
2 0.6895502171875 0.2767378421875 0.6866774046875 0.31821167031250003 0.678117325 0.3175913078125 0.67518479375 0.35952992031250003 0.6897506124999999 0.36067101875 0.689970996875 0.35750695781249997 0.7201938171875 0.3596403578125 0.720044003125 0.36276844375 0.72612871875 0.36315208593750004 0.731945715625 0.27976528906250003 0.6895502171875 0.2767378421875
11 0.6403454625 0.1560090984375 0.6393972203125 0.16897859531249998 0.658894953125 0.1703422578125 0.6612166390625001 0.1365346984375 0.6402365062500001 0.1350074265625 0.6387611859375 0.1558104828125 0.6403454625 0.1560090984375
10 0.7067103593749999 0.12058239374999999 0.70624205625 0.12193460468749999 0.7046207375 0.1455328984375 0.7397653546875 0.1479524875 0.7400201890625 0.1438913859375 0.7067103593749999 0.12058239374999999
9 0.5682785124999999 0.130061721875 0.5680337093750001 0.1331259671875 0.55049548125 0.1318575109375 0.5507203390625001 0.1288342203125 0.5491279875 0.12872257812500001 0.5453076203125 0.1825462984375 0.566619125 0.1840963390625 0.5678488875000001 0.1660799765625 0.5757805296875 0.1666345484375 0.5771457921875001 0.1467069140625 0.569160040625 0.14608963125000002 0.5703341140625 0.1301438140625 0.5682785124999999 0.130061721875
10 0.7129552796875 0.1040627515625 0.7075620125000001 0.11848455937499999 0.7134713203125 0.122618071875 0.7189119453124999 0.10816388750000001 0.7129552796875 0.1040627515625
10 0.741515615625 0.14488514531250002 0.737426378125 0.20361346249999998 0.7461628921875 0.2042246640625 0.7628465828125 0.1597090015625 0.741515615625 0.14488514531250002
10 0.358690046875 0.0962467578125 0.3581692484375 0.0975188640625 0.35652436718749997 0.12122430625 0.39164892500000004 0.12359389218750001 0.3919229046875 0.11951856718750001 0.358690046875 0.0962467578125
10 0.223956684375 0.10586991406249999 0.22298555156250002 0.11958173125 0.22932334375000002 0.12000753906249999 0.23027361562499998 0.106397928125 0.223956684375 0.10586991406249999
3 0.1891901 0.128908 0.1890989109375 0.13193527968750002 0.17569637968750001 0.13107511562500002 0.1758732984375 0.1278803515625 0.16564928437499998 0.1271906828125 0.163684690625 0.15577536875 0.19571575624999998 0.158014071875 0.1977232703125 0.129579340625 0.1891901 0.128908
7 0.28986227656249997 0.21788335781249998 0.29287634218749997 0.1750122140625 0.28621543437499997 0.1742994140625 0.28657904375 0.1691151828125 0.284358740625 0.168961234375 0.28596119375 0.14629469374999998 0.288197821875 0.14647387812499998 0.2889150828125 0.1359557140625 0.27782228125 0.1350346359375 0.2775742296875 0.1380975984375 0.24297164218749998 0.1357780234375 0.24325714999999998 0.132641203125 0.23009199374999997 0.13169753125 0.22397686718749998 0.22110666562499998 0.280358975 0.22512668906250002 0.2808765578125 0.21725631562499997 0.28986227656249997 0.21788335781249998
10 0.29123998281249996 0.14693235468750002 0.289587753125 0.1700518328125 0.3250586015625 0.172632665625 0.32661812968750004 0.1503180796875 0.29123998281249996 0.14693235468750002
0 0.47816952500000004 0 0.031006521874999998 0.03912169375 0 0.48253790625 0 0.521830475 0.03912169375 0.968993478125 0.48253790625 1 0.521830475 1 0.968993478125 0.96087830625 1 0.5174620937500001 1 0.47816952500000004 0.96087830625 0.031006521874999998 0.5174620937500001 0 0.47816952500000004 0
2 0.4083929390625 0.192658303125 0.39605064218749997 0.22557332031250002 0.42174144062499996 0.243456959375 0.42554549843749995 0.23320828906250002 0.4236725703125 0.2319871921875 0.44821043437499997 0.1665417234375 0.4502052765625 0.16793723437500002 0.45243839843749994 0.16160444375 0.4180118265625 0.13772184999999998 0.39939609531250003 0.1864720140625 0.4083929390625 0.192658303125
2 0.2889808234375 0.24877303906249998 0.284955421875 0.3058645640625 0.2909975078125 0.3062629140625 0.2911294015625 0.3031630609375 0.321544009375 0.30526556562499996 0.32135948281250004 0.3084092359375 0.32736847343750003 0.30880577656249997 0.32860640625 0.29088280625 0.3371276109375 0.29145324375000004 0.3397968390625 0.2522777796875 0.2889808234375 0.24877303906249998
10 0.35635294375000004 0.12367513593749999 0.35474346093750003 0.146870865625 0.38982342187499996 0.1493761046875 0.3914487828125 0.12612879375 0.35635294375000004 0.12367513593749999
10 0.321562196875 0.0653322125 0.31918335937500003 0.07191772656249999 0.33475880625 0.08264480625000001 0.3352770484375 0.07499710000000001 0.321562196875 0.0653322125
10 0.40621937499999994 0.193863265625 0.3984680171875 0.1884134140625 0.3961718984375 0.22039774374999999 0.40621937499999994 0.193863265625
9 0.19925908125 0.129636328125 0.19729783437499998 0.15815170781250001 0.2185625671875 0.15956154218750002 0.219843790625 0.14172105 0.227757453125 0.14232111249999999 0.2285052828125 0.1316324484375 0.21854422968749998 0.130864878125 0.21824514062499997 0.1341691453125 0.2006629984375 0.13279316875 0.20088371249999998 0.129740440625 0.19925908125 0.129636328125
13 0.35303903281250004 0.2041734078125 0.351814821875 0.2216795328125 0.3725222875 0.22310204687500002 0.37372768437500004 0.20559599843749998 0.35303903281250004 0.2041734078125
11 0.2923365703125 0.1316426625 0.2913884640625 0.144613715625 0.3108877546875 0.1459772421875 0.3132097140625 0.112172796875 0.29222944375000004 0.1106439671875 0.290754259375 0.13144858125 0.2923365703125 0.1316426625
10 0.3648900609375 0.07966203125 0.3594387921875 0.094084209375 0.36541291249999996 0.0981697015625 0.3708073265625 0.083868565625 0.3648900609375 0.07966203125
13 0.375604665625 0.18719677031249998 0.373117565625 0.22355971874999997 0.3941161453125 0.2250289125 0.39664645625 0.1888551046875 0.375604665625 0.18719677031249998
6 0.3505740296875 0.15127601875000002 0.3484244890625 0.18233624531249998 0.38574203125 0.1850315625 0.387918734375 0.1538874 0.3505740296875 0.15127601875000002
2 0.29428187656250004 0.17790070625 0.2915334875 0.21801790156249998 0.32547101875 0.22039095625 0.3282578734375 0.1803190171875 0.29428187656250004 0.17790070625
8 0.22388164531250002 0.22111185937500002 0.218330584375 0.3010843609375 0.224323171875 0.301562328125 0.2244514453125 0.2985286671875 0.2760706046875 0.3020164703125 0.275840665625 0.3052864546875 0.28184171562500004 0.305646046875 0.286006184375 0.24609240781250002 0.38565880468749997 0.253245265625 0.3814680140625 0.31255182187499997 0.39538862343750003 0.3135250765625 0.3973376015625 0.308426434375 0.39541327187499997 0.3070122078125 0.4160057015625 0.2519563921875 0.41796441093750003 0.2534946578125 0.4201468828125 0.2474972453125 0.3946221484375 0.22970102812499998 0.2805952375 0.22191104843749998 0.2803950671875 0.2251627421875 0.22388164531250002 0.22111185937500002
6 0.329837515625 0.14970076875 0.3276668171875 0.1797841203125 0.329903309375 0.17996174843749999 0.3268377171875 0.2249689484375 0.3437026984375 0.22616141875 0.3440916546875 0.2216792125 0.3497445625 0.2220394625 0.3523672078125 0.1848772828125 0.3467190859375 0.18448210781250002 0.34910546249999996 0.1510374796875 0.329837515625 0.14970076875
10 0.39346372343749997 0.1206008953125 0.389344328125 0.1792534265625 0.3980342234375 0.179887528125 0.41476418437499996 0.1353270375 0.39346372343749997 0.1206008953125