0 0.40733125000000003 0 0 0.156359375 0 0.5925953125000001 0.1563609375 1 0.59266875 1 1 0.8436406249999999 1 0.40733125000000003 0.8984609375 0.1428125 0.84360625 0 0.40733125000000003 0
2 0.49003593749999996 0.5568265625000001 0.41661562500000004 0.5849828125000001 0.4444078125 0.6574109375 0.5178796875 0.629375 0.49003593749999996 0.5568265625000001
1 0.162703125 0.680696875 0.1491078125 0.645225 0.0833953125 0.6704828125 0.096940625 0.705940625 0.162703125 0.680696875
1 0.3562015625 0.65474375 0.34269531249999996 0.6190546875 0.268346875 0.6476859375 0.28207499999999996 0.683165625 0.3562015625 0.65474375
1 0.3056734375 0.7608328125 0.2920640625 0.7252140625 0.1980875 0.7613484374999999 0.21174062500000002 0.796859375 0.3056734375 0.7608328125
13 0.1550234375 0.561453125 0.162325 0.5804734375 0.18234062499999998 0.572790625 0.174875 0.55334375 0.20128906249999998 0.5433859375 0.1702328125 0.4617484375 0.0903734375 0.49249375000000006 0.1011484375 0.5205625 0.1344953125 0.507975 0.13655781250000001 0.51335 0.12313281250000001 0.5183515625 0.1416453125 0.566465625 0.1550234375 0.561453125
10 0.5676453125 0.3260109375 0.5591375000000001 0.30378906250000004 0.5422703125 0.31016875 0.5507421875 0.332465625 0.5676453125 0.3260109375
10 0.1002640625 0.5262046875 0.113215625 0.559928125 0.12415156249999999 0.55569375 0.1303234375 0.571765625 0.1386296875 0.5685484375 0.11961718750000001 0.5188453125 0.1002640625 0.5262046875
10 0.701490625 0.2256109375 0.728603125 0.2961890625 0.7332687499999999 0.2943984375 0.7358125 0.3010234375 0.7479859375 0.296471875 0.718278125 0.21913749999999999 0.701490625 0.2256109375
13 0.716459375 0.3694109375 0.7308953125000001 0.407125 0.784434375 0.3867578125 0.7662265625 0.3393796875 0.7328718750000001 0.3520609375 0.736653125 0.3616296875 0.716459375 0.3694109375
13 0.477365625 0.5080328125 0.45928281249999997 0.4606859375 0.3925578125 0.48643125 0.4106140625 0.53339375 0.477365625 0.5080328125
1 0.6752765625 0.6199390625000001 0.6332859375 0.5103718749999999 0.500840625 0.5611234375 0.5429375000000001 0.6706765625 0.6752765625 0.6199390625000001
1 0.7905671875 0.27192812499999997 0.7670625 0.210453125 0.727184375 0.22562500000000002 0.7507406249999999 0.28707343750000003 0.7905671875 0.27192812499999997
10 0.5195984375 0.406975 0.5218109375 0.41256562499999994 0.5221281249999999 0.41277968749999994 0.5367171875000001 0.451059375 0.5901296874999999 0.43066250000000006 0.571821875 0.382778125 0.518115625 0.40345312499999997 0.51935 0.4068875 0.5195984375 0.406975
10 0.10676875 0.48095 0.0990359375 0.46075 0.078240625 0.46876249999999997 0.0859046875 0.48883593750000004 0.10676875 0.48095
1 0.0518375 0.588253125 0.0654046875 0.6237015625 0.1312625 0.5985375000000001 0.120034375 0.569315625 0.11041406250000001 0.5730375000000001 0.1079828125 0.5667046874999999 0.0518375 0.588253125
1 0.32162812500000004 0.56299375 0.30765937499999996 0.5262671875 0.23288906250000002 0.5550796874999999 0.2469125 0.5916750000000001 0.32162812500000004 0.56299375
10 0.180471875 0.557490625 0.18781562499999999 0.5766218750000001 0.16079375 0.5869500000000001 0.1535203125 0.5678875 0.13023281250000002 0.5767953125 0.1411984375 0.605159375 0.0714359375 0.6320578125 0.0822578125 0.6603625 0.24082187500000002 0.5997859375 0.22630937499999998 0.5617109375 0.2130671875 0.5668828125 0.2058703125 0.5478640625 0.180471875 0.557490625
10 0.7080109375 0.347621875 0.714503125 0.364784375 0.731546875 0.3583140625 0.7278359375 0.3487140625 0.7431281249999999 0.3429375 0.7297125 0.307875 0.6817515625 0.326221875 0.6922953125 0.3535203125 0.7080109375 0.347621875
8 0.780690625 0.5128359375 0.7408750000000001 0.40903437499999995 0.727221875 0.4142734375 0.727040625 0.413915625 0.7141124999999999 0.41902968749999997 0.7151796874999999 0.4217359375 0.2477859375 0.6017875 0.262034375 0.63956875 0.6367515625 0.4956125 0.66576875 0.571265625 0.7856859375 0.5252046874999999 0.7810359375 0.5130109375 0.780690625 0.5128359375
1 0.5370874999999999 0.6719937500000001 0.523934375 0.6376875 0.3756046875 0.69479375 0.38877968749999997 0.7289328125 0.5370874999999999 0.6719937500000001
1 0.5833453125 0.3679125 0.572009375 0.339053125 0.5692625 0.34010625 0.5660109375 0.33152499999999996 0.5491796875 0.338109375 0.5477593749999999 0.3344109375 0.4968734375 0.35388281250000003 0.5126140625 0.3949421875 0.5833453125 0.3679125
11 0.8902078124999999 0.5361125 0.8746562499999999 0.4955046875 0.8362203125000001 0.5103109375 0.8517859375000001 0.5508609375 0.8902078124999999 0.5361125
1 0.770225 0.3231453125 0.7724421875 0.3289125 0.8059312500000001 0.3160578125 0.792259375 0.28015625 0.7512453125 0.2958125 0.75275625 0.29963125 0.7374921875 0.305440625 0.747653125 0.3318703125 0.770225 0.3231453125
2 0.8068734375 0.3262234375 0.770584375 0.3400328125 0.789884375 0.39013906249999997 0.746278125 0.4068359375 0.7863249999999999 0.5104625 0.7861343749999999 0.510690625 0.7896421874999999 0.520028125 0.8694656249999999 0.48942968750000004 0.8068734375 0.3262234375
7 0.6689953125 0.3020984375 0.5756109375 0.3380359375 0.5904609375 0.3760484375 0.57500625 0.3818890625 0.60584375 0.463796875 0.715071875 0.421684375 0.7128046875 0.415778125 0.7257953125000001 0.410821875 0.7040375 0.3539703125 0.69084375 0.359128125 0.6689953125 0.3020984375
1 0.17795 0.44901718749999997 0.2174234375 0.55190625 0.31211875 0.515678125 0.281425 0.43554843749999994 0.23144843750000002 0.4548546875 0.22268125 0.43184531249999997 0.17795 0.44901718749999997
10 0.49560000000000004 0.4164 0.524234375 0.49088125 0.5429265625 0.48385937500000004 0.5162875 0.41435000000000005 0.5164640625 0.414190625 0.5145125 0.4090484375 0.49560000000000004 0.4164
1 0.6666953125 0.58149375 0.6804859375000001 0.616925 0.8487328125 0.5533750000000001 0.8335046875 0.5136640625 0.79446875 0.5287359375 0.795615625 0.5318375 0.6666953125 0.58149375
10 0.306725 0.4805390625 0.32311718749999996 0.5229046875 0.31364375 0.5265093750000001 0.3288015625 0.566053125 0.40771562499999997 0.535821875 0.38749218750000003 0.4830234375 0.45799375 0.45595937500000006 0.43907968750000004 0.4060140625 0.3612578125 0.435825 0.3693015625 0.45660937500000004 0.306725 0.4805390625
2 0.413496875 0.58608125 0.3463328125 0.6119 0.3744125 0.6843109375 0.441309375 0.65866875 0.413496875 0.58608125
1 0.6719421875 0.29043593749999996 0.6811171875 0.314446875 0.7254265625 0.2974703125 0.698365625 0.22669062499999998 0.6489203125 0.24569999999999997 0.6568140625 0.26620625000000003 0.5622234374999999 0.3024859375 0.572284375 0.328753125 0.6719421875 0.29043593749999996
2 0.286034375 0.7170515625 0.242784375 0.6045906249999999 0.15409375 0.6388203125 0.19717968749999998 0.75105625 0.286034375 0.7170515625
1 0.3833578125 0.73204375 0.35710312499999997 0.6632609375 0.28535 0.6908593749999999 0.31175 0.7595328125 0.3833578125 0.73204375
10 0.6020828125000001 0.461759375 0.5916781249999999 0.43471093749999995 0.53835 0.45518125 0.548734375 0.482178125 0.6020828125000001 0.461759375
6 0.4524609375 0.432778125 0.48118906250000004 0.5076171875 0.4897578125 0.5042375 0.49115624999999996 0.50788125 0.5230109374999999 0.495684375 0.49264062500000005 0.4172921875 0.4524609375 0.432778125