0 0.3587644859375 0 0.084853025 0.8959230781249999 0.41676378906249995 0.9973981000000001 0.4912724671875 1 0.6412355140625 1 0.9151469750000001 0.10407692187499999 0.5832362109375 0.0026019 0.5087275328125 0 0.3587644859375 0
10 0.45836986875 0.1752305390625 0.474746478125 0.1802160484375 0.48368743593749997 0.1509477546875 0.46735275468750004 0.1458808453125 0.45836986875 0.1752305390625
13 0.495297975 0.056828432812499996 0.5197381421875 0.064207753125 0.533903446875 0.017767575 0.509593365625 0.0097971234375 0.495297975 0.056828432812499996
7 0.44808449687499996 0 0.42901593125000004 0.06258904531250001 0.4737855296875 0.0765537390625 0.4942445765625 0.00989745625 0.46214225156250005 0 0.44808449687499996 0
10 0.44428885781250005 0.1370564890625 0.45435017499999997 0.140131371875 0.47304857343749995 0.078898196875 0.46303370624999995 0.0757467640625 0.44428885781250005 0.1370564890625
10 0.503686453125 0.0629014484375 0.49322048125 0.0596842328125 0.4838998484375 0.090422984375 0.494345178125 0.0935597453125 0.503686453125 0.0629014484375
2 0.434686303125 0.25292007031249997 0.46523140312500005 0.26227927968750003 0.4880886765625 0.18743295625 0.473065865625 0.1827651984375 0.4731321484375 0.182523615625 0.4576111140625 0.177796246875 0.434686303125 0.25292007031249997
10 0.454420834375 0.08594926875 0.4572320125 0.08675255468750001 0.4590696328125 0.0807818 0.456264503125 0.0799396390625 0.454420834375 0.08594926875
2 0.536341 0.01507756875 0.523408078125 0.0572534703125 0.53517390625 0.060631775 0.5477977546874999 0.0192924703125 0.5714652671875 0.0265463109375 0.578870121875 0.0024494328125 0.5317691453125 0.00080463125 0.5281607484374999 0.012578059375 0.536341 0.01507756875
2 0.40109127187500004 0.19560020312499998 0.43417745781250006 0.20575170312500002 0.4534925578125 0.1425732421875 0.44357359374999994 0.139540853125 0.44352839375 0.13971594375000002 0.42032780000000003 0.132567525 0.40109127187500004 0.19560020312499998
10 0.521017415625 0.065137340625 0.5275395359374999 0.067169321875 0.5291792171874999 0.061807654687500005 0.5226790875 0.059727975 0.521017415625 0.065137340625
10 0.47906868906250005 0.106498546875 0.51096915 0.1161755640625 0.5150495953124999 0.102748853125 0.483164696875 0.09307394375 0.47906868906250005 0.106498546875
6 0.47575786875 0.1170034625 0.474687365625 0.1166768421875 0.46646571718749996 0.14356879218750002 0.4834742375 0.1487702375 0.4840166703125 0.146981828125 0.48592250156250005 0.1475643203125 0.4920408140625 0.1275812984375 0.49013963125000004 0.1269551921875 0.494043146875 0.11411797812499999 0.4781400484375 0.1091833984375 0.47575786875 0.1170034625
3 0.5362144484375 0.0610105078125 0.5588787468749999 0.06798072656250001 0.57066985 0.02922174375 0.548076671875 0.022274334375 0.5362144484375 0.0610105078125
13 0.49592605 0.093508634375 0.5157539328125 0.0996371640625 0.5248568609375 0.0697600890625 0.5043398734375 0.0633073125 0.5000331421875 0.077393715625 0.500753353125 0.07763305937500001 0.49592605 0.093508634375
8 0.2707049078125 0.762649903125 0.25084565937500003 0.8273524906249999 0.261872315625 0.8306315 0.31025077031250003 0.6727518328125 0.312911896875 0.6735092296875 0.3169885203125 0.6603262828124999 0.3167332640625 0.6602485765624999 0.31823696562500003 0.655288659375 0.3184109328125 0.6553213125 0.3193303421875 0.6523187578125 0.27342996406250003 0.6378283437500001 0.24562572500000002 0.7287086640625 0.256520809375 0.7320393640625 0.25666548906250003 0.7315675625 0.278405703125 0.738316334375 0.2709307671875 0.7627187656250001 0.2707049078125 0.762649903125
10 0.276673171875 0.786183465625 0.289940565625 0.7903490296875 0.2945163 0.7753198765625 0.2812791703125 0.7712726296875 0.276673171875 0.786183465625
2 0.23958093906250003 0.8603951109375 0.2580583109375 0.7999844109375001 0.22673365625000003 0.79051824375 0.208237615625 0.85101584375 0.21086124375 0.8518172703125 0.21093085 0.8516148890625 0.23958093906250003 0.8603951109375
1 0.2893530578125 0.6333703984375 0.29006142968750004 0.6335905671875001 0.299241715625 0.60351294375 0.288601634375 0.60022241875 0.2781095828125 0.6344646109375 0.2880663109375 0.63757961875 0.2893530578125 0.6333703984375
13 0.3354802390625 0.6337101078125 0.34090442187500003 0.635350409375 0.349532178125 0.6071265078125 0.3359295578125 0.603024284375 0.31990168125 0.655478121875 0.3280400984375 0.657966790625 0.3354802390625 0.6337101078125
2 0.2928514453125 0.638581603125 0.3208549796875 0.64738615 0.3448988359375 0.5689603062499999 0.3150572796875 0.559780446875 0.2910758109375 0.6382553718749999 0.2927031828125 0.6387530953125 0.2928514453125 0.638581603125
10 0.35124100468749997 0.667479159375 0.355329678125 0.6687257359375 0.357709621875 0.6609696953124999 0.35365052812500003 0.6596819390625 0.35124100468749997 0.667479159375
10 0.285506 0.833481478125 0.2777233234375 0.8310583906250001 0.27875528906249997 0.82765326875 0.2653572859375 0.8235566265625 0.26311637499999996 0.830823471875 0.284326415625 0.8373082671875001 0.285506 0.833481478125
2 0.2589037375 0.7972200453125 0.2755245125 0.7428310328125 0.24433000625 0.73299574375 0.22761607499999997 0.7876347828125 0.2589037375 0.7972200453125
1 0.30321594531249996 0.7852420343750001 0.318177540625 0.7896481203125 0.3291789296875 0.7534459484375 0.314368875 0.7486402203125 0.30321594531249996 0.7852420343750001
10 0.3343105359375 0.6624602375 0.34992464375 0.66725339375 0.36685583906249997 0.6118996265625001 0.351112965625 0.606898725 0.334776209375 0.6603627109375 0.3348813140625 0.660621225 0.3343105359375 0.6624602375
10 0.26102626406249996 0.833100353125 0.2501516625 0.8297203375000001 0.2407248359375 0.8607242953125 0.25159736875 0.8640291921875001 0.26102626406249996 0.833100353125
10 0.2958102859375 0.783484071875 0.301663890625 0.785273825 0.3131170890625 0.7477741296875 0.30759293125 0.7460865625 0.2990056375 0.7741367703125 0.29870709375 0.7740450453125 0.2958102859375 0.783484071875
10 0.282781603125 0.7662595109375 0.2985749078125 0.7710698687499999 0.3063087140625 0.7457462234375 0.290539015625 0.740886659375 0.282781603125 0.7662595109375
3 0.3361651875 0.599589790625 0.3676576625 0.609354184375 0.376982646875 0.578759421875 0.34565037187500003 0.5691085 0.3361651875 0.599589790625
13 0.2532069890625 0.863871209375 0.27304134062499996 0.869859253125 0.28214718906249997 0.8400776499999999 0.26236526875 0.8337521671875001 0.2532069890625 0.863871209375
11 0.2895480328125 0.5970738421874999 0.3004431171875 0.6004045421875001 0.31190624375 0.562978675 0.3010267953125 0.55960318125 0.2895480328125 0.5970738421874999
10 0.3293213109375 0.6585274703125 0.3336852671875 0.6598602703124999 0.3402565078125 0.638234240625 0.33594142968749996 0.6369344171875 0.3293213109375 0.6585274703125
6 0.279313634375 0.8246928265625 0.2893685515625 0.7921786187500001 0.2750475 0.787830859375 0.26747736875 0.8125864343750001 0.26833074843750004 0.8128179203125001 0.2659635484375 0.8206119281250001 0.279313634375 0.8246928265625
7 0.2902332203125 0.7380476953125 0.3302233671875 0.7500866015625001 0.3542512515625 0.671491346875 0.3178438765625 0.6605906703125 0.3137921625 0.673821390625 0.3102476078125 0.672842403125 0.2902332203125 0.7380476953125
8 0.4663228859375 0 0.46616585468749994 0.0005149328125 0.4955313265625 0.009493679687500001 0.435334684375 0.2060125609375 0.4462521703125 0.209462865625 0.508298034375 0.0060590140625 0.5107320468750001 0.006783464062499999 0.5106116640625 0.0072310984375 0.5270852328125 0.01226064375 0.530576121875 0.0007629703125 0.508727521875 0 0.4663228859375 0
10 0.7986091984375 0.118660884375 0.8051528734375 0.12065765937499999 0.8068402171875 0.1152742046875 0.80027086875 0.11325151874999999 0.7986091984375 0.118660884375
13 0.7736271593749999 0.14699065625000002 0.7934207437499999 0.1531164234375 0.802523671875 0.1232393484375 0.78285826875 0.11693513281250001 0.7736271593749999 0.14699065625000002
8 0.7731116375 0.062898 0.7129374515625 0.25953492499999997 0.7238524140625 0.26296794375 0.7844571078125 0.06412125937499999 0.7443713140625 0.0518663828125 0.743744603125 0.0539191984375 0.7731116375 0.062898
10 0.5752661375 0.788552528125 0.6074328328124999 0.798440528125 0.6197759656249999 0.7581107921875 0.6171697515625 0.7572583796875 0.617097275 0.7574981843749999 0.5878529343750001 0.7484533124999999 0.5817724125 0.7683391562499999 0.581476971875 0.7682928796875 0.5752661375 0.788552528125
10 0.6142739328125 0.714465625 0.6247134125 0.717680353125 0.6269868140625 0.7102442265625 0.6165543437500001 0.7070078546875 0.6142739328125 0.714465625
3 0.5392300109375 0.95089690625 0.5566841124999999 0.9562327343750001 0.5690046343749999 0.9160132140625 0.5630953046875 0.91420744375 0.5600327015625 0.9241409859375 0.5485480296875 0.9205911390624999 0.5392300109375 0.95089690625
2 0.494127503125 0.937108203125 0.526712565625 0.9470592796874999 0.5487169515625 0.8749223390624999 0.5398413453125 0.8722328218750001 0.539895553125 0.8720236484375 0.5180555234375 0.86535738125 0.51803475625 0.8651909312500001 0.516311734375 0.8646116953125 0.494127503125 0.937108203125
2 0.5459961437499999 0.7641692921875001 0.5663334546875001 0.7703500062499999 0.58295594375 0.7162252765625 0.5516753249999999 0.7066621484375 0.5349264734375 0.7613609421875001 0.5458323796875 0.7646951468750001 0.5459961437499999 0.7641692921875001
10 0.5610452031250001 0.8912516 0.56805523125 0.8934147515624999 0.5716064656250001 0.8817112453125 0.5500319874999999 0.8750964640625 0.54831983125 0.8806979359374999 0.5629518296875 0.8850956390625001 0.5610452031250001 0.8912516
11 0.4806334328125 0.9353596390625001 0.4915150234375 0.9387633484375 0.5030353187500001 0.9011331031250001 0.492140634375 0.8977461328125 0.4806334328125 0.9353596390625001
7 0.5773118 0.8627644421875 0.5935606703125 0.8677814500000001 0.61327816875 0.8033772234375001 0.574328915625 0.7910353953125 0.55448193125 0.856013578125 0.5555538875 0.8563433781249999 0.551349815625 0.8699971625 0.573061234375 0.8767199124999999 0.5773118 0.8627644421875
10 0.5734698890625001 0.9144899953125 0.5790442687499999 0.916216840625 0.5828972234375 0.9036186328125 0.577330596875 0.901893621875 0.5734698890625001 0.9144899953125
13 0.5383744312500001 0.913971115625 0.5595970046875001 0.92036566875 0.5669002843750001 0.8963121468749999 0.5588517140625 0.893757825 0.5606998140624999 0.8877108265625001 0.547672784375 0.883691240625 0.5383744312500001 0.913971115625
1 0.51279725 0.8680098624999999 0.5122171765625 0.867831696875 0.5135017265624999 0.863595821875 0.503530071875 0.8605053078125 0.49308573906250003 0.8947241515625001 0.50366483125 0.8979703328124999 0.51279725 0.8680098624999999
10 0.625976125 0.7176963062499999 0.6315977328125 0.71941385625 0.6414730421875 0.6872076296875 0.6239017140625001 0.6818708359375 0.6170374921875 0.7042308359375 0.6289853390625 0.7079485125 0.625976125 0.7176963062499999
10 0.5424785921875 0.9377866687499999 0.5423130875 0.93773555 0.5476192265625001 0.9203257499999999 0.5366929296875 0.916948621875 0.527472034375 0.9472937390625 0.5385511828125 0.9505917796875 0.5424785921875 0.9377866687499999
13 0.6004596203125 0.74646706875 0.6203627218750001 0.7523668328124999 0.62948489375 0.7225654765625 0.6097623578125 0.7165094171875 0.6004596203125 0.74646706875
1 0.5769567984374999 0.8986739281249999 0.5834860171875 0.9007264812500001 0.5924710015625 0.871137653125 0.577797025 0.866688453125 0.5643051828125001 0.9106772046874999 0.572518153125 0.913224759375 0.5769567984374999 0.8986739281249999
2 0.5960481125 0.6733842140624999 0.5959429093749999 0.6733523984375 0.6022569796874999 0.65282275 0.5710356453125 0.6432632546875 0.5525304328125 0.703799621875 0.583388071875 0.713387065625 0.5895746109375 0.693151584375 0.589986275 0.693272275 0.5960481125 0.6733842140624999
6 0.6157187625 0.7052369890625 0.6154881640625 0.705169525 0.622547584375 0.682189396875 0.6111914656249999 0.6787190843750001 0.6112862796874999 0.6783768718750001 0.608077040625 0.6773767625 0.6008802921874999 0.700886796875 0.601787453125 0.701145175 0.5992030453125 0.7096523515625 0.609259678125 0.7127270703125 0.6093072375 0.71257395 0.6131136734375 0.7137543859375 0.6157187625 0.7052369890625
10 0.603655571875 0.7302077640625 0.6038768015625 0.7302749000000001 0.6084299953125 0.7154435203125 0.5985563359375 0.712367371875 0.5889795999999999 0.7433660953125 0.5986965640624999 0.7463179484375 0.603655571875 0.7302077640625
8 0.50591460625 0.8562890828124999 0.519320253125 0.8603906828125 0.5194603812499999 0.8602282859375 0.5503898203124999 0.8696400046875 0.5545284859375 0.8560683609374999 0.5536248296874999 0.8557991609375 0.6078534062500001 0.6770203031250001 0.5971707125 0.6736516796875 0.573377253125 0.7514436890625 0.5736905937500001 0.7515593828125 0.5661747703125 0.7758790875 0.5444501859375 0.769219978125 0.544527946875 0.7689631609375 0.5336761531249999 0.7655120234375 0.50591460625 0.8562890828124999
7 0.7718452359375 0.06343538125 0.7268906265624999 0.049575232812499995 0.706613359375 0.116129984375 0.7513815593750001 0.1300899375 0.7718452359375 0.06343538125
10 0.7359809937499999 0.22860310312499998 0.751575271875 0.23342683593750002 0.7604974859375 0.20429234375 0.7448642234375 0.1994656859375 0.7359809937499999 0.22860310312499998
6 0.7440477578125 0.19732651406249999 0.7610858578124999 0.20248677812500002 0.771686415625 0.16786845625 0.7557221984375 0.162937996875 0.753339909375 0.170761184375 0.75226940625 0.1704345625 0.7440477578125 0.19732651406249999
10 0.7566117109375 0.160209565625 0.7885793328124999 0.1699780453125 0.7926886 0.156397559375 0.7607691140624999 0.146638578125 0.7566117109375 0.160209565625
10 0.7319574156249999 0.13948651875 0.73475495625 0.1403221609375 0.7365911109375001 0.1342591109375 0.7337894656249999 0.13345146875 0.7319574156249999 0.13948651875
3 0.8254091328125 0.0766424671875 0.8133867078125 0.11625014375 0.8359605125 0.1231702984375 0.84801148125 0.08355111093749999 0.8254091328125 0.0766424671875
1 0.732307896875 0.1438217046875 0.728530259375 0.14266728906249998 0.73168096875 0.1325836046875 0.714041909375 0.127350759375 0.69882695625 0.177120396875 0.7201708546875001 0.1836223734375 0.732307896875 0.1438217046875
10 0.7813055234374999 0.116449396875 0.7711077421875 0.1131633734375 0.761661825 0.1438633546875 0.7719666140625 0.14699520625 0.7813055234374999 0.116449396875
13 0.7867867687500001 0.06483424843749999 0.7729523828125 0.11034947343749998 0.7973924390625 0.11773191718750001 0.811245415625 0.072311146875 0.7867867687500001 0.06483424843749999
2 0.6786491906250001 0.24910849375000002 0.7118124375 0.25924705000000003 0.73110641875 0.19609130156250001 0.72118745625 0.1930589125 0.721144034375 0.1932278125 0.69794505625 0.1860778875 0.6786491906250001 0.24910849375000002
2 0.7122448703125001 0.306544078125 0.742795925 0.315956653125 0.765725965625 0.24081737812499998 0.7506691765625 0.236271946875 0.7507337359374999 0.23603499375 0.735212646875 0.2313091859375 0.7122448703125001 0.306544078125
10 0.7219024125 0.19053857968750001 0.73282315625 0.1938060734375 0.7516150984375 0.1326699734375 0.7406473140625 0.1292272921875 0.7219024125 0.19053857968750001