0 0.37996093750000004 0 0.022409375000000002 0.18218125000000002 0.43910781249999997 1 0.6200390625 1 0.977590625 0.81781875 0.5608921875 0 0.37996093750000004 0
1 0.220859375 0.1669546875 0.2656328125 0.2548765625 0.280828125 0.2471328125 0.2359640625 0.159034375 0.220859375 0.1669546875
10 0.333996875 0.15842343750000001 0.3417109375 0.173565625 0.3483375 0.1701234375 0.3406328125 0.15505156250000002 0.333996875 0.15842343750000001
10 0.38214375 0.23649375 0.3755453125 0.240084375 0.384003125 0.256421875 0.390596875 0.25312812500000004 0.38214375 0.23649375
8 0.70923125 0.8800640625 0.7046375 0.8711062500000001 0.7023703125 0.872396875 0.659559375 0.788375 0.6618890625 0.7873265625 0.654678125 0.773234375 0.6392609375 0.7812953125 0.6417125 0.7861703125 0.6198734375 0.7972296875 0.6033578125 0.7644 0.5868875 0.773203125 0.61503125 0.8285562499999999 0.6179609375 0.8271312500000001 0.6800390625 0.9489078125000001 0.69823125 0.939409375 0.6763796875 0.8965296875 0.70923125 0.8800640625
13 0.5557203125 0.7930953125 0.5804234375 0.8416984375000001 0.6117625 0.8257296875 0.5869625 0.7771765625 0.5557203125 0.7930953125
1 0.7575171875 0.9299515625 0.6730984375 0.7643375 0.659190625 0.7714234375 0.658221875 0.7695546875 0.6569453125 0.7701890625 0.7423390624999999 0.9376859375000001 0.7575171875 0.9299515625
3 0.3823484375 0.25734218750000004 0.3721390625 0.237259375 0.38188125 0.23239375 0.36602812500000004 0.2014484375 0.3309609375 0.219815625 0.3568359375 0.2703203125 0.3823484375 0.25734218750000004
13 0.319890625 0.1655625 0.3433859375 0.2116078125 0.355934375 0.205309375 0.33242343750000003 0.1592625 0.319890625 0.1655625
10 0.6270515624999999 0.9800640625 0.633675 0.993053125 0.6577703125000001 0.9807750000000001 0.6511234375 0.96770625 0.6270515624999999 0.9800640625
13 0.3067625 0.17238124999999999 0.3299984375 0.2181546875 0.3428 0.21194687499999998 0.3192625 0.165959375 0.3067625 0.17238124999999999
1 0.449609375 0.22291875 0.345090625 0.0177671875 0.3299984375 0.025456250000000003 0.434521875 0.2306140625 0.449609375 0.22291875
2 0.374946875 0.121125 0.36329687499999996 0.098421875 0.3237578125 0.1183265625 0.351659375 0.1727875 0.3434609375 0.17696406250000002 0.3562703125 0.20221874999999997 0.364403125 0.1979578125 0.3921453125 0.252265625 0.43144687499999995 0.23205312500000003 0.417446875 0.2045359375 0.4151640625 0.2057421875 0.37263125 0.12235156250000001 0.374946875 0.121125
2 0.229725 0.1393265625 0.2459578125 0.1713828125 0.24834218749999998 0.17024843750000002 0.2766828125 0.225903125 0.27456562500000004 0.2272796875 0.28146875 0.240828125 0.32778593749999996 0.21724843749999997 0.3034515625 0.1695875 0.32069843750000004 0.160825 0.3025234375 0.1252609375 0.2802015625 0.1369359375 0.270721875 0.11832968749999999 0.229725 0.1393265625
3 0.3551109375 0.271096875 0.32942343749999997 0.220853125 0.28326406249999997 0.244371875 0.3088734375 0.294634375 0.3551109375 0.271096875
7 0.6032765625 0.7642375 0.60146875 0.7606609375 0.6066874999999999 0.7579109374999999 0.575371875 0.6967359375 0.5521874999999999 0.7086375 0.585328125 0.7738765625 0.6032765625 0.7642375
7 0.2597328125 0.09285 0.2797453125 0.13227968750000002 0.30215312499999997 0.12086250000000001 0.26932187500000004 0.0563734375 0.2066015625 0.08833125 0.21890937500000002 0.11249218750000001 0.2166484375 0.1137875 0.2263703125 0.13269999999999998 0.267234375 0.1115375 0.258034375 0.0937140625 0.2597328125 0.09285
2 0.7370359375 0.9403874999999999 0.7156109374999999 0.898421875 0.717928125 0.897240625 0.7108375 0.8833265625 0.6797421875 0.8993515625 0.7081500000000001 0.9551046875000001 0.7370359375 0.9403874999999999
11 0.6149203125 0.6766656249999999 0.6302218749999999 0.7068187499999999 0.642465625 0.70051875 0.62715 0.67036875 0.6149203125 0.6766656249999999
1 0.64058125 0.7718281250000001 0.655575 0.7642421875000001 0.611659375 0.678109375 0.596696875 0.6858765625000001 0.64058125 0.7718281250000001
1 0.227940625 0.143365625 0.20131562500000003 0.0910234375 0.1829421875 0.1003859375 0.20953906249999998 0.1524984375 0.227940625 0.143365625
10 0.592725 0.8721859375 0.5984859375 0.8690843750000001 0.5852796875 0.8432515625000001 0.5794765625 0.8460812499999999 0.592725 0.8721859375
8 0.3504984375 0.079003125 0.324640625 0.0281859375 0.2693296875 0.05636875 0.3221625 0.160109375 0.3389171875 0.15167031250000002 0.31874375 0.11229375 0.3597484375 0.09130468750000001 0.3529109375 0.0779640625 0.3504984375 0.079003125
2 0.6046625 0.7633984375 0.6188953125000001 0.79133125 0.640734375 0.7799171874999999 0.6364875 0.7714953125 0.6342921875 0.772753125 0.6106 0.726125 0.612765625 0.7250656249999999 0.5936078124999999 0.6873796875 0.577025 0.695940625 0.6099281249999999 0.760578125 0.6046625 0.7633984375
10 0.23431875 0.155728125 0.229575 0.1465203125 0.2113296875 0.1560703125 0.21186875 0.157134375 0.21510781250000002 0.15567031250000002 0.219028125 0.16340625 0.23431875 0.155728125
7 0.5763499999999999 0.8807796874999999 0.6252328125 0.9767171875 0.67833125 0.9495609375 0.6678984375 0.92923125 0.6695484375 0.928290625 0.6180171875 0.827296875 0.586853125 0.8425953125 0.60179375 0.8718359375 0.5956750000000001 0.8751468750000001 0.5940109375 0.87188125 0.5763499999999999 0.8807796874999999
11 0.2673203125 0.2582203125 0.29065625 0.3041875 0.30576875000000003 0.2962 0.28240468750000003 0.2503421875 0.2673203125 0.2582203125