1 0.6037546875 0.9202515625000001 0.6167609374999999 0.9202828125 0.6167328125 0.5815953125 0.6038234375 0.5815953125 0.6037546875 0.9202515625000001
8 0.6630953125 0.630853125 0.64881875 0.630853125 0.6488984375 0.741040625 0.6212203125 0.7410875 0.6212015625 0.8597578125 0.6633875 0.8599328125 0.6630953125 0.630853125
1 0.714546875 0.9067078125 0.7116046875 0.9067390625 0.711590625 0.9054109374999999 0.7010578125 0.9055359375 0.7010703125 0.9650812500000001 0.714546875 0.9651125 0.714546875 0.9067078125
10 0.7072515625 0.6930234375000001 0.7072515625 0.71921875 0.7145421875 0.7192515625 0.7145296875 0.6929937500000001 0.7072515625 0.6930234375000001
10 0.6642187500000001 0.7365171875 0.6912796875 0.73673125 0.6912796875 0.6960640625 0.66423125 0.6960640625 0.6642187500000001 0.7365171875
10 0.6931890625 0.87589375 0.6932234375 0.8631921874999999 0.6837875 0.8631640624999999 0.6837875 0.8654359375 0.6826703125 0.8654640625000001 0.6826703125 0.8758265625 0.6931890625 0.87589375
13 0.6487937500000001 0.584096875 0.6487812500000001 0.627846875 0.675471875 0.6277859375 0.675471875 0.5840671875 0.6487937500000001 0.584096875
10 0.6980328124999999 0.8685765625 0.698015625 0.90138125 0.7147171875 0.90138125 0.714684375 0.8685765625 0.6980328124999999 0.8685765625
10 0.676740625 0.5815812499999999 0.6767593749999999 0.6277859375 0.6814312499999999 0.6277468749999999 0.6813953125000001 0.5815421875 0.676740625 0.5815812499999999
10 0.690684375 0.6769140625000001 0.690684375 0.6870734374999999 0.7145453125000001 0.687109375 0.7145609375 0.676946875 0.690684375 0.6769140625000001
13 0.6931921875 0.9067140625000001 0.6931953125 0.8786921875000001 0.6813859375 0.8787140625 0.681375 0.8654671875 0.665340625 0.865503125 0.665321875 0.9067109375 0.6931921875 0.9067140625000001
7 0.6994421875 0.859728125 0.6994421875 0.7620921875 0.69135625 0.7620203125 0.6913046875 0.7422828124999999 0.664378125 0.7424984375 0.6644421875 0.8597171875 0.6994421875 0.859728125
11 0.6038187500000001 0.9650671875000001 0.6180265625 0.9651234375 0.6180015625 0.9233921875 0.603834375 0.9233750000000001 0.6038187500000001 0.9650671875000001
2 0.6212234375000001 0.9606 0.6639640625000001 0.9606 0.6639296875 0.8654734375 0.6212578125 0.8654734375 0.6212234375000001 0.9606
10 0.6642140624999999 0.6774875 0.664225 0.6934781250000001 0.6866375 0.69350625 0.6866515625 0.6774875 0.6642140624999999 0.6774875
6 0.6630874999999999 0.64231875 0.663071875 0.6722718750000001 0.66423125 0.6722328125 0.6642484375000001 0.6745281249999999 0.6866328125 0.6745281249999999 0.6866328125 0.6722328125 0.6885890625 0.6722328125 0.6885718749999999 0.6429859375 0.68665 0.643021875 0.68665 0.6308390625 0.66423125 0.6309140625 0.664215625 0.64231875 0.6630874999999999 0.64231875
1 0.7041078125 0.7625078125 0.7018484375 0.7625265625 0.7018546875 0.78329375 0.704090625 0.7833265625 0.704053125 0.8630671875000001 0.7145921875 0.863128125 0.7145390625 0.7221234375 0.7059968750000001 0.7221124999999999 0.7060125 0.6929796875 0.695846875 0.6929765625 0.6958234375 0.7520625 0.7041062499999999 0.7520515624999999 0.7041078125 0.7625078125
7 0.6594656249999999 0.12006406249999999 0.6594656249999999 0.05654843750000001 0.620590625 0.056662500000000005 0.6205390625 0.1012984375 0.6319609374999999 0.101528125 0.6320125 0.12006406249999999 0.6594656249999999 0.12006406249999999
8 0.620528125 0 0.620590625 0.056662500000000005 0.6594656249999999 0.05654843750000001 0.6594546875 0.23293593750000002 0.6738359375 0.23293593750000002 0.673775 0.1162 0.6786296875 0.1162 0.6786296875 0.053571875000000005 0.6738359375 0.053571875000000005 0.6737265625 0 0.620528125 0
2 0.6319578124999999 0.20019843750000002 0.6319421875 0.279309375 0.658115625 0.279309375 0.6580125 0.20019843750000002 0.6319578124999999 0.20019843750000002
6 0.6933312500000001 0.1979421875 0.6933703125 0.18543437499999998 0.6960671875 0.18538749999999998 0.6960671875 0.1564125 0.693309375 0.1564578125 0.693309375 0.1549859375 0.6738171875 0.1549859375 0.6737562500000001 0.1865375 0.6748875 0.186490625 0.6749484375 0.1979421875 0.6933312500000001 0.1979421875
1 0.6040546875 0 0.6040265625 0.01826875 0.594803125 0.01816875 0.5947609375 0.1244140625 0.6180640625 0.1246078125 0.6180640625 0.2793015625 0.6275390625 0.2793015625 0.6274968750000001 0.11144687499999999 0.6159296875 0.11144687499999999 0.6159703125 0 0.6040546875 0
3 0.6996171875 0.12350000000000001 0.7187734375 0.12350000000000001 0.718671875 0.052998437499999995 0.6996687500000001 0.0533453125 0.6996171875 0.12350000000000001
13 0.698390625 0.11573437499999999 0.6985187500000001 0.0533625 0.679909375 0.053553125 0.6798656249999999 0.08941249999999999 0.6858421875 0.0893203125 0.6858421875 0.115928125 0.698390625 0.11573437499999999
10 0.6750875 0.2011921875 0.675128125 0.23304687500000001 0.6873765625 0.23285312500000002 0.6873359375 0.2011921875 0.6750875 0.2011921875
10 0.5947578124999999 0 0.594775 0.015401562499999999 0.602753125 0.015401562499999999 0.60271875 0 0.5947578124999999 0
0 0.21875 0 0.21875 1 0.78125 1 0.78125 0 0.21875 0
10 0.6750359375 0.11899375000000001 0.675 0.15197812500000002 0.6933171875 0.1521390625 0.6933890625 0.11899375000000001 0.6750359375 0.11899375000000001
2 0.676278125 0 0.676284375 0.050496875 0.7187484375000001 0.050684375000000004 0.71873125 0 0.676278125 0
10 0.6798046875 0.0923640625 0.679928125 0.11573125 0.6844765625 0.11573125 0.6844984375000001 0.09231875 0.6798046875 0.0923640625
13 0.6594796875 0.2356578125 0.6595125000000001 0.2792625 0.6862828125 0.2794234375 0.6862828125 0.23547500000000002 0.6594796875 0.2356578125
2 0.6319640625 0.1259109375 0.6319640625 0.1969640625 0.658034375 0.1969640625 0.6579859375 0.125828125 0.6319640625 0.1259109375
10 0.38120468750000003 0.6571671875 0.37720937499999996 0.6571203125 0.37720937499999996 0.6880015625 0.3654984375 0.6880015625 0.365478125 0.7005734375 0.3811859375 0.7005734375 0.38120468750000003 0.6571671875
1 0.3716953125 0.8063125 0.3717109375 0.8557375 0.3939265625 0.8558031250000001 0.393953125 0.8064671875 0.3716953125 0.8063125
8 0.339490625 0.7355421875 0.46443593749999995 0.7357171874999999 0.464415625 0.6908453125 0.44089375000000003 0.6908875 0.4409140625 0.7037296875 0.2885109375 0.7037296875 0.28855 0.8557234375 0.3395265625 0.85553125 0.339490625 0.7355421875
2 0.30378906250000004 0.60338125 0.3040421875 0.6980953125 0.3468125 0.6980734375 0.346634375 0.603271875 0.30378906250000004 0.60338125
10 0.3728125 0.7384109375000001 0.37263125 0.8034296875000001 0.39404062500000003 0.8034296875000001 0.39404062500000003 0.7383390624999999 0.3728125 0.7384109375000001
10 0.403103125 0.70095 0.41168750000000004 0.70095 0.411721875 0.6548484375 0.4031140625 0.6548093749999999 0.403103125 0.70095
10 0.4426421875 0.65176875 0.44261875 0.6847171875 0.4478046875 0.6847921875 0.447821875 0.6517578125 0.4426421875 0.65176875
2 0.39533125 0.7388921875000001 0.3953109375 0.82649375 0.42744687499999995 0.826440625 0.4273375 0.7389703125 0.39533125 0.7388921875000001
10 0.466496875 0.6821625 0.466496875 0.6518109375 0.4504140625 0.651646875 0.4504140625 0.6862421875 0.46089375 0.6860734374999999 0.46091875 0.6821625 0.466496875 0.6821625
11 0.286534375 0.6066125 0.28655624999999996 0.6409890625 0.3006515625 0.6409890625 0.30062968749999996 0.6066374999999999 0.286534375 0.6066125
2 0.43004687500000005 0.7389265625 0.429978125 0.82651875 0.4644296875 0.82651875 0.4644296875 0.73895625 0.43004687500000005 0.7389265625
13 0.41291874999999995 0.656721875 0.41295000000000004 0.700484375 0.43960156250000004 0.7005734375 0.43962031250000005 0.656721875 0.41291874999999995 0.656721875
7 0.339484375 0.7355703124999999 0.3395265625 0.85553125 0.370328125 0.855634375 0.370184375 0.7356234374999999 0.339484375 0.7355703124999999
3 0.3479609375 0.6033109375000001 0.3480765625 0.654071875 0.3821921875 0.6541828125 0.3822421875 0.6031234375000001 0.3479609375 0.6033109375000001
10 0.3952671875 0.8299828125 0.39528125 0.8565046875 0.3996671875 0.856540625 0.399625 0.8300484375 0.3952671875 0.8299828125
6 0.40177968750000004 0.654834375 0.4009890625 0.654834375 0.4009875 0.6489171875 0.3878296875 0.6489234374999999 0.3878296875 0.654834375 0.3825046875 0.654834375 0.382471875 0.7013625 0.387625 0.7012078125000001 0.387625 0.7035859375 0.40177968750000004 0.703665625 0.40177968750000004 0.654834375
1 0.30112031250000004 0.6492578124999999 0.2994296875 0.6492218750000001 0.2994453125 0.6437765625 0.286403125 0.6437062499999999 0.2863734375 0.6969859375 0.30112031250000004 0.6969859375 0.30112031250000004 0.6492578124999999
11 0.322465625 0.30191875 0.3368234375 0.3019375 0.3368390625 0.2601734375 0.32250625 0.260228125 0.322465625 0.30191875
8 0.3676484375 0 0.36770625 0.0778609375 0.3246484375 0.07773593749999999 0.32461562499999996 0.196753125 0.3831765625 0.1965375 0.3831703125 0.0989203125 0.3818921875 0.0988953125 0.3819109375 0 0.3676484375 0
10 0.41204843750000003 0.21259687500000002 0.41204999999999997 0.1999765625 0.4026296875 0.200009375 0.4026296875 0.20229375 0.40151875 0.20229375 0.40151875 0.21264375000000002 0.41204843750000003 0.21259687500000002
10 0.43355625 0.238096875 0.43355625 0.20539374999999999 0.4166875 0.2053171875 0.4167109375 0.2423171875 0.4273765625 0.2422625 0.427365625 0.23822656250000002 0.43355625 0.238096875
1 0.3372828125 0.250853125 0.3372484375 0.20323281249999997 0.322465625 0.20317968749999998 0.322553125 0.2571 0.3355578125 0.25705 0.3355578125 0.250853125 0.3372828125 0.250853125
13 0.41205781249999995 0.24358593750000002 0.41205781249999995 0.21550937499999998 0.4001953125 0.2155421875 0.4001953125 0.20230625 0.384165625 0.20227343750000001 0.3841796875 0.2435234375 0.41205781249999995 0.24358593750000002
10 0.40951250000000006 0.01373125 0.40950781249999996 0.0239078125 0.4333765625 0.02386875 0.43335937500000005 0.013756250000000001 0.40951250000000006 0.01373125
3 0.384103125 0.246640625 0.384 0.2982046875 0.43136875 0.29765312499999996 0.43136093750000004 0.2467984375 0.384103125 0.246640625
2 0.34003125 0.2976609375 0.38264062499999996 0.2975453125 0.3827796875 0.20232343749999998 0.34004687499999997 0.2021734375 0.34003125 0.2976609375
10 0.42610625 0.032321875 0.42610625 0.0560390625 0.431703125 0.056075 0.431703125 0.032321875 0.42610625 0.032321875
10 0.3830328125 0.0328484375 0.383065625 0.0733625 0.41010156249999996 0.0734875 0.41011718750000004 0.032873437500000005 0.3830328125 0.0328484375
1 0.43141562499999997 0.0956359375 0.43136875 0.0589265625 0.4248234375 0.058943749999999996 0.4248078125 0.0328375 0.411575 0.0328375 0.411584375 0.095778125 0.43141562499999997 0.0956359375
2 0.32465937500000003 0.000753125 0.324640625 0.0722765625 0.36628125 0.0721125 0.3662921875 0.0007328125 0.32465937500000003 0.000753125
6 0.383065625 0 0.3830609375 0.011421875 0.40544531250000004 0.0113859375 0.4054640625 0.009125 0.40740156250000004 0.0090890625 0.40740156250000004 0 0.383065625 0
10 0.383046875 0.014264062499999999 0.383034375 0.030326562499999998 0.40549999999999997 0.03038125 0.40549999999999997 0.014254687499999998 0.383046875 0.014264062499999999
7 0.43137499999999995 0.19670625 0.43135312499999995 0.09878437500000001 0.410384375 0.0986546875 0.41037656250000004 0.0790578125 0.38317812500000004 0.0792796875 0.3831765625 0.1965375 0.43137499999999995 0.19670625
12 0.41053281249999996 0.57780625 0.41055624999999996 0.6457828125 0.466484375 0.6457828125 0.46650625 0.57780625 0.41053281249999996 0.57780625
13 0.375925 0.685103125 0.375890625 0.6571374999999999 0.34809999999999997 0.6571515625 0.3481515625 0.6980875 0.3641359375 0.6980734375 0.3641359375 0.6850171875 0.375925 0.685103125
2 0.6212359375000001 0.6639375000000001 0.6212484375 0.7352593749999999 0.6473671875 0.7353625 0.6474249999999999 0.6638859375 0.6212359375000001 0.6639375000000001
2 0.6212359375000001 0.6608234375 0.6474796875 0.660828125 0.6475984375 0.58160625 0.621203125 0.58160625 0.6212359375000001 0.6608234375
3 0.6653234375 0.9097921875000001 0.6652671875 0.9606718750000001 0.6965 0.960703125 0.6965 0.909978125 0.6653234375 0.9097921875000001