10 0.3116390625 0.2964078125 0.30136093750000004 0.2909890625 0.2976765625 0.2980484375 0.307946875 0.3034109375 0.3116390625 0.2964078125
2 0.26123281249999997 0.284653125 0.24584687500000002 0.3135875 0.2688375 0.325571875 0.28390781249999997 0.29705312500000003 0.26123281249999997 0.284653125
2 0.3508046875 0.19902031250000002 0.3554875 0.19053124999999999 0.3304265625 0.177684375 0.3118125 0.2125375 0.336940625 0.2254203125 0.34638749999999996 0.20765625000000001 0.355709375 0.212484375 0.36489531249999996 0.19555 0.3568328125 0.1914875 0.35236875 0.1997328125 0.3508046875 0.19902031250000002
13 0.353825 0.23388124999999998 0.3616453125 0.21915625 0.346671875 0.21106875 0.338840625 0.22562500000000002 0.353825 0.23388124999999998
6 0.3017375 0.315615625 0.303184375 0.316384375 0.30805625000000003 0.30695625 0.306653125 0.3062796875 0.30708281249999997 0.30543906249999997 0.2958140625 0.2995453125 0.28791406249999996 0.31455781250000003 0.29901093749999996 0.320575 0.3017375 0.315615625
10 0.372153125 0.22872499999999998 0.3738796875 0.22532812500000002 0.3637609375 0.21994843749999998 0.3619734375 0.2233671875 0.372153125 0.22872499999999998
5 0.25422812499999997 0.43414843750000004 0.2583328125 0.43586562500000003 0.2832421875 0.389203125 0.294090625 0.3953265625 0.3022078125 0.3800171875 0.30344375 0.3806421875 0.295440625 0.396065625 0.30291875 0.3999234375 0.32035625 0.36755781249999997 0.30068125 0.3572578125 0.326371875 0.30822812499999996 0.3131234375 0.30134531249999996 0.2939265625 0.3376640625 0.29667187500000003 0.339365625 0.26866406249999997 0.39215625 0.2634375 0.389609375 0.23815624999999999 0.43746718749999997 0.24963125000000003 0.44356718749999996 0.25422812499999997 0.43414843750000004
2 0.3146296875 0.26626875 0.3024390625 0.2888953125 0.3313375 0.30450625 0.3436046875 0.2814359375 0.3146296875 0.26626875
11 0.320665625 0.1708375 0.3119328125 0.187690625 0.3157546875 0.1896765625 0.3153625 0.1905046875 0.3193375 0.1926921875 0.328690625 0.1750796875 0.320665625 0.1708375
3 0.3746859375 0.2229796875 0.3838796875 0.205690625 0.3661140625 0.1962640625 0.3632875 0.2017046875 0.36251875 0.20129531250000002 0.3588921875 0.2081171875 0.3594671875 0.2086234375 0.3569671875 0.21306093750000002 0.36502500000000004 0.217346875 0.364778125 0.21781250000000002 0.3746859375 0.2229796875
8 0.2774234375 0.2543609375 0.3023859375 0.266915625 0.27926875 0.3102375 0.2874921875 0.31412968750000003 0.31445 0.2634296875 0.316078125 0.264175 0.335009375 0.22841406250000001 0.3009046875 0.21004062499999998 0.2774234375 0.2543609375
2 0.27579375 0.257459375 0.26227812500000003 0.2827109375 0.2856234375 0.294640625 0.2990859375 0.269490625 0.27579375 0.257459375
10 0.29041875 0.337028125 0.2977390625 0.323353125 0.29384062499999997 0.32111718749999996 0.286365625 0.334959375 0.29041875 0.337028125
4 0.32119375 0.3631375 0.3325921875 0.341496875 0.31672500000000003 0.3327484375 0.3051796875 0.35471718750000003 0.32119375 0.3631375
1 0.3099265625 0.21125 0.31863125000000003 0.1949640625 0.3106375 0.1907546875 0.30170625 0.207003125 0.3099265625 0.21125
12 0.2781578125 0.4469 0.30058281249999996 0.40405468750000006 0.28364687499999997 0.39470937500000003 0.26089375000000004 0.43772031250000004 0.2781578125 0.4469
13 0.28503124999999996 0.33425 0.29264375 0.320065625 0.2780828125 0.31251406249999997 0.270628125 0.3264265625 0.28503124999999996 0.33425
0 0.2012171875 0 0 0.37770625 0 0.8004078124999999 0.3753796875 1 0.7982859375 1 1 0.621359375 1 0.19957031249999999 0.6246640625000001 0 0.2012171875 0
7 0.328090625 0.2689359375 0.3452265625 0.2783859375 0.36000624999999997 0.2503625 0.3482453125 0.24427343750000002 0.351659375 0.23763593749999998 0.3362625 0.22978125 0.3331484375 0.23608125000000002 0.3316296875 0.235190625 0.31613281249999997 0.26425624999999997 0.327446875 0.270271875 0.328090625 0.2689359375
10 0.3612 0.2484234375 0.37048125 0.230925 0.36064375000000004 0.22569374999999997 0.35131875 0.24323125 0.3612 0.2484234375