13 0.5114140625 0.7408140624999999 0.5374796875000001 0.7407078125 0.5374578125 0.7012125 0.511440625 0.7011640625 0.5114140625 0.7408140624999999
2 0.49380781249999994 0.7005281250000001 0.4709515625 0.7005484375 0.47087031250000005 0.7003484375 0.46749062500000005 0.70028125 0.4674609375 0.779953125 0.4938375 0.77993125 0.49380781249999994 0.7005281250000001
11 0.464403125 0.120215625 0.45519999999999994 0.1201828125 0.4551890625 0.122296875 0.45128593749999996 0.12220781249999998 0.4512421875 0.1698421875 0.46565625 0.1698015625 0.465646875 0.1222921875 0.464403125 0.12226406249999999 0.464403125 0.120215625
3 0.5352765625 0.061185937499999996 0.5350953125 0.0611609375 0.53508125 0.12698125 0.5110406249999999 0.1270359375 0.511021875 0.170053125 0.5449546875 0.1701171875 0.5449937499999999 0.059143749999999995 0.5352453125000001 0.05909375 0.5352765625 0.061185937499999996
10 0.5391609374999999 0.7445906250000001 0.5112125 0.74454375 0.5112234375 0.754390625 0.52881875 0.75436875 0.5288078125 0.7499171875 0.5391609374999999 0.7498734375 0.5391609374999999 0.7445906250000001
1 0.465146875 1 0.46515625 0.9917890625 0.4647328125 0.9917671875 0.46474374999999996 0.9885078125 0.46404843749999997 0.9884859374999999 0.464009375 0.9652859375 0.46462343749999996 0.9652859375 0.46464375 0.876890625 0.46402968749999995 0.8769328125 0.46401875 0.8398187500000001 0.4646328125 0.8398625 0.46464375 0.799578125 0.46403906250000004 0.7996000000000001 0.46402968749999995 0.7602578125 0.46464375 0.7602578125 0.46464375 0.7197484375000001 0.46402968749999995 0.7197703125 0.46403906250000004 0.7005281250000001 0.451171875 0.7004812499999999 0.45115156250000005 0.7205375 0.450859375 0.7205578125 0.450840625 0.7594734375 0.451203125 0.7594484375 0.451171875 0.8001625000000001 0.450859375 0.8001625000000001 0.45085 0.8392578125 0.451203125 0.8392578125 0.45118125 0.877675 0.450859375 0.877675 0.450859375 0.964496875 0.45118125 0.964496875 0.45118125 0.9922828125 0.450859375 0.9922609375 0.45085625 1 0.465146875 1
10 0.5111515625 0.863175 0.5321078124999999 0.863175 0.5321296875 0.8298359375000001 0.5111625 0.82976875 0.5111515625 0.863175
1 0.5576 1 0.5576015625 0.9970718749999999 0.55725 0.9970265625 0.55726875 0.9923296875000001 0.5558515625 0.9923046875000001 0.5558609375 0.9701390625 0.563696875 0.9701859374999999 0.5636875 0.9537281249999999 0.56405 0.9537281249999999 0.564040625 0.9145921875 0.563696875 0.9145921875 0.563678125 0.8577578125 0.564040625 0.8577796875000001 0.5640203125000001 0.8372328124999999 0.563696875 0.8371437500000001 0.563728125 0.8120078124999999 0.5438390625 0.8120078124999999 0.543809375 0.8589046874999999 0.54845625 0.8589734375000001 0.54845625 0.9139828124999999 0.5478531249999999 0.914003125 0.5478328125 0.9542921874999999 0.54845625 0.9542921874999999 0.5484375 0.9859890625000001 0.5478234375000001 0.9859671875 0.5478265625 1 0.5576 1
13 0.5271984375 1 0.5271984375 0.9768156250000001 0.5129421875 0.9767718750000001 0.512928125 1 0.5271984375 1
2 0.49376718750000004 0.783728125 0.46749999999999997 0.7836609375 0.4674796875 0.8553078125000001 0.47100156249999997 0.8552875 0.47106250000000005 0.8550828125000001 0.49381875 0.8550828125000001 0.49376718750000004 0.783728125
8 0.5093390624999999 0.823159375 0.5096703125000001 0.823159375 0.509653125 0.8010765624999999 0.509321875 0.8010765624999999 0.509340625 0.7682859375 0.509684375 0.7682609375 0.5097234375 0.7581484374999999 0.50953125 0.7581234375 0.5095921875 0.7446328125 0.4952375 0.7445015625 0.49517656250000003 0.8556234375 0.49556875 0.8556234375 0.4955578125 0.8617374999999999 0.4709515625 0.8617812499999999 0.47087031250000005 0.8614906250000001 0.46749062500000005 0.8614656249999999 0.4674609375 0.9807265624999999 0.471615625 0.9807515625000001 0.471665625 0.9805046875000001 0.51098125 0.9800531250000001 0.5110109375 0.9763890625 0.51088125 0.9763890625 0.5108406249999999 0.866459375 0.5096640625 0.8663812500000001 0.5096703125000001 0.8319000000000001 0.50935 0.8319000000000001 0.5093390624999999 0.823159375
10 0.5335375 1 0.5335421874999999 0.9766468749999999 0.528965625 0.9765640624999999 0.5289296875 0.996903125 0.532478125 0.996878125 0.532478125 1 0.5335375 1
10 0.5396640625 0.81383125 0.5333859375000001 0.8137859375 0.53335625 0.8263296875 0.5340890625 0.8262859375 0.5340499999999999 0.8625484374999999 0.5396640625 0.8624328125 0.5396640625 0.81383125
10 0.511140625 0.82313125 0.52859375 0.8232125 0.5285984375 0.8034437499999999 0.51115625 0.8034625 0.511140625 0.82313125
6 0.5285062500000001 0.7581234375 0.5109 0.7583031250000001 0.510890625 0.768328125 0.5097234375 0.768328125 0.5097234375 0.8007031250000001 0.5286078125 0.8005890625 0.5285062500000001 0.7581234375
1 0.5477624999999999 0 0.5478453125 0.03908125 0.54841875 0.03908125 0.5484093750000001 0.16999843750000002 0.5572421875 0.1700625 0.5572390625 0.1550328125 0.5576171875 0.155046875 0.5575609375 0.1347546875 0.5572671875 0.1347484375 0.557303125 0.0770078125 0.5558203125000001 0.07706874999999999 0.5558609375 0.05492812500000001 0.563678125 0.054971875 0.5636687499999999 0.0383140625 0.5639890624999999 0.0382890625 0.5639890624999999 0 0.5477624999999999 0
10 0.5335453125 0.0611765625 0.5289328125 0.061043749999999994 0.5289328125 0.0814359375 0.5324703125 0.0814890625 0.5324671875 0.123321875 0.53354375 0.1232734375 0.5335453125 0.0611765625
7 0.5449953125 0.8666812500000001 0.5108703125 0.8664343750000001 0.5109 0.9698703125 0.535296875 0.9699375 0.535296875 0.970453125 0.5449765625 0.9704109375 0.5449953125 0.8666812500000001
10 0.49518593749999995 0.7415109375 0.5095125 0.74133125 0.5095921875 0.7005734375 0.49526562500000004 0.7004812499999999 0.49518593749999995 0.7415109375
7 0.51091875 0 0.5109609374999999 0.05445625 0.53526875 0.054478125 0.5352781249999999 0.0551078125 0.5450062499999999 0.055196875 0.5449953125 0 0.51091875 0
8 0.4674609375 0 0.467446875 0.0654703125 0.46777968750000004 0.0655140625 0.46783906249999996 0.06522343750000001 0.47179374999999996 0.0652453125 0.471853125 0.065065625 0.5109640625 0.0651484375 0.51100625 0.061043749999999994 0.510878125 0.0609671875 0.5108343750000001 0 0.4674609375 0
2 0.4682953125 0.071428125 0.46823437500000004 0.17000625 0.51093125 0.17007343749999998 0.51103125 0.071721875 0.4716453125 0.07169687500000001 0.47162499999999996 0.071428125 0.4682953125 0.071428125
13 0.5272296875 0.0615375 0.512903125 0.06146875 0.5129234375 0.1225265625 0.5307609375 0.1227046875 0.5307109375 0.0853875 0.5272296875 0.0854328125 0.5272296875 0.0615375
1 0.4508015625 0 0.45080937499999996 0.049265625 0.451134375 0.049265625 0.45115 0.0771484375 0.450840625 0.0771484375 0.4508296875 0.116615625 0.46536875 0.1166296875 0.46536718749999995 0.076396875 0.46473125 0.0763734375 0.46473125 0.0720796875 0.46404843749999997 0.07201093750000001 0.4640359375 0 0.4508015625 0
0 0.21875 0 0.21875 1 0.78125 1 0.78125 0 0.21875 0