2 0.5985671875 0.6520359375 0.5986484375 0.661146875 0.62215625 0.6612359375 0.62203125 0.6390984375000001 0.6254515625 0.6390984375000001 0.625475 0.6288984375 0.621984375 0.6289765625 0.622025 0.6067859375 0.5985140624999999 0.6067234375 0.59849375 0.617934375 0.599440625 0.617934375 0.5994312500000001 0.651975 0.5985671875 0.6520359375
3 0.63663125 0.9008171875000001 0.636459375 0.880603125 0.6220625 0.8803484375 0.6220921875000001 0.8928312500000001 0.6261062500000001 0.892809375 0.6261625000000001 0.9006484374999999 0.63663125 0.9008171875000001
10 0.6227296875 0.6405703125 0.62275 0.6466859375 0.625390625 0.6466000000000001 0.625409375 0.6406140625 0.6227296875 0.6405703125
10 0.655525 0.6679078125 0.66350625 0.667875 0.663484375 0.6640953125 0.6555703125 0.6640734375 0.655525 0.6679078125
5 0.6525359374999999 0.801028125 0.652453125 0.7595265625 0.6697 0.759471875 0.6696640625 0.7788484375 0.6809062499999999 0.7786328124999999 0.6808765625000001 0.73750625 0.6696859374999999 0.73755625 0.6697046875 0.7448406249999999 0.6524671875 0.744990625 0.6524671875 0.7349984375 0.6542140625 0.7350953125 0.6542359375 0.7287671875 0.6555875 0.7287250000000001 0.65556875 0.7161140625 0.6542359375 0.716178125 0.6542046874999999 0.7064874999999999 0.64060625 0.7066078124999999 0.6404953124999999 0.7248125 0.6443359375 0.72483125 0.644346875 0.7826921875 0.6406484375 0.782675 0.6405859375 0.8009187499999999 0.6525359374999999 0.801028125
8 0.599503125 0.6696484375 0.5994375 0.7113515625 0.5986296875 0.7114625 0.5986296875 0.716909375 0.62278125 0.7167265625 0.622765625 0.7302375 0.629403125 0.7303843750000001 0.629403125 0.6480765625 0.622715625 0.6481125 0.6228484375 0.6642734375 0.5985984375 0.664421875 0.5985796875 0.6696093750000001 0.599503125 0.6696484375
6 0.6393296875 0.777003125 0.6302109375 0.7772078125 0.6302109375 0.7974 0.6393484375 0.7974828125 0.6393296875 0.777003125
2 0.5986015625000001 0.8897859374999999 0.5986015625000001 0.900803125 0.62203125 0.900803125 0.621996875 0.8785359375 0.6253953125 0.8784359374999999 0.6253375 0.8689765625 0.6221109375 0.8689265625000001 0.6221687499999999 0.8463546875000001 0.5985437499999999 0.8463546875000001 0.598478125 0.8557859375 0.5994359375 0.8558109375 0.599425 0.8898109375000001 0.5986015625000001 0.8897859374999999
7 0.6640328125 0.8270390624999999 0.664053125 0.8142171875 0.664778125 0.8141734375 0.6647296875 0.8042671875 0.63945 0.8042421875000001 0.6394203125 0.8136374999999999 0.629509375 0.813715625 0.6294593749999999 0.8434421875 0.6386734374999999 0.8433875000000001 0.638615625 0.8272625 0.6394828125 0.827071875 0.6393984374999999 0.8344859375 0.655484375 0.8345062499999999 0.6555421875 0.8385328124999999 0.6630125 0.8384796874999999 0.6629937499999999 0.83978125 0.6634875 0.83974375 0.6635078125 0.8401859375 0.664815625 0.8402890624999999 0.664815625 0.8270625 0.6640328125 0.8270390624999999
10 0.6227078125000001 0.8610374999999999 0.622725 0.8671484375 0.625371875 0.8671171875000001 0.625390625 0.8609625 0.6227078125000001 0.8610374999999999
13 0.6228078125 0.7564765625 0.6228546875000001 0.7757953125 0.63534375 0.7754125000000001 0.635384375 0.756534375 0.6228078125 0.7564765625
13 0.6227750000000001 0.7314515625 0.6227171874999999 0.75156875 0.6352671875 0.7508515625000001 0.6352453125 0.73219375 0.6227750000000001 0.7314515625
10 0.6405531250000001 0.7810078125000001 0.64349375 0.7809078125 0.643471875 0.7547578125000001 0.640571875 0.75465 0.6405531250000001 0.7810078125000001
2 0.6549546875 0.8450625 0.6549203125 0.8375484375 0.639353125 0.8374937499999999 0.6393375 0.8450875 0.6301 0.8450390625 0.6301203125 0.859503125 0.63720625 0.8594140625 0.6371671875 0.87901875 0.656653125 0.8789515625 0.6566828124999999 0.88099375 0.6634578125 0.8807171874999999 0.6635015625 0.8734484374999999 0.66264375 0.8735765625 0.662634375 0.8504890625 0.6634828125000001 0.8505109375 0.6634921874999999 0.8449515625 0.6549546875 0.8450625
3 0.637278125 0.6068671875 0.63730625 0.6271312499999999 0.6552171875 0.62718125 0.655140625 0.6068734375 0.637278125 0.6068671875
13 0.6365671875000001 0.860846875 0.6313875 0.8608109374999999 0.6314546875 0.879728125 0.6365078125 0.8796421875 0.6365671875000001 0.860846875
2 0.5986109374999999 0.78365625 0.5986296875 0.7892812499999999 0.622053125 0.7890875 0.62200625 0.7771828125 0.6185546875 0.7773515625 0.618584375 0.775946875 0.622053125 0.7758609375 0.622025 0.7554093749999999 0.5985343750000001 0.7553484375 0.5985343750000001 0.7608234375 0.599459375 0.76078125 0.5994390625 0.7835734375000001 0.5986109374999999 0.78365625
13 0.6365921875 0.6280671875 0.631415625 0.6278125 0.6315109375 0.6468765624999999 0.6365734375 0.646621875 0.6365921875 0.6280671875
11 0.6562921875 0.8820609375 0.6562203125 0.9008484375 0.6635265625 0.9008375 0.6635156249999999 0.8823124999999999 0.6562921875 0.8820609375
13 0.6262078125 0.6277765625 0.626121875 0.64633125 0.6311453124999999 0.6462890625 0.631184375 0.6279484375 0.6262078125 0.6277765625
7 0.651578125 0.1718984375 0.6401828125 0.1718984375 0.6401484375 0.186215625 0.6319343749999999 0.1863453125 0.63198125 0.17977343750000002 0.618646875 0.1796984375 0.61855 0.21004218749999998 0.619396875 0.2100125 0.6194765624999999 0.2176046875 0.6282281249999999 0.2175796875 0.6282171875 0.21890937500000002 0.6406984375 0.218859375 0.640721875 0.21185468749999997 0.6516234375 0.21185468749999997 0.6516015625 0.2083796875 0.650765625 0.20832812500000003 0.6507421875 0.1853703125 0.6516124999999999 0.1853984375 0.651578125 0.1718984375
13 0.3318609375 0.28295781249999996 0.34420625 0.2829328125 0.34423906249999997 0.2642734375 0.3318390625 0.2642734375 0.3318609375 0.28295781249999996
2 0.3109765625 0.35502656250000003 0.3118078125 0.3549390625 0.31182656249999996 0.377909375 0.31095625 0.3780421875 0.3109765625 0.389040625 0.330409375 0.389040625 0.3304328125 0.3460546875 0.31099375 0.345990625 0.3109765625 0.35502656250000003
13 0.3318453125 0.25874687500000004 0.34418906250000003 0.258721875 0.344221875 0.2400578125 0.3318203125 0.2400578125 0.3318453125 0.25874687500000004
10 0.6263828124999999 0.2834703125 0.628584375 0.28344843750000004 0.6286140625 0.2630203125 0.6263734375000001 0.2630421875 0.6263828124999999 0.2834703125
10 0.6299703125 0.27978125 0.6317437499999999 0.27973750000000003 0.631771875 0.26846875 0.6300078124999999 0.26846875 0.6299703125 0.27978125
2 0.5922265624999999 0.35502656250000003 0.5930578125 0.3549390625 0.5930765625000001 0.377909375 0.59220625 0.3780421875 0.5922265624999999 0.389040625 0.611659375 0.389040625 0.6116828125 0.3460546875 0.59224375 0.345990625 0.5922265624999999 0.35502656250000003
13 0.6130953124999999 0.25874687500000004 0.6254390625 0.258721875 0.625471875 0.2400578125 0.6130703125 0.2400578125 0.6130953124999999 0.25874687500000004
8 0.593090625 0.3383671875 0.5921765625 0.3384515625 0.59215625 0.343328125 0.6123375 0.3433 0.612325 0.3566421875 0.6184624999999999 0.35667031250000003 0.618515625 0.2847109375 0.612365625 0.28464999999999996 0.612421875 0.298421875 0.592171875 0.2983609375 0.59215625 0.3039 0.593128125 0.3039 0.593090625 0.3383671875
2 0.5923390625 0.145078125 0.593125 0.145021875 0.5931375 0.1679625 0.5923 0.1679625 0.5923 0.1769515625 0.6117578124999999 0.17697968749999998 0.6117046875 0.1338890625 0.5923125 0.1338890625 0.5923390625 0.145078125
4 0.6477265625 0.050006249999999995 0.6592703125 0.04998125 0.659246875 0.021884375 0.647715625 0.021859375 0.6477265625 0.050006249999999995
13 0.615434375 0.12786718749999998 0.6210765625 0.1278875 0.6211265625 0.11651249999999999 0.61540625 0.11642656250000001 0.615434375 0.12786718749999998
2 0.63954375 0.17698750000000002 0.63954375 0.1732140625 0.63954375 0.1716484375 0.6403140625 0.1716171875 0.6402859375000001 0.15351874999999998 0.6394359374999999 0.15345781249999998 0.6394390624999999 0.13556718750000002 0.6402578125 0.13551249999999998 0.6402578125 0.1338390625 0.622453125 0.13401093749999998 0.6224796875 0.165940625 0.6193500000000001 0.1659125 0.6193234375000001 0.17707656249999998 0.63954375 0.17698750000000002
12 0.642084375 0.2562234375 0.656434375 0.256184375 0.6564515625 0.21488593749999998 0.642134375 0.21477343750000003 0.642084375 0.2562234375
6 0.622246875 0.045534375 0.6315140625 0.0454265625 0.6314656249999999 0.0269796875 0.6221703125 0.027064062500000003 0.622246875 0.045534375
11 0.643775 0.108459375 0.6544 0.10842343750000001 0.65435 0.0945828125 0.6438406249999999 0.0945078125 0.643775 0.108459375
8 0.5930671875 0.2191421875 0.5922421875 0.2191609375 0.592228125 0.22456874999999998 0.6124109375 0.2245375 0.6123968750000001 0.2378828125 0.6185343750000001 0.23791250000000003 0.6185890625 0.1659484375 0.6124375 0.16588750000000002 0.61249375 0.179659375 0.59224375 0.17959843749999999 0.592271875 0.18481406250000001 0.5930953125 0.1848765625 0.5930671875 0.2191421875
5 0.6406859375 0.221996875 0.6299890625 0.22189375 0.6300125000000001 0.241603125 0.632553125 0.24168125 0.632575 0.28145312499999997 0.6299781249999999 0.2815078125 0.6299546874999999 0.3011125 0.6435125 0.3011375 0.6435125 0.2800984375 0.640675 0.280178125 0.640675 0.271153125 0.65788125 0.271203125 0.6578921875 0.277340625 0.6674578125 0.2772875 0.6674796875 0.2142765625 0.6578593749999999 0.21425156250000002 0.6578703124999999 0.25645625 0.64061875 0.25653125 0.6406859375 0.221996875
6 0.6393203125 0.70999375 0.6302625 0.7101015625 0.630271875 0.7254390625 0.6300250000000001 0.72541875 0.630071875 0.73029375 0.6393390625 0.73038125 0.6393203125 0.70999375
4 0.3664765625 0.050006249999999995 0.3780203125 0.04998125 0.377996875 0.021884375 0.366465625 0.021859375 0.3664765625 0.050006249999999995
10 0.35143125 0.1846390625 0.358253125 0.1846390625 0.35822031249999997 0.1794125 0.3514 0.179340625 0.35143125 0.1846390625
2 0.31376875000000004 0.0968890625 0.3146 0.096803125 0.3146203125 0.1197734375 0.31375000000000003 0.11990624999999999 0.31376875000000004 0.1309015625 0.333203125 0.1309015625 0.3332234375 0.08791875 0.313784375 0.0878546875 0.31376875000000004 0.0968890625
10 0.3451328125 0.2834703125 0.34733437500000003 0.28344843750000004 0.34736406249999996 0.2630203125 0.34512343749999996 0.2630421875 0.3451328125 0.2834703125
5 0.35943593749999997 0.221996875 0.34873906250000003 0.22189375 0.3487625 0.241603125 0.351303125 0.24168125 0.351325 0.28145312499999997 0.348728125 0.2815078125 0.3487046875 0.3011125 0.36226250000000004 0.3011375 0.36226250000000004 0.2800984375 0.359425 0.280178125 0.359425 0.271153125 0.37663125000000003 0.271203125 0.3766421875 0.277340625 0.3862078125 0.2772875 0.38622968750000003 0.2142765625 0.376609375 0.21425156250000002 0.3766203125 0.25645625 0.35936875 0.25653125 0.35943593749999997 0.221996875
13 0.334184375 0.12786718749999998 0.3398265625 0.1278875 0.3398765625 0.11651249999999999 0.33415625000000004 0.11642656250000001 0.334184375 0.12786718749999998
2 0.35829374999999997 0.17698750000000002 0.35829374999999997 0.1732140625 0.35829374999999997 0.1716484375 0.3590640625 0.1716171875 0.35903593749999996 0.15351874999999998 0.3581859375 0.15345781249999998 0.35818906250000004 0.13556718750000002 0.35900781249999997 0.13551249999999998 0.35900781249999997 0.1338390625 0.341203125 0.13401093749999998 0.3412296875 0.165940625 0.33809999999999996 0.1659125 0.33807343749999996 0.17707656249999998 0.35829374999999997 0.17698750000000002
10 0.3487203125 0.26689375000000004 0.350521875 0.266871875 0.350521875 0.2562625 0.3487484375 0.2562625 0.3487203125 0.26689375000000004
10 0.3655390625 0.70851875 0.3655625 0.725478125 0.3727984375 0.7255281250000001 0.3728 0.7087375 0.3655390625 0.70851875
10 0.3106 0.8501859375 0.310640625 0.8552125 0.33005625 0.8553015625 0.33005625 0.8503640625 0.33323125 0.8500062500000001 0.3332734375 0.855484375 0.36221562500000004 0.854853125 0.36225625 0.8505437499999999 0.36527031249999997 0.8503640625 0.36527031249999997 0.8553906250000001 0.37194531249999996 0.8553906250000001 0.3719828125 0.7810234375 0.368165625 0.7809328125 0.368125 0.7573125 0.36539062499999997 0.7573125 0.3653515625 0.7623390624999999 0.36221562500000004 0.762428125 0.3621765625 0.757221875 0.33323125 0.7573125 0.33323125 0.762253125 0.330096875 0.762253125 0.33005625 0.7573125 0.310640625 0.757221875 0.31068125 0.762253125 0.3089921875 0.7623390624999999 0.3089921875 0.8103046875000001 0.310640625 0.8103046875000001 0.3106 0.81811875 0.3089515625 0.8183875 0.3089515625 0.8501859375 0.3106 0.8501859375
7 0.3588734375 0.7071390625 0.3588734375 0.7194890625 0.3507359375 0.7198078125 0.3508078125 0.7526140625 0.364815625 0.7524031250000001 0.364834375 0.7072171875000001 0.3588734375 0.7071390625
12 0.3832921875 0.7513078125 0.3975953125 0.7513859375 0.3975640625 0.698690625 0.383259375 0.6984640625 0.3832921875 0.7513078125
10 0.331475 0.667803125 0.3375640625 0.66806875 0.33764375 0.6523875 0.331475 0.6521671875 0.331475 0.667803125
2 0.3715390625 0.6535578125 0.371540625 0.6927609375 0.390153125 0.6929796875 0.39010781250000004 0.68418125 0.38937187500000003 0.6842343750000001 0.38941875000000004 0.6646765625 0.390153125 0.6646765625 0.39020156250000004 0.6539671874999999 0.3715390625 0.6535578125
5 0.381859375 0.7515625 0.3817921875 0.7298578124999999 0.37324999999999997 0.7299328125 0.3734515625 0.8547781249999999 0.3958625 0.854628125 0.3958625 0.8499874999999999 0.3976375 0.8501375 0.3977046875 0.8120390625 0.382059375 0.8121140625000001 0.381859375 0.7776828124999999 0.38758750000000003 0.7776828124999999 0.3876546875 0.7808296875 0.3931828125 0.7809046875 0.39311562499999997 0.7778343750000001 0.3977046875 0.7776078125 0.3975953125 0.7513859375 0.381859375 0.7515625
2 0.338890625 0.66995625 0.3396703125 0.66995625 0.339746875 0.6893859375 0.33890625 0.6893859375 0.33890625 0.69166875 0.36004843750000004 0.691578125 0.3599890625 0.6539015625 0.338890625 0.6539265624999999 0.338890625 0.66995625
10 0.369625 0.7448078125 0.37248281250000004 0.7448796875 0.37241875 0.729896875 0.369640625 0.7298640625 0.369625 0.7448078125
8 0.379053125 0.69453125 0.3786390625 0.6948218749999999 0.370690625 0.6943984375000001 0.37070625 0.6835390625 0.36071718750000004 0.68335625 0.3607703125 0.6944484375 0.339084375 0.694190625 0.33894531250000004 0.705928125 0.3397046875 0.7059171875 0.3397515625 0.74053125 0.33894531250000004 0.74053125 0.33894531250000004 0.7525109375000001 0.3508078125 0.7526140625 0.3507359375 0.7198078125 0.3588734375 0.7194890625 0.3588734375 0.7071390625 0.3790046875 0.7071609375000001 0.379053125 0.69453125
1 0.3315640625 0.7542125000000001 0.337590625 0.7539984375000001 0.337603125 0.6700109375000001 0.331434375 0.6697875 0.3315640625 0.7542125000000001
10 0.365590625 0.7540484375000001 0.3681609375 0.754090625 0.36808125 0.72728125 0.365709375 0.727234375 0.365590625 0.7540484375000001
6 0.379053125 0.69453125 0.3790046875 0.7071609375000001 0.37360000000000004 0.7071609375000001 0.37356875 0.7270625 0.37891875 0.72674375 0.3789140625 0.7252468750000001 0.381215625 0.7254031249999999 0.3812859375 0.694553125 0.379053125 0.69453125
1 0.3915296875 0.6524296875 0.3915296875 0.695365625 0.39765 0.6953125 0.3975328125 0.6521640625 0.3915296875 0.6524296875
10 0.369640625 0.7777624999999999 0.3724515625 0.777690625 0.37241875 0.7577984375 0.3695921875 0.7578734375 0.369640625 0.7777624999999999
10 0.3610328125 0.6811453125 0.36995 0.6812968749999999 0.369984375 0.6548875 0.3609296875 0.6551171874999999 0.3610328125 0.6811453125
10 0.369640625 0.7560328125 0.37243593750000004 0.7560328125 0.37241875 0.7466109375000001 0.369640625 0.746503125 0.369640625 0.7560328125
4 0.3831765625 0.7809046875 0.3833171875 0.8089718749999999 0.397553125 0.8088468750000001 0.397525 0.780965625 0.3831765625 0.7809046875
10 0.35426718749999997 0.08539218750000001 0.3610875 0.08539218750000001 0.36105468749999997 0.08016562499999999 0.354234375 0.080090625 0.35426718749999997 0.08539218750000001
10 0.3487359375 0.25454374999999996 0.3505 0.254521875 0.3505 0.2433140625 0.3487453125 0.2433796875 0.3487359375 0.25454374999999996
10 0.34079375 0.1309234375 0.3433890625 0.13094375 0.343396875 0.124065625 0.340803125 0.12402187499999999 0.34079375 0.1309234375
10 0.35154375 0.021712500000000003 0.35331718749999996 0.02166875 0.3533453125 0.0104015625 0.3515828125 0.0104015625 0.35154375 0.021712500000000003
7 0.359378125 0.3042515625 0.3381171875 0.3054875 0.33814687499999996 0.3130890625 0.337240625 0.3131328125 0.3371828125 0.34359375000000003 0.350653125 0.3435109375 0.3506828125 0.336990625 0.358871875 0.336990625 0.3589 0.351371875 0.3702640625 0.35135 0.3703609375 0.3378 0.3694453125 0.3378 0.3694453125 0.3147953125 0.37027343749999997 0.3147953125 0.37025625 0.311259375 0.3594046875 0.311215625 0.359378125 0.3042515625
10 0.3514171875 0.3436359375 0.3582359375 0.3436359375 0.3582046875 0.338409375 0.3513828125 0.33833437499999997 0.3514171875 0.3436359375
10 0.3487203125 0.27978125 0.35049375 0.27973750000000003 0.350521875 0.26846875 0.34875781250000004 0.26846875 0.3487203125 0.27978125
8 0.3118171875 0.2191421875 0.3109921875 0.2191609375 0.310978125 0.22456874999999998 0.33116093750000003 0.2245375 0.331146875 0.2378828125 0.33728437499999997 0.23791250000000003 0.3373390625 0.1659484375 0.3311875 0.16588750000000002 0.33124375 0.179659375 0.31099375 0.17959843749999999 0.311021875 0.18481406250000001 0.31184531249999997 0.1848765625 0.3118171875 0.2191421875
6 0.340996875 0.045534375 0.35026406250000003 0.0454265625 0.35021562500000003 0.0269796875 0.3409203125 0.027064062500000003 0.340996875 0.045534375
11 0.362525 0.108459375 0.37315 0.10842343750000001 0.3731 0.0945828125 0.362590625 0.0945078125 0.362525 0.108459375
2 0.31103749999999997 0.259953125 0.3303953125 0.260046875 0.3303953125 0.239309375 0.3270453125 0.23937031250000002 0.3270453125 0.23801875 0.330421875 0.23801875 0.33053125 0.22621093750000001 0.310984375 0.226303125 0.3110109375 0.23167187500000003 0.3118609375 0.23170312499999998 0.3118484375 0.254646875 0.3110234375 0.25467968750000003 0.31103749999999997 0.259953125
7 0.370328125 0.1718984375 0.35893281250000003 0.1718984375 0.3588984375 0.186215625 0.350684375 0.1863453125 0.35073125 0.17977343750000002 0.337396875 0.1796984375 0.33730000000000004 0.21004218749999998 0.33814687499999996 0.2100125 0.3382265625 0.2176046875 0.346978125 0.2175796875 0.3469671875 0.21890937500000002 0.3594484375 0.218859375 0.359471875 0.21185468749999997 0.37037343749999996 0.21185468749999997 0.3703515625 0.2083796875 0.369515625 0.20832812500000003 0.3694921875 0.1853703125 0.37036250000000004 0.1853984375 0.370328125 0.1718984375
13 0.338225 0.148078125 0.337034375 0.1481203125 0.337053125 0.14899374999999998 0.331303125 0.14909843750000001 0.331321875 0.1639453125 0.3403125 0.16390312499999998 0.340321875 0.143046875 0.338225 0.1430078125 0.338225 0.148078125
11 0.3597640625 0.1701296875 0.37038906250000003 0.17009375 0.370340625 0.156253125 0.3598296875 0.15618125 0.3597640625 0.1701296875
13 0.3341578125 0.1156234375 0.339865625 0.11565 0.3398765625 0.1167484375 0.3410546875 0.1166703125 0.3410328125 0.1218328125 0.34315 0.12180781249999999 0.343103125 0.10089843750000001 0.3341796875 0.10089843750000001 0.3341578125 0.1156234375
10 0.33787656250000003 0.38910625 0.34047031250000004 0.3891265625 0.3404796875 0.38224843750000004 0.3378875 0.38220624999999997 0.33787656250000003 0.38910625
2 0.36184375 0.13094843750000001 0.3618109375 0.1291421875 0.360971875 0.129253125 0.36095625 0.11140000000000001 0.36184375 0.11140000000000001 0.36190937500000003 0.09321718749999999 0.36105312500000003 0.093253125 0.36107187500000004 0.08795468749999999 0.340871875 0.087696875 0.340871875 0.098921875 0.3439859375 0.098775 0.34407031250000003 0.1309078125 0.36184375 0.13094843750000001
6 0.338196875 0.30353125 0.3474625 0.3034265625 0.347415625 0.2849796875 0.33812031249999996 0.2850640625 0.338196875 0.30353125
6 0.3381375 0.23827343750000002 0.347403125 0.2381671875 0.34735625 0.21971875000000002 0.3380609375 0.2198046875 0.3381375 0.23827343750000002
10 0.3451421875 0.259953125 0.34733437500000003 0.2599109375 0.347315625 0.239546875 0.3451046875 0.2395234375 0.3451421875 0.259953125
13 0.331340625 0.3738 0.33704999999999996 0.37382499999999996 0.3370609375 0.374925 0.3382390625 0.37485 0.3382171875 0.3800125 0.34033437499999997 0.37998750000000003 0.34028749999999997 0.359078125 0.3313640625 0.359078125 0.331340625 0.3738
13 0.3346515625 0.024990625 0.3469953125 0.024965624999999998 0.34702968749999996 0.006306249999999999 0.334628125 0.006306249999999999 0.3346515625 0.024990625
2 0.313809375 0.038498437499999996 0.33318125 0.038482812500000005 0.333228125 0.026853125 0.3298671875 0.026853125 0.3298515625 0.024865625 0.3331625 0.0247546875 0.333165625 0.0050625 0.31379843749999997 0.0048875 0.3137734375 0.0102546875 0.31463125000000003 0.0102296875 0.31463125000000003 0.033184375 0.313809375 0.033184375 0.313809375 0.038498437499999996
10 0.363728125 0.018775 0.3780296875 0.0188 0.378040625 0.014840625 0.363728125 0.0147875 0.363728125 0.018775
10 0.337896875 0.14080781250000002 0.3404890625 0.1408296875 0.34049843750000003 0.1339515625 0.33790624999999996 0.1339078125 0.337896875 0.14080781250000002
2 0.35909375 0.3891171875 0.3590609375 0.3873109375 0.35822031249999997 0.38742187499999997 0.3582046875 0.36956875 0.35909375 0.36956875 0.359159375 0.3513859375 0.3583015625 0.351421875 0.35832031249999996 0.3461234375 0.338121875 0.3458640625 0.338121875 0.3570890625 0.3412359375 0.3569421875 0.3412234375 0.38910625 0.35909375 0.3891171875
8 0.311840625 0.3383671875 0.3109265625 0.3384515625 0.31090625 0.343328125 0.3310875 0.3433 0.331075 0.3566421875 0.3372125 0.35667031250000003 0.337265625 0.2847109375 0.33111562499999997 0.28464999999999996 0.331171875 0.298421875 0.310921875 0.2983609375 0.31090625 0.3039 0.311878125 0.3039 0.311840625 0.3383671875
8 0.314628125 0.08010468750000001 0.31374843750000003 0.08016562499999999 0.3137890625 0.0855328125 0.333971875 0.085503125 0.3339578125 0.098846875 0.339984375 0.09891093749999999 0.34015 0.026914062500000002 0.33399843749999997 0.026853125 0.3340546875 0.040626562500000005 0.3138046875 0.0405640625 0.31383125 0.04578125 0.31465624999999997 0.0458421875 0.314628125 0.08010468750000001
7 0.6434953125 0.046078125 0.622234375 0.0473140625 0.6222640625 0.054921874999999995 0.6213578125 0.0549640625 0.6213015625 0.085425 0.634771875 0.08533906249999999 0.6348015625000001 0.078821875 0.642990625 0.078821875 0.64301875 0.0932 0.6543828125 0.093178125 0.654478125 0.07963125 0.6535640625 0.07963125 0.6535640625 0.0566265625 0.6543921874999999 0.0566265625 0.6543734375 0.053090625 0.6435234375000001 0.05304687500000001 0.6434953125 0.046078125
10 0.6326671875 0.3436359375 0.6394859375 0.3436359375 0.6394546875 0.338409375 0.6326328125 0.33833437499999997 0.6326671875 0.3436359375
2 0.5922875000000001 0.259953125 0.6116453125 0.260046875 0.6116453125 0.239309375 0.6082953125 0.23937031250000002 0.6082953125 0.23801875 0.6116718750000001 0.23801875 0.61178125 0.22621093750000001 0.592234375 0.226303125 0.5922609375000001 0.23167187500000003 0.5931109375 0.23170312499999998 0.5930984375 0.254646875 0.5922734375 0.25467968750000003 0.5922875000000001 0.259953125
10 0.6328109375000001 0 0.6327875 0.008642187499999999 0.6345890625 0.008621875 0.6345890625 0 0.6328109375000001 0
2 0.592221875 0.2966625 0.61159375 0.2966484375 0.6116421875 0.2850140625 0.60828125 0.2850140625 0.608265625 0.28303124999999996 0.6115765625 0.28291875 0.6115796875 0.2632234375 0.5922109375 0.2630484375 0.5921875 0.26841875000000004 0.5930453124999999 0.268390625 0.5930453124999999 0.2913453125 0.592221875 0.2913453125 0.592221875 0.2966625
13 0.6154078125 0.1156234375 0.6211156250000001 0.11565 0.6211265625 0.1167484375 0.6223046875 0.1166703125 0.6222828125000001 0.1218328125 0.6244 0.12180781249999999 0.6243531250000001 0.10089843750000001 0.6154296875 0.10089843750000001 0.6154078125 0.1156234375
10 0.6227203125 0.8941531250000001 0.6227390625 0.9007125 0.6254 0.900584375 0.6254 0.8941734374999999 0.6227203125 0.8941531250000001
13 0.619475 0.148078125 0.618284375 0.1481203125 0.618303125 0.14899374999999998 0.612553125 0.14909843750000001 0.612571875 0.1639453125 0.6215625 0.16390312499999998 0.621571875 0.143046875 0.619475 0.1430078125 0.619475 0.148078125
6 0.6193875 0.23827343750000002 0.628653125 0.2381671875 0.62860625 0.21971875000000002 0.6193109375 0.2198046875 0.6193875 0.23827343750000002
10 0.62924375 0.025303125 0.6314375 0.025259375 0.6314171875000001 0.0048953125 0.62920625 0.0048734375 0.62924375 0.025303125
7 0.640628125 0.3042515625 0.6193671875 0.3054875 0.619396875 0.3130890625 0.618490625 0.3131328125 0.6184328125 0.34359375000000003 0.631903125 0.3435109375 0.6319328125 0.336990625 0.640121875 0.336990625 0.64015 0.351371875 0.6515140625 0.35135 0.6516109375 0.3378 0.6506953125 0.3378 0.6506953125 0.3147953125 0.6515234375000001 0.3147953125 0.65150625 0.311259375 0.6406546875 0.311215625 0.640628125 0.3042515625
10 0.644878125 0.04998125 0.6463265625 0.050062499999999996 0.6463171875 0.044653125 0.6449281250000001 0.0446609375 0.644878125 0.04998125
10 0.62204375 0.1309234375 0.6246390625 0.13094375 0.624646875 0.124065625 0.622053125 0.12402187499999999 0.62204375 0.1309234375
13 0.6131109375 0.28295781249999996 0.6254562499999999 0.2829328125 0.6254890625 0.2642734375 0.6130890625000001 0.2642734375 0.6131109375 0.28295781249999996
10 0.6299859375 0.25454374999999996 0.63175 0.254521875 0.63175 0.2433140625 0.6299953125 0.2433796875 0.6299859375 0.25454374999999996
2 0.59501875 0.0968890625 0.59585 0.096803125 0.5958703125 0.1197734375 0.595 0.11990624999999999 0.59501875 0.1309015625 0.614453125 0.1309015625 0.6144734374999999 0.08791875 0.595034375 0.0878546875 0.59501875 0.0968890625
10 0.619146875 0.14080781250000002 0.6217390625 0.1408296875 0.6217484375 0.1339515625 0.61915625 0.1339078125 0.619146875 0.14080781250000002
5 0.6353859374999999 0 0.6354 0.023510937500000002 0.6328015625 0.0235609375 0.6327796875 0.04316875 0.6463359375 0.0431953125 0.6463359375 0.02215625 0.6434984375 0.022232812499999997 0.6434984375 0.0132109375 0.6607046875 0.0132609375 0.6607171875 0.01939375 0.67028125 0.01934375 0.6702874999999999 0 0.6353859374999999 0
10 0.644978125 0.018775 0.6592796875 0.0188 0.659290625 0.014840625 0.644978125 0.0147875 0.644978125 0.018775
2 0.5950593750000001 0.038498437499999996 0.61443125 0.038482812500000005 0.614478125 0.026853125 0.6111171875 0.026853125 0.6111015625 0.024865625 0.6144125 0.0247546875 0.614415625 0.0050625 0.5950484375 0.0048875 0.5950234375 0.0102546875 0.5958812499999999 0.0102296875 0.5958812499999999 0.033184375 0.5950593750000001 0.033184375 0.5950593750000001 0.038498437499999996
0 0.21875 0 0.21875 1 0.78125 1 0.78125 0 0.21875 0
4 0.6448640625000001 0.3082609375 0.6564078125 0.3082359375 0.6563859375 0.2801390625 0.644853125 0.2801140625 0.6448640625000001 0.3082609375
10 0.642096875 0.276896875 0.6563984375 0.276921875 0.656409375 0.272959375 0.642096875 0.2729078125 0.642096875 0.276896875
10 0.6191265625 0.38910625 0.6217203125 0.3891265625 0.6217296875 0.38224843750000004 0.6191375 0.38220624999999997 0.6191265625 0.38910625
8 0.595878125 0.08010468750000001 0.5949984374999999 0.08016562499999999 0.5950390624999999 0.0855328125 0.615221875 0.085503125 0.6152078125 0.098846875 0.621234375 0.09891093749999999 0.6214000000000001 0.026914062500000002 0.6152484375 0.026853125 0.6153046875 0.040626562500000005 0.5950546875 0.0405640625 0.59508125 0.04578125 0.59590625 0.0458421875 0.595878125 0.08010468750000001
2 0.64309375 0.13094843750000001 0.6430609375 0.1291421875 0.6422218749999999 0.129253125 0.64220625 0.11140000000000001 0.64309375 0.11140000000000001 0.643159375 0.09321718749999999 0.642303125 0.093253125 0.642321875 0.08795468749999999 0.622121875 0.087696875 0.622121875 0.098921875 0.6252359375000001 0.098775 0.6253203125 0.1309078125 0.64309375 0.13094843750000001
13 0.612615625 0.386146875 0.6182593749999999 0.3861671875 0.6183078125 0.3747921875 0.6125859375 0.37470625 0.612615625 0.386146875
10 0.6299703125 0.26689375000000004 0.631771875 0.266871875 0.631771875 0.2562625 0.6299984375000001 0.2562625 0.6299703125 0.26689375000000004
10 0.6263921875 0.259953125 0.628584375 0.2599109375 0.628565625 0.239546875 0.6263546875 0.2395234375 0.6263921875 0.259953125
13 0.6125906249999999 0.3738 0.6183 0.37382499999999996 0.6183109375 0.374925 0.6194890625 0.37485 0.6194671875 0.3800125 0.6215843750000001 0.37998750000000003 0.6215375 0.359078125 0.6126140625 0.359078125 0.6125906249999999 0.3738
11 0.6410015625 0.3668609375 0.651628125 0.3668234375 0.651578125 0.352984375 0.6410671875 0.3529078125 0.6410015625 0.3668609375
13 0.612578125 0.148203125 0.6182234375 0.1482234375 0.6182703125 0.1368484375 0.6125515625 0.1367625 0.612578125 0.148203125
11 0.6410140625 0.1701296875 0.6516390624999999 0.17009375 0.651590625 0.156253125 0.6410796875 0.15618125 0.6410140625 0.1701296875
6 0.6194468750000001 0.30353125 0.6287125 0.3034265625 0.628665625 0.2849796875 0.6193703125 0.2850640625 0.6194468750000001 0.30353125
13 0.6159015625 0.024990625 0.6282453125 0.024965624999999998 0.6282796875 0.006306249999999999 0.6158781249999999 0.006306249999999999 0.6159015625 0.024990625
10 0.6421421875 0.30822343750000003 0.6435140625 0.3081375 0.64354375 0.3029390625 0.64209375 0.3029390625 0.6421421875 0.30822343750000003
2 0.64034375 0.3891171875 0.6403109375 0.3873109375 0.6394703125000001 0.38742187499999997 0.6394546875 0.36956875 0.64034375 0.36956875 0.6404093750000001 0.3513859375 0.6395515625 0.351421875 0.6395703125 0.3461234375 0.619371875 0.3458640625 0.619371875 0.3570890625 0.6224859375 0.3569421875 0.6224734375 0.38910625 0.64034375 0.3891171875
12 0.360834375 0.2562234375 0.375184375 0.256184375 0.3752015625 0.21488593749999998 0.36088437500000003 0.21477343750000003 0.360834375 0.2562234375
2 0.310971875 0.2966625 0.33034375 0.2966484375 0.3303921875 0.2850140625 0.32703125 0.2850140625 0.327015625 0.28303124999999996 0.3303265625 0.28291875 0.3303296875 0.2632234375 0.3109609375 0.2630484375 0.3109375 0.26841875000000004 0.31179531250000003 0.268390625 0.31179531250000003 0.2913453125 0.310971875 0.2913453125 0.310971875 0.2966625
11 0.3597515625 0.3668609375 0.370378125 0.3668234375 0.370328125 0.352984375 0.35981718749999997 0.3529078125 0.3597515625 0.3668609375
5 0.3541359375 0 0.35415 0.023510937500000002 0.35155156249999997 0.0235609375 0.3515296875 0.04316875 0.3650859375 0.0431953125 0.3650859375 0.02215625 0.3622484375 0.022232812499999997 0.3622484375 0.0132109375 0.3779953125 0.012998437500000001 0.37803749999999997 0 0.3541359375 0
10 0.3515609375 0 0.3515375 0.008642187499999999 0.3533390625 0.008621875 0.3533390625 0 0.3515609375 0
13 0.33132812500000003 0.148203125 0.33697343750000003 0.1482234375 0.33702031250000003 0.1368484375 0.3313015625 0.1367625 0.33132812500000003 0.148203125
2 0.3110890625 0.145078125 0.311875 0.145021875 0.3118875 0.1679625 0.31105 0.1679625 0.31105 0.1769515625 0.3305078125 0.17697968749999998 0.3304546875 0.1338890625 0.3110625 0.1338890625 0.3110890625 0.145078125
10 0.34799375 0.025303125 0.3501875 0.025259375 0.3501671875 0.0048953125 0.34795625 0.0048734375 0.34799375 0.025303125
7 0.36224531249999997 0.046078125 0.340984375 0.0473140625 0.3410140625 0.054921874999999995 0.3401078125 0.0549640625 0.3400515625 0.085425 0.353521875 0.08533906249999999 0.35355156249999997 0.078821875 0.36174062500000004 0.078821875 0.36176875000000003 0.0932 0.3731328125 0.093178125 0.373228125 0.07963125 0.3723140625 0.07963125 0.3723140625 0.0566265625 0.3731421875 0.0566265625 0.3731234375 0.053090625 0.36227343749999996 0.05304687500000001 0.36224531249999997 0.046078125
10 0.360846875 0.276896875 0.3751484375 0.276921875 0.375159375 0.272959375 0.360846875 0.2729078125 0.360846875 0.276896875
10 0.363628125 0.04998125 0.3650765625 0.050062499999999996 0.3650671875 0.044653125 0.36367812499999996 0.0446609375 0.363628125 0.04998125
4 0.3636140625 0.3082609375 0.3751578125 0.3082359375 0.37513593749999996 0.2801390625 0.36360312499999997 0.2801140625 0.3636140625 0.3082609375
10 0.3608921875 0.30822343750000003 0.3622640625 0.3081375 0.36229374999999997 0.3029390625 0.36084375 0.3029390625 0.3608921875 0.30822343750000003
13 0.331365625 0.386146875 0.337009375 0.3861671875 0.3370578125 0.3747921875 0.3313359375 0.37470625 0.331365625 0.386146875
10 0.63279375 0.021712500000000003 0.6345671875 0.02166875 0.6345953125 0.0104015625 0.6328328125 0.0104015625 0.63279375 0.021712500000000003
10 0.6355171875 0.08539218750000001 0.6423375 0.08539218750000001 0.6423046875 0.08016562499999999 0.635484375 0.080090625 0.6355171875 0.08539218750000001
10 0.63268125 0.1846390625 0.639503125 0.1846390625 0.6394703125000001 0.1794125 0.63265 0.179340625 0.63268125 0.1846390625
13 0.6262296875 0.861259375 0.6262187499999999 0.8797078125000001 0.631196875 0.8797078125000001 0.63123125 0.8611812499999999 0.6262296875 0.861259375
10 0.6361078124999999 0.752375 0.6393015625 0.752353125 0.6392640625 0.7316671875 0.6361546875 0.7316671875 0.6361078124999999 0.752375
10 0.6360671875 0.7760109374999999 0.6393 0.775925 0.6393 0.7554531250000001 0.636125 0.7553265625 0.6360671875 0.7760109374999999
11 0.6563515625 0.60665625 0.6562796875 0.625446875 0.663590625 0.6251781249999999 0.663575 0.6069109375 0.6563515625 0.60665625
12 0.6538921875 0.7598765625 0.6539328125 0.800953125 0.6682828125 0.800953125 0.6682640625 0.7596984375 0.6538921875 0.7598765625
8 0.5994531249999999 0.7962171875 0.5993890625 0.83809375 0.59860625 0.83809375 0.598615625 0.8434171875 0.6227953125 0.84314375 0.6227625 0.859375 0.6294390625 0.85945 0.6294265625000001 0.7773515625 0.622759375 0.7774796875 0.6227453125 0.7907828125 0.5986328125 0.7909328125 0.5985734375 0.7962390625 0.5994531249999999 0.7962171875
10 0.622725 0.606803125 0.6227453125 0.6132765625000001 0.6253859375 0.6132125 0.6254046875 0.6068234375 0.622725 0.606803125
2 0.598603125 0.7469187500000001 0.598603125 0.7523109375 0.6220625 0.7522968750000001 0.6221 0.731953125 0.6186125 0.731975 0.6186125 0.730246875 0.6220734375 0.7302734375 0.6220375 0.718553125 0.5986453125 0.7185171875 0.5986015625000001 0.7238421875000001 0.59941875 0.72378125 0.5994875000000001 0.7468781250000001 0.598603125 0.7469187500000001
10 0.65386875 0.738115625 0.65390625 0.7431640625 0.6607234375 0.7431421874999999 0.6607515625 0.7382187499999999 0.65386875 0.738115625
10 0.64055 0.7528765625 0.6435625 0.7528546875 0.6434859375 0.7266765625 0.6405406250000001 0.7266328125 0.64055 0.7528765625
3 0.6372265625 0.8801734375000001 0.637253125 0.9004375 0.6551640625 0.9004875 0.6550906249999999 0.8801796875000001 0.6372265625 0.8801734375000001
10 0.638671875 0.7024625 0.638690625 0.6954765625 0.6301296875 0.695534375 0.6300390625000001 0.708646875 0.6392921874999999 0.7086015625 0.639234375 0.70250625 0.638671875 0.7024625
10 0.6613359375 0.7380796875 0.6613671875 0.74323125 0.6683046874999999 0.7429015625 0.6682546874999999 0.738115625 0.6613359375 0.7380796875
4 0.6555828125 0.706421875 0.655565625 0.735278125 0.668234375 0.73505625 0.6682671874999999 0.7063109375 0.6555828125 0.706421875
3 0.6364703125 0.6271921875 0.6365515625 0.6069609375 0.6260921875000001 0.6067921875 0.6261281249999999 0.6149140625 0.622028125 0.614871875 0.622009375 0.62739375 0.6364703125 0.6271921875
10 0.65539375 0.8436640625 0.66346875 0.8436640625 0.6634875 0.83974375 0.6554390625 0.8398312499999999 0.65539375 0.8436640625
7 0.6639171875 0.6934843749999999 0.6638109375 0.6805765625 0.6648125 0.68049375 0.66475625 0.6674125 0.6635265625 0.6674125 0.66350625 0.667875 0.6629437499999999 0.6678609375 0.6629734375 0.6690968749999999 0.6554984375 0.6690968749999999 0.655575 0.6729937500000001 0.639434375 0.6729515625 0.6394624999999999 0.6803640625 0.6386625 0.6803 0.6386890625 0.6643234375 0.6295484375 0.6642609375 0.6293765625 0.6940609375 0.6393296875 0.6940828125 0.6393484375 0.7033265625 0.6647359374999999 0.7032406250000001 0.6648031249999999 0.6935703125 0.6639171875 0.6934843749999999
2 0.6567546875 0.6269015625 0.6567828125 0.62866875 0.6372125 0.6286640625000001 0.6372390625000001 0.64818125 0.630134375 0.6481234375 0.6300140625 0.6623390625 0.639346875 0.6625328125000001 0.639375 0.670296875 0.654890625 0.6699531249999999 0.654915625 0.6625640625 0.663471875 0.66236875 0.6634625 0.6571906249999999 0.6626515625 0.6573203125 0.66260625 0.6341890625 0.663453125 0.6342328125 0.66353125 0.6267343750000001 0.6567546875 0.6269015625
10 0.6392578125 0.79920625 0.6300953125000001 0.7990328124999999 0.630084375 0.8121218750000001 0.6386625 0.8121390625 0.6386437500000001 0.805196875 0.6393 0.8051484375 0.6392578125 0.79920625