10 0.8216484375 0.348259375 0.8299406250000001 0.35168125 0.8385296875 0.3305046875 0.8302546875000001 0.3271609375 0.8216484375 0.348259375
0 0.1627453125 0 0 0.402809375 0 0.8372546875 0.402809375 1 0.8372546875 1 1 0.597190625 1 0.1627453125 0.597190625 0 0.1627453125 0
10 0.15795937499999999 0.57944375 0.1638140625 0.5817640625 0.170846875 0.564459375 0.164971875 0.5621125 0.15795937499999999 0.57944375
10 0.7988484375 0.237759375 0.8126640625 0.24330781250000003 0.8156671875000001 0.235875 0.8018625 0.23029687499999998 0.7988484375 0.237759375
5 0.276965625 0.6085734375 0.31641875 0.6245125 0.3563109375 0.5257703125 0.31703125 0.5096468749999999 0.276965625 0.6085734375
3 0.6577109375 0.25532656249999997 0.680159375 0.26424375 0.7086484375000001 0.19319843750000001 0.686375 0.1842 0.6577109375 0.25532656249999997
10 0.3580734375 0.071259375 0.37722968749999997 0.078953125 0.38530156249999997 0.0588984375 0.3832734375 0.058078125 0.3834 0.057764062500000005 0.36715 0.051265625 0.36620625 0.0536015625 0.36533125 0.0532484375 0.3580734375 0.071259375
7 0.41370625 0.1025546875 0.3771546875 0.0876546875 0.35885625 0.1339234375 0.4068625 0.153259375 0.4271640625 0.10324843749999998 0.41524374999999997 0.0986296875 0.41370625 0.1025546875
11 0.6173328125 0.3486890625 0.6339750000000001 0.3554125 0.643109375 0.3328640625 0.6264968750000001 0.32605625 0.6173328125 0.3486890625
2 0.18383750000000001 0.7305171875 0.22110625 0.7455890625 0.2487375 0.67701875 0.21144531249999998 0.6618921875 0.18383750000000001 0.7305171875
1 0.329709375 0.0597359375 0.3557671875 0.07032031250000001 0.3638859375 0.05013125 0.33780156250000004 0.03970625 0.329709375 0.0597359375
10 0.2830453125 0.688203125 0.2926625 0.6920609375 0.30111875 0.6711343750000001 0.29155000000000003 0.6672171875 0.2830453125 0.688203125
3 0.107803125 0.5925640624999999 0.12877812500000002 0.6011015625 0.1580328125 0.5278109375 0.13733125 0.5194765625 0.107803125 0.5925640624999999
10 0.5396390625 0.7598828125 0.5734281250000001 0.7738828125 0.5876859375000001 0.7385953125 0.5537375 0.724878125 0.5396390625 0.7598828125
1 0.22692968750000003 0.5091953124999999 0.21174374999999998 0.54686875 0.24211718750000003 0.5593765625 0.250084375 0.53981875 0.24355000000000002 0.537178125 0.2509203125 0.5189390625 0.22692968750000003 0.5091953124999999
10 0.2165359375 0.6314609375 0.23545 0.6391375 0.24420156249999997 0.6173421875 0.2252734375 0.60986875 0.2165359375 0.6314609375
1 0.382421875 0.2232984375 0.333246875 0.20350625 0.3309375 0.20919062500000002 0.29600781249999997 0.1950484375 0.2877765625 0.21563906249999998 0.4554265625 0.2832515625 0.46033749999999996 0.27110625 0.459696875 0.27081875 0.4631 0.26251250000000004 0.38011249999999996 0.22901406249999998 0.382421875 0.2232984375
13 0.2370453125 0.639475 0.268175 0.6520515625 0.28114374999999997 0.619715625 0.250096875 0.6071718749999999 0.2370453125 0.639475
10 0.4927359375 0.1022390625 0.4734828125 0.094459375 0.4657265625 0.11355937499999999 0.47812656249999996 0.1185140625 0.4733203125 0.130409375 0.48028125 0.133165625 0.4927359375 0.1022390625
6 0.4595859375 0.17451406249999998 0.49165937499999995 0.1875796875 0.5062375 0.1513671875 0.4958609375 0.14720625 0.49759062500000006 0.142925 0.48248125000000003 0.1367921875 0.48074843749999996 0.14108125 0.47414531249999997 0.1384140625 0.4595859375 0.17451406249999998
6 0.515340625 0.694525 0.5148140625 0.695828125 0.5117265625 0.694584375 0.50296875 0.7162734375 0.50605 0.7175171875 0.5025046875 0.7262953125 0.5267484375 0.7361546875 0.5301 0.7276296875 0.531340625 0.7281296875 0.540809375 0.704815625 0.515340625 0.694525
10 0.5402734375 0.7020609375 0.5459906250000001 0.687909375 0.5219703124999999 0.6781406249999999 0.516215625 0.6923203124999999 0.5402734375 0.7020609375
7 0.5159609374999999 0.8142203125 0.578553125 0.8394281250000001 0.5991203125 0.788678125 0.5364359375000001 0.763628125 0.5159609374999999 0.8142203125
10 0.451275 0.0974140625 0.466325 0.1033109375 0.4703546875 0.0931828125 0.455390625 0.087228125 0.451275 0.0974140625
1 0.574309375 0.7760328125 0.6000953124999999 0.7864234375 0.614925 0.7498171874999999 0.5892109375000001 0.7393765625000001 0.574309375 0.7760328125
1 0.11857500000000001 0.708 0.127190625 0.6867453125 0.1248671875 0.685840625 0.12603124999999998 0.683025 0.10105625 0.6729078125 0.0999359375 0.6757203125 0.09434843750000001 0.6734765625 0.085765625 0.6947234375 0.11857500000000001 0.708
11 0.066878125 0.6871515625 0.084315625 0.6941499999999999 0.0936265625 0.670940625 0.076303125 0.6639421875 0.066878125 0.6871515625
2 0.630846875 0.3216359375 0.676384375 0.340034375 0.7024015625 0.275325 0.65699375 0.256921875 0.630846875 0.3216359375
13 0.367325 0.08413125 0.35281250000000003 0.0781796875 0.3342265625 0.12410312500000001 0.355709375 0.13273593749999998 0.3663375 0.1064265625 0.3595046875 0.10357187500000001 0.367325 0.08413125
10 0.5036031249999999 0.171246875 0.519084375 0.177425 0.528721875 0.153640625 0.5132578125 0.1472796875 0.5036031249999999 0.171246875
10 0.474003125 0.20795312500000002 0.48233750000000003 0.21119218750000002 0.490846875 0.1900359375 0.48257031250000004 0.1866921875 0.474003125 0.20795312500000002
10 0.1533203125 0.6108046875 0.15736250000000002 0.6124078125 0.1660796875 0.5908109375 0.16205624999999999 0.589159375 0.1533203125 0.6108046875
1 0.433984375 0.1019171875 0.429203125 0.1137515625 0.45479375 0.1242296875 0.46275781250000003 0.104434375 0.4489109375 0.09883906249999999 0.45394375 0.086465625 0.3881703125 0.0600765625 0.3800671875 0.08013437500000001 0.41657656249999997 0.09488437499999999 0.4161796875 0.09586718749999999 0.428625 0.10085 0.42900625000000003 0.09990625 0.433984375 0.1019171875
10 0.2457640625 0.535715625 0.2513203125 0.5379203125 0.2580546875 0.521303125 0.252546875 0.519109375 0.2457640625 0.535715625
1 0.44539687499999997 0.8592703125 0.444253125 0.8620484375 0.4414234375 0.8608750000000001 0.4327 0.8823578124999999 0.46046718750000004 0.8936359375 0.4702890625 0.8693265625000001 0.44539687499999997 0.8592703125
8 0.5159515625 0.814203125 0.5992515625 0.6082921875 0.5758359375000001 0.5988687500000001 0.56019375 0.63765 0.5669046875 0.6403234375 0.465409375 0.8915328125 0.5447062500000001 0.9234953125 0.578553125 0.8394281250000001 0.5159515625 0.814203125
13 0.7755640625 0.2995375 0.8066671875000001 0.3120515625 0.8196671875 0.279828125 0.788578125 0.2673296875 0.7755640625 0.2995375
4 0.2522546875 0.575059375 0.2821390625 0.5870171875 0.3023125 0.5370859375 0.27246875 0.525028125 0.2522546875 0.575059375
3 0.45262812500000005 0.772378125 0.4791796875 0.782884375 0.50195625 0.726675 0.47536093749999997 0.7158328125 0.45262812500000005 0.772378125
12 0.48099687500000005 0.663865625 0.516465625 0.6781515625 0.5537109375 0.5859640625 0.5182734375 0.571603125 0.48099687500000005 0.663865625
8 0.202378125 0.62833125 0.20329843749999998 0.6260515625 0.162240625 0.6093875 0.12309375 0.705990625 0.180965625 0.7292765625000001 0.209465625 0.6583984375 0.281715625 0.6876859375000001 0.291340625 0.663934375 0.202378125 0.62833125
2 0.222725 0.7462921875 0.264121875 0.762928125 0.2917109375 0.6944 0.2504484375 0.6776875 0.222725 0.7462921875
13 0.513909375 0.7435203125000001 0.4993015625 0.7376828125 0.48080156250000006 0.783496875 0.5021859375 0.7920359375 0.5128234375 0.7656859375 0.5060125 0.762934375 0.513909375 0.7435203125000001
10 0.361803125 0.1021234375 0.3684953125 0.10477031249999999 0.37555 0.08731093749999999 0.36891875 0.0847953125 0.361803125 0.1021234375
2 0.28325 0.18118281249999998 0.328834375 0.1995546875 0.3548640625 0.1349546875 0.30934062500000004 0.1165546875 0.28325 0.18118281249999998
10 0.5726921875000001 0.5936078124999999 0.5568640625 0.5872124999999999 0.5460671875 0.6136890625 0.5641093749999999 0.6209781249999999 0.5710031250000001 0.60366875 0.568978125 0.602803125 0.5726921875000001 0.5936078124999999
2 0.7468890625 0.334271875 0.7250359375000001 0.3883375 0.8022140625 0.41949375 0.82875 0.3538140625 0.7594546875 0.3259046875 0.7547875000000001 0.337459375 0.7468890625 0.334271875
2 0.40721093750000004 0.1970296875 0.39920625 0.193765625 0.389728125 0.2174484375 0.390615625 0.21780624999999998 0.38828593749999996 0.22362968749999998 0.464471875 0.2544453125 0.48101562500000006 0.213440625 0.41179375 0.1855703125 0.40721093750000004 0.1970296875
10 0.4543328125 0.129765625 0.4665296875 0.1346453125 0.47132031249999995 0.12294687500000001 0.45908437500000004 0.11800312500000001 0.4543328125 0.129765625
8 0.334065625 0.19490000000000002 0.38775781249999997 0.21667187499999999 0.40289374999999994 0.179071875 0.47239375 0.20723281249999997 0.48199531249999994 0.18356250000000002 0.35885625 0.1339234375 0.334065625 0.19490000000000002
11 0.4134421875 0.8743265625 0.43138437500000004 0.881534375 0.440771875 0.8583000000000001 0.4228421875 0.8511 0.4134421875 0.8743265625
13 0.16355312500000002 0.5615640625 0.148990625 0.5554796875 0.130309375 0.6015984375000001 0.151828125 0.6101578125 0.1624625 0.5838359375 0.1556875 0.58103125 0.16355312500000002 0.5615640625
2 0.08089062500000001 0.6592687500000001 0.1304109375 0.6792171875 0.1563984375 0.614696875 0.106946875 0.5947765625 0.08089062500000001 0.6592687500000001
10 0.41071093750000004 0.152590625 0.42629687499999996 0.15878125 0.4394234375 0.12627187499999998 0.4237984375 0.11995937500000001 0.41071093750000004 0.152590625
10 0.7583015625 0.292959375 0.77385 0.299159375 0.7868265625 0.26675468750000003 0.7714562500000001 0.2605453125 0.7583015625 0.292959375
10 0.292496875 0.6649390625 0.30201875 0.6687859375 0.31675156250000003 0.632390625 0.3072265625 0.6285421875 0.292496875 0.6649390625
6 0.3059078125 0.6278796875 0.3049546875 0.6274953125 0.306778125 0.6229796875 0.29145781249999997 0.61668125 0.28959375 0.62135625 0.283334375 0.6188281250000001 0.2696078125 0.6530390625 0.2751375 0.655340625 0.2743390625 0.6572 0.291340625 0.663934375 0.3059078125 0.6278796875
7 0.7062625 0.2747921875 0.7544734375 0.29423750000000004 0.7832125 0.22359843750000002 0.7348234375 0.2040484375 0.7062625 0.2747921875
10 0.5028546875 0.72893125 0.50016875 0.7355078125000001 0.516275 0.7420140625 0.5084765625000001 0.7613171875 0.5150203125 0.7640015625000001 0.52548125 0.738109375 0.5028546875 0.72893125
10 0.2419828125 0.5733875 0.248271875 0.5758953124999999 0.269284375 0.5237703125000001 0.2630390625 0.521215625 0.2419828125 0.5733875
10 0.6023515625 0.7421671875 0.6161921875 0.7477328125 0.6191328125 0.740509375 0.6052875 0.734996875 0.6023515625 0.7421671875
13 0.4279171875 0.1590296875 0.45892968749999996 0.17165312500000002 0.472009375 0.1393671875 0.4408984375 0.1267984375 0.4279171875 0.1590296875
8 0.7053578125 0.276834375 0.6693390625 0.36584062500000003 0.72315625 0.387584375 0.750571875 0.31945 0.8200453124999999 0.3476765625 0.82964375 0.32411875 0.7544734375 0.29423750000000004 0.7166375 0.2789375 0.7157578124999999 0.281115625 0.7053578125 0.276834375
2 0.5548859375 0.7228671875 0.6005609375 0.7413578125 0.621934375 0.6883765625 0.5762421875 0.670125 0.5548859375 0.7228671875
10 0.8211906250000001 0.2349234375 0.8133874999999999 0.253940625 0.8256390625 0.258890625 0.82094375 0.2708078125 0.8278718749999999 0.27364687499999996 0.8403703124999999 0.24271250000000003 0.8211906250000001 0.2349234375
13 0.7150593749999999 0.2245640625 0.700446875 0.2186609375 0.6818578125 0.26454374999999997 0.7032625 0.2732296875 0.7139249999999999 0.24677656250000002 0.707175 0.24401562499999999 0.7150593749999999 0.2245640625
10 0.7094796875 0.24253593750000002 0.716146875 0.2452625 0.7231390625 0.22782968750000002 0.7165468749999999 0.22516562499999998 0.7094796875 0.24253593750000002
10 0.8019578125000001 0.270253125 0.8141812500000001 0.27516093750000004 0.81896875 0.26341875 0.806775 0.2584921875 0.8019578125000001 0.270253125
2 0.42324687499999997 0.8452046875000001 0.4728125 0.86474375 0.5012859375 0.7942421875 0.4517234375 0.7745578125 0.42324687499999997 0.8452046875000001
7 0.24170468750000002 0.5615859375000001 0.183365625 0.53790625 0.1634453125 0.5873125 0.17002656249999998 0.5899171875 0.162240625 0.6093875 0.21342656249999997 0.6301828125 0.24170468750000002 0.5615859375000001
1 0.8001781250000001 0.230421875 0.7849015625 0.2240921875 0.7713546874999999 0.257565625 0.800478125 0.269653125 0.810459375 0.2448359375 0.7966140625 0.2392421875 0.8001781250000001 0.230421875
6 0.8539421875000001 0.291834375 0.843590625 0.2876375 0.8453328125 0.283321875 0.8300656249999999 0.277178125 0.8283390624999999 0.2814375 0.8218156249999999 0.27885781249999997 0.8080624999999999 0.3129921875 0.8139765625000001 0.3153453125 0.8131703124999999 0.3173390625 0.8391343750000001 0.3280609375 0.8539421875000001 0.291834375
13 0.5237437500000001 0.6765625 0.5465875 0.6857328125000001 0.564384375 0.6418203124999999 0.5415265625 0.6325484375 0.5237437500000001 0.6765625
10 0.234653125 0.591465625 0.27657031249999997 0.608353125 0.2829515625 0.59245625 0.241071875 0.5754734375 0.234653125 0.591465625
10 0.54095625 0.6265234375000001 0.5581234375 0.6335078125 0.5616156250000001 0.6249734375 0.5444 0.617984375 0.54095625 0.6265234375000001
11 0.26966718749999996 0.20820781249999998 0.2863703125 0.2149015625 0.29541093749999997 0.192425 0.27876093750000003 0.18569843749999998 0.26966718749999996 0.20820781249999998
1 0.646896875 0.336753125 0.6437296875 0.3354546875 0.63541875 0.35595937499999997 0.6648734375 0.3679484375 0.6732546875 0.3474390625 0.671796875 0.346846875 0.6727890624999999 0.34441875 0.6478515625 0.334325 0.646896875 0.336753125
2 0.5780234375 0.6656515625 0.6236609375 0.684221875 0.6466046875 0.6274359375 0.6009359375 0.608984375 0.5780234375 0.6656515625
10 0.15980468750000001 0.5303875 0.1527703125 0.5477984375 0.171215625 0.55525 0.1803046875 0.53286875 0.1641875 0.526221875 0.162165625 0.531340625 0.15980468750000001 0.5303875
10 0.7317218750000001 0.1985078125 0.7148109375 0.19169687500000002 0.7136 0.1946828125 0.711175 0.19370156249999998 0.7042703125 0.210790625 0.7236234375 0.218609375 0.7317218750000001 0.1985078125
3 0.310071875 0.1148015625 0.3325625 0.1239296875 0.3514140625 0.07721718749999999 0.3476296875 0.0757171875 0.349175 0.0718140625 0.3372546875 0.0671328125 0.335746875 0.0707796875 0.3289046875 0.068109375 0.310071875 0.1148015625
10 0.851209375 0.3117296875 0.8667515625 0.31800937500000004 0.8764031250000001 0.2940796875 0.8609 0.28774687499999996 0.851209375 0.3117296875