3 0.8158921875 0.228740625 0.8067671875 0.258484375 0.8238265625000001 0.26372968750000003 0.818740625 0.2801921875 0.8370640625 0.2858390625 0.8511859375 0.23965 0.8158921875 0.228740625
2 0.636903125 0.3464796875 0.654796875 0.2879859375 0.6163671875000001 0.2762078125 0.5984234374999999 0.334759375 0.636903125 0.3464796875
10 0.7726171875000001 0.29349375 0.7806140625 0.2674515625 0.77045625 0.264353125 0.7625046875 0.2903671875 0.7726171875000001 0.29349375
13 0.7867671875 0.2668234375 0.7907953125 0.2537046875 0.805215625 0.25815 0.8099624999999999 0.24240625 0.8015343749999999 0.23984375 0.804340625 0.23052968749999997 0.7831125 0.2242796875 0.7715546875 0.262171875 0.7867671875 0.2668234375
10 0.6574328125 0.195403125 0.6486453125 0.22414843750000002 0.6646328125000001 0.22902031250000002 0.6696328125 0.21263593749999998 0.6753 0.2144 0.6790734375 0.201990625 0.6574328125 0.195403125
10 0.78435 0.26829375 0.7763515625 0.294490625 0.7827765624999999 0.2964546875 0.7897484375 0.27364687499999996 0.7851203124999999 0.27223281250000003 0.7861796875 0.2688703125 0.78435 0.26829375
10 0.6797421875 0.268190625 0.6856125 0.24902656250000002 0.6679859375 0.243546875 0.6621015625 0.262828125 0.6797421875 0.268190625
8 0.714278125 0.2808921875 0.7141375 0.28135468750000003 0.7109328125000001 0.2803609375 0.7110640625 0.2798953125 0.6556546875 0.263009375 0.6554875 0.2635703125 0.6382703125 0.2581875 0.6325000000000001 0.27699375000000004 0.6355203125 0.27787656250000003 0.635565625 0.2777265625 0.7163625 0.30241406249999997 0.7031640625 0.34569375 0.7028515625 0.34561406250000004 0.6969359374999999 0.3648328125 0.7549781249999999 0.382575 0.76244375 0.358021875 0.76235 0.3576390625 0.780503125 0.2982515625 0.775625 0.2967609375 0.77559375 0.29689062499999996 0.7718875 0.29575625 0.77199375 0.2954765625 0.760453125 0.2918921875 0.7595546875 0.29480625 0.714278125 0.2808921875
13 0.7916921875 0.2567125 0.787409375 0.270509375 0.7919890625 0.271953125 0.7844578125 0.296521875 0.80946875 0.30419843750000003 0.8212734375 0.2657578125 0.7916921875 0.2567125
11 0.802446875 0.3990546875 0.8085828125000001 0.3789546875 0.7885328125 0.3728140625 0.7824093750000001 0.39289999999999997 0.802446875 0.3990546875
10 0.6705421874999999 0.2304125 0.67481875 0.2163875 0.67060625 0.215115625 0.6663171875 0.229075 0.6705421874999999 0.2304125
2 0.7116171875 0.27793437499999996 0.7304234375 0.21763593750000002 0.699690625 0.20825156250000001 0.6811546875000001 0.26846562500000004 0.7116171875 0.27793437499999996
13 0.6861125 0.24631875 0.6972859375 0.20957656249999998 0.68038125 0.2044640625 0.6691125 0.24125468749999998 0.6861125 0.24631875
2 0.6783640625 0.2951328125 0.6604640625 0.3536828125 0.694740625 0.3641765625 0.7006218750000001 0.3449421875 0.7003078125 0.34483125000000003 0.7123296875 0.305546875 0.6783640625 0.2951328125
10 0.8078421875 0.224290625 0.805996875 0.2303640625 0.8060359375000001 0.23051249999999998 0.8036406250000001 0.23817343750000003 0.810653125 0.2403484375 0.8148937500000001 0.22647499999999998 0.8078421875 0.224290625
1 0.7807484375 0.3924046875 0.7864515625 0.37383125 0.762584375 0.36665625 0.7569359375 0.385078125 0.7807484375 0.3924046875
7 0.30145 0.1933 0.2769375 0.27325937499999997 0.3144 0.2845859375 0.3389140625 0.20490312500000002 0.30145 0.1933
10 0.399328125 0.19721093750000002 0.4078421875 0.1694671875 0.391459375 0.1644328125 0.3829296875 0.1922421875 0.399328125 0.19721093750000002
6 0.37098906249999997 0.158078125 0.362278125 0.1864765625 0.36668124999999996 0.1878078125 0.3661 0.1897109375 0.381228125 0.1943359375 0.39045625 0.1640609375 0.37098906249999997 0.158078125
10 0.3607625 0.1859140625 0.3781359375 0.1290859375 0.37048281250000004 0.1268203125 0.3531328125 0.1835671875 0.3607625 0.1859140625
10 0.3385765625 0.2342234375 0.3400828125 0.229259375 0.3366671875 0.2282453125 0.3351765625 0.2332109375 0.3385765625 0.2342234375
3 0.350759375 0.105815625 0.3630421875 0.065678125 0.340271875 0.05883125 0.327965625 0.09900624999999999 0.350759375 0.105815625
1 0.2818921875 0.0758140625 0.268609375 0.071753125 0.2683734375 0.0725796875 0.2682578125 0.0725078125 0.2613625 0.09475 0.26155625 0.094809375 0.2593203125 0.10208906250000001 0.27185156250000003 0.1059234375 0.273821875 0.099459375 0.27477968750000004 0.09969375 0.2817921875 0.0766890625 0.281625 0.0766515625 0.2818921875 0.0758140625
11 0.2736109375 0.0705046875 0.27352656249999996 0.070746875 0.28135625000000003 0.073125 0.2814171875 0.072903125 0.28305156249999996 0.0734125 0.2915 0.045678125 0.2778359375 0.0414671875 0.27647656249999997 0.0460671875 0.2760609375 0.0459390625 0.27121249999999997 0.061696875 0.2716703125 0.06183593750000001 0.269384375 0.06920156250000001 0.2736109375 0.0705046875
1 0.3338828125 0.2370328125 0.3244 0.2683390625 0.352396875 0.2768984375 0.36398125000000003 0.2389609375 0.341584375 0.23216718749999998 0.33953125 0.23888125 0.3338828125 0.2370328125
0 0.13001875000000002 0 0 0.42527499999999996 0 0.86998125 0.42527499999999996 1 0.86998125 1 1 0.574725 1 0.13001875000000002 0.574725 0 0.13001875000000002 0
10 0.33999375 0.15944843749999998 0.3343375 0.1776390625 0.3515859375 0.1830171875 0.357175 0.1647015625 0.33999375 0.15944843749999998
13 0.3330890625 0.17550625 0.34631249999999997 0.13208906250000002 0.320178125 0.12415781249999999 0.3066078125 0.1675578125 0.3330890625 0.17550625
2 0.37600625 0.2164171875 0.370615625 0.23405 0.3707140625 0.2340671875 0.3580671875 0.27532812500000003 0.39351250000000004 0.28621093750000004 0.4115375 0.2272515625 0.37600625 0.2164171875
2 0.417575 0.1432703125 0.40943125 0.17001875 0.40929374999999996 0.1699921875 0.40087031250000005 0.197578125 0.4432015625 0.21045937499999998 0.45985624999999997 0.15612187500000002 0.417575 0.1432703125
2 0.306053125 0.116225 0.3048515625 0.12035625000000001 0.3046109375 0.12028281249999999 0.301209375 0.13146249999999998 0.3148859375 0.1356765625 0.3193296875 0.12113906249999999 0.34304375 0.128453125 0.3492921875 0.1076125 0.3260328125 0.10052343749999999 0.3389078125 0.058446874999999995 0.29463125 0.044679687499999995 0.2755375 0.10715625 0.2776109375 0.107790625 0.27766250000000003 0.1075375 0.306053125 0.116225
10 0.3691796875 0.23370937500000002 0.3750671875 0.21431874999999997 0.34071250000000003 0.2036375 0.3346921875 0.22316562499999998 0.3691796875 0.23370937500000002
10 0.347346875 0.1297328125 0.3509 0.11810156249999999 0.34788437499999997 0.11710625 0.3443046875 0.1287890625 0.347346875 0.1297328125
1 0.25891875 0.238134375 0.253459375 0.256071875 0.2579828125 0.257471875 0.25515937499999997 0.2667234375 0.2750484375 0.272640625 0.28335937499999997 0.24562499999999998 0.25891875 0.238134375
8 0.29124062500000003 0.16329375 0.291478125 0.16337812499999999 0.2903046875 0.16710624999999998 0.258571875 0.1574046875 0.258671875 0.157109375 0.24507812499999998 0.15296875000000001 0.22312812499999998 0.2246359375 0.2855609375 0.24356874999999997 0.301521875 0.1913625 0.4121125 0.225271875 0.4181078125 0.205834375 0.3035703125 0.1711625 0.30488125 0.1668390625 0.3051390625 0.1668859375 0.31408749999999996 0.13760624999999999 0.30033906250000003 0.1334921875 0.29124062500000003 0.16329375
10 0.251821875 0.2358484375 0.2428984375 0.26496875000000003 0.25296875 0.2680625 0.2556234375 0.259140625 0.25112968750000003 0.2577671875 0.2573390625 0.23752187500000002 0.251821875 0.2358484375
2 0.25948906250000003 0.1060875 0.2462046875 0.149584375 0.25983125 0.153734375 0.25996874999999997 0.15332812499999998 0.2901296875 0.1625140625 0.30313124999999996 0.1197859375 0.25948906250000003 0.1060875
13 0.357734375 0.161925 0.36854375 0.1267109375 0.3517265625 0.1216265625 0.3408453125 0.15668437500000001 0.357734375 0.161925
10 0.2694328125 0.6800375 0.2783203125 0.65093125 0.26185468749999996 0.6459109375 0.2529265625 0.674971875 0.2694328125 0.6800375
10 0.5652359375 0.6945140624999999 0.549271875 0.7465375 0.5604578124999999 0.7499578125 0.560325 0.7504703125 0.5717171875 0.7539796875 0.589234375 0.6967796875000001 0.5665546875 0.689821875 0.5651015625 0.6944734375 0.5652359375 0.6945140624999999
2 0.1759265625 0.5990265625 0.1747234375 0.6031593749999999 0.1744828125 0.6030859375000001 0.1710796875 0.6142671875 0.1847578125 0.61848125 0.189203125 0.603940625 0.21291406249999997 0.6112578125 0.21916406249999998 0.5904140625000001 0.1959046875 0.58333125 0.20878125 0.5412484375 0.1645046875 0.5274828125 0.145409375 0.5899593750000001 0.147484375 0.5905953125 0.1475359375 0.59034375 0.1759265625 0.5990265625
10 0.20859687500000001 0.71698125 0.21008749999999998 0.7120046875 0.2067328125 0.7109578125 0.2052171875 0.7159390625000001 0.20859687500000001 0.71698125
2 0.28766250000000004 0.62614375 0.279446875 0.652878125 0.27930781250000003 0.65285 0.2708859375 0.6804359375 0.31315624999999997 0.69328125 0.329771875 0.6389734375 0.28766250000000004 0.62614375
10 0.209978125 0.642353125 0.204278125 0.660959375 0.22159218749999998 0.6661203125 0.22723437500000002 0.6475671875 0.209978125 0.642353125
10 0.2392109375 0.7165765625 0.244678125 0.6986921875000001 0.2102265625 0.6881984375 0.2047234375 0.7060328124999999 0.2392109375 0.7165765625
1 0.151246875 0.5585312499999999 0.1384875 0.554540625 0.1292625 0.5850531250000001 0.141871875 0.5889234375 0.151246875 0.5585312499999999
7 0.171446875 0.6761640625 0.1469375 0.756121875 0.184396875 0.7674453125 0.20891406250000003 0.6877625 0.171446875 0.6761640625
13 0.2030796875 0.6584546875 0.2163015625 0.6150375 0.19016875 0.60710625 0.17659687500000001 0.6505062500000001 0.2030796875 0.6584546875
2 0.12944375 0.58896875 0.11615625 0.632465625 0.129784375 0.6366140625 0.1299203125 0.6362125 0.1600828125 0.645396875 0.1730828125 0.6026687500000001 0.12944375 0.58896875
10 0.12292343750000001 0.718884375 0.114453125 0.7465531249999999 0.12344843750000001 0.7493203125 0.125728125 0.7418609375 0.121234375 0.7404859375 0.12738125 0.7202765624999999 0.12292343750000001 0.718884375
8 0.161334375 0.6460796875 0.161571875 0.6461640625 0.1603984375 0.6498921875 0.1286671875 0.6401890625 0.128765625 0.6398921875 0.11517031250000001 0.635753125 0.09321874999999999 0.7074203125 0.15565625 0.7263531249999999 0.171615625 0.6741515625 0.28211875000000003 0.7081359375 0.28812812499999996 0.6886875 0.173665625 0.653946875 0.1749765625 0.649621875 0.17523125 0.6496734375 0.18418125000000002 0.620390625 0.1704296875 0.616275 0.161334375 0.6460796875
10 0.5356015625 0.713859375 0.541290625 0.69529375 0.5371078125000001 0.6940140625 0.5314062500000001 0.7125765625 0.5356015625 0.713859375
2 0.24601406250000002 0.699296875 0.24062343749999998 0.7169296875 0.240725 0.716946875 0.228078125 0.7582093750000001 0.2635453125 0.76899375 0.2815515625 0.7101625 0.24601406250000002 0.699296875
10 0.21735625 0.6125796875 0.2209265625 0.600971875 0.217909375 0.60005 0.214315625 0.6116343750000001 0.21735625 0.6125796875
10 0.2306640625 0.66874375 0.247953125 0.61205625 0.2403921875 0.6097890625 0.2231109375 0.66645 0.2306640625 0.66874375
1 0.12891406249999998 0.7208296875 0.1234515625 0.7387640625 0.127975 0.740165625 0.12515156249999998 0.7494156249999999 0.1450421875 0.7553328125000001 0.153353125 0.72831875 0.12891406249999998 0.7208296875
6 0.249121875 0.6398640624999999 0.24805937500000003 0.6432609375 0.2408296875 0.6410890625000001 0.2321390625 0.669384375 0.236540625 0.6707171875 0.23595937500000003 0.67261875 0.2510875 0.6772437499999999 0.26033125 0.6470078125 0.25932343750000003 0.6467046875 0.260359375 0.6433171875 0.249121875 0.6398640624999999
3 0.21977031249999998 0.58854375 0.23211718750000002 0.5482375 0.21029375 0.541671875 0.1979875 0.5818484374999999 0.21977031249999998 0.58854375
11 0.15301562500000002 0.556384375 0.161515625 0.5285515625 0.1478390625 0.524384375 0.139309375 0.5521765624999999 0.15301562500000002 0.556384375
13 0.22174062499999997 0.6045812500000001 0.21046874999999998 0.64111875 0.21839375 0.643540625 0.2187984375 0.642253125 0.2277375 0.6449390625 0.2385578125 0.6096671875 0.22174062499999997 0.6045812500000001
11 0.6373921874999999 0.86250625 0.6433578125 0.8431328125 0.622196875 0.836634375 0.6162359375 0.8560234375 0.6373921874999999 0.86250625
7 0.609609375 0.7658515625 0.61019375 0.7639437499999999 0.6178640625 0.766340625 0.629721875 0.7277140625 0.6218640625 0.7253421875 0.6307296874999999 0.6964375 0.5945125 0.6853140625 0.5730515625 0.7547078125 0.609609375 0.7658515625
10 0.6550296875 0.7141968750000001 0.6580734374999999 0.704278125 0.6509875 0.7021109375 0.6479484375 0.7120124999999999 0.6550296875 0.7141968750000001
13 0.640684375 0.7313703125 0.6362453125 0.7457109375 0.6328453125 0.744671875 0.6257390625 0.7678421875 0.642759375 0.7731203125 0.65423125 0.735421875 0.640684375 0.7313703125
1 0.6007374999999999 0.831871875 0.5952890625 0.8496140625 0.6145437499999999 0.85546875 0.6203015625 0.8366562500000001 0.6034390625 0.8315484375000001 0.6031234375000001 0.8325828124999999 0.6007374999999999 0.831871875
8 0.5601812500000001 0.7735078125 0.5483640624999999 0.8121328125 0.54821875 0.8120890624999999 0.54223125 0.8314296875 0.5932906250000001 0.8470546875 0.600578125 0.823221875 0.60051875 0.823040625 0.6173 0.7680687500000001 0.6096609374999999 0.7657546875000001 0.6091765625 0.7673578125 0.5084671875 0.73733125 0.5025921875 0.756359375 0.5463453125 0.7697546875 0.5465296875 0.7691890625 0.5601812500000001 0.7735078125
10 0.534265625 0.7233140625 0.5288640625000001 0.7408812499999999 0.5462640624999999 0.74638125 0.551534375 0.7291140625 0.5424828125000001 0.7262859374999999 0.5426031250000001 0.725890625 0.534265625 0.7233140625
6 0.5272734375 0.7407234375 0.5327390624999999 0.722846875 0.5326515625 0.7228203125 0.534734375 0.71604375 0.5299421875 0.714578125 0.52981875 0.7149859375000001 0.5169046875000001 0.7109796875 0.5107328125 0.7311671875 0.5105375000000001 0.731121875 0.5087796875 0.7368375 0.5220015625000001 0.74089375 0.52248125 0.7392890624999999 0.5272734375 0.7407234375
2 0.5075140625000001 0.8208375 0.5243875 0.7659265625 0.51300625 0.762446875 0.513225 0.7617171875000001 0.5020328125 0.758328125 0.5019765625 0.7585124999999999 0.490440625 0.754921875 0.473459375 0.8104328125 0.5075140625000001 0.8208375
1 0.6325953125 0.6971203125 0.6246453125 0.723196875 0.6493734375 0.7308328125 0.6538625 0.7162203125 0.645675 0.713734375 0.6492609375 0.70210625 0.6325953125 0.6971203125
13 0.5522328125 0.7261124999999999 0.562925 0.6907921875 0.5461671875 0.685646875 0.5354296875 0.72071875 0.5522328125 0.7261124999999999
10 0.650134375 0.7554875 0.644171875 0.774921875 0.661259375 0.7800453125 0.6672203125 0.7603828125 0.6600234375 0.7581578125 0.659934375 0.7584515625 0.650134375 0.7554875
10 0.5266796874999999 0.677596875 0.51715 0.708821875 0.52971875 0.712715625 0.53625625 0.6914515625 0.54173125 0.693175 0.5447859375 0.68318125 0.5266796874999999 0.677596875
10 0.6325546875 0.7284515625 0.6208140625 0.7668125 0.6239656250000001 0.7677765625 0.6318671874999999 0.7417890625 0.635321875 0.742890625 0.63914375 0.730421875 0.6325546875 0.7284515625
2 0.5261328125 0.7656859375 0.50913125 0.821296875 0.539890625 0.830746875 0.54581875 0.811359375 0.545521875 0.8112609375 0.5565515624999999 0.7751171875 0.5261328125 0.7656859375
2 0.615321875 0.7848265624999999 0.603459375 0.823646875 0.6033421875 0.8237375 0.6023703125 0.826821875 0.6431421875 0.8393218750000001 0.6608453125 0.781396875 0.6202515625 0.7690765625 0.6154437500000001 0.7848453125 0.615321875 0.7848265624999999
3 0.654528125 0.7211515625 0.651315625 0.7316578125000001 0.6568953125 0.7334078125 0.6506265625000001 0.753840625 0.6676562500000001 0.759140625 0.6771421875 0.7281109375 0.654528125 0.7211515625
2 0.76415625 0.36158125 0.8096249999999999 0.37548906249999997 0.8366374999999999 0.2871328125 0.8182984375 0.281565625 0.8104812499999999 0.3073390625 0.78343125 0.299096875 0.7653453125 0.358378125 0.765009375 0.35872187499999997 0.76415625 0.36158125
7 0.75995 0.2932015625 0.7812234375 0.2235390625 0.7358953125000001 0.20968749999999997 0.714740625 0.2792625 0.75995 0.2932015625
10 0.7323171875 0.21585312499999998 0.734471875 0.20880468749999997 0.72979375 0.20737343749999998 0.72760625 0.21445937499999998 0.7323171875 0.21585312499999998
10 0.6590984375 0.353309375 0.67698125 0.2947828125 0.656384375 0.2884265625 0.6384578125 0.34695468749999997 0.6590984375 0.353309375
6 0.6606828124999999 0.2626609375 0.669740625 0.23251249999999998 0.6494765625000001 0.2262734375 0.646784375 0.2350546875 0.6440484375 0.2342546875 0.6391703125 0.2502109375 0.6418953125 0.25104375 0.6397359375 0.2579875 0.6553640625 0.2628765625 0.65586875 0.2611890625 0.6606828124999999 0.2626609375