0 0.1752962046875 0 0.03612526875 0.3125830390625 0 0.4118362515625 0 0.8247037953125 0.3125830390625 0.96387473125 0.4118362515625 1 0.8247037953125 1 0.96387473125 0.6874169609375 1 0.5881637484375 1 0.1752962046875 0.6874169609375 0.03612526875 0.5881637484375 0 0.1752962046875 0
13 0.3768908203125 0.4190897390625 0.34422750625 0.406878328125 0.3208621546875 0.46965696875 0.3229125078125 0.470161065625 0.3179958828125 0.48319775 0.3495482390625 0.49484269531249997 0.3768908203125 0.4190897390625
7 0.7206815 0.516585315625 0.7089547734375 0.512633334375 0.7149399843750001 0.4960633109375 0.6742677546875 0.481510725 0.64748153125 0.5555991953125 0.699418709375 0.574756771875 0.7206815 0.516585315625
1 0.24976123281249998 0.23875476093749998 0.3048308609375 0.258963209375 0.31488896875 0.2303833515625 0.260069571875 0.2105924703125 0.24976123281249998 0.23875476093749998
2 0.72080813125 0.7174253546875 0.7286475640625001 0.7203239078125 0.7301803203125 0.71611296875 0.7686291625 0.7303272890625 0.76715665 0.73411864375 0.7755187015625 0.7372071234375001 0.8024902578124999 0.6625871437499999 0.7680606828125 0.6501862625 0.7738301875 0.634500240625 0.7757212234375 0.6350548421875 0.7837203640625 0.6116181109375 0.7621888171875 0.6036462375 0.72080813125 0.7174253546875
4 0.34218787968750003 0.305905078125 0.38215688281250004 0.3206080765625 0.40355122187500003 0.2619068234375 0.3635441265625 0.2472279140625 0.34218787968750003 0.305905078125
8 0.3068454609375 0.43814905 0.265553334375 0.42320245312500004 0.3127716171875 0.29441415000000004 0.29433699999999996 0.287949396875 0.29300804999999996 0.2917602 0.2919450453125 0.2913741484375 0.24679573906250002 0.41621077656249994 0.19209868125000001 0.39687117031249997 0.16335260625 0.47616058125 0.1743508921875 0.48024661875 0.1759422390625 0.47571969062499997 0.22549932187500002 0.49375771718749994 0.223936896875 0.498212003125 0.2321016140625 0.501267353125 0.250542259375 0.44981485 0.296630115625 0.46699755468750004 0.3068454609375 0.43814905
2 0.3267496734375 0.53542338125 0.33500208125 0.5382971375000001 0.3493733609375 0.49830872031249995 0.314967471875 0.4855934125 0.329311928125 0.4463490375 0.30941908906250004 0.43881086874999997 0.2800147046875 0.518706834375 0.2880544375 0.5214705093750001 0.2897567296875 0.5171092828125 0.3282568828125 0.53121988125 0.3267496734375 0.53542338125
10 0.2701678421875 0.4182393203125 0.28657584375 0.42429264218749996 0.3013629890625 0.383984821875 0.2850513171875 0.37813003125 0.2701678421875 0.4182393203125
10 0.7637964234375 0.5379329609375 0.765674215625 0.5388476843750001 0.774181303125 0.51547633125 0.75093255 0.50556830625 0.7387440093750001 0.539647725 0.760289234375 0.5475658265625001 0.7637964234375 0.5379329609375
11 0.7499985609375 0.4506036625 0.7810698078125 0.4616581234375 0.792327171875 0.43035395625 0.7614981328125 0.41913196406250003 0.7499985609375 0.4506036625
12 0.8505842984375 0.499839409375 0.8948348234375001 0.5158551671875 0.919190071875 0.4493011953125 0.8751054500000001 0.43335075156249997 0.8505842984375 0.499839409375
10 0.38603885937500004 0.39836235468750003 0.314001809375 0.37238515 0.30988918593750003 0.383523821875 0.347533965625 0.3977923484375 0.3452694765625 0.40401557343750005 0.37957910781250004 0.416424628125 0.38603885937500004 0.39836235468750003
2 0.7555966421875 0.395304425 0.7225562437499999 0.38306024375000003 0.7240537546875 0.37937408906250003 0.7131733453125 0.37504635 0.6764821484375 0.475715021875 0.708169634375 0.4871755484375 0.7138069703125 0.4717556515625 0.71594419375 0.47260629375 0.7103639187499999 0.48786345468750003 0.728834625 0.4946966125 0.743152121875 0.45519394062499996 0.7457084 0.45618668749999997 0.7679366140624999 0.3952706203125 0.7571204671875 0.39140934843749997 0.7555966421875 0.395304425
10 0.7830682437500001 0.4627052390625 0.792477403125 0.46574680781250005 0.8035736874999999 0.43476601875 0.7944895390625 0.43132867656249996 0.7830682437500001 0.4627052390625
10 0.311170290625 0.3735549109375 0.31268628593750003 0.374106728125 0.3214940765625 0.3499063203125 0.2979622734375 0.341002825 0.2853372265625 0.37542495468750003 0.30774279375 0.38310866250000003 0.311170290625 0.3735549109375
5 0.4395552828125 0.3568413265625 0.37738885624999996 0.3337297359375 0.380046353125 0.326239646875 0.340090634375 0.3115990046875 0.3232819265625 0.35758826875 0.4260492671875 0.3948940125 0.4395552828125 0.3568413265625
10 0.838885465625 0.5630557828125 0.766855971875 0.5371691703125 0.76269125625 0.5483941125 0.8006742765625001 0.56265588125 0.7984501578125001 0.5687653828125 0.832273390625 0.581152859375 0.838885465625 0.5630557828125
2 0.290134825 0.265034084375 0.25707001875 0.252510509375 0.258552025 0.24827526406249997 0.24785705156249999 0.2444645203125 0.2236471484375 0.3109840015625 0.2553033921875 0.322184325 0.26082284218749996 0.3070215203125 0.2628451203125 0.30775769999999997 0.2571477640625 0.32325862656250004 0.276041290625 0.3295685234375 0.2900492875 0.290761003125 0.29275348125 0.2916673828125 0.30252111875 0.26451976718750003 0.291670603125 0.26081251875 0.290134825 0.265034084375
10 0.723436221875 0.5830418578125001 0.739384525 0.5889982625 0.7540194625 0.5487902906250001 0.7378102953125001 0.542663009375 0.723436221875 0.5830418578125001
10 0.8466508218750001 0.5516380609375 0.844174475 0.5584408468750001 0.8749768281250001 0.5699571140625 0.877480703125 0.562785171875 0.8466508218750001 0.5516380609375
6 0.7521588218749999 0.5027756375 0.775498334375 0.5116961390625 0.791211884375 0.46863146718750004 0.76743441875 0.4600838171875 0.7521588218749999 0.5027756375
10 0.391226653125 0.3939862765625 0.42225628750000005 0.4051111484375 0.424805428125 0.3981064515625 0.3938132125 0.3867707609375 0.391226653125 0.3939862765625
10 0.31957205 0.367849246875 0.3889105453125 0.393030334375 0.39132125 0.3861675359375 0.32229921250000004 0.36057147343749996 0.31957205 0.367849246875
10 0.8364868281250001 0.49453943125000005 0.8486060984374999 0.49890050468749997 0.8603796875 0.467378059375 0.8478301953124999 0.462969109375 0.8364868281250001 0.49453943125000005
13 0.7713965078125 0.6478607640625 0.8017510765625 0.6590151796875 0.8293365109374999 0.5840459421875 0.7974590765625 0.5726547796875 0.7713965078125 0.6478607640625
10 0.7725337984375 0.5325990703125 0.8418733671874999 0.55783536875 0.8444252999999999 0.5509242750000001 0.7752369921875 0.5255825749999999 0.7725337984375 0.5325990703125
2 0.6748594765625 0.700383303125 0.6829737734375 0.7033905500000001 0.6842978515625 0.6997520359375 0.711868725 0.7097867953125 0.710517375 0.7136440671875001 0.71856229375 0.71672646875 0.7484703578125 0.6346927359375 0.70452476875 0.6184108078125 0.6748594765625 0.700383303125
10 0.84910335 0.45956789843749996 0.8614711515625 0.4642773671875 0.8729601562499999 0.43271031249999997 0.860611671875 0.42805733593750006 0.84910335 0.45956789843749996
4 0.795037003125 0.4708732859375 0.8351980421875 0.48522564062500007 0.856479790625 0.42644689375 0.8164557484375001 0.4119673921875 0.795037003125 0.4708732859375
10 0.39610841875 0.2948580328125 0.40849750625 0.2995273765625 0.419902321875 0.267876659375 0.40756388593750004 0.26338551093749996 0.39610841875 0.2948580328125
11 0.29724572031249996 0.28566121875 0.328120634375 0.2968454828125 0.3393863171875 0.2656801375 0.3084898859375 0.25440590625000004 0.29724572031249996 0.28566121875
2 0.23389794687499998 0.502050028125 0.2423326609375 0.504652615625 0.2438371921875 0.500420559375 0.27129999531250004 0.5107441453125 0.2697207890625 0.5149019078125 0.27839929375 0.5178251234375 0.2956199484375 0.4699924828125 0.251523421875 0.4538075484375 0.23389794687499998 0.502050028125
13 0.7417422609375001 0.5896186906249999 0.7826239421875 0.604115728125 0.7966487078125 0.5651360859375 0.7561769671875 0.5504059453125 0.7417422609375001 0.5896186906249999
10 0.330310359375 0.2977126578125 0.339444315625 0.3009190421875 0.35061150625000004 0.26970984531250003 0.34163565937499996 0.2665978015625 0.330310359375 0.2977126578125
7 0.2677974328125 0.35216426093750003 0.255615296875 0.3478675578125 0.26158325625 0.33147457343750003 0.221528315625 0.3166956828125 0.194389121875 0.390993021875 0.246604828125 0.409997525 0.2677974328125 0.35216426093750003
10 0.3834737125 0.3297359515625 0.395799303125 0.33422138125 0.4072968921875 0.3026273625 0.3950249484375 0.2981059546875 0.3834737125 0.3297359515625
13 0.28921859843750003 0.42477999375 0.32974448437500004 0.4389544265625 0.34384111562499997 0.40022057499999997 0.303356528125 0.385484715625 0.28921859843750003 0.42477999375
8 0.7596755734375 0.602833425 0.7186928234375001 0.5881100890625001 0.7656624828124999 0.459111890625 0.7471329359375 0.4524954078125 0.745724146875 0.4563664453125 0.7448654640625 0.4562475328125 0.699626159375 0.5811518453125 0.64513085625 0.56139750625 0.6042154984375 0.674915159375 0.6147576171875 0.6788425671875 0.6161114921874999 0.6747606515625 0.6658191359375001 0.693036746875 0.6643519343750001 0.6967124515625 0.67249519375 0.6995855015625 0.7033068984375 0.6149113484375001 0.749925278125 0.63111760625 0.7596755734375 0.602833425
10 0.7118733749999999 0.5105188828125 0.72144575 0.5140966312499999 0.7265325890625001 0.5001129296875 0.716643484375 0.4968816203125 0.7118733749999999 0.5105188828125
5 0.8928041890625 0.52158388125 0.8301534500000001 0.4986534671875 0.8330095625 0.49117826249999996 0.7930956640625 0.4763937546875 0.776244875 0.522442959375 0.8788146875 0.559523928125 0.8928041890625 0.52158388125
10 0.25855170156249996 0.34569774999999997 0.26861555 0.34930104375000004 0.27378196718750003 0.33565721875 0.26370063125 0.33186655 0.25855170156249996 0.34569774999999997
6 0.299072425 0.33819437343750003 0.32276316718750003 0.34689839375 0.3384337734375 0.303999321875 0.31448925625 0.2952045484375 0.299072425 0.33819437343750003
1 0.1511951 0.510089621875 0.3224981078125 0.57243965 0.332784459375 0.5441769203125 0.16134195 0.4816638703125 0.1511951 0.510089621875
12 0.3979536453125 0.33557907187499997 0.44171045624999994 0.35111332812499996 0.46601321406249996 0.284527434375 0.422327303125 0.26804641406249996 0.3979536453125 0.33557907187499997