10 0.2077578125 0.590553125 0.197446875 0.5906265625 0.1974546875 0.608021875 0.20779843750000002 0.6080062500000001 0.2077578125 0.590553125
10 0.2848921875 0.8583265625 0.29784375 0.8584265625 0.297753125 0.7691640625 0.2887265625 0.7690796875 0.28869687499999996 0.8138109375000001 0.285021875 0.8138562500000001 0.2848921875 0.8583265625
10 0.2958578125 0.7134875 0.28231875 0.7134625 0.28231875 0.7437046875 0.2958921875 0.74365625 0.2958578125 0.7134875
6 0.315525 0.713128125 0.315525 0.7113562499999999 0.2976015625 0.7113562499999999 0.29755937499999996 0.74373125 0.3218296875 0.7436703125 0.3217875 0.713128125 0.315525 0.713128125
10 0.28202343750000003 0.59064375 0.27492031250000004 0.59064375 0.27490000000000003 0.6032203125 0.28204375000000004 0.6032203125 0.28202343750000003 0.59064375
1 0.3759734375 0.2962890625 0.28635781250000003 0.2963640625 0.286325 0.290171875 0.233596875 0.29025625 0.233575 0.2962609375 0.19601875 0.2964125 0.1959796875 0.3183765625 0.3765890625 0.3184109375 0.3765390625 0.3052546875 0.3759984375 0.30528125 0.3759734375 0.2962890625
13 0.33810625 0.1788546875 0.3046359375 0.17888593749999998 0.3046359375 0.2136421875 0.33816875 0.2135859375 0.33810625 0.1788546875
2 0.3321796875 0.2440890625 0.29222031249999997 0.2440828125 0.29209999999999997 0.28831093750000003 0.3321921875 0.28823906250000003 0.3321796875 0.2440890625
10 0.30312656250000003 0.136671875 0.303090625 0.14756249999999999 0.319284375 0.1476140625 0.31939375000000003 0.136671875 0.30312656250000003 0.136671875
10 0.37423125 0.17715625 0.36546406249999996 0.177096875 0.3654609375 0.21615625 0.374184375 0.2161234375 0.37423125 0.17715625
13 0.22773125 0.18782656250000002 0.22040937500000002 0.18782656250000002 0.2203890625 0.16680625 0.2046984375 0.16680625 0.2046984375 0.21628124999999998 0.22773125 0.2162296875 0.22773125 0.18782656250000002
1 0.2044046875 0.136565625 0.17627656249999998 0.136696875 0.17627656249999998 0.1583015625 0.204434375 0.1583015625 0.2044046875 0.136565625
10 0.395971875 0.17078125 0.3792546875 0.1706875 0.37920937499999996 0.1965265625 0.3959828125 0.1966203125 0.395971875 0.17078125
0 0 0 0 1 1 1 1 0 0 0
10 0.3433359375 0.1700453125 0.34331093749999997 0.1365859375 0.32265625 0.1366265625 0.3225703125 0.1571046875 0.3358875 0.1572046875 0.3359296875 0.1700875 0.3433359375 0.1700453125
10 0.2291734375 0.16674843749999999 0.2220046875 0.1666859375 0.2219625 0.1855 0.229215625 0.185440625 0.2291734375 0.16674843749999999
1 0.23089062500000002 0.13669375 0.2308140625 0.15830468749999999 0.2886484375 0.15830468749999999 0.28867031249999997 0.1711765625 0.3163890625 0.171303125 0.316396875 0.1498828125 0.3014484375 0.1498828125 0.3015078125 0.136528125 0.23089062500000002 0.13669375
10 0.20779375 0.13673125 0.20783437500000002 0.1389421875 0.206959375 0.1389421875 0.207021875 0.1582359375 0.22753593749999998 0.15829218750000001 0.22751562500000003 0.1365546875 0.20779375 0.13673125
6 0.3639234375 0.177096875 0.3632625 0.1771359375 0.36323125 0.1737015625 0.346828125 0.1737015625 0.346859375 0.1771359375 0.33986875 0.17717812500000002 0.339840625 0.21395625 0.3461984375 0.2139125 0.346228125 0.21611875 0.36398281250000003 0.2160359375 0.3639234375 0.177096875
10 0.303090625 0.17899375 0.28622187499999996 0.17881249999999999 0.28622187499999996 0.21395781249999998 0.30296249999999997 0.2138671875 0.303090625 0.17899375
7 0.2829484375 0.16229218750000002 0.270321875 0.1622515625 0.27029375 0.16653125 0.2309171875 0.1664921875 0.23111406250000002 0.21619531250000001 0.28297812499999997 0.216203125 0.2829484375 0.16229218750000002
10 0.37452968750000004 0.21875781249999998 0.3656828125 0.21875781249999998 0.36562968749999997 0.2416015625 0.3745953125 0.24151562499999998 0.37452968750000004 0.21875781249999998
3 0.186025 0.1663359375 0.1787765625 0.16640625 0.1787765625 0.21674218750000002 0.20300156249999998 0.21676250000000002 0.20294374999999998 0.16640625 0.198946875 0.16640625 0.198921875 0.16223749999999998 0.186 0.162271875 0.186025 0.1663359375
10 0.33123281250000003 0.16394375 0.318065625 0.1640015625 0.318028125 0.1765 0.33128281249999997 0.1764578125 0.33123281250000003 0.16394375
13 0.602528125 0.1881171875 0.5952328125 0.188159375 0.5952328125 0.1669515625 0.5795250000000001 0.1669078125 0.5795546875 0.2166140625 0.6026234374999999 0.2166578125 0.602528125 0.1881171875
10 0.5825453125 0.13661718750000001 0.5825703125 0.13985468750000002 0.5801390625 0.139834375 0.5801390625 0.1583875 0.60099375 0.158353125 0.6010171875 0.1366515625 0.5825453125 0.13661718750000001
10 0.6778578125 0.179025 0.6610921875 0.1791734375 0.661065625 0.2143 0.67783125 0.21418906249999997 0.6778578125 0.179025
10 0.706159375 0.1640375 0.692934375 0.1640375 0.6928578125 0.1766828125 0.706159375 0.1767375 0.706159375 0.1640375
2 0.7070515625 0.24440625 0.6669953125 0.24428125 0.6669078125000001 0.3150359375 0.7071875000000001 0.3150359375 0.7070515625 0.24440625
7 0.6582046874999999 0.1403390625 0.60599375 0.140521875 0.6059281249999999 0.21690625 0.6577875 0.21660624999999997 0.6582046874999999 0.1403390625
10 0.6039921875 0.16699375 0.59685 0.1668484375 0.5969046875 0.1856734375 0.60404375 0.185725 0.6039921875 0.16699375
11 0.5691328125 0.294521875 0.5510937499999999 0.29455156250000003 0.551115625 0.318575 0.569178125 0.31851250000000003 0.5691328125 0.294521875
6 0.7209625 0.216340625 0.738809375 0.21628906250000002 0.738734375 0.17745625 0.7380640625 0.17745625 0.7380640625 0.1726046875 0.7216703125 0.1726046875 0.7216703125 0.1774015625 0.71466875 0.1774015625 0.7147046875 0.21418125 0.7210015624999999 0.21418125 0.7209625 0.216340625
1 0.5707734375 0.29669375 0.5707312499999999 0.31858906249999996 0.6024890625 0.31868124999999997 0.6024890625 0.2966625 0.6010859375 0.2966625 0.6011296875000001 0.29373593750000004 0.574309375 0.29376718749999997 0.5743328125 0.2966625 0.5707734375 0.29669375
10 0.7490328125 0.17753593750000002 0.740425 0.17748124999999998 0.7403890625 0.2164203125 0.749003125 0.2164203125 0.7490328125 0.17753593750000002
2 0.7489890625 0.24437812499999997 0.7089234375 0.24435156249999998 0.7088671875 0.3150765625 0.7489921875000001 0.3149671875 0.7489890625 0.24437812499999997
3 0.5775984375000001 0.14029687500000002 0.5536 0.1403859375 0.5536 0.21669999999999998 0.577878125 0.216834375 0.5775984375000001 0.14029687500000002
2 0.602484375 0.2188609375 0.553665625 0.2189859375 0.5536203125 0.288540625 0.6026640624999999 0.28860312499999996 0.602484375 0.2188609375
1 0.6763874999999999 0.1501765625 0.6764171875 0.14047343750000002 0.659903125 0.1403859375 0.659840625 0.1766109375 0.6914140625 0.176696875 0.6913515625 0.150134375 0.6763874999999999 0.1501765625
13 0.6794374999999999 0.1789625 0.67945625 0.21405 0.7129671875 0.2138765625 0.7129765625 0.179021875 0.6794374999999999 0.1789625
10 0.6928234375 0.1398265625 0.6779203125000001 0.1399609375 0.6779203125000001 0.1478625 0.6928234375 0.1477734375 0.6928234375 0.1398265625
10 0.7182453125 0.17026406249999998 0.7182875 0.136828125 0.6975296875 0.1368171875 0.6975359375 0.15744843749999998 0.7107671875 0.157509375 0.7107609375 0.17026406249999998 0.7182453125 0.17026406249999998
8 0.738784375 0.24162656249999998 0.738809375 0.21628906250000002 0.6171125 0.216890625 0.6171234375 0.21913593750000002 0.6059171875 0.21913125 0.60588125 0.3150265625 0.6638578125000001 0.3149765625 0.6637140625 0.24157812500000003 0.738784375 0.24162656249999998
10 0.7541609375 0.1710203125 0.75410625 0.19689375 0.7708984375 0.19697031250000002 0.7708984375 0.1710203125 0.7541609375 0.1710203125
10 0.7490046875 0.218896875 0.7405296875 0.21885156249999999 0.7404124999999999 0.24172968749999998 0.7490046875 0.24172968749999998 0.7490046875 0.218896875
2 0.3741609375 0.244075 0.334071875 0.244071875 0.3340765625 0.2883078125 0.37415625 0.28828906249999997 0.3741609375 0.244075
2 0.22778125 0.2185890625 0.178790625 0.2185890625 0.178790625 0.2882765625 0.22784374999999998 0.2882765625 0.22778125 0.2185890625
8 0.363946875 0.24157812500000003 0.36398281250000003 0.2160359375 0.23111406250000002 0.21619531250000001 0.23111406250000002 0.28204375000000004 0.2887671875 0.28204375000000004 0.2887671875 0.241425 0.363946875 0.24157812500000003
11 0.1942015625 0.294209375 0.1762890625 0.2941828125 0.1762703125 0.31845 0.1942015625 0.3183765625 0.1942015625 0.294209375
2 0.5876812499999999 0.8563296875 0.6411921875 0.8563859375 0.6412328125 0.7341125 0.6233546875 0.7342234375000001 0.6232375 0.7808125 0.5876812499999999 0.7808125 0.5876812499999999 0.8563296875
1 0.1966109375 0.6106359375 0.1966109375 0.6274140625 0.2284578125 0.6273375 0.22843437500000002 0.6113734375 0.2729703125 0.6113328124999999 0.273078125 0.5905843749999999 0.20932656249999998 0.5905843749999999 0.2093015625 0.6105562499999999 0.1966109375 0.6106359375
1 0.194625 0.7382625 0.17825312499999998 0.738146875 0.17825312499999998 0.8265062500000001 0.19454375 0.8265062500000001 0.194625 0.7382625
13 0.2804390625 0.7138359375000001 0.2557484375 0.7137640625 0.255671875 0.7612 0.2803890625 0.7611656250000001 0.2804390625 0.7138359375000001
10 0.28025937500000003 0.8382328125 0.27311718749999997 0.8382640625000001 0.273096875 0.8568796875 0.2802828125 0.8569109375 0.28025937500000003 0.8382328125
8 0.3342359375 0.685365625 0.2341546875 0.6858015625 0.23423750000000002 0.6356531249999999 0.1819984375 0.6356531249999999 0.1819984375 0.7300109375 0.25416249999999996 0.72990625 0.25413437499999997 0.7113515625 0.334309375 0.7111203125000001 0.3342359375 0.685365625
11 0.1962015625 0.8287281249999999 0.178425 0.828696875 0.1782875 0.8543609375000001 0.19595 0.8543609375000001 0.1962015625 0.8287281249999999
10 0.2842640625 0.762684375 0.2936859375 0.762615625 0.293659375 0.7462125000000001 0.2819140625 0.7463171875 0.28188749999999996 0.7611656250000001 0.2842125 0.7611656250000001 0.2842640625 0.762684375
2 0.3163796875 0.638996875 0.2762359375 0.6390281250000001 0.27612187499999996 0.6831203125 0.3163796875 0.6832171875 0.3163796875 0.638996875
12 0.3650921875 0.74070625 0.32694531250000003 0.7407484375 0.3269109375 0.8401515625 0.3650328125 0.8402171875000001 0.3650921875 0.74070625
13 0.2714390625 0.83604375 0.2789234375 0.8360953125 0.2788875 0.8073874999999999 0.2556390625 0.8074890625 0.255671875 0.85689375 0.2714671875 0.8569281249999999 0.2714390625 0.83604375
9 0.20038125 0.73461875 0.2003421875 0.778796875 0.23446250000000002 0.778796875 0.23436875000000001 0.734565625 0.20038125 0.73461875
2 0.20038125 0.8568906249999999 0.254215625 0.85693125 0.2541875 0.734621875 0.236065625 0.734659375 0.23601250000000001 0.7813515625 0.2003609375 0.7813421875000001 0.20038125 0.8568906249999999
10 0.667775 0.592040625 0.6620484375 0.5920015624999999 0.6620781250000001 0.6026312500000001 0.667803125 0.6026312500000001 0.667775 0.592040625
3 0.28237968750000003 0.7638078125 0.2557484375 0.76385625 0.25567656250000004 0.8051890625 0.282415625 0.8051890625 0.28237968750000003 0.7638078125
2 0.7498796875 0.6108015625000001 0.7054015625 0.6109578124999999 0.70535625 0.6827875 0.7498625 0.6827421874999999 0.7498796875 0.6108015625000001
13 0.6587531249999999 0.8354734374999999 0.666246875 0.8354734374999999 0.66620625 0.8069390625 0.643015625 0.8071078125 0.6429375 0.8563296875 0.6587531249999999 0.8563296875 0.6587531249999999 0.8354734374999999
8 0.6490109375 0.685346875 0.6490109375 0.6830890625 0.6213093749999999 0.6832234374999999 0.6212921875 0.6352015625 0.5497484375 0.63504375 0.54969375 0.729653125 0.6412265625 0.7293890625 0.6412375 0.7107984375 0.7499 0.7106421875 0.7498671875 0.685309375 0.6490109375 0.685346875
12 0.7524796874999999 0.7399578124999999 0.714121875 0.7401515625 0.71405625 0.8396437499999999 0.7523500000000001 0.8396953125 0.7524796874999999 0.7399578124999999
3 0.6699296875 0.7628609375 0.64284375 0.762978125 0.6429 0.804403125 0.669875 0.804403125 0.6699296875 0.7628609375
10 0.5950031250000001 0.59300625 0.5858296875 0.5929828125000001 0.5858453124999999 0.607628125 0.5949890625 0.60760625 0.5950031250000001 0.59300625
13 0.6676734375 0.7133109375 0.643015625 0.7130890625 0.643015625 0.7608546875 0.6676734375 0.7607437499999999 0.6676734375 0.7133109375
10 0.5813984375000001 0.589896875 0.5679546875 0.5898515625 0.567921875 0.6268078125 0.581365625 0.6268078125 0.5813984375000001 0.589896875
6 0.702671875 0.7432171875 0.709190625 0.7432171875 0.7091421875 0.71271875 0.702621875 0.71271875 0.7026421875 0.710746875 0.685228125 0.71076875 0.685346875 0.7431859375000001 0.6862625 0.7432171875 0.6862625 0.74658125 0.702671875 0.74658125 0.702671875 0.7432171875
2 0.7035843749999999 0.6108296875 0.6635500000000001 0.6108296875 0.6635093750000001 0.68264375 0.703546875 0.6827578125 0.7035843749999999 0.6108296875
1 0.5839234375 0.609796875 0.5838546874999999 0.62666875 0.5862625 0.62666875 0.5862859375 0.6324765625000001 0.6197828125 0.632425 0.6198234375 0.5936078124999999 0.5968359375000001 0.5936734375 0.5968359375000001 0.609796875 0.5839234375 0.609796875
10 0.672071875 0.8577890625 0.6851515625 0.8578421875 0.6851578125 0.76866875 0.6760359375 0.7686484375 0.6760359375 0.813328125 0.672309375 0.8132734375 0.672071875 0.8577890625
9 0.56811875 0.7342859374999999 0.568071875 0.7782125 0.6216578125 0.77818125 0.6217265624999999 0.7341859375 0.56811875 0.7342859374999999
7 0.6601796875 0.5936171875 0.6212546875 0.5935625 0.6213093749999999 0.6832234374999999 0.660140625 0.6830375 0.6601796875 0.5936171875
1 0.581828125 0.7881765625 0.5818625 0.7833171875 0.5655765625 0.7833171875 0.5655765625 0.825925 0.583909375 0.82601875 0.583909375 0.7881765625 0.581828125 0.7881765625
10 0.6714671875 0.7619984375 0.6808203125000001 0.761940625 0.6808609375 0.7456828125 0.669165625 0.7456828125 0.669209375 0.7607671875 0.6714671875 0.7608203125 0.6714671875 0.7619984375
10 0.6835328125 0.7129234375 0.66964375 0.7127875 0.669590625 0.7430828125 0.683575 0.743196875 0.6835328125 0.7129234375
10 0.7524203125 0.7177421875000001 0.7141671875 0.7177421875000001 0.714128125 0.73556875 0.7523796875000001 0.73556875 0.7524203125 0.7177421875000001
10 0.6676328125000001 0.8376609374999999 0.660265625 0.8377546875 0.6603 0.8563484375 0.6675984374999999 0.8563015625 0.6676328125000001 0.8376609374999999
11 0.583221875 0.8285015625 0.56563125 0.8285015625 0.5655765625 0.853846875 0.5831937500000001 0.8537703125 0.583221875 0.8285015625
7 0.2728671875 0.61924375 0.24755 0.6193500000000001 0.24755 0.6151093750000001 0.23430625 0.615071875 0.2341546875 0.6858015625 0.273015625 0.6859109375 0.2728671875 0.61924375
10 0.36509843750000004 0.7182359375 0.32683125 0.7182359375 0.3268609375 0.7362234375 0.36512812499999997 0.7363062499999999 0.36509843750000004 0.7182359375
1 0.1750640625 0.7300609375 0.1761421875 0.7300609375 0.1761421875 0.632075 0.159984375 0.632075 0.159984375 0.7337765625 0.17502656249999998 0.7337765625 0.1750640625 0.7300609375
2 0.334225 0.6776375 0.3493875 0.6776375 0.3493875 0.6390625 0.318078125 0.63909375 0.318053125 0.6832171875 0.334225 0.6832171875 0.334225 0.6776375
10 0.1940765625 0.5903515625 0.180728125 0.5903875000000001 0.180665625 0.627384375 0.1939953125 0.6273375 0.1940765625 0.5903515625
1 0.27871250000000003 0.6078828125 0.27871250000000003 0.6307890625 0.3553078125 0.6308203125 0.3552375 0.6854578124999999 0.34005312499999996 0.6854578124999999 0.3399140625 0.71378125 0.3651234375 0.7138125 0.3650546875 0.6079484374999999 0.27871250000000003 0.6078828125