2 0.47947656250000004 0.7737109375 0.4425734375 0.789371875 0.45986093749999996 0.8300875 0.4967484375 0.8144109374999999 0.47947656250000004 0.7737109375
0 0.3982734375 0 0 0.16905781250000002 0 0.6017265625 0.16905781250000002 1 0.6017265625 1 1 0.8309421875 1 0.3982734375 0.8309421875 0 0.3982734375 0
10 0.6547828124999999 0.606171875 0.646325 0.5861875000000001 0.6293078125 0.5933734375 0.630596875 0.5963437500000001 0.62835 0.597275 0.6355984375 0.6143515625 0.6547828124999999 0.606171875
7 0.7004078125000001 0.5672359375 0.6524171875 0.587803125 0.682203125 0.6581421875 0.7298234375 0.6376015625 0.7004078125000001 0.5672359375
6 0.2578890625 0.24906875 0.247609375 0.25346406250000003 0.24580625 0.24921406250000003 0.2307859375 0.2555609375 0.23259375000000002 0.25981875 0.22603749999999997 0.2626015625 0.24127031250000003 0.2984234375 0.2731875 0.2849828125 0.2578890625 0.24906875
1 0.28120781250000004 0.7410765625 0.2553671875 0.7521875 0.263809375 0.772075 0.289728125 0.7610734375 0.28120781250000004 0.7410765625
10 0.106990625 0.2691984375 0.10497656250000001 0.270053125 0.10484374999999999 0.26974062499999996 0.0887578125 0.2766359375 0.0897421875 0.2789546875 0.0888734375 0.2793234375 0.0964765625 0.2971921875 0.1154625 0.2890875 0.106990625 0.2691984375
2 0.4587875 0.0950234375 0.413403125 0.114346875 0.44292031249999997 0.1837890625 0.4881875 0.16455625000000002 0.4587875 0.0950234375
10 0.19290156249999998 0.27856875 0.1773875 0.285153125 0.19120781250000002 0.31748125 0.20660625000000002 0.31083906250000004 0.19290156249999998 0.27856875
7 0.141340625 0.3409484375 0.18895937499999998 0.320675 0.1679515625 0.2709578125 0.15625625 0.2761203125 0.1579453125 0.2799828125 0.12156249999999999 0.29529218749999997 0.141340625 0.3409484375
10 0.45339375000000004 0.7120828125 0.44530000000000003 0.715453125 0.460559375 0.7514093749999999 0.4685765625 0.747971875 0.45339375000000004 0.7120828125
8 0.2044046875 0.34173437500000003 0.2734609375 0.312503125 0.2635140625 0.288975 0.141340625 0.3409484375 0.166928125 0.4015953125 0.22028906250000002 0.379025 0.2044046875 0.34173437500000003
10 0.31099062499999997 0.7520390625 0.30247812500000004 0.7320359375 0.2843921875 0.7399046874999999 0.28529375 0.741925 0.2844875 0.742265625 0.292084375 0.7600015625000001 0.31099062499999997 0.7520390625
2 0.22223281250000002 0.3781796875 0.2231125 0.37780625 0.22558281249999998 0.3835703125 0.30124375 0.3514890625 0.2839484375 0.3107953125 0.21529375 0.340034375 0.2201546875 0.35137968750000004 0.21218750000000003 0.35473125 0.22223281250000002 0.3781796875
13 0.22520156249999998 0.2647859375 0.194315625 0.27789687500000004 0.20792656250000002 0.30986875 0.23878125 0.29686406249999997 0.22520156249999998 0.2647859375
10 0.8007234375 0.5579859375 0.8107828125 0.5818234375 0.8262703124999999 0.5753328125 0.81613125 0.5514453125000001 0.8007234375 0.5579859375
2 0.576703125 0.1622296875 0.539903125 0.1779421875 0.558021875 0.2205078125 0.5948125 0.204890625 0.576703125 0.1622296875
1 0.7451828125 0.587728125 0.734746875 0.5633015625 0.7209890624999999 0.5691875 0.717225 0.5602437499999999 0.7019890625 0.5666140625 0.7160859375 0.5999859375 0.7451828125 0.587728125
10 0.213103125 0.2536625 0.20095625 0.25881875 0.2059125 0.2704953125 0.2179890625 0.26532187500000004 0.213103125 0.2536625
11 0.3334125 0.8901749999999999 0.3169140625 0.8971500000000001 0.326378125 0.9194953124999999 0.3428546875 0.9124203124999999 0.3334125 0.8901749999999999
1 0.085646875 0.27814218749999997 0.05983125 0.28921562500000003 0.06827187500000001 0.30910000000000004 0.0941828125 0.298159375 0.085646875 0.27814218749999997
2 0.8246265625 0.6275328124999999 0.7877359375 0.6431625000000001 0.8153171875 0.7082859375 0.8522109375 0.692509375 0.8246265625 0.6275328124999999
13 0.4872515625 0.157953125 0.50585 0.150140625 0.5016484375 0.1403828125 0.5154265625 0.1345328125 0.506609375 0.11404218749999999 0.474225 0.12754062500000002 0.4872515625 0.157953125
10 0.5289843750000001 0.114340625 0.5117734375 0.1215109375 0.524521875 0.1515453125 0.541625 0.144353125 0.5289843750000001 0.114340625
10 0.47091562500000006 0.6977203125 0.45549062500000004 0.704165625 0.46554375 0.7279687499999999 0.481021875 0.7215015625000001 0.47091562500000006 0.6977203125
10 0.7555 0.5625046874999999 0.760478125 0.5742468749999999 0.7673671875 0.5713234375 0.7543421875 0.540528125 0.7352296875000001 0.548628125 0.743296875 0.5676171875 0.7555 0.5625046874999999
8 0.6830625 0.66019375 0.7205 0.74848125 0.773846875 0.72578125 0.7450359375 0.6582749999999999 0.8141578125000001 0.6289890625 0.8042812500000001 0.6056546875000001 0.69249375 0.6537578125 0.6933796875 0.6558203125000001 0.6830625 0.66019375
10 0.4977984375 0.27695 0.4837546875 0.2829125 0.498571875 0.31794687499999996 0.5125609375 0.3120171875 0.4977984375 0.27695
10 0.40865156249999995 0.7167234375 0.396553125 0.72191875 0.401403125 0.733440625 0.4135859375 0.7282203125 0.40865156249999995 0.7167234375
8 0.48167499999999996 0.275078125 0.530065625 0.254340625 0.503003125 0.19074843749999998 0.5943421875 0.152 0.5843515625 0.1284640625 0.5239484375 0.15422031249999998 0.5205765625 0.14627812499999998 0.48815156249999997 0.16004218750000002 0.49147968750000004 0.1678859375 0.4447453125 0.18807968749999998 0.48167499999999996 0.275078125
10 0.574903125 0.10632343749999999 0.5585375 0.11334999999999999 0.5670468750000001 0.13339375 0.5835125 0.126325 0.574903125 0.10632343749999999
10 0.7320734375 0.5532359375 0.7184078125 0.5591828125 0.7214953125 0.5664578125 0.7351796875 0.560553125 0.7320734375 0.5532359375
7 0.530065625 0.254340625 0.5532125 0.2446140625 0.5453984375 0.225871875 0.5549609375 0.221715625 0.5358906250000001 0.17678906249999998 0.503003125 0.19074843749999998 0.530065625 0.254340625
2 0.6192828125000001 0.14399843750000002 0.5783921875 0.1615515625 0.5964921875 0.20419218749999998 0.6374640625 0.18683125 0.6192828125000001 0.14399843750000002
3 0.2915234375 0.769115625 0.28784375 0.770678125 0.28619062500000003 0.7668484375 0.27430937499999997 0.7719296875 0.2759203125 0.7756609375 0.2692765625 0.778559375 0.2889453125 0.82489375 0.31125156249999997 0.8154468749999999 0.2915234375 0.769115625
10 0.521090625 0.29259843750000003 0.5098359375 0.2974703125 0.5153328125 0.3104984375 0.5266328125 0.3056546875 0.521090625 0.29259843750000003
10 0.12018437500000001 0.296184375 0.1137171875 0.29909375 0.1209390625 0.316378125 0.12754375 0.31351874999999996 0.12018437500000001 0.296184375
10 0.7985484375 0.5659859375 0.790603125 0.5692984375 0.8057859374999999 0.6051578125 0.813715625 0.6017921875 0.7985484375 0.5659859375
1 0.708909375 0.7334515625 0.70780625 0.7307406249999999 0.68313125 0.7412484375 0.6842828125 0.7439046874999999 0.68101875 0.7453234375 0.6895359375 0.7654953124999999 0.7188046875 0.7531703125 0.7102015625 0.732903125 0.708909375 0.7334515625
10 0.2025109375 0.2509796875 0.21478125 0.24571562500000002 0.2197953125 0.257525 0.226665625 0.254553125 0.2136046875 0.22387656250000001 0.1944890625 0.23199062499999998 0.2025109375 0.2509796875
3 0.09598124999999999 0.3061140625 0.0922453125 0.307728125 0.0905765625 0.303875 0.0788390625 0.3089953125 0.0803515625 0.3126390625 0.0736234375 0.315590625 0.0933234375 0.3619234375 0.11568125 0.3524734375 0.09598124999999999 0.3061140625
10 0.2753953125 0.234778125 0.25996406250000004 0.24121406250000002 0.27008437500000004 0.2649890625 0.2854 0.258409375 0.2753953125 0.234778125
2 0.7860328125 0.64394375 0.7491125000000001 0.6594796875 0.776678125 0.7246453125000001 0.81375625 0.70890625 0.7860328125 0.64394375
10 0.5162734375 0.1368109375 0.5041359375 0.141921875 0.5074203125000001 0.1495921875 0.5194328125000001 0.14425468749999998 0.5162734375 0.1368109375
10 0.66091875 0.6129546875 0.6542875 0.6156109375 0.66169375 0.63291875 0.6682859375 0.6301765625 0.66091875 0.6129546875
7 0.3369078125 0.8039406250000001 0.3846515625 0.7836828125 0.363559375 0.7340671875 0.351921875 0.738965625 0.3535671875 0.742915625 0.31730625 0.7582640625 0.3369078125 0.8039406250000001
13 0.6578125 0.6681796875 0.6790640625 0.6592046875 0.667825 0.6329703125 0.6611265625 0.6358609375000001 0.6528390625 0.6163375 0.6383640625 0.6224359374999999 0.6578125 0.6681796875
10 0.4699234375 0.7502609375 0.4617796875 0.7537171875 0.4706578125 0.7747671875 0.4788765625 0.771184375 0.4699234375 0.7502609375
13 0.73504375 0.59449375 0.7487703125 0.626784375 0.77955 0.6135296875 0.7659390625 0.58144375 0.73504375 0.59449375
2 0.679796875 0.6612859375 0.6349078125000001 0.6804765625 0.66204375 0.7445203125 0.7072140625000001 0.725415625 0.679796875 0.6612859375
6 0.7865249999999999 0.5657328125000001 0.771434375 0.5721390625 0.773309375 0.576553125 0.7668640625 0.5792890625 0.7812671875 0.61313125 0.7870640625 0.6106703125 0.787871875 0.6126750000000001 0.8042812500000001 0.6056546875000001 0.7890375 0.5699359375 0.7884203125 0.5701984375 0.7865249999999999 0.5657328125000001
6 0.42819062499999994 0.7227609375 0.421771875 0.72553125 0.43611562499999995 0.7593953124999999 0.4419515625 0.7568718750000001 0.442840625 0.758890625 0.45915156250000005 0.751878125 0.44388125 0.7160562500000001 0.4432890625 0.7163515625 0.44191874999999997 0.7132015625 0.4268203125 0.7196109374999999 0.42819062499999994 0.7227609375
1 0.174821875 0.4139125 0.140121875 0.42861093749999996 0.1488609375 0.448990625 0.3152171875 0.37825312499999997 0.3101015625 0.36619375 0.30944531249999996 0.36644375 0.305978125 0.3581625 0.2236109375 0.39315625 0.221203125 0.3874828125 0.172434375 0.408259375 0.174821875 0.4139125
13 0.5997765625 0.0978796875 0.5770203125 0.1075375 0.5957343749999999 0.15135937500000002 0.6182875 0.1417234375 0.5997765625 0.0978796875
1 0.20232343749999998 0.26625624999999997 0.1939578125 0.2466265625 0.1802109375 0.2524625 0.1750203125 0.24015468750000002 0.10985156250000001 0.26800156249999996 0.1183046875 0.287915625 0.15455000000000002 0.2725296875 0.1549640625 0.2735046875 0.1672890625 0.268228125 0.16689062500000001 0.267290625 0.1718328125 0.26519375 0.17682031250000002 0.2769421875 0.20232343749999998 0.26625624999999997
10 0.3721234375 0.7026 0.37634687499999997 0.7126406249999999 0.391271875 0.706359375 0.387096875 0.69624375 0.3721234375 0.7026
1 0.3704578125 0.8766796875 0.3359453125 0.8914921874999999 0.344490625 0.911725 0.51075625 0.8411875 0.5055703125 0.829096875 0.5050828125 0.8293312500000001 0.5015468750000001 0.8210656249999999 0.419084375 0.8561500000000001 0.416634375 0.8504625000000001 0.36813125 0.8711437500000001 0.3704578125 0.8766796875
6 0.5442890625000001 0.102534375 0.5292859375 0.10890312499999999 0.531225 0.11340468749999999 0.5304640625 0.113728125 0.5440046875 0.145628125 0.5603828125 0.1387921875 0.5595734375 0.13695 0.565459375 0.134334375 0.552690625 0.10425312499999999 0.5461859375 0.1069359375 0.5442890625000001 0.102534375
11 0.6786609375 0.7439671875 0.662065625 0.751040625 0.6714734375 0.773146875 0.688075 0.7660296875 0.6786609375 0.7439671875
10 0.3158015625 0.7591828125 0.30917812499999997 0.761925 0.316490625 0.7792609374999999 0.32314375 0.7763718749999999 0.3158015625 0.7591828125
13 0.31262500000000004 0.814340625 0.3338078125 0.80529375 0.32270937499999997 0.779146875 0.31596875 0.7820078125000001 0.3077375 0.762665625 0.29329375 0.7687968749999999 0.31262500000000004 0.814340625
13 0.4208046875 0.7277625 0.3900078125 0.74086875 0.4035875 0.7728625 0.4344328125 0.7597078125000001 0.4208046875 0.7277625
10 0.7336140624999999 0.5951671875 0.7182390625 0.6018546875 0.7319390625 0.6342 0.7473296875 0.627546875 0.7336140624999999 0.5951671875
10 0.753809375 0.5703140624999999 0.7416359375 0.5754812499999999 0.74650625 0.5871515625 0.758771875 0.5820031250000001 0.753809375 0.5703140624999999
11 0.40866718750000003 0.1134125 0.3921 0.1205875 0.4028546875 0.14571875 0.4194484375 0.138675 0.40866718750000003 0.1134125
10 0.27435 0.2872953125 0.2661328125 0.2907828125 0.275109375 0.311875 0.28329375 0.30827187500000003 0.27435 0.2872953125
10 0.814684375 0.6040703125 0.806865625 0.607340625 0.8156968750000001 0.6284453125 0.8236062499999999 0.6250890625000001 0.814684375 0.6040703125
10 0.3886265625 0.741571875 0.373028125 0.7479953125 0.38676093749999996 0.7803484375 0.402134375 0.7737234374999999 0.3886265625 0.741571875
10 0.410303125 0.7087 0.4153765625 0.72054375 0.42217656249999996 0.7176109375 0.40907968749999996 0.6868203125 0.3900828125 0.6949265625 0.3980046875 0.7138125 0.410303125 0.7087
1 0.5003578125 0.27586875 0.508725 0.295315625 0.5216921875 0.28988593749999997 0.5280484375000001 0.3050015625 0.5830890625 0.28171875 0.5670015625 0.243540625 0.6471015625 0.20954062499999998 0.64051875 0.194034375 0.5536328125 0.2309984375 0.5616671875 0.2499265625 0.5003578125 0.27586875
2 0.44083750000000005 0.7901265625 0.404053125 0.8057359375 0.4212234375 0.8464921875 0.45810000000000006 0.8307625 0.44083750000000005 0.7901265625
11 0.1378453125 0.427178125 0.121315625 0.4341953125 0.1308015625 0.45654218750000003 0.1473453125 0.4494625 0.1378453125 0.427178125
2 0.334775 0.8074453125 0.2896796875 0.8265874999999999 0.3169078125 0.8907343750000001 0.3620609375 0.8715671875 0.334775 0.8074453125
3 0.6261921874999999 0.5986921875 0.6041359374999999 0.60815 0.6339546875 0.6784 0.65635625 0.6690375000000001 0.6261921874999999 0.5986921875
1 0.3978625 0.729296875 0.3895 0.7095765625 0.375740625 0.7154171875 0.37057656250000004 0.7031015625 0.3056390625 0.7308453125 0.31401249999999997 0.75076875 0.36724843749999997 0.7281703125 0.37229843749999997 0.7400109375 0.3978625 0.729296875
8 0.41570625000000005 0.8420265625000001 0.3998359375 0.8046374999999999 0.4690984375 0.775403125 0.45915156250000005 0.751878125 0.3369078125 0.8039406250000001 0.3626375 0.8645531249999999 0.41570625000000005 0.8420265625000001
10 0.19137500000000002 0.2332984375 0.17658125 0.2396703125 0.180875 0.24978281249999998 0.1956875 0.243309375 0.19137500000000002 0.2332984375
1 0.4186234375 0.14132499999999998 0.40373906249999997 0.14764375000000002 0.4627109375 0.28690625000000003 0.47768125 0.280590625 0.4186234375 0.14132499999999998
3 0.46003906250000004 0.0946421875 0.47341718750000006 0.1256625 0.509778125 0.110325 0.496471875 0.078978125 0.46003906250000004 0.0946421875
13 0.11698125 0.35141875 0.1382765625 0.34233437499999997 0.1271890625 0.316215625 0.12033750000000001 0.319028125 0.11212031250000001 0.2997515625 0.0976515625 0.3058046875 0.11698125 0.35141875
2 0.1392484375 0.3445 0.094046875 0.3636796875 0.121296875 0.427828125 0.1665203125 0.4085859375 0.1392484375 0.3445