0 0.347134659375 0 0 0.23414528437499998 0 0.261676540625 0.49800546093750003 1 0.652865340625 1 1 0.765854715625 1 0.738323459375 0.5019945390625 0 0.347134659375 0
11 0.49415636249999995 0.44629944374999997 0.506156328125 0.46417674375000006 0.512180509375 0.4603244703125 0.500164853125 0.442510525 0.49415636249999995 0.44629944374999997
7 0.4579657140625 0.43375295625000004 0.42949667968750005 0.3915458765625 0.41960615468749995 0.39814927031249997 0.42009744062500004 0.3989223375 0.40746833281250006 0.40806273437499996 0.429797990625 0.44107839843749996 0.4384041265625 0.43513590156250004 0.4437726984375 0.4429135140625 0.4579657140625 0.43375295625000004
3 0.4515543328125 0.473378209375 0.4650026125 0.4931791890625 0.47856928906249996 0.48423566874999996 0.465270175 0.46461112968749996 0.4515543328125 0.473378209375
2 0.5046591015625 0.46634950625 0.4772448171875 0.42565306718749996 0.4590616703125 0.4385547890625 0.473056346875 0.45930274843749996 0.4662789640625 0.4638741515625 0.47951505625 0.48354496718749995 0.48530629531249997 0.479570878125 0.4791773375 0.47030269999999996 0.4801967953125 0.4696150671875 0.4863672046875 0.4788552859375 0.5046591015625 0.46634950625
10 0.44654127812500005 0.44704324843750004 0.4483411796875 0.44971171249999997 0.45186847500000005 0.44733252187500006 0.44995586093749995 0.4444969546875 0.44654127812500005 0.44704324843750004
2 0.3828453046875 0.3070310015625 0.40574250625 0.34097749843749997 0.4229635359375 0.3294296171875 0.3999805296875 0.2954034109375 0.3828453046875 0.3070310015625
1 0.47903083906250005 0.424553925 0.4920547046875 0.44392686562500006 0.49833370937500004 0.4398348625 0.48515405781250004 0.4204237609375 0.47903083906250005 0.424553925
10 0.44692655937500003 0.4669950625 0.44977057968749995 0.4712114953125 0.4573933859375 0.466066078125 0.4544089984375 0.461697425 0.44692655937500003 0.4669950625
13 0.45113700625 0.4438171140625 0.45860990625 0.45478158437499994 0.45797978749999996 0.4552612609375 0.4541449734375 0.449500471875 0.4500834453125 0.45230031718749997 0.45855895156250004 0.46482944687499994 0.47012143437500004 0.45703045312499996 0.45796902656249994 0.43909200625 0.45113700625 0.4438171140625
5 0.380663709375 0.3736797390625 0.39474568906249996 0.3641813234375 0.36323509375 0.3172106703125 0.348702796875 0.3263795640625 0.380663709375 0.3736797390625
8 0.44761779218750003 0.3658944328125 0.42909548124999997 0.37874598593750003 0.3949152734375 0.32767496406249996 0.38889048593750003 0.33149560624999996 0.4579525734375 0.43364685312500006 0.4825533734375 0.4177695953125 0.44761779218750003 0.3658944328125
6 0.3996220875 0.3533966359375 0.3981688171875 0.351197365625 0.400920240625 0.34927177187499997 0.3888688265625 0.3314970234375 0.3802428375 0.3374547953125 0.3840200109375 0.34305468437500003 0.38291635468749996 0.3437991109375 0.3901428046875 0.3544680578125 0.3912364640625 0.353798225 0.39199623125 0.3550140390625 0.393971559375 0.3538211328125 0.3954455578125 0.3560064234375 0.3936401203125 0.357361790625 0.3991812296875 0.3657109453125 0.40696646718749996 0.36039000312499997 0.4012889765625 0.35206498750000004 0.3996220875 0.3533966359375
10 0.3779080078125 0.33467784843750004 0.38108540625 0.3325874390625 0.3698242375 0.3158948640625 0.36671565156249997 0.31804817343749997 0.3779080078125 0.33467784843750004
9 0.44555815781249997 0.46438233437500004 0.45285021406250003 0.45929981093750005 0.4388383765625 0.4387443578125 0.4315972515625 0.4436285578125 0.44555815781249997 0.46438233437500004
13 0.3707593078125 0.315149184375 0.3821004390625 0.33196310156250003 0.392761003125 0.324629221875 0.3815005265625 0.307904140625 0.3707593078125 0.315149184375
2 0.3869198515625 0.37745865 0.405166421875 0.404641628125 0.426919590625 0.3899689296875 0.40855125625 0.3628680828125 0.3869198515625 0.37745865
2 0.40721400937499996 0.343262478125 0.42750304375 0.373412065625 0.445300753125 0.362400603125 0.42461380625 0.331675059375 0.40721400937499996 0.343262478125