0 0.2171140625 0 0 0.3613375 0 0.7828859375 0.3613375 1 0.7828859375 1 1 0.6386625 1 0.2171140625 0.6386625 0 0.2171140625 0
1 0.42862656250000003 0.6193796875 0.3437953125 0.568325 0.3222359375 0.604303125 0.406846875 0.655628125 0.42862656250000003 0.6193796875
1 0.339121875 0.566028125 0.2726875 0.526378125 0.2515515625 0.5614234375 0.3176375 0.6015843750000001 0.339121875 0.566028125
2 0.28678750000000003 0.522721875 0.335375 0.5518015625 0.3333546875 0.5549203125 0.34228749999999997 0.5607515624999999 0.4070828125 0.452753125 0.3406765625 0.4124625 0.275609375 0.520978125 0.2847984375 0.5262328125 0.28678750000000003 0.522721875
3 0.4004734375 0.3991203125 0.3623421875 0.37640625 0.3437125 0.40718125 0.382190625 0.4300078125 0.4004734375 0.3991203125
13 0.4267125 0.3278671875 0.40101875 0.3122921875 0.36546875 0.371625 0.3915 0.38751250000000004 0.4267125 0.3278671875
10 0.4277578125 0.30901718749999996 0.40909218750000004 0.298140625 0.40323906249999997 0.3074046875 0.42186250000000003 0.319065625 0.4277578125 0.30901718749999996
10 0.4354984375 0.3138171875 0.4300390625 0.3105375 0.42457031250000005 0.3202890625 0.4293828125 0.323584375 0.4354984375 0.3138171875
2 0.4628671875 0.29765 0.45455468750000005 0.2927140625 0.3971234375 0.388915625 0.44505937500000003 0.4181875 0.5028343750000001 0.321384375 0.49433906250000004 0.3161625 0.492446875 0.3193125 0.4612796875 0.30029374999999997 0.4628671875 0.29765
7 0.50214375 0.4603546875 0.5615921875 0.36112968749999996 0.505459375 0.3271546875 0.44630468749999996 0.4265609375 0.50214375 0.4603546875
1 0.5878515625 0.31720468749999997 0.5320578125 0.2829828125 0.510478125 0.31880000000000003 0.5670578125 0.3525296875 0.5878515625 0.31720468749999997
10 0.527453125 0.28044531250000004 0.5215734375000001 0.27687343750000004 0.5154093750000001 0.2871796875 0.5211640625 0.2906375 0.527453125 0.28044531250000004
10 0.5191359375 0.2755546875 0.51121875 0.270953125 0.5052796875000001 0.28092656250000003 0.5130765625 0.285728125 0.5191359375 0.2755546875
1 0.45697187499999997 0.28628125 0.5064734375 0.31553437500000003 0.5188984375000001 0.2947625 0.5003359374999999 0.283446875 0.5088140625 0.26914531249999996 0.4782296875 0.2510953125 0.45697187499999997 0.28628125
10 0.47486249999999997 0.24890625000000002 0.447984375 0.232990625 0.426971875 0.2676890625 0.45428281249999997 0.28398124999999996 0.47486249999999997 0.24890625000000002
10 0.4498984375 0.28959375 0.4233203125 0.273825 0.411209375 0.2941390625 0.4377171875 0.31026875 0.4498984375 0.28959375
5 0.61628125 0.3819703125 0.612240625 0.38856875 0.6088312499999999 0.386403125 0.5838828125 0.42865156249999997 0.6503796875 0.468509375 0.679246875 0.420065625 0.61628125 0.3819703125
12 0.764825 0.3707140625 0.6604328125000001 0.307809375 0.61628125 0.3819703125 0.720690625 0.445353125 0.764825 0.3707140625
10 0.6160625 0.28041875 0.61166875 0.2879234375 0.651621875 0.312253125 0.6560609375 0.304775 0.6160625 0.28041875
4 0.64875625 0.317021875 0.6086953125 0.2928703125 0.57139375 0.354853125 0.6118453125000001 0.3794015625 0.64875625 0.317021875
8 0.348640625 0.5596828125 0.4336390625 0.610834375 0.499634375 0.50063125 0.5233625 0.5158625 0.558765625 0.4564375 0.523634375 0.43571875000000004 0.5208828125 0.4401625 0.51586875 0.4372859375 0.50214375 0.4603546875 0.4051 0.4021828125 0.386784375 0.43256249999999996 0.4147875 0.45004218749999997 0.348640625 0.5596828125
6 0.5797109375 0.4258984375 0.5974437499999999 0.3958171875 0.604484375 0.383815625 0.567915625 0.3616828125 0.5235296875000001 0.43555312500000004 0.5588921874999999 0.45626875 0.5778703125 0.4249515625 0.5797109375 0.4258984375
10 0.5852578125 0.4397875 0.57883125 0.435925 0.5745015625 0.44312500000000005 0.5809359374999999 0.44706250000000003 0.5852578125 0.4397875
10 0.5833796875 0.44832656249999997 0.6059453125 0.46201875000000003 0.6105390625 0.4547734375 0.587846875 0.44073124999999996 0.5833796875 0.44832656249999997
13 0.52896875 0.5173734375000001 0.56058125 0.536271875 0.6029875 0.466465625 0.5711328124999999 0.4474625 0.52896875 0.5173734375000001
2 0.4379046875 0.61365 0.49494375 0.6479734374999999 0.5575140625 0.5430953125 0.5006296875 0.5093046875 0.4379046875 0.61365
1 0.489609375 0.656265625 0.43283281249999994 0.6223124999999999 0.41154999999999997 0.6582109375 0.46807968750000006 0.6920968750000001 0.489609375 0.656265625