13 0.6210796875 0.15194687499999998 0.621015625 0.19237500000000002 0.6314625 0.19237500000000002 0.631471875 0.1513921875 0.6210796875 0.15194687499999998
10 0.6459125 0.8758625 0.6459015625 0.8768625 0.6483390625000001 0.8901796875000001 0.6612328125 0.8781921875 0.66083125 0.8759671875 0.6459125 0.8758625
10 0.66151875 0.879825 0.6487734374999999 0.8918671874999999 0.651221875 0.905109375 0.66408125 0.8930671875 0.66151875 0.879825
13 0.6642296875 0.9195375 0.668234375 0.940603125 0.6758031250000001 0.93325625 0.67181875 0.9120171875 0.6642296875 0.9195375
10 0.6366968749999999 0.72436875 0.6330546874999999 0.724325 0.6330265625 0.7326765625 0.6367640625 0.7325484375 0.6366968749999999 0.72436875
6 0.6573 0.9504484375000001 0.6591953125 0.9485328125000001 0.6552296875 0.9275078125 0.653275 0.9293390625000001 0.649859375 0.910096875 0.6436609375 0.916021875 0.6514734375 0.9574609374999999 0.657546875 0.951875 0.6573 0.9504484375000001
2 0.672734375 0.9098234375 0.6766140625 0.909996875 0.67668125 0.9327640625000001 0.69555625 0.9330015625 0.6955953125 0.9293578124999999 0.69475625 0.9293359375 0.6947375 0.8836875 0.6955859375 0.8836875 0.6956249999999999 0.876103125 0.67278125 0.8760171874999999 0.672734375 0.9098234375
13 0.6639046875 0.9198171875 0.656353125 0.9269921875 0.6582828125 0.93705625 0.66586875 0.929934375 0.6639046875 0.9198171875
6 0.6468015625 0.936878125 0.6343984375 0.94855 0.638184375 0.9688281249999999 0.6506265625000001 0.95715625 0.6468015625 0.936878125
1 0.6415015625 0.676703125 0.633071875 0.676703125 0.6330328125 0.696978125 0.6415171875000001 0.6969484375 0.6415015625 0.676703125
13 0.608190625 1 0.6126703124999999 0.9957890624999999 0.608796875 0.97484375 0.6063609375000001 0.977090625 0.6043828125 0.9665250000000001 0.5938234375 0.9766109374999999 0.598178125 1 0.608190625 1
6 0.66735625 0.9144890625000001 0.664078125 0.8967640625 0.650490625 0.909803125 0.653790625 0.9271640624999999 0.66735625 0.9144890625000001
13 0.6701890625 0.699128125 0.66525 0.699084375 0.6652203125 0.717425 0.67015 0.717425 0.6701890625 0.699128125
4 0.6270484374999999 0.848003125 0.616078125 0.8480281250000001 0.616053125 0.8772703125 0.6270484374999999 0.877346875 0.6270484374999999 0.848003125
2 0.6621453125000001 1 0.6612515625000001 0.9953312499999999 0.664484375 0.99218125 0.660065625 0.9694734374999999 0.641625 0.9870218749999999 0.644034375 1 0.6621453125000001 1
5 0.6215875 0.2889421875 0.6137312500000001 0.2888125 0.6139015624999999 0.3747484375 0.6145875000000001 0.37480625 0.614528125 0.40311718750000003 0.6289328125 0.44109218749999995 0.6351109375 0.42913281249999996 0.6215015625 0.3932578125 0.6215875 0.2889421875
3 0.6051453125 0.1517140625 0.6049734375 0.159578125 0.605828125 0.1597328125 0.605725 0.1715625 0.6049734375 0.1715625 0.6049734375 0.17827656249999999 0.6204140625 0.17850625 0.6203359374999999 0.1521796875 0.6051453125 0.1517140625
1 0.6334 0.49873593749999995 0.637778125 0.5103265625 0.6463203125 0.494196875 0.6419406249999999 0.4828234375 0.6334 0.49873593749999995
2 0.6402984375 0.25529531250000004 0.6402390625 0.29301875 0.6597500000000001 0.29293281250000003 0.6597296874999999 0.28780937500000003 0.658940625 0.287853125 0.6588812500000001 0.2610828125 0.6597890625 0.26090625 0.6597296874999999 0.2552109375 0.6402984375 0.25529531250000004
10 0.605053125 0.2598421875 0.6050734375 0.264528125 0.6086484375000001 0.2644640625 0.608609375 0.2598859375 0.605053125 0.2598421875
10 0.622953125 0.311878125 0.622953125 0.3323015625 0.6261328125000001 0.33225 0.6262125000000001 0.311878125 0.622953125 0.311878125
10 0.622378125 0.3807765625 0.6224921875 0.3929609375 0.623365625 0.39527812500000004 0.6305484375 0.380846875 0.622378125 0.3807765625
6 0.6432 0.41095781249999996 0.639165625 0.4003265625 0.63166875 0.41504531250000004 0.6370875 0.4293265625 0.643809375 0.41566875000000003 0.6426890625 0.41180625 0.6432 0.41095781249999996
10 0.6209953125000001 0.1937828125 0.6210171875 0.1981109375 0.631609375 0.1981765625 0.6315796875 0.1936578125 0.6209953125000001 0.1937828125
10 0.6353875 0.364234375 0.6394656249999999 0.364234375 0.6511765625 0.3419625 0.6511765625 0.3354328125 0.6354171875 0.335521875 0.6353875 0.364234375
2 0.6321515625 0.152996875 0.6322625000000001 0.1980859375 0.6573 0.1981390625 0.657259375 0.1872734375 0.656528125 0.1872734375 0.6565078125 0.1604171875 0.6573187500000001 0.160240625 0.657240625 0.1514484375 0.6321515625 0.152996875
2 0.6478953125 0.49484843749999996 0.653071875 0.5085921875 0.6525078125 0.5097265625 0.6530296875 0.5111671875 0.6665109375 0.48497031249999994 0.6572578124999999 0.46070781250000004 0.6598375 0.45567812500000004 0.6566953125 0.4474875 0.641140625 0.4771484375 0.6427609375000001 0.4818140625 0.6421984375 0.4829171875 0.6473328125 0.49610624999999997 0.6478953125 0.49484843749999996
10 0.61546875 0.25196406250000003 0.6154140625 0.28543124999999997 0.6229390625 0.28555312499999996 0.6228953125000001 0.25217812500000003 0.61546875 0.25196406250000003
2 0.640275 0.2946953125 0.640303125 0.3322390625 0.6597703125 0.33242656249999997 0.6597703125 0.32720937499999997 0.6589609375000001 0.32708750000000003 0.6588921875 0.30003125 0.659784375 0.30003125 0.6597703125 0.294878125 0.640275 0.2946953125
1 0.6240703125 0.9093578125 0.6277609375 0.92890625 0.6353718749999999 0.9218015625 0.63168125 0.9022921875 0.6240703125 0.9093578125
2 0.63763125 0.37215937499999996 0.644121875 0.388984375 0.6464453125 0.38437968749999996 0.6468406250000001 0.3853390625 0.644403125 0.3901234375 0.647975 0.399284375 0.6626859375 0.3709515625 0.66109375 0.36682031249999997 0.6604984375 0.3679640625 0.653809375 0.350590625 0.6543687499999999 0.3493765625 0.6522609375 0.34370781250000004 0.63763125 0.37215937499999996
6 0.6328359375 0.3054015625 0.6327515625 0.2901859375 0.6229390625 0.29002812499999997 0.6229640625 0.3102453125 0.6321078124999999 0.310309375 0.6320796875 0.30536875 0.6328359375 0.3054015625
10 0.6050765625000001 0.1800328125 0.6050609375 0.1819953125 0.6058171875 0.1820859375 0.6058171875 0.1975484375 0.6050609375 0.1975484375 0.6050609375 0.19929687499999998 0.62021875 0.19920312499999998 0.620190625 0.1799390625 0.6050765625000001 0.1800328125
7 0.6093828125 0.2582875 0.6094109375000001 0.2636546875 0.6146499999999999 0.26379375 0.61483125 0.2429609375 0.615521875 0.24306718749999998 0.615521875 0.25058125000000003 0.6319312499999999 0.2507640625 0.63188125 0.24306718749999998 0.6325875 0.24303593750000002 0.632453125 0.20119531249999997 0.6049796875 0.20139999999999997 0.6049796875 0.21203750000000002 0.6058203125 0.21200156250000002 0.605853125 0.242515625 0.6050296875 0.242515625 0.6050796875 0.2582734375 0.6093828125 0.2582875
7 0.6467968749999999 0.42291249999999997 0.6445140625 0.41694375 0.6379078125000001 0.42974843749999997 0.63745625 0.42856249999999996 0.6280359375 0.4471078125 0.6299328125 0.452303125 0.6217546875 0.468478125 0.6228359375 0.4709390625 0.6233671875 0.4697078125 0.6299734375 0.4873421875 0.6294234375000001 0.48857343750000004 0.6333593750000001 0.4985953125 0.6422921875000001 0.481828125 0.637946875 0.47116875 0.644065625 0.4594171875 0.646021875 0.4643328125 0.6559140625000001 0.445146875 0.6473687499999999 0.4217734375 0.6467968749999999 0.42291249999999997
13 0.6270546875 0.312240625 0.6270546875 0.331196875 0.6395203125 0.33094999999999997 0.639546875 0.312221875 0.6270546875 0.312240625
13 0.65845625 0.46109375 0.6646 0.476884375 0.666165625 0.47364531249999997 0.664815625 0.4697078125 0.6655375 0.46834687500000005 0.6688328125 0.47681250000000003 0.6731843750000001 0.46845781249999996 0.665340625 0.447953125 0.65845625 0.46109375
4 0.6229671875 0.335421875 0.62296875 0.3643953125 0.6339578125 0.3642484375 0.633925 0.3355359375 0.6229671875 0.335421875
13 0.62804375 0.3946515625 0.6334140625 0.408821875 0.64289375 0.3911046875 0.63731875 0.37646875 0.62804375 0.3946515625
10 0.622365625 0.3676234375 0.6224453125 0.3792890625 0.6317765625 0.37915625 0.63755 0.36766875 0.622365625 0.3676234375
12 0.612453125 0.360321875 0.612525 0.3188140625 0.598103125 0.3187609375 0.5981265625 0.3748421875 0.6139015624999999 0.37495 0.613878125 0.360425 0.612453125 0.360321875
10 0.6235375000000001 0.2521890625 0.6235703125 0.288590625 0.632128125 0.288690625 0.6321171875 0.2522140625 0.6235375000000001 0.2521890625
2 0.678925 0.4164359375 0.679578125 0.41533125000000004 0.6769093749999999 0.4081765625 0.6620046875 0.4367109375 0.6747359375 0.46935312500000004 0.6893828125 0.4409515625 0.6864578125 0.4327328125 0.68580625 0.43410624999999997 0.678925 0.4164359375
10 0.6249640624999999 0.39616093750000003 0.6314703125000001 0.413496875 0.6329703125 0.41048125 0.6263296875 0.3936234375 0.6249640624999999 0.39616093750000003
8 0.6395921875 0.310209375 0.6395593749999999 0.2539265625 0.659771875 0.2539265625 0.659821875 0.2464171875 0.658884375 0.2465640625 0.658884375 0.2086515625 0.6597234375000001 0.2086515625 0.6597234375000001 0.1992640625 0.6568890625 0.1991921875 0.6568734375 0.20110625 0.6325578125 0.20128906249999998 0.6327890625 0.3100984375 0.6395921875 0.310209375
10 0.6109125 0.2888125 0.6109359375000001 0.3156875 0.6131671875 0.3156875 0.6130234375 0.2888671875 0.6109125 0.2888125
10 0.6388125 0.47124062499999997 0.6403578125 0.4751171875 0.64545625 0.46509999999999996 0.643971875 0.461378125 0.6388125 0.47124062499999997
1 0.6050484375 0.26709062499999997 0.6049890625 0.28564218750000003 0.614478125 0.28533437500000003 0.6144937500000001 0.26721249999999996 0.6050484375 0.26709062499999997
8 0.66488125 0.446146875 0.6608109375 0.43602656250000005 0.6762484375 0.4064328125 0.6747156249999999 0.40234375 0.6741375 0.4035578125 0.664121875 0.37768125 0.664665625 0.37632187500000003 0.6632156250000001 0.37230625 0.6478625 0.40168125000000005 0.6437906250000001 0.3915953125 0.6392453125 0.400284375 0.6602015625 0.45512968750000005 0.66488125 0.446146875
10 0.6650828125 0.47865 0.6670328125 0.4840234375 0.6690359375 0.4800625 0.6670203124999999 0.47509218750000004 0.6650828125 0.47865
10 0.5983328125 0.9337249999999999 0.5976375 0.9344265625 0.5979515625 0.936003125 0.5913921875 0.9421625 0.5910968750000001 0.9404562500000001 0.5905828125 0.9409906250000001 0.5964359375 0.97198125 0.6041859374999999 0.9647406249999999 0.6022406250000001 0.9543046875 0.6051203125 0.9515953125 0.6029656250000001 0.94018125 0.6000687499999999 0.9428859375 0.5983328125 0.9337249999999999
10 0.6725625 0.9115515625 0.675890625 0.9294437500000001 0.6759375000000001 0.9115296875000001 0.6725625 0.9115515625
10 0.6498359375 0.8727171874999999 0.6546406250000001 0.8726859375 0.65468125 0.8508437499999999 0.660021875 0.8509375 0.65998125 0.8460578125 0.64985 0.8461515625 0.6498359375 0.8727171874999999
10 0.6484125 0.86434375 0.645915625 0.86434375 0.6458484375 0.8741421875000001 0.6484421874999999 0.8741 0.6484125 0.86434375
10 0.6345828124999999 0.8730218750000001 0.6285140625000001 0.8729890625 0.6284875000000001 0.877346875 0.635365625 0.8773781250000001 0.6345828124999999 0.8730218750000001
13 0.6649625 0.6990984375 0.6600312500000001 0.6990734375 0.6600312500000001 0.717428125 0.6649734375 0.717428125 0.6649625 0.6990984375
8 0.68675625 1 0.68664375 0.9994390624999999 0.6931265625 0.9932203124999999 0.693546875 0.9949046875 0.6956046875 0.99279375 0.6955859375 0.98401875 0.694746875 0.98401875 0.6947281249999999 0.9384109374999999 0.695634375 0.9382828125 0.6955859375 0.9356843749999999 0.6770140625 0.9355765625 0.6142734375 0.99509375 0.615190625 1 0.6425156249999999 1 0.639965625 0.98668125 0.6766328125000001 0.9521296875 0.6856984374999999 1 0.68675625 1
7 0.63244375 0.942503125 0.6289640624999999 0.9455484375 0.626771875 0.9331515625 0.6274109375 0.9326390625000001 0.6231875 0.9101640625 0.6186203124999999 0.914553125 0.6189734375 0.9162375 0.6076937499999999 0.9268453125 0.6073703125 0.92496875 0.6019453125 0.9302531249999999 0.6142546875 0.9950546875 0.63481875 0.9756031249999999 0.6341593750000001 0.9724937499999999 0.637440625 0.9693421875 0.63244375 0.942503125
2 0.674259375 0.8487734375 0.6688156249999999 0.8487312499999999 0.6687765625 0.8727984375 0.674259375 0.8728859375000001 0.674259375 0.8487734375
6 0.65980625 0.8395046875000001 0.660540625 0.8394828125 0.6605015625 0.8247015624999999 0.636925 0.82474375 0.636925 0.841059375 0.6498140625 0.841059375 0.649853125 0.8446609374999999 0.6598640625 0.8445734375 0.65980625 0.8395046875000001
8 0.6955625000000001 0.7341109375 0.6615203125 0.734328125 0.661459375 0.8508078125 0.6680421875 0.8506328125 0.6680421875 0.7944015624999999 0.6955625000000001 0.7943140625 0.6955625000000001 0.790428125 0.6947109375 0.790428125 0.69473125 0.7421031250000001 0.6955625000000001 0.742146875 0.6955625000000001 0.7341109375
2 0.671075 0.7195359375 0.66201875 0.7194703125 0.662009375 0.7312937500000001 0.69555625 0.7312515625 0.6955765625 0.7258375 0.6948140625 0.7258578124999999 0.6948046875 0.6915421875 0.69555625 0.69145625 0.6955953125 0.6767171875 0.67109375 0.6767171875 0.671075 0.7195359375
12 0.6285015625 0.8128015625 0.6090640625 0.8127765625000001 0.6089921875 0.8301328124999999 0.6285015625 0.8301328124999999 0.6285015625 0.8128015625
5 0.5998640625 0.8129312499999999 0.5998359375 0.848665625 0.6080578125 0.8487265624999999 0.6080578125 0.8448328125 0.6285015625 0.844953125 0.6285703125000001 0.8712734375 0.6351046874999999 0.8712734375 0.6429984375 0.9129015624999999 0.65049375 0.9059046875 0.6450437499999999 0.8770703125000001 0.6450859375 0.8624703125 0.6484484375 0.8624703125 0.648475 0.8441875 0.635515625 0.8441875 0.635475 0.8128062500000001 0.6285015625 0.8128062500000001 0.6285015625 0.8301390625 0.6089781249999999 0.8301390625 0.609034375 0.8128062500000001 0.5998640625 0.8129312499999999
3 0.5898953125 0.9415640625 0.5868921874999999 0.9443546875 0.5870734375 0.94629375 0.582221875 0.9508078125000001 0.581878125 0.9491703125000001 0.578321875 0.9525781249999999 0.5840890625 0.9833578125000001 0.595996875 0.972878125 0.5898953125 0.9415640625
10 0.6068359375 0.9746046875 0.6084671875 0.9730062500000001 0.6065421875 0.9624406249999999 0.607075 0.9618421875 0.605434375 0.9531109375 0.6031859374999999 0.955153125 0.6068359375 0.9746046875
10 0.6710609375 0.8759671875 0.6616453124999999 0.8759671875 0.66800625 0.9095812499999999 0.6711171874999999 0.9067421875000001 0.6710609375 0.8759671875
13 0.65993125 0.6985515625 0.6703406249999999 0.6983828125 0.6702265625 0.678590625 0.65993125 0.6786125000000001 0.65993125 0.6985515625
2 0.674259375 0.80955625 0.66880625 0.8096203125000001 0.668796875 0.8337109375 0.6742109375 0.83366875 0.674259375 0.80955625
13 0.597240625 1 0.5929671875 0.9772375 0.5845484375 0.9850765625 0.5872703125000001 1 0.597240625 1
10 0.6338828125 0.7199859375 0.6330328125 0.7199859375 0.6330453125 0.722221875 0.648215625 0.7223765625 0.6481734375 0.7002921875 0.642875 0.7003812500000001 0.642875 0.6983890625 0.63301875 0.6984828125 0.6330328125 0.704465625 0.6339109374999999 0.7044328125 0.6338828125 0.7199859375
2 0.6330453125 0.8096203125000001 0.636925 0.8096421875 0.6369453125 0.8233171875 0.6600734375 0.8232531249999999 0.65993125 0.785634375 0.6330453125 0.78556875 0.6330546874999999 0.78925625 0.6338843749999999 0.789234375 0.633875 0.8047187499999999 0.6330453125 0.8046765625000001 0.6330453125 0.8096203125000001
13 0.6659453125 0.9304859375 0.658365625 0.9375796875000001 0.6603203125 0.94780625 0.6678515625 0.940625 0.6659453125 0.9304859375
10 0.6612843749999999 0.7193203125000001 0.649053125 0.7194281250000001 0.649053125 0.722559375 0.6612843749999999 0.72258125 0.6612843749999999 0.7193203125000001
7 0.6612328125 0.7257875 0.642846875 0.7257125 0.642825 0.724178125 0.6374593749999999 0.7243031249999999 0.6374828124999999 0.7342500000000001 0.63304375 0.7341703125000001 0.6330203125 0.7418671875 0.6339015625 0.7419171875 0.633890625 0.768734375 0.6330203125 0.7687062499999999 0.63304375 0.7838921875 0.6614375 0.7839921875 0.6615296875000001 0.734478125 0.661175 0.734453125 0.6612328125 0.7257875
13 0.667890625 0.852578125 0.6555578125 0.852653125 0.655546875 0.8715203125000001 0.668028125 0.8714921875 0.667890625 0.852578125
10 0.60126875 0.9309328125 0.5989718749999999 0.933021875 0.6004109375 0.94081875 0.6027 0.9387515625 0.60126875 0.9309328125
10 0.6370953125 0.92394375 0.63679375 0.9220703125 0.6273625 0.930965625 0.6296406250000001 0.9432375000000001 0.6329484375 0.9402609375000001 0.6341984375 0.9469484375 0.6465546875 0.9354156250000001 0.642959375 0.9166421874999999 0.64181875 0.9177781250000001 0.6420828125 0.9192390625 0.6370953125 0.92394375
2 0.6687953125 0.8079968750000001 0.6749343750000001 0.8079546875 0.6749906250000001 0.8337937500000001 0.6955671875 0.8337796875000001 0.6956015625 0.8281875 0.694840625 0.8282296875 0.6948234375 0.801440625 0.6955953125 0.8013984375 0.6955859375 0.7960281250000001 0.668775 0.7960281250000001 0.6687953125 0.8079968750000001
2 0.6687640625 0.8471140625 0.6749906250000001 0.8471140625 0.674959375 0.87273125 0.6956171875 0.8728421875000001 0.69556875 0.86754375 0.694809375 0.867503125 0.6947953124999999 0.8407406249999999 0.6956 0.8407828125 0.69555625 0.83533125 0.6687328124999999 0.8351875 0.6687640625 0.8471140625
2 0.684925 1 0.6762890625 0.9542390624999999 0.660759375 0.9688281249999999 0.6652109375 0.9927296875 0.6619890625 0.9956921875000001 0.6628140625000001 1 0.684925 1
3 0.6591 0.7001265625 0.6491281250000001 0.7001703125 0.649109375 0.71789375 0.6591390625 0.7178515625 0.6591 0.7001265625
3 0.659025 0.6785484375 0.6430171875 0.6788234375 0.6430171875 0.6984859375 0.65904375 0.69844375 0.659025 0.6785484375
10 0.2930796875 0.7682687500000001 0.2854171875 0.768296875 0.2854171875 0.7853828125 0.2930640625 0.785446875 0.2930796875 0.7682687500000001
3 0.33776562499999996 0.7200140625 0.317653125 0.720046875 0.317653125 0.7556921875 0.3377921875 0.7555984375 0.33776562499999996 0.7200140625
6 0.339565625 1 0.3395640625 0.9991 0.34045000000000003 0.9991 0.34045000000000003 0.9692765624999999 0.2932296875 0.9692765624999999 0.2932125 1 0.339565625 1
10 0.2930390625 0.117459375 0.29074062500000003 0.11748125000000001 0.2789859375 0.17929843750000002 0.27972031249999996 0.1800640625 0.2930875 0.1800421875 0.2930390625 0.117459375
10 0.2973953125 0.40577968750000004 0.289721875 0.40577968750000004 0.28967343749999996 0.41705156250000003 0.2974046875 0.41707343750000003 0.2973953125 0.40577968750000004
3 0.3200421875 0.46066406249999997 0.30400625 0.46063593750000004 0.303965625 0.4758484375 0.3056671875 0.47563281249999995 0.305709375 0.499509375 0.3039109375 0.49959218749999995 0.303925 0.5178140625000001 0.3200421875 0.517753125 0.3200421875 0.46066406249999997
7 0.354378125 0.302234375 0.3499421875 0.30229062500000003 0.3499421875 0.2862796875 0.325765625 0.2862515625 0.325628125 0.2981484375 0.32270468750000003 0.2981484375 0.32270468750000003 0.30210781249999996 0.3099234375 0.30207656250000003 0.30993593750000004 0.2980890625 0.30400625 0.2981203125 0.303925 0.3179046875 0.30565312499999997 0.317965625 0.305709375 0.379621875 0.3039375 0.3795 0.303925 0.4029671875 0.35433593750000003 0.4027234375 0.354378125 0.302234375
10 0.32316875 0.229475 0.3105859375 0.229475 0.310075 0.2926359375 0.3231125 0.2927 0.32316875 0.229475
2 0.2999328125 0.06895625 0.32801718750000003 0.0959234375 0.3311359375 0.0792015625 0.3500890625 0.0970078125 0.3591171875 0.049228125 0.353215625 0.043753125 0.3526046875 0.0472265625 0.31491875 0.0118234375 0.3156234375 0.008115625 0.31198281250000004 0.0049421874999999995 0.2999328125 0.06895625
2 0.3893703125 0.1933359375 0.36728125 0.19345625 0.367309375 0.2840125 0.3995015625 0.28406875 0.3994890625 0.273303125 0.3977453125 0.27345625 0.39773125 0.219253125 0.3995015625 0.21919218749999997 0.3994890625 0.20849062499999998 0.389384375 0.20851875 0.3893703125 0.1933359375
10 0.307578125 0.11750156249999999 0.29446875 0.11750156249999999 0.29446875 0.1800421875 0.3075484375 0.180021875 0.307578125 0.11750156249999999
10 0.27229375 0.22342656249999998 0.26798125 0.22345937500000002 0.2630953125 0.24897968750000002 0.266884375 0.2523828125 0.27229375 0.22342656249999998
10 0.32914374999999996 0.0973265625 0.34718125 0.0974359375 0.3318984375 0.08290625 0.32914374999999996 0.0973265625
9 0.30569531250000004 0.455021875 0.3039734375 0.4550109375 0.303978125 0.45790625 0.32005625000000004 0.45784531250000005 0.3200125 0.41996093749999996 0.3099515625 0.4199 0.309978125 0.405790625 0.3039515625 0.405790625 0.3039109375 0.4235515625 0.3057765625 0.423671875 0.30569531250000004 0.455021875
13 0.3496265625 0.1390421875 0.33975625 0.1390703125 0.33976875 0.17594062500000002 0.34964062500000004 0.17594062500000002 0.3496265625 0.1390421875
11 0.28967343749999996 0.2953828125 0.3014046875 0.29541875 0.301453125 0.2925859375 0.3087671875 0.2926609375 0.3087671875 0.2579109375 0.2897078125 0.2579859375 0.28967343749999996 0.2953828125
13 0.349859375 0.1005015625 0.3294625 0.1005015625 0.32935781249999996 0.138028125 0.349859375 0.137928125 0.349859375 0.1005015625
6 0.3277453125 0.12031406250000001 0.3101828125 0.12031406250000001 0.3101828125 0.18686875 0.327696875 0.1868328125 0.3277453125 0.12031406250000001
2 0.3499515625 0.2228171875 0.32735625 0.2228421875 0.3273328125 0.283403125 0.3499515625 0.2832984375 0.3499515625 0.2228171875
8 0.352565625 0.302215625 0.3543984375 0.30216875 0.3543421875 0.4028921875 0.399434375 0.4028171875 0.39946875 0.3921296875 0.3977609375 0.3922828125 0.3976921875 0.30030625 0.3995359375 0.30030625 0.3995015625 0.28962187500000003 0.365921875 0.28962187500000003 0.366025 0.11200312500000001 0.39946875 0.11208125 0.39946875 0.0872734375 0.39653125 0.0844515625 0.3958125 0.0880375 0.3641109375 0.058346875 0.364896875 0.05468125 0.361446875 0.051553125 0.3524625 0.099028125 0.352565625 0.302215625
6 0.32896875 0.18959062499999998 0.31010781249999997 0.18950625000000001 0.3101125 0.22384218749999998 0.3270796875 0.2239609375 0.32709062499999997 0.21996875 0.3524671875 0.2198265625 0.3524734375 0.1897671875 0.34994375 0.1896375 0.3499234375 0.1795671875 0.32896875 0.1795234375 0.32896875 0.18959062499999998
10 0.3243765625 0.0991546875 0.298715625 0.0750140625 0.29128750000000003 0.11461406249999999 0.3243609375 0.114646875 0.3243765625 0.0991546875
1 0.31340625 0 0.4019953125 0.083615625 0.40196249999999994 0.5178234374999999 0.41431874999999996 0.5178234374999999 0.41431874999999996 0.065396875 0.3451328125 0 0.31340625 0
2 0.3994859375 0.4957828125 0.3977421875 0.495815625 0.3977421875 0.42665312499999997 0.3994609375 0.4266859375 0.3994609375 0.40844218750000005 0.35372499999999996 0.40838125 0.3537765625 0.5177453125 0.3994609375 0.51780625 0.3994859375 0.4957828125
3 0.3523546875 0.5177890625 0.3523578125 0.47580156249999994 0.321475 0.4757375 0.32139687499999997 0.5178359375 0.3523546875 0.5177890625
13 0.3217 0.4720359375 0.352109375 0.4724765625 0.3521765625 0.40891093749999996 0.3318125 0.40893281249999996 0.33187812499999997 0.4206921875 0.321715625 0.4206921875 0.3217 0.4720359375
2 0.3995015625 0.11492187499999999 0.367315625 0.11494374999999998 0.367259375 0.1904625 0.3906921875 0.19048281250000001 0.390634375 0.2056921875 0.3994546875 0.205778125 0.3994828125 0.1795765625 0.397728125 0.1796171875 0.3977578125 0.12566093750000001 0.39947343750000003 0.12566093750000001 0.3995015625 0.11492187499999999
1 0.30138750000000003 0.2983640625 0.28972031249999997 0.298371875 0.28971718750000003 0.402921875 0.3014 0.4029421875 0.30138750000000003 0.2983640625
1 0.2896828125 0.51770625 0.3013984375 0.51778125 0.30145625 0.40574374999999996 0.2986984375 0.40581875 0.2986859375 0.419878125 0.289728125 0.4199578125 0.2896828125 0.51770625
13 0.3392484375 0.1390421875 0.3293625 0.139103125 0.3293921875 0.17594062500000002 0.3392203125 0.17600156250000001 0.3392484375 0.1390421875
10 0.31114375 0.41707343750000003 0.3301921875 0.4169875 0.33018281250000003 0.40838125 0.319971875 0.40844531249999994 0.3199515625 0.405696875 0.31121875 0.405696875 0.31114375 0.41707343750000003
10 0.30759375 0.22033125 0.307578125 0.18315625 0.2794171875 0.18322812500000002 0.26771875 0.1720890625 0.270275 0.158159375 0.261196875 0.149625 0.26122968750000003 0.2471171875 0.26186875 0.2476140625 0.2670953125 0.22026093750000003 0.30759375 0.22033125
3 0.3056421875 0.759684375 0.3037203125 0.759709375 0.30374375 0.7655624999999999 0.31627031250000004 0.765384375 0.3162359375 0.7172234375000001 0.337865625 0.7171703125 0.3377109375 0.67313125 0.30383593750000004 0.67323125 0.30369687500000003 0.7291875 0.305609375 0.7291375 0.3056421875 0.759684375
13 0.3598046875 0.7181703125000001 0.349871875 0.7180593749999999 0.3498875 0.7549390625 0.3598546875 0.75486875 0.3598046875 0.7181703125000001
2 0.30027499999999996 0.9424374999999999 0.29317187499999997 0.9423515625000001 0.2932484375 0.96655 0.339678125 0.9666140625 0.3395734375 0.8910140625 0.30027499999999996 0.890928125 0.300284375 0.898746875 0.3021625 0.8987234374999999 0.302171875 0.929146875 0.30029374999999997 0.9291671875 0.30027499999999996 0.9424374999999999
0 0.21875 0 0.21875 1 0.78125 1 0.78125 0 0.21875 0
8 0.3556328125 1 0.3556171875 0.9089390625 0.3959078125 0.9089859375 0.395965625 0.8951125 0.394028125 0.8953359375 0.394028125 0.8041640624999999 0.3958671875 0.8042078125 0.3958859375 0.78813125 0.34337968750000003 0.7880843750000001 0.342134375 0.88835625 0.3421515625 1 0.3556328125 1
1 0.2854203125 0.7655015625 0.2977296875 0.7655453125 0.2977296875 0.761371875 0.30121875 0.7612859375000001 0.3011796875 0.7167875 0.28546875 0.71674375 0.2854203125 0.7655015625
4 0.290653125 1 0.290596875 0.9451609375000001 0.2660234375 0.9451609375000001 0.2659859375 1 0.290653125 1
2 0.35691875 0.9359609375 0.36935625 0.93585625 0.3693078125 0.9873937500000001 0.3959078125 0.9873671875 0.39591875 0.9760937500000001 0.3940078125 0.9760937500000001 0.3940078125 0.92310625 0.39591875 0.9230265624999999 0.39587343750000004 0.9118812500000001 0.3569296875 0.91183125 0.35691875 0.9359609375
13 0.349425 0.718040625 0.3394375 0.7181203125 0.33950625 0.7549796875 0.34937968750000004 0.7549046875000001 0.349425 0.718040625
1 0.29293281250000003 0.9367265625 0.2977203125 0.9366843749999999 0.2977390625 0.76825 0.2944015625 0.7683140625 0.2943734375 0.7879125 0.285440625 0.7879765625 0.28540156250000004 0.9394140625 0.2929234375 0.9394750000000001 0.29293281250000003 0.9367265625
10 0.27980312500000004 0.1671375 0.271565625 0.1593484375 0.2694375 0.17035781249999998 0.27774375 0.17824062499999999 0.27980312500000004 0.1671375
2 0.36141875 0.7585515625 0.3434125 0.7585515625 0.343396875 0.7825890625 0.3959328125 0.7823671875 0.39594999999999997 0.7714359375 0.3940703125 0.7714359375 0.3940546875 0.7031875000000001 0.3959328125 0.7030390625 0.39590000000000003 0.6732234375 0.3613953125 0.6731374999999999 0.36141875 0.7585515625
7 0.3056671875 0.7668234375 0.3003 0.76685625 0.30021718750000004 0.8039703125000001 0.302140625 0.8039421875 0.3021109375 0.8571328125000001 0.3002578125 0.8570390625 0.3003 0.8879015625 0.34211718750000003 0.8879906249999999 0.343365625 0.7879015625 0.3420203125 0.78786875 0.342034375 0.7709984375000001 0.30575 0.7709984375000001 0.3056671875 0.7668234375
11 0.302496875 0.6730453125 0.285440625 0.6730984375 0.2853921875 0.71380625 0.302496875 0.71380625 0.302496875 0.6730453125
2 0.3680015625 0.93888125 0.35700937499999996 0.9389671875 0.35701875 0.9872375 0.3680203125 0.9872984375 0.3680015625 0.93888125
3 0.360071875 0.7171453125 0.360096875 0.673203125 0.3392203125 0.6730984375 0.33915 0.7171984375 0.360071875 0.7171453125