0 0.0087578125 0 0 0.50513125 0 0.9913484374999999 0.4956359375 1 0.9913484374999999 1 1 0.5043640625 1 0.0086515625 0.5043640625 0 0.0087578125 0
13 0.6017359375 0.40857968749999996 0.5623859375 0.4081734375 0.560828125 0.4864265625 0.600740625 0.48760000000000003 0.6017359375 0.40857968749999996
8 0.5648265625 0.5377515625 0.5869953125 0.538590625 0.5877125000000001 0.49522187500000003 0.3261734375 0.49043281250000004 0.32540625 0.5322109375 0.36824218750000004 0.532959375 0.3657328125 0.67459375 0.3632546875 0.674159375 0.362778125 0.7055546875 0.37584062500000004 0.7058828125 0.375759375 0.69893125 0.4686671875 0.70065625 0.46869062499999997 0.7074046875 0.4818296875 0.707546875 0.4823359375 0.6744796875 0.47971874999999997 0.67444375 0.48218125 0.5348328125 0.564721875 0.5367265625 0.5648265625 0.5377515625
7 0.48128593750000004 0.36282187499999996 0.451790625 0.3628765625 0.45194375000000003 0.3598875 0.449384375 0.35992812500000004 0.4500984375 0.30967656250000003 0.3820734375 0.3088015625 0.3788828125 0.491240625 0.47839687499999994 0.49325937499999994 0.48128593750000004 0.36282187499999996
10 0.4924453125 0.3045453125 0.48474218750000003 0.30436562500000003 0.48390000000000005 0.3620703125 0.49159375 0.3624890625 0.4924453125 0.3045453125
2 0.35426250000000004 0.33529375 0.3184140625 0.3340984375 0.3185828125 0.32765625 0.30964843750000004 0.327584375 0.3090421875 0.3623140625 0.3114046875 0.3624375 0.3093515625 0.48259375000000004 0.3729140625 0.48448437499999997 0.3753015625 0.3523796875 0.3768578125 0.35240625 0.3770515625 0.3281078125 0.35426875 0.3282796875 0.35426250000000004 0.33529375
1 0.36064375000000004 0.6725359375 0.2965171875 0.6708515625 0.2960015625 0.704309375 0.359859375 0.7047984375 0.36064375000000004 0.6725359375
10 0.4821703125 0.3045078125 0.45347968749999995 0.3039125 0.45248125000000006 0.3593015625 0.48146875 0.35999375 0.4821703125 0.3045078125
5 0.6318734375 0.49565937499999996 0.6271671875 0.4957734375 0.6250859375 0.5990796875 0.6935625 0.6008625000000001 0.694965625 0.5244546875 0.680725 0.5236203125000001 0.686009375 0.204975 0.7004796875 0.2046390625 0.7012796875 0.1349765625 0.637984375 0.13367656249999998 0.6318734375 0.49565937499999996
4 0.74369375 0.28690000000000004 0.6906265625 0.285465625 0.6882265624999999 0.4435390625 0.7415406250000001 0.4444703125 0.74369375 0.28690000000000004
12 0.6306203125 0.20434843749999998 0.5697734375 0.2021578125 0.5671484375 0.36389062499999997 0.6279203125 0.36467031250000004 0.6306203125 0.20434843749999998
10 0.628246875 0.3732625 0.61083125 0.372959375 0.6101515625 0.4211421875 0.6273671875 0.42132812499999994 0.628246875 0.3732625
10 0.6321687500000001 0.42832187499999996 0.6100703125 0.428046875 0.60915 0.48761093750000006 0.630846875 0.488103125 0.6321687500000001 0.42832187499999996
10 0.6249890625 0.573503125 0.61974375 0.5734125 0.619715625 0.57178125 0.5922140625 0.5714640625 0.5921265625000001 0.573175 0.5645718750000001 0.572528125 0.5641859375 0.5979671875 0.6243125 0.59910625 0.6249890625 0.573503125
10 0.261834375 0.3612 0.3049078125 0.362009375 0.305475 0.3278203125 0.2623046875 0.327125 0.261834375 0.3612
10 0.305590625 0.3699515625 0.2632515625 0.3693546875 0.2629296875 0.38591406250000004 0.3051703125 0.3864140625 0.305590625 0.3699515625
13 0.3051203125 0.39028593749999996 0.2672234375 0.389146875 0.265646875 0.465846875 0.3040421875 0.4665296875 0.3051203125 0.39028593749999996
3 0.323121875 0.4906625 0.3035453125 0.49022187500000003 0.3037546875 0.4702625 0.2806796875 0.4697703125 0.2792578125 0.53500625 0.3025453125 0.5356124999999999 0.30272343749999997 0.5316546875 0.32239375 0.531996875 0.323121875 0.4906625
2 0.362784375 0.540453125 0.2603390625 0.5385515625 0.258125 0.66310625 0.3031625 0.66395 0.303259375 0.6606671875 0.353465625 0.6613734375 0.3534828125 0.6649406250000001 0.36052968750000003 0.6650625 0.362784375 0.540453125
3 0.2775828125 0.4690875 0.261090625 0.4689609375 0.2599546875 0.534103125 0.276678125 0.53423125 0.2775828125 0.4690875
1 0.29269375000000003 0.6718609375 0.25603750000000003 0.67073125 0.2555328125 0.703603125 0.292065625 0.70385 0.29269375000000003 0.6718609375
10 0.3774328125 0.302284375 0.36257968749999997 0.30208124999999997 0.3621921875 0.32433125 0.377084375 0.324590625 0.3774328125 0.302284375
2 0.5576890624999999 0.372015625 0.5508015625 0.3717796875 0.550721875 0.37635625 0.5004203125 0.37524531250000004 0.500409375 0.37101562499999996 0.4862984375 0.37065312499999997 0.4844578125 0.4857078125 0.5555218749999999 0.48671406250000004 0.5576890624999999 0.372015625
10 0.605415625 0.373028125 0.5634359375 0.3722390625 0.5630671875 0.40265312499999995 0.6047328125 0.40337500000000004 0.605415625 0.373028125
6 0.56413125 0.56423125 0.6204296874999999 0.565553125 0.6218 0.49530624999999995 0.5877328125 0.49491562499999997 0.5869265625 0.5385328125 0.5645859375 0.5381421875 0.56413125 0.56423125
2 0.5587859374999999 0.5438031249999999 0.4872484375 0.5431421875 0.48530468750000005 0.65829375 0.49595312500000005 0.6588703125 0.49617500000000003 0.6541750000000001 0.5461265625 0.65465625 0.54616875 0.6602375 0.556615625 0.6603203125 0.5587859374999999 0.5438031249999999