0 0.4430328125 0 0 0.1022828125 0 0.5569671875 0.1022828125 1 0.5569671875 1 1 0.8977171875 1 0.4430328125 0.8977171875 0 0.4430328125 0
6 0.7014890625 0.4076203125 0.7107046875 0.405525 0.7115953125 0.40938437499999997 0.7392984375 0.40298749999999994 0.729534375 0.3607859375 0.7503890625 0.3560875 0.7438374999999999 0.3274453125 0.7465546875 0.326759375 0.7418609375 0.306521875 0.718303125 0.3119609375 0.7172203125000001 0.30726875 0.6896671875 0.3135984375 0.6907578125 0.3183203125 0.6813921875 0.32048125 0.7014890625 0.4076203125
2 0.6509578125 0.47254687500000003 0.67970625 0.59780625 0.6933828125 0.5947125 0.6922359375 0.58974375 0.7342500000000001 0.5800671875 0.735396875 0.5850375 0.749075 0.5818515625 0.7202265625 0.456640625 0.6509578125 0.47254687500000003
10 0.3298671875 0.5005375 0.35443437499999997 0.4947390625 0.3384328125 0.42481875 0.3263765625 0.42769218750000004 0.3239984375 0.41739218749999996 0.3113109375 0.4202921875 0.3298671875 0.5005375
10 0.40383125 0.4097515625 0.392403125 0.41247656250000003 0.3932734375 0.41660312499999996 0.372378125 0.4213984375 0.37145 0.41728437500000004 0.3408609375 0.424259375 0.3569578125 0.49360625 0.41957812499999997 0.47914375 0.40383125 0.4097515625
9 0.494253125 0.2937265625 0.46542500000000003 0.3004875 0.4714625 0.326840625 0.44761093750000003 0.3323125 0.4548671875 0.3639578125 0.50766875 0.35183906249999997 0.494253125 0.2937265625
3 0.21913125 0.5262125 0.283084375 0.511325 0.27178749999999996 0.46246406249999994 0.207784375 0.47716562500000004 0.21913125 0.5262125
2 0.23042812499999998 0.559103125 0.226921875 0.5599125 0.258190625 0.6950921875 0.2695640625 0.6926328125000001 0.26832656250000003 0.6875296875 0.3521859375 0.668209375 0.3533046875 0.673175 0.3623125 0.6711796875 0.3335375 0.546796875 0.330115625 0.5474593750000001 0.320621875 0.50736875 0.2236609375 0.52966875 0.23042812499999998 0.559103125
10 0.334546875 0.34649375 0.311778125 0.3517796875 0.3171484375 0.37476875 0.3398375 0.36941250000000003 0.334546875 0.34649375
10 0.7750921875000001 0.3502609375 0.767946875 0.3193109375 0.7462828125 0.3242734375 0.753578125 0.355228125 0.7750921875000001 0.3502609375
3 0.32317968750000003 0.41350625 0.3090765625 0.3524171875 0.2988625 0.354746875 0.300009375 0.359715625 0.2790078125 0.3645953125 0.27786093749999996 0.3595359375 0.2531109375 0.3652796875 0.2674046875 0.42629687499999996 0.32317968750000003 0.41350625
2 0.4069234375 0.34342812500000003 0.4058140625 0.3385359375 0.39127968750000003 0.3418625 0.3935671875 0.35212656249999996 0.3972171875 0.351371875 0.42652343750000005 0.477596875 0.500253125 0.4604265625 0.47869375 0.36678125 0.453303125 0.3725265625 0.44384843749999997 0.329784375 0.4292765625 0.33303125 0.43050156250000005 0.338159375 0.4069234375 0.34342812500000003
10 0.611528125 0.3091484375 0.638115625 0.422428125 0.6981124999999999 0.4084890625 0.678659375 0.32377500000000003 0.6814015625 0.323025 0.6746453125 0.2948390625 0.660603125 0.2977875 0.6618671875000001 0.3029078125 0.6244359375 0.311403125 0.623371875 0.30653125000000003 0.611528125 0.3091484375
8 0.7392984375 0.40298749999999994 0.6335375 0.42746874999999995 0.63501875 0.43398281250000004 0.3245921875 0.5064265625 0.334465625 0.5504390625 0.3810484375 0.5395359375 0.3799171875 0.5346390624999999 0.48437343750000006 0.5105234375000001 0.48555000000000004 0.515459375 0.5319125 0.50470625 0.5599421875 0.6254953125 0.57250625 0.62264375 0.5712734375 0.6176234375 0.661821875 0.59671875 0.6629625 0.6016578124999999 0.674565625 0.5989796875 0.6436078125 0.4661328125 0.7483 0.4419625 0.7392984375 0.40298749999999994
10 0.20684999999999998 0.472971875 0.2707765625 0.45822812500000004 0.2509953125 0.37071875 0.2132359375 0.3796703125 0.2121265625 0.3746921875 0.1856078125 0.38101875 0.20684999999999998 0.472971875
10 0.4914203125 0.363775 0.4817578125 0.36598593749999997 0.5036015625 0.4603546875 0.5131515624999999 0.458184375 0.4914203125 0.363775
10 0.44069375 0.30613437499999996 0.4457625 0.3284515625 0.4675375 0.3233796875 0.4624328125 0.30114687500000004 0.44069375 0.30613437499999996
13 0.286596875 0.5095875000000001 0.32394375000000003 0.5010328125 0.30582031249999997 0.4218515625 0.2683953125 0.430540625 0.286596875 0.5095875000000001
7 0.5366140625 0.4533734375 0.5373218750000001 0.45670781250000003 0.63501875 0.43398281250000004 0.6074484375 0.3139125 0.61094375 0.31306406249999996 0.6009015625 0.2691796875 0.5765234375 0.27476875 0.5777984375 0.2800296875 0.5359109375 0.2897453125 0.53479375 0.2845265625 0.497240625 0.29328125 0.5037953125 0.3219234375 0.5067062499999999 0.321125 0.51366875 0.3510203125 0.510209375 0.3519046875 0.511890625 0.3589265625 0.49685781249999994 0.3625671875 0.5189234375 0.45750156249999996 0.5366140625 0.4533734375
2 0.7237750000000001 0.45570000000000005 0.752525 0.5809593750000001 0.7662 0.5778625 0.765053125 0.57289375 0.8070671875000001 0.5632203125 0.8082140624999999 0.568190625 0.8245390625000001 0.564409375 0.7955890625 0.4391 0.7237750000000001 0.45570000000000005
13 0.7714109375 0.3565875 0.7344890625 0.36505156250000004 0.75185 0.440159375 0.7886921874999999 0.43179999999999996 0.7714109375 0.3565875
5 0.7681890625000001 0.2910875 0.7721953125 0.3084390625 0.77260625 0.30880625 0.7930406249999999 0.397321875 0.8220468750000001 0.3903765625 0.7825390624999999 0.219634375 0.7188875 0.2343296875 0.7115234375 0.20281875 0.67301875 0.21179062499999998 0.6802140624999999 0.2433421875 0.6702765625 0.24563593749999998 0.6850828124999999 0.3096453125 0.7458515625000001 0.29565625 0.7464015625 0.29611875 0.7681890625000001 0.2910875
10 0.750478125 0.31339375 0.7710421875 0.3085890625 0.7673671875 0.29276562500000003 0.7467921875 0.29742812500000004 0.750478125 0.31339375
9 0.31849531249999996 0.37884531250000003 0.32861875 0.42273281249999994 0.398096875 0.4066421875 0.388059375 0.362934375 0.31849531249999996 0.37884531250000003