13 0.1790335515625 0.24572141093750002 0.2020119015625 0.243340590625 0.199008365625 0.21497814062499998 0.1917503390625 0.215710615625 0.1895784671875 0.19483347812500001 0.17390640468750002 0.1964818703125 0.1790335515625 0.24572141093750002
10 0.5761934328125 0.5828410796875 0.5629202 0.5842727625 0.5667259578125 0.6210729640625 0.5799771921875 0.6196338234375001 0.5761934328125 0.5828410796875
6 0.332192171875 0.18555459218749998 0.3158254 0.1872968703125 0.31630304374999996 0.1918681390625 0.309329825 0.192653546875 0.31321363281250003 0.2292497 0.31953934687499996 0.22854987656249998 0.319763134375 0.23068752812499999 0.347719346875 0.227966340625 0.34378981406250003 0.18902843281249998 0.33267780625 0.190182171875 0.332192171875 0.18555459218749998
2 0.6378650578125 0.768410378125 0.602408196875 0.7721289390625 0.610325425 0.8472606234375 0.6638691125 0.8416734874999999 0.6510564546875 0.7200375640625001 0.6330352796875001 0.721969790625 0.6378650578125 0.768410378125
11 0.396177971875 0.8025863453125 0.39880009375 0.8276372546875 0.4221263265625 0.825213665625 0.41951990781250004 0.80008795 0.396177971875 0.8025863453125
13 0.2201298890625 0.7183584421875 0.195673334375 0.7209280140625001 0.200647353125 0.768096140625 0.225124984375 0.76554525625 0.2201298890625 0.7183584421875
10 0.66991310625 0.14432876562500002 0.6567601187500001 0.14570987500000002 0.65800518125 0.1582951375 0.6712397765625 0.1569581171875 0.66991310625 0.14432876562500002
13 0.35940480625000004 0.6931457625 0.351999959375 0.693945328125 0.3549959203125 0.7222941109375001 0.37805365 0.71990501875 0.3728744859375 0.6706264265625 0.35719727031250004 0.6722687421875 0.35940480625000004 0.6931457625
3 0.5395734484375 0.13415568125 0.5157167874999999 0.136753596875 0.52369308125 0.212649315625 0.5478517187499999 0.2102448828125 0.5395734484375 0.13415568125
1 0.205206196875 0.8249252874999999 0.2076064359375 0.8477517406249999 0.3970702890625 0.8279618984375 0.394669 0.8049627375 0.205206196875 0.8249252874999999
1 0.6568459734375 0.595461346875 0.6547874015625 0.5748143921875 0.5913845859375 0.5814789109375 0.5934455734374999 0.60134383125 0.5808328406250001 0.6027488265625001 0.58258665 0.619436134375 0.6142527671875 0.6160305390625 0.6125587343750001 0.60015689375 0.6568459734375 0.595461346875
10 0.254820025 0.6947506984375 0.24585781875 0.6956703421875 0.2500268953125 0.7353401296875 0.2589692578125 0.7343814640625 0.254820025 0.6947506984375
2 0.5725365796874999 0.209688975 0.52399718125 0.2149157375 0.531222728125 0.28409414375 0.5800040359375 0.279029846875 0.5725365796874999 0.209688975
10 0.2190014 0.7078237671875 0.193159953125 0.7106053984375 0.19404691093749998 0.718831825 0.2198918171875 0.71608221875 0.2190014 0.7078237671875
6 0.7025376171875 0.1495137453125 0.6862332484375 0.1512267921875 0.6867354406249999 0.1559970453125 0.6797725921875 0.1567302578125 0.6836526265625 0.1933034921875 0.6899144078125 0.192646253125 0.6901010000000001 0.194797375 0.7078451921875 0.192881121875 0.703711984375 0.15426870312500002 0.7030449187500001 0.154338334375 0.7025376171875 0.1495137453125
10 0.348333028125 0.2304077375 0.33945883125 0.231341125 0.3417642171875 0.25400934999999997 0.3506920796875 0.2531373265625 0.348333028125 0.2304077375
10 0.36589185 0.6328842359375 0.3475470625 0.634870790625 0.350641234375 0.6643120609375 0.3689945890625 0.66241186875 0.36589185 0.6328842359375
8 0.5787794609375 0.7229977296875 0.6505382484375 0.7153512203125 0.6485695515625001 0.6969000640624999 0.7282815125 0.68828939375 0.7255161984375 0.6626836515625001 0.6260292515625 0.6735787906249999 0.6208705453125 0.6236957421875 0.5689168515625 0.6291572171875 0.5787794609375 0.7229977296875
10 0.5898179578125 0.5816112734375001 0.57957449375 0.58276235 0.581401175 0.6000613343750001 0.59168404375 0.5989652328124999 0.5898179578125 0.5816112734375001
10 0.6433330703125 0.1621922515625 0.626675065625 0.164092390625 0.6303197578125 0.19902923749999998 0.6469821296875 0.19716598125 0.6433330703125 0.1621922515625
10 0.2995664578125 0.18035777343749998 0.286486625 0.181732275 0.2877580375 0.19437796406250002 0.300853378125 0.1929734296875 0.2995664578125 0.18035777343749998
9 0.5975443015625 0.7256590296875001 0.6021222578125001 0.76959876875 0.636056025 0.7660331 0.6313400015624999 0.7220537703125001 0.5975443015625 0.7256590296875001
10 0.568613025 0.1579475453125 0.5614956546875 0.1585502453125 0.563518278125 0.1772662796875 0.57062329375 0.17657038593750002 0.568613025 0.1579475453125
2 0.6792011328124999 0.2241636921875 0.63935054375 0.22822575625 0.6466599375000001 0.2986028703125 0.6867188875 0.294391365625 0.6792011328124999 0.2241636921875
10 0.2837218921875 0.157587559375 0.2689139078125 0.1591446546875 0.2697557015625 0.16714779375 0.2845596171875 0.1655607984375 0.2837218921875 0.157587559375
10 0.6541189984375 0.12164313281250001 0.6393111874999999 0.12333590312500001 0.64013703125 0.13119424531249999 0.654948896875 0.1295474625 0.6541189984375 0.12164313281250001
1 0.5572774640625 0.7290442875 0.5722393515624999 0.7274715546875 0.5718862328125 0.7237727421875 0.572959915625 0.7236599421875 0.5627172375 0.6262105874999999 0.5466461515625001 0.6278997265624999 0.5572774640625 0.7290442875
13 0.5494967546875 0.20985110625 0.572444134375 0.20748209375 0.5693667 0.1791087984375 0.5621145234375 0.1799130625 0.559898540625 0.1588209859375 0.5442719046875 0.1604191875 0.5494967546875 0.20985110625
10 0.36467425468750003 0.1804658078125 0.348012053125 0.18215210625 0.350713965625 0.20787874374999998 0.3673873109375 0.20612552812499998 0.36467425468750003 0.1804658078125
13 0.30788796406249996 0.19451931875 0.274570059375 0.1980776828125 0.2782010078125 0.2326255484375 0.3115366625 0.22907342343749998 0.30788796406249996 0.19451931875
2 0.7029113109375 0.618435496875 0.6629915125 0.622662765625 0.6674871359375001 0.666524875 0.7075335453125 0.6624132203124999 0.7029113109375 0.618435496875
10 0.7139619796875001 0.15327121875 0.705395946875 0.15411596562500002 0.7094299390625001 0.1928459046875 0.7179970875 0.1919451578125 0.7139619796875001 0.15327121875
6 0.24708515000000003 0.7356183921875 0.24836786093750002 0.735454040625 0.2442075 0.6958741046875 0.2429228453125 0.6960091640625 0.2425590234375 0.6925521015625 0.22619892031250002 0.6943031875 0.22657691406249997 0.6976988015625001 0.219762353125 0.6984159156249999 0.223971078125 0.7380476484375 0.230351675 0.7374049406250001 0.2305616375 0.7393984015624999 0.247321165625 0.7376653 0.24708515000000003 0.7356183921875
10 0.1742619453125 0.169135490625 0.1716606109375 0.16940907031250002 0.1735876890625 0.1877368015625 0.194346915625 0.18555525625 0.19205897968750002 0.16400463437499999 0.17393051406249999 0.165930234375 0.1742619453125 0.169135490625
0 0.473796565625 0 0.34656724687499996 0.013372129687500001 0 0.2054774921875 0 0.526203434375 0.013372129687500001 0.6534327531249999 0.2054774921875 1 0.526203434375 1 0.6534327531249999 0.9866278703125 1 0.7945225078125 1 0.473796565625 0.9866278703125 0.34656724687499996 0.7945225078125 0 0.473796565625 0
10 0.303331675 0.173227415625 0.304780725 0.185955075 0.3122312015625 0.185208821875 0.3087429734375 0.1520271171875 0.2881521046875 0.1541546421875 0.29019128437499997 0.1746086890625 0.303331675 0.173227415625
8 0.273262215625 0.3349707421875 0.2654826078125 0.26194050625 0.3400754703125 0.2542469203125 0.3374907734375 0.228941234375 0.25709058749999997 0.23784764374999998 0.21649981718750003 0.2421020453125 0.216746028125 0.24443807187500002 0.20555211562500003 0.245540740625 0.215536228125 0.3410378671875 0.273262215625 0.3349707421875
8 0.2884249421875 0.7586822843750001 0.29359426875 0.8076143921875 0.3599870890625 0.8006716562499999 0.352243578125 0.7260725234375001 0.2241476328125 0.7400614140624999 0.22680022968750002 0.7653026656249999 0.2884249421875 0.7586822843750001
11 0.17689519843749998 0.3242349703125 0.159032296875 0.326024084375 0.1615645453125 0.350310171875 0.17941812031249998 0.34843333125 0.17689519843749998 0.3242349703125
2 0.2855335296875 0.7617231453125 0.24553766718749997 0.7658228593749999 0.2504328359375 0.8121235828125 0.290329403125 0.8079091921874999 0.2855335296875 0.7617231453125
10 0.6813790140625 0.743539871875 0.6836907546875 0.743298190625 0.6839008796875 0.7448020640624999 0.693263109375 0.7437500078125 0.6915232046875001 0.7274390875 0.6798522359375 0.7287704640625 0.6813790140625 0.743539871875
11 0.6032248874999999 0.8196899656250001 0.5855398171874999 0.8215162781249999 0.5880854421875 0.847054428125 0.60565215625 0.8452079703125 0.6032248874999999 0.8196899656250001
10 0.690286153125 0.694663825 0.6768215875 0.6960532875000001 0.6799819296875 0.7261295999999999 0.6934732796875 0.7246627625000001 0.690286153125 0.694663825
3 0.169193140625 0.1701497515625 0.1453027203125 0.1726609796875 0.1533853578125 0.2489193609375 0.1773936953125 0.2462534484375 0.169193140625 0.1701497515625
10 0.264037121875 0.6439038421875 0.2493511484375 0.6454683375 0.2507200859375 0.6583350875 0.26537492500000004 0.656794996875 0.264037121875 0.6439038421875
1 0.5921994140625 0.7298847984375 0.575905475 0.7314813015625 0.585142284375 0.8193552437499999 0.6013435953124999 0.8176528718749999 0.5921994140625 0.7298847984375
13 0.6749909296875 0.6966214140625 0.6504275921875 0.6991304828125 0.6553106875 0.7463150640625 0.6798890015625 0.7436976515625 0.6749909296875 0.6966214140625
2 0.35804688281249997 0.326029659375 0.3506420984375 0.2555803671875 0.27635546093749996 0.26346865468749997 0.27765746406249997 0.2758633578125 0.2691879078125 0.2767564578125 0.2752749578125 0.334753665625 0.35804688281249997 0.326029659375
10 0.5647289421874999 0.14966742187499998 0.5624829250000001 0.1280828453125 0.54410984375 0.1299796796875 0.544472528125 0.133196196875 0.542052740625 0.13342988281249998 0.5439913875 0.15188161718749998 0.5647289421874999 0.14966742187499998
13 0.6448970593750001 0.16196488281250002 0.648583225 0.196857303125 0.6818919828125 0.193182528125 0.67825886875 0.15851795468750002 0.6448970593750001 0.16196488281250002
10 0.6636899234375 0.57393855 0.6566253843750001 0.57468168125 0.657917565625 0.587190803125 0.665024603125 0.5864437671875 0.6636899234375 0.57393855
10 0.7183804296875 0.14625576093749998 0.7210310359375 0.171992971875 0.737739671875 0.170313090625 0.73502660625 0.14450509843749998 0.7183804296875 0.14625576093749998
1 0.5792776390625 0.28721087500000003 0.5790151359375 0.2842943375 0.55234576875 0.287129359375 0.552670228125 0.29000619375 0.5491351203125 0.29040970312500003 0.5513803453125 0.312189446875 0.5829749640624999 0.30896104375 0.5806729421875 0.28706271875 0.5792776390625 0.28721087500000003
13 0.6653130203125001 0.8414840968749999 0.681025571875 0.8398668546874999 0.6788150468749999 0.8191004671875 0.686263384375 0.8183696921875001 0.683226790625 0.7898219078125 0.6601164125000001 0.7923545171875 0.6653130203125001 0.8414840968749999
1 0.1809477796875 0.3482374953125 0.21258520781249998 0.34499608125000003 0.2103573859375 0.3229512234375 0.20878921250000002 0.3231130265625 0.2085258078125 0.3205042640625 0.181770125 0.32329959375 0.1820649609375 0.32589093281250003 0.1786593671875 0.32623158281250003 0.1809477796875 0.3482374953125
12 0.7619894625 0.7144957109375001 0.72405598125 0.7185259109375 0.7344118921875 0.8173881390625001 0.7723297890625 0.813468409375 0.7619894625 0.7144957109375001
2 0.720904934375 0.2197514546875 0.6810565265624999 0.22391414062499998 0.68839311875 0.2942565265625 0.728287340625 0.2899541109375 0.720904934375 0.2197514546875
1 0.254779396875 0.1975428265625 0.286168309375 0.19454278281249998 0.2833300328125 0.1679448921875 0.2684795515625 0.16950589375 0.2674855625 0.1600453765625 0.2510245453125 0.161627303125 0.254779396875 0.1975428265625
10 0.24605514843749998 0.6457875421875 0.24036939375 0.646355940625 0.24478675625 0.6885749859375 0.25046980625000004 0.687975928125 0.24605514843749998 0.6457875421875
10 0.25538996875 0.686393778125 0.260416328125 0.7342171171875 0.283048178125 0.7318622218749999 0.278138409375 0.6840010515625 0.25538996875 0.686393778125
11 0.547275484375 0.288421346875 0.5293388593749999 0.29033529062499996 0.5318717875 0.3142261875 0.549829240625 0.3122756890625 0.547275484375 0.288421346875
2 0.1994754078125 0.7703553890625 0.2043813046875 0.8170235421875001 0.2486920875 0.8123060125 0.24381583125 0.76590726875 0.1994754078125 0.7703553890625
8 0.5759786625000001 0.2095978578125 0.5859659265625 0.30497175625 0.643620171875 0.2988622203125 0.635804853125 0.22588036250000001 0.7104688390625 0.21808303750000002 0.7078451921875 0.192881121875 0.586877759375 0.2062003953125 0.5871230078125 0.208431553125 0.5759786625000001 0.2095978578125
10 0.7596438562500001 0.6921481234375 0.721586715625 0.6961486109374999 0.7234991921875 0.7140342421875 0.7615647515624999 0.7101166265625001 0.7596438562500001 0.6921481234375
10 0.7182571390625 0.1944092859375 0.7098245109375 0.195249759375 0.712098996875 0.21801371875000003 0.7206445921875 0.21711598593749998 0.7182571390625 0.1944092859375
7 0.2922723203125 0.6823816984375 0.2812400453125 0.6836341609375001 0.28636496718750004 0.731226003125 0.3519298265625 0.7242205578124999 0.3454294296875 0.66234175625 0.2908095921875 0.6680823625000001 0.2922723203125 0.6823816984375
10 0.6936535953125 0.7951863640625 0.6900020609374999 0.79561510625 0.6945228218749999 0.839854525 0.7074140484375 0.838600646875 0.6979932390625 0.749837196875 0.6890081734375 0.750696265625 0.6936535953125 0.7951863640625
10 0.19824730625 0.1939228109375 0.191175784375 0.1946662390625 0.1930895 0.2133211609375 0.2002570671875 0.21259952656249997 0.19824730625 0.1939228109375
1 0.6565707078125 0.1584596484375 0.6537327078125 0.13204918593749998 0.638855471875 0.13365538593749998 0.6378707718750001 0.12400213906249999 0.62143808125 0.12564161093749998 0.6251615562499999 0.16167456875 0.6565707078125 0.1584596484375
2 0.70919840625 0.6622389125 0.7252813312499999 0.6605485703125 0.72469914375 0.6549990875 0.73977729375 0.65341371875 0.7357449234375 0.6150508953125 0.7046115937499999 0.6183541031249999 0.70919840625 0.6622389125
1 0.368727059375 0.6381763515625 0.3707544828125 0.6567914671875 0.4040647671875 0.6532676984375 0.401577765625 0.6294370953125 0.368904365625 0.632872234375 0.3694674609375 0.6380714296875001 0.368727059375 0.6381763515625
2 0.355244709375 0.7247894921875 0.3631725640625 0.8002368546874999 0.41639324999999994 0.7947019203125001 0.40845200156250006 0.719136928125 0.355244709375 0.7247894921875
6 0.7192729109375 0.7219668390625 0.71603499375 0.6915958796874999 0.7098094859375 0.6922508765625001 0.7096240421875 0.6904885734375 0.6918003671874999 0.6923613468750001 0.6951406484375 0.724563884375 0.7192729109375 0.7219668390625
7 0.6260292515625 0.6735787906249999 0.664689153125 0.6696247093750001 0.6575733046875001 0.603338565625 0.6324055640624999 0.6060915484375 0.6319624890625 0.6018727078125 0.6187843390625 0.603221315625 0.6260292515625 0.6735787906249999
3 0.6821446328125 0.7461167875 0.6556646703125 0.74894865 0.6599126546875 0.790062846875 0.6865039765625001 0.7872675124999999 0.6821446328125 0.7461167875
7 0.2493024484375 0.16198518906249998 0.19739884218749998 0.1674403375 0.205393675 0.24331148749999998 0.25709058749999997 0.23784764374999998 0.2493024484375 0.16198518906249998
7 0.619743365625 0.1257717265625 0.5678371546875 0.1314123265625 0.5757558578124999 0.20738463125 0.62730064375 0.2016656796875 0.619743365625 0.1257717265625
1 0.73130980625 0.6621680171875 0.7341329140624999 0.69035 0.7592083921875 0.687746415625 0.7480747359375 0.582469465625 0.662198415625 0.591429690625 0.664592478125 0.614209546875 0.7407715359375 0.6062351921875 0.746411634375 0.6605802421875 0.73130980625 0.6621680171875
3 0.402463003125 0.66160345 0.3740857 0.664586634375 0.379776796875 0.719719840625 0.40824962343750004 0.7168284125 0.402463003125 0.66160345
10 0.6878144875000001 0.82035578125 0.6807157671875 0.8211339375 0.6826409984375 0.8396484890625 0.6897883796875 0.8389291125 0.6878144875000001 0.82035578125
10 0.3502611953125 0.68981585625 0.3515305203125 0.689682146875 0.3517543125 0.6916554374999999 0.35755165 0.691046625 0.355634546875 0.6724436015624999 0.3485242296875 0.6731299296875 0.3502611953125 0.68981585625
2 0.2022343625 0.24559509687499997 0.153502221875 0.250664296875 0.1607979640625 0.3200789140625 0.209642015625 0.31494410625 0.2022343625 0.24559509687499997
1 0.3022230578125 0.6625704156250001 0.301826171875 0.658615384375 0.3464396328125 0.6539926921875 0.344517553125 0.6353549109375 0.26564581875000004 0.6437410140625001 0.2672266125 0.6588431406249999 0.25092666874999997 0.660528721875 0.25281341562500004 0.6785000765625 0.2858730484375 0.6750687953125001 0.2843264203125 0.660424725 0.2901758234375 0.659806703125 0.2906043921875 0.6637995531249999 0.3022230578125 0.6625704156250001
10 0.27275315 0.198393440625 0.256268465625 0.2001260453125 0.2598707984375 0.2349220171875 0.2765109765625 0.2330960734375 0.27275315 0.198393440625
10 0.6738129421875 0.1373542453125 0.6751398625 0.15003883906249998 0.682583240625 0.14925721875 0.67913029375 0.11600057500000001 0.6584847609375 0.11815840156249999 0.6606469578125 0.1386764578125 0.6738129421875 0.1373542453125