0 0.227434690625 0 0.2100666328125 0.9950153578125001 0.4956365609375 1 0.772565309375 1 0.7899333671875 0.0049846421875 0.5043634390625 0 0.227434690625 0
13 0.4391852734375 0.54149651875 0.440159025 0.48588941874999997 0.40746949375 0.4850937875 0.4065148984375 0.5406777796875 0.4391852734375 0.54149651875
10 0.410139853125 0.5615723515625 0.4104184375 0.5456122828125001 0.40618609375 0.5457274984375 0.40590971875 0.5615610234374999 0.410139853125 0.5615723515625
10 0.40944200000000003 0.611400575 0.4100912109375 0.56659726875 0.4059828515625 0.5665927546875 0.405275446875 0.611327846875 0.40944200000000003 0.611400575
10 0.5657253171875001 0.704861078125 0.5666318687499999 0.6570430546875 0.56059618125 0.6567970546875 0.5597590375 0.7047569375 0.5657253171875001 0.704861078125
10 0.5910529 0.705292234375 0.5918832796875 0.65771979375 0.568773421875 0.65700855 0.567850090625 0.7050716312499999 0.5910529 0.705292234375
8 0.5543482281250001 0.48222236250000006 0.557254665625 0.3038052875 0.48386495625 0.302396121875 0.48076745781249997 0.48638727187499997 0.44261307656250004 0.48576816718750004 0.441587034375 0.5414165484375 0.45820950624999995 0.5414379046875 0.4581432484375 0.546845384375 0.5297411421875 0.5475012890625 0.5309575343749999 0.4822907109375 0.5543482281250001 0.48222236250000006
7 0.45425528281250005 0.76582650625 0.5043586437500001 0.7666979375 0.5084026390624999 0.5473726109375 0.4581432484375 0.546845384375 0.45425528281250005 0.76582650625
2 0.45190020937500003 0.7657385156250001 0.45435405468749995 0.617547834375 0.4051566125 0.6163452875 0.40268463125 0.764948215625 0.45190020937500003 0.7657385156250001
13 0.45455124375 0.6121598296874999 0.4557527140625 0.5461926265625 0.41243830625 0.545655353125 0.4113886953125 0.6115173796875 0.45455124375 0.6121598296874999
1 0.55749641875 0.298729046875 0.55844414375 0.2420166359375 0.4329056734375 0.23981285156249998 0.4317174421875 0.29651637656249996 0.55749641875 0.298729046875
10 0.4296491890625 0.296380259375 0.43062095625 0.2397229640625 0.4118883203125 0.2391912671875 0.41095661562499997 0.2960602296875 0.4296491890625 0.296380259375
2 0.47836016875 0.48132261249999997 0.4813472328125 0.3024943828125 0.41086465937499994 0.30097031093750004 0.40757096875 0.4802651359375 0.47836016875 0.48132261249999997
6 0.5532323796874999 0.548477040625 0.554411596875 0.48378464374999997 0.5313882140625 0.483401521875 0.5301886953125 0.548182640625 0.5532323796874999 0.548477040625
2 0.5573987093749999 0.7050595390625001 0.560078734375 0.5529534578125 0.5102773875 0.5524170359375 0.5077496515625 0.704035075 0.5573987093749999 0.7050595390625001
1 0.5782842046875001 0.7683852484375 0.579359628125 0.710176403125 0.5075495796875 0.7090510984375 0.5065587328125 0.7668910515625 0.5782842046875001 0.7683852484375
10 0.5982438703125 0.70560371875 0.59907968125 0.657451596875 0.5942809109375 0.6574287812499999 0.5934446015625 0.705519946875 0.5982438703125 0.70560371875
4 0.6005053640625 0.5817727640625 0.5619334265625 0.5815292421875 0.5608036281250001 0.6518061656249999 0.59922089375 0.6525845703125001 0.6005053640625 0.5817727640625
12 0.5620570296875 0.576507196875 0.6006091046875001 0.5765456546875 0.6010683343750001 0.5513107625 0.6066679171875 0.5513835 0.6104400531249999 0.3231020640625 0.559100628125 0.3220480953125 0.5552251312500001 0.54810395 0.5625533328125 0.5480740281250001 0.5620570296875 0.576507196875