10 0.381354925 0.801330109375 0.36879326562500003 0.7743656624999999 0.3552480359375 0.7806370828125 0.36782423125 0.8076068203125001 0.381354925 0.801330109375
2 0.3258663765625 0.8542427765625 0.34842230625 0.902614121875 0.34836166875 0.9027354953125 0.35032465 0.9070301546874999 0.382583359375 0.8919687078124999 0.3579843421875 0.839190065625 0.3258663765625 0.8542427765625
10 0.39935242187500003 0.7230835734375 0.41162796406249996 0.74944183125 0.4127506578125 0.74890279375 0.41285895312500004 0.7491350359375 0.438024525 0.7375552984375 0.425683775 0.710820578125 0.39935242187500003 0.7230835734375
10 0.31654579374999997 0.787710796875 0.33325637656249996 0.8235726375000001 0.3372330796875 0.8217337859375 0.32670196093750004 0.799149728125 0.3248967046875 0.8000070499999999 0.3186855296875 0.786713021875 0.31654579374999997 0.787710796875
3 0.460260090625 0.73883249375 0.4433908578125 0.70256018125 0.42702747656250006 0.7101750359375 0.443999725 0.7463355218750001 0.460260090625 0.73883249375
10 0.34160800468749997 0.8446438578125001 0.332952265625 0.826362553125 0.3164205640625 0.8340231390625 0.3249509296875 0.8523646312500001 0.34160800468749997 0.8446438578125001
10 0.3651617546875 0.8088811093749999 0.35466761406249997 0.7863763546875 0.3467198484375 0.7901290078125001 0.357165203125 0.81257720625 0.3651617546875 0.8088811093749999
7 0.4237774390625 0.7794931265625 0.3940682953125 0.71554134375 0.35219545937499996 0.7350669671875 0.382023471875 0.799247784375 0.4237774390625 0.7794931265625
8 0.390086171875 0.8215553890624999 0.407158153125 0.8581848546874999 0.40697547500000003 0.8582700390625 0.41550386718750004 0.8765814171875 0.46388823593749995 0.85403493125 0.45333145156250004 0.83141801875 0.45319600624999995 0.83138635625 0.4289403671875 0.7793440890625 0.3827755921875 0.8008865937499999 0.3835595046875 0.8025898828125 0.3342765234375 0.825712284375 0.342910821875 0.84403634375 0.38782808750000003 0.8231238359375 0.38762073125 0.8227050437500001 0.390086171875 0.8215553890624999
13 0.4177306890625 0.7591832109375 0.4262143625 0.777417175 0.4508689421875 0.7659653796875 0.44036187031249996 0.7431408140625 0.42535134531249996 0.7501075796875 0.4274652875 0.75463355 0.4177306890625 0.7591832109375
10 0.4025931328125 0.719015671875 0.39953518125 0.71248005625 0.39542148125 0.71442071875 0.39842214375 0.720929603125 0.4025931328125 0.719015671875
1 0.45926526718750005 0.8377728671875 0.4670699171875 0.8545580578124999 0.4853274703125 0.8461064875 0.47701492968750003 0.8282099390625 0.46103000625 0.8357121031249999 0.4614947984375 0.8366866703125 0.45926526718750005 0.8377728671875
2 0.4316596265625 0.7782174484375 0.455789265625 0.8298822906250001 0.4557319390625 0.8299848796875 0.4570134546875 0.8327922546875 0.49569617031249996 0.8147921359374999 0.4608101390625 0.7400638374999999 0.44459345156249996 0.7476568359375 0.4539422734375 0.767716540625 0.4316596265625 0.7782174484375
1 0.362464175 0.760807675 0.3507069328125 0.7357938359375 0.3309681109375 0.7450137156250001 0.3426323828125 0.770001946875 0.362464175 0.760807675
2 0.35953090625 0.838513715625 0.3840907640625 0.8912416562500001 0.41327141562499997 0.8776465625000001 0.40473859218749997 0.8593182859375 0.40445537187499997 0.8594503546875 0.3884218140625 0.825084765625 0.35953090625 0.838513715625
11 0.5067288 0.8361113671875 0.4981655046875 0.817721440625 0.47838853593749997 0.8269815218750001 0.48692049375 0.8453670953125 0.5067288 0.8361113671875
10 0.3435545515625 0.7724527828125 0.3480277015625 0.782045484375 0.3530793171875 0.77972780625 0.35284424375 0.7791978078125 0.367708534375 0.7722871640625 0.3634678328125 0.7631670671874999 0.3435545515625 0.7724527828125
10 0.670130665625 0.586876859375 0.6674617656249999 0.581120109375 0.66222036875 0.583603865625 0.6648907953125 0.589304734375 0.670130665625 0.586876859375
2 0.6722835046875 0.6925489296875 0.696831021875 0.7451912515625 0.7258658 0.7317159015625 0.7013615671875 0.6795361234375 0.690925203125 0.68454405 0.6906855000000001 0.6840300046875 0.6722835046875 0.6925489296875
8 0.695597340625 0.6547447453124999 0.6964206671875 0.6565917125 0.681584125 0.6635101062500001 0.6817703421875 0.6639094484375 0.6789839453125001 0.6651139453125 0.6788340484375001 0.6647924890625 0.6697975171875 0.668942503125 0.6699653234375 0.6693504296875 0.6567219015625 0.6755259390624999 0.6566195484375 0.6753064421875 0.647562134375 0.6795299828125 0.6509173359375 0.6866993531250001 0.6497518796875 0.6872428140625 0.6542350156250001 0.6969049921875 0.6554418171874999 0.69635776875 0.6558901953125 0.697293440625 0.669750403125 0.6907510140625 0.6699822703125 0.6912704390625 0.6899311531250001 0.681935365625 0.6896858796875 0.6814204687500001 0.7002273734375 0.6765048890625 0.7002916171875 0.6766352671875 0.7028840296875 0.6754436453125 0.728530275 0.73039413125 0.776682959375 0.7079867140625 0.741544865625 0.63368283125 0.737468478125 0.635537134375 0.7373482953125 0.635279403125 0.695597340625 0.6547447453124999
13 0.76364046875 0.6201521015625 0.7580750234375 0.6085275296875 0.75832191875 0.6083434390625 0.7532102187499999 0.5973813625 0.7381678140625 0.6042612765625 0.7403106203125 0.6088565406249999 0.730553784375 0.613273478125 0.7390457703125 0.6314846000000001 0.76364046875 0.6201521015625
10 0.7266724875 0.6052753609375 0.729374021875 0.6111168859375 0.737607540625 0.60729305 0.735487265625 0.60279416875 0.7524207828125 0.594882425 0.7517908171875 0.5935314593750001 0.7266724875 0.6052753609375
10 0.7256093453125 0.6029695671875 0.7257532203125 0.6032300421875 0.750499765625 0.591687090625 0.7434006078125 0.5765331421875 0.7437631312499999 0.5763640953125 0.738870275 0.5659120015625 0.7126767625 0.5780934796875 0.7244962859374999 0.6034885953125 0.7256093453125 0.6029695671875
1 0.6758882265625 0.6173106421875 0.6607592328125 0.5849144749999999 0.6413344171875 0.5936431265625 0.656522340625 0.6262617968749999 0.6758882265625 0.6173106421875
1 0.7719863375 0.6918107140624999 0.7798132 0.7084993468749999 0.7980812671875 0.6999187421874999 0.7898382296875 0.6822414921875 0.7737866703125 0.6897264578125 0.774275321875 0.6907743765625 0.7719863375 0.6918107140624999
11 0.819408540625 0.69010125 0.8108900609375 0.6717852484375 0.79119458125 0.680953884375 0.79974335625 0.6992867921875 0.819408540625 0.69010125
10 0.6940207828125 0.6553419828125 0.682328146875 0.6301894031249999 0.66891130625 0.6364181953125 0.6806330203125001 0.661555490625 0.6940207828125 0.6553419828125
10 0.7658611484375 0.6199527359375 0.7666676890625 0.621748915625 0.7443863984375 0.632123334375 0.7697573734375001 0.6868125515625 0.80839865625 0.6687938250000001 0.782855996875 0.614043296875 0.7763855296875 0.6170450093750001 0.775734521875 0.6156710999999999 0.7821937625000001 0.6126453140625 0.77358555625 0.5941849578125 0.7573891484375 0.6018288390625 0.7599530624999999 0.6073345640625 0.7602377 0.6072018359375 0.7661443703125 0.6198206671875 0.7658611484375 0.6199527359375
10 0.63727693125 0.6847363718749999 0.6371006203125 0.684358271875 0.6292610578125 0.6880139187500001 0.637763871875 0.7063148124999999 0.6539394703125 0.69881855625 0.64564895 0.6808324359375 0.645115078125 0.681081384375 0.64409485 0.6788935 0.6372154078125 0.6821014375 0.638246025 0.6842672359375 0.63727693125 0.6847363718749999
13 0.6129069796875 0.6522289265625 0.6283642421875 0.685377134375 0.6361910359375 0.6818050203125 0.63600548125 0.6814070953125 0.644208203125 0.6776614078125001 0.6287815265625001 0.644826503125 0.6129069796875 0.6522289265625
2 0.499013440625 0.29430594375 0.473172321875 0.2388636078125 0.43673111093749994 0.255825390625 0.46257503906249997 0.3113439984375 0.499013440625 0.29430594375
10 0.5644137796875001 0.1641190703125 0.5529318890625 0.1394147359375 0.54330991875 0.14391015468749999 0.5548072109375 0.1685624828125 0.5644137796875001 0.1641190703125
13 0.557083559375 0.1348306734375 0.5513000203125 0.1223871671875 0.5649898828125 0.11604140781250001 0.557983809375 0.1011647234375 0.5500057484374999 0.10490047031250001 0.5458576453124999 0.0961009640625 0.525901240625 0.10566022187499999 0.542666184375 0.1415536046875 0.557083559375 0.1348306734375
10 0.4131807703125 0.168297859375 0.42588375 0.19553948906250002 0.44102523125 0.18846165937499998 0.433777415625 0.17294085312500002 0.43916975 0.1704591234375 0.4336698484375 0.1587126125 0.4131807703125 0.168297859375
10 0.556272009375 0.137541715625 0.567856284375 0.162362090625 0.5739455390625 0.1595226234375 0.56386609375 0.1379071828125 0.559478996875 0.13995291875 0.5580161734375 0.1367456375 0.556272009375 0.137541715625
10 0.478463590625 0.20746016250000002 0.470003309375 0.18929115000000002 0.453237115625 0.1970145328125 0.46176608750000003 0.2152790921875 0.478463590625 0.20746016250000002
8 0.5126282734375 0.193790834375 0.512832978125 0.1942298265625 0.50978665625 0.195634834375 0.5095720375 0.1952004640625 0.4570966109375 0.21972877500000002 0.4573478265625 0.22025641718750003 0.4409506796875 0.227776678125 0.44924596250000004 0.2456140359375 0.4520814921875 0.24424870625 0.4520154578125 0.244107096875 0.5285769453125 0.20839037187499998 0.5477295 0.249385515625 0.547443725 0.249534290625 0.555908328125 0.2677754234375 0.610912809375 0.2421229640625 0.600031965625 0.21888134843749998 0.59970599375 0.2186592375 0.5734585671875 0.1623788453125 0.56883498125 0.1645348578125 0.5688996078125 0.16465126562500002 0.5653862484375 0.166289571875 0.5652785328125 0.16601051093750002 0.5543032578125 0.171068025 0.5555851625 0.173835565625 0.5126282734375 0.193790834375
13 0.553978065625 0.1240226734375 0.560027690625 0.1371403265625 0.5643972125000001 0.1351493328125 0.5752401875 0.158446534375 0.5989633515625 0.147415275 0.5820141296875 0.11094924218749999 0.553978065625 0.1240226734375
11 0.6572158390625 0.22260723593749998 0.648327171875 0.2035639125 0.6293169921875 0.2124164375 0.6382068921874999 0.23144022031249997 0.6572158390625 0.22260723593749998
10 0.4463484078125 0.18554324375 0.4401418546875 0.172259128125 0.43616004375 0.1741313921875 0.4423138421875 0.18737631875 0.4463484078125 0.18554324375
2 0.5086719625 0.1933737671875 0.4822997921875 0.1359792046875 0.45318078125000005 0.149569690625 0.4796973515625 0.20671934374999998 0.5086719625 0.1933737671875
13 0.468562415625 0.18694427656249998 0.45228015781249997 0.15216365781250002 0.43629777968749994 0.1596749796875 0.452540928125 0.1945565890625 0.468562415625 0.18694427656249998
2 0.49546779531249996 0.2284049921875 0.5213425984375 0.2838936875 0.55383684375 0.26875688750000004 0.5453362734375 0.25052735625 0.5450287 0.2506552640625 0.527676265625 0.21341696875 0.49546779531249996 0.2284049921875
10 0.5442853999999999 0.0891208140625 0.546978278125 0.09486982968749999 0.5471067234375 0.094953028125 0.5504521640625 0.10224935625 0.5571189921874999 0.09917332031250001 0.5509883859375 0.08602619218749999 0.5442853999999999 0.0891208140625
1 0.6366417140625 0.2321838671875 0.6284516140624999 0.21456468593750003 0.6059142515625 0.2252033328125 0.6140427546875 0.2426719390625 0.6366417140625 0.2321838671875
6 0.0856107875 0.3461670625 0.08940283906249999 0.3543102375 0.0897470484375 0.35414628125 0.10383732500000001 0.3843149140625 0.1187016890625 0.37747836874999996 0.117947571875 0.375887040625 0.122510265625 0.373759421875 0.10904173125000001 0.345293840625 0.1037169515625 0.3478871640625 0.09981432968750001 0.3395438421875 0.0856107875 0.3461670625
2 0.6611055875 0.7567557921875 0.6630571749999999 0.760955771875 0.6953602453125 0.74590811875 0.6710291359375 0.6937114015625 0.6602172484375 0.698801340625 0.6599666765625 0.6983268421875 0.638646653125 0.7082116390625 0.6611905499999999 0.756409296875 0.6611055875 0.7567557921875
3 0.7402463640625 0.5652323921875 0.756617240625 0.60006995625 0.7660612515625 0.5956661421875 0.76627455625 0.596071815625 0.7729695390625 0.592911965625 0.7565717890625 0.557650753125 0.7402463640625 0.5652323921875
10 0.6294216515625 0.6418143875 0.6460898921875 0.6775373625000001 0.6500309140625 0.6756996328125 0.6395605468750001 0.6532458578125 0.6376488046875 0.6541373187499999 0.6314509312500001 0.64086811875 0.6294216515625 0.6418143875
7 0.7301992359375 0.63858203125 0.7293599421875 0.6367821609375001 0.7364333109375 0.633435521875 0.7228737 0.604286596875 0.72312746875 0.6041579171875 0.7080612734375 0.57199624375 0.66615748125 0.5915035468750001 0.6955655328125 0.6547319921875 0.7301992359375 0.63858203125
6 0.66884603125 0.6670018578125 0.665003521875 0.658709809375 0.666019903125 0.6582496546875001 0.6700167453125 0.6665473171875 0.6779187921875 0.6629073578125 0.6675408875 0.640600109375 0.6595760546875 0.6442865875 0.6599663171875 0.64512350625 0.658856090625 0.6456412125 0.6584485640625 0.64477096875 0.6576876453125 0.6451171703125 0.6556214390624999 0.640686175 0.6448464953124999 0.6456519968750001 0.647027321875 0.6503140078125 0.6414174890625 0.6528506109375 0.65168450625 0.6750716453125001 0.66884603125 0.6670018578125
10 0.6574154546875 0.628650325 0.6609263125 0.6361350171875 0.6672081578125 0.6332057453125 0.6677464234375 0.6343822421875001 0.6813110234375 0.62804145 0.67728493125 0.6193815875 0.6574154546875 0.628650325
6 0.3284153203125 0.798790403125 0.3390311765625 0.8214711453125 0.3430608640625 0.819535178125 0.34377167656249996 0.8210484296875 0.3570320046875 0.814842625 0.34548105625000003 0.7906446 0.3284153203125 0.798790403125
7 0.2167160859375 0.3300322375 0.192679346875 0.2786257796875 0.1499052875 0.2986182 0.1737916859375 0.3499240828125 0.2167160859375 0.3300322375
13 0.21588844218749997 0.2816764546875 0.2219394828125 0.29479344687500003 0.22630900625 0.29280245312500003 0.2371505640625 0.316100315625 0.260873728125 0.3050690546875 0.24392592343750003 0.26860236249999997 0.21588844218749997 0.2816764546875
1 0.25549223906249996 0.24388254687500002 0.24786778125 0.22743571718750002 0.2407361109375 0.23066472343750002 0.24059327968750002 0.23039169375 0.23238392968750002 0.2342008125 0.23252128125 0.2344953625 0.214421634375 0.243000878125 0.2221276453125 0.259456228125 0.237862365625 0.2521569359375 0.23893929374999998 0.254444234375 0.24874638437500002 0.24990214531250002 0.24765765 0.24763759218749998 0.25549223906249996 0.24388254687500002
11 0.3191276328125 0.38026035625 0.3102375484375 0.36121769375 0.29122736875 0.3700702171875 0.30011726875 0.3890940015625 0.3191276328125 0.38026035625
10 0.21899527968750002 0.2568723046875 0.2128231515625 0.2436841984375 0.206220128125 0.2467787546875 0.2123810296875 0.2599427875 0.21899527968750002 0.2568723046875
8 0.17453865 0.3514446140625 0.1747433546875 0.3518836078125 0.17169703281249998 0.353288615625 0.1714824140625 0.35285424375 0.11900840312500001 0.3773818953125 0.11925820312499999 0.377910196875 0.103761015625 0.3850866578125 0.11197760937500001 0.4028107203125 0.11399186875 0.4019024875 0.11392583437499999 0.4017608765625 0.190487321875 0.366044153125 0.2071392453125 0.4017247390625 0.20706710468749998 0.40180665156249995 0.2091688890625 0.40626588124999996 0.26382908125000004 0.3807291421875 0.2611315953125 0.3749184859375 0.26082279375 0.37473319374999997 0.23536894375 0.32003262499999996 0.2307453578125 0.3221886390625 0.230809984375 0.3223050453125 0.227296625 0.3239433515625 0.227188909375 0.323664290625 0.21621646718749998 0.328720484375 0.21749553906250002 0.33148934531249996 0.17453865 0.3514446140625
10 0.14441021406250001 0.2909933140625 0.1406825890625 0.28299939531249996 0.135187246875 0.2855670875 0.13895110156249998 0.29361652031249996 0.14441021406250001 0.2909933140625
1 0.09608012187500001 0.33882666875 0.09494565625 0.3363937984375 0.097855196875 0.335006025 0.09588994843750001 0.33071759375 0.10123291718750001 0.32822612812499996 0.0948908328125 0.3145552390625 0.089414003125 0.317084990625 0.089192590625 0.31664344375 0.0810089078125 0.32048541875000003 0.081193509375 0.32091827031250003 0.07425336406250001 0.3241476171875 0.08260287656250001 0.34214933125 0.085139121875 0.340966659375 0.08622868593750001 0.343303234375 0.09608012187500001 0.33882666875
3 0.2226699171875 0.2646564640625 0.2268700984375 0.2735454703125 0.24446529374999998 0.26538896875 0.26366062968750004 0.3066348359375 0.2810098046875 0.2985792640625 0.25761119374999997 0.2483785953125 0.2226699171875 0.2646564640625
10 0.2263269890625 0.3217715296875 0.21484368125 0.29706785625 0.20522029531250002 0.301563934375 0.21671758749999998 0.3262162625 0.2263269890625 0.3217715296875
0 0.38915266718749997 0 0 0.18146486875 0 0.6108473328125 0.18146486875 1 0.6108473328125 1 1 0.81853513125 1 0.38915266718749997 0.81853513125 0 0.38915266718749997 0
10 0.17304977187499998 0.423156775 0.1561163984375 0.3867247296875 0.1365582015625 0.3957810765625 0.15353886249999998 0.4322221046875 0.17304977187499998 0.423156775
2 0.1705674296875 0.3510103640625 0.155015340625 0.3177253515625 0.1550367921875 0.31732399375 0.1531299765625 0.313353121875 0.1530353875 0.3130541484375 0.152985215625 0.312894796875 0.123973946875 0.3263540125 0.141607728125 0.364373125 0.1705674296875 0.3510103640625
13 0.13047279218750002 0.34459805781249997 0.114193365625 0.3098161171875 0.09820815625 0.3173287609375 0.1144513046875 0.35221036875 0.13047279218750002 0.34459805781249997
3 0.553246465625 0.087042065625 0.56636619375 0.1152513578125 0.5825549171875 0.10773518906249999 0.5897911828125 0.12337171875 0.6071860484375 0.11530690937500002 0.5867742453125 0.071533659375 0.553246465625 0.087042065625
6 0.4605998890625 0.216105640625 0.44715863593750005 0.1876394078125 0.4279242484375 0.1965620015625 0.431798653125 0.20488917343750002 0.42923020312500004 0.20612478906249998 0.436281984375 0.22124738437499997 0.4388649625 0.2200429234375 0.44190703437499995 0.2266480078125 0.45679131249999994 0.2198245890625 0.45603719531250003 0.218233259375 0.4605998890625 0.216105640625
10 0.5200774359375 0.284530190625 0.494206021875 0.22907094843750003 0.47464499218749995 0.23812861718749997 0.50048760625 0.2936185296875 0.5200774359375 0.284530190625
10 0.4825138875 0.13338814999999998 0.4793983984375 0.1267069625 0.4749645703125 0.128774490625 0.4780801390625 0.1355039125 0.4825138875 0.13338814999999998
7 0.5548057078124999 0.17237845624999998 0.5240013484375 0.106373753125 0.4810464171875 0.1264108625 0.511881309375 0.19227030312499999 0.5548057078124999 0.17237845624999998
2 0.603686084375 0.2203806484375 0.6467822453125 0.200291475 0.607734959375 0.1165543 0.5903808515625 0.1246880296875 0.6018169624999999 0.1490723546875 0.576199503125 0.1610472796875 0.6024272374999999 0.21720410625 0.6024064234375001 0.2176844703125 0.603686084375 0.2203806484375
1 0.1176825015625 0.4543608203125 0.125363428125 0.47073649375000004 0.1344630234375 0.46655534843749996 0.1346438609375 0.46694685312499995 0.153673771875 0.4580885765625 0.153475009375 0.4576623296875 0.16677563281250002 0.4514911796875 0.1669540125 0.4518958984375 0.1794636140625 0.446047059375 0.1792648515625 0.44562081249999996 0.1908049765625 0.44025507968750005 0.190987884375 0.4406732046875 0.2100132671875 0.4318015234375 0.209820446875 0.43138802031249995 0.22548541093750002 0.42408332812499994 0.22567823125 0.4244968296875 0.2672796515625 0.40508052968749997 0.267091365625 0.40465456718750004 0.2826796546875 0.397444246875 0.2828724734375 0.39785775 0.29859521875 0.390510596875 0.2983096421875 0.3899869078125 0.2985446359375 0.38982905625000003 0.2898714375 0.371214534375 0.2735942546875 0.3787702296875 0.2739832828125 0.3796266875 0.26837618750000003 0.3821654625 0.2691013296875 0.38374271718749997 0.25966222031249997 0.38817183125 0.25929904062500003 0.387367109375 0.21715666718749999 0.4070356609375 0.217515240625 0.4077787421875 0.20249637968749998 0.41484594062499996 0.2021166828125 0.4140316796875 0.18262105 0.4231519515625 0.18296121406250002 0.4239036171875 0.17190302500000001 0.42907909999999994 0.1715358765625 0.42829174375 0.15844096093749999 0.4343790390625 0.158815375 0.43518197187499996 0.1461260390625 0.441059453125 0.14577360781249998 0.4402962671875 0.12617300781250002 0.44942066093750005 0.1265376984375 0.45022123125 0.1176825015625 0.4543608203125
2 0.157378171875 0.3860587734375 0.17441084843750002 0.42248933906249997 0.20663036875000002 0.40748064531250006 0.204528503125 0.40297317968749996 0.2043797546875 0.40291668906250006 0.18958664218750002 0.37107075 0.157378171875 0.3860587734375
10 0.2181823859375 0.2951954953125 0.22976666093749998 0.3200158703125 0.23585591562500002 0.317176403125 0.22577647031249998 0.2955609625 0.2213893734375 0.2976067 0.2199279671875 0.29439875781249997 0.2181823859375 0.2951954953125
2 0.15196926093750002 0.432922990625 0.1350826984375 0.3965173875 0.098632075 0.41338873906250007 0.11562545937499999 0.449901415625 0.15196926093750002 0.432922990625
10 0.108258784375 0.3431970234375 0.10205223125 0.3299129078125 0.09807183593749999 0.33178451249999996 0.10422563437500001 0.3450294390625 0.108258784375 0.3431970234375
10 0.1403768 0.365112621875 0.1319136859375 0.3469449296875 0.1151474921875 0.35466831249999997 0.12367646406249999 0.37293287343750003 0.1403768 0.365112621875
2 0.26354529375 0.37318093124999996 0.263592509375 0.3737554265625 0.2656039078125 0.3780688859375 0.3087254703125 0.3579454546875 0.28115095 0.298811703125 0.2381098796875 0.3187010609375 0.26354529375 0.37318093124999996
1 0.21190010468749998 0.262782396875 0.206913678125 0.2520963671875 0.19744550624999999 0.2564890359375 0.19725862968750002 0.2560882765625 0.18894231718750001 0.259948996875 0.18913250312500002 0.260330971875 0.16494303593749998 0.271671046875 0.1647515375 0.2712603765625 0.14891560625 0.27863099999999996 0.14908927656249998 0.2790034359375 0.1421924359375 0.2823108578125 0.1469350046875 0.29248133125 0.13748194062500002 0.29685833437500003 0.13663027656249999 0.29507630156250003 0.1348374859375 0.29591229218750004 0.1346139015625 0.29547348281249997 0.1187860859375 0.30285411562500003 0.1189716421875 0.303252040625 0.11412496406249999 0.30553966875 0.1217834234375 0.321918921875 0.12638755 0.3198099109375 0.1267991484375 0.32063343125 0.14306983906249998 0.3130083546875 0.14269136093749998 0.3122262828125 0.1505712421875 0.3085276984375 0.1445264421875 0.295693984375 0.155472646875 0.29062588906250003 0.15582374999999998 0.2914121078125 0.17219875625 0.283755628125 0.17182632343749998 0.2829569453125 0.193770403125 0.27269494375000003 0.2065368640625 0.300094890625 0.21967835 0.29388933437500003 0.21322104375 0.280111840625 0.225267496875 0.2744306984375 0.2183329171875 0.2597516953125 0.21190010468749998 0.262782396875
10 0.41386290781249996 0.751125346875 0.41656386406249996 0.7570136921875 0.42484666718749997 0.75315135625 0.42272441875 0.7486223640625 0.439598434375 0.7408159453125001 0.438950640625 0.7394267453125 0.41386290781249996 0.751125346875
13 0.3315926609375 0.8239570859375001 0.31596592343749996 0.790615509375 0.2999907375 0.798068309375 0.315589203125 0.8315747828125 0.3315926609375 0.8239570859375001