10 0.5813123499999999 0.80695199375 0.5781156234375 0.8058518109374999 0.576399909375 0.811146809375 0.5796310859375 0.8122563515625 0.5813123499999999 0.80695199375
10 0.5731447640625 0.6716058984375 0.5687948359375 0.6701928515625 0.5636657203125 0.6859254203125 0.5678933203125001 0.68729885625 0.5731447640625 0.6716058984375
10 0.5569546375 0.685226053125 0.5526267640625 0.6837341703125001 0.5467758078125 0.70196495 0.5569743484375 0.705350409375 0.5572697390625 0.704398471875 0.563605975 0.7064948531249999 0.5691237874999999 0.68910455625 0.5614221781250001 0.6867125078125 0.5619643484375 0.6850016531249999 0.5574062796875 0.6836793953125 0.5569546375 0.685226053125
10 0.5664597265625 0.8152356328125 0.560027275 0.8130833484375 0.5521056375 0.837328025 0.5584761828125 0.8393990718750001 0.5664597265625 0.8152356328125
13 0.5243622343750001 0.8153344953125 0.510317228125 0.8105930390625 0.5056824421874999 0.8248581546875 0.5198012921874999 0.82948509375 0.5243622343750001 0.8153344953125
2 0.6298956812500001 0.690322659375 0.596494059375 0.679432471875 0.5852739140625001 0.7137309296875001 0.6186561640625 0.7246853765625 0.6298956812500001 0.690322659375
13 0.5665108890624999 0.7595206734375 0.5562910609375 0.756264434375 0.54956601875 0.7770889796875 0.5595888375 0.780301903125 0.5665108890624999 0.7595206734375
6 0.555434759375 0.854178690625 0.55621881875 0.8544471828125 0.554953225 0.85818469375 0.5656905515624999 0.86164275 0.5701867234375 0.8475028328124999 0.55884745 0.8438595609374999 0.555434759375 0.854178690625
13 0.6050124359375 0.8701987796875 0.61810704375 0.8744537093750001 0.6212549390625 0.8646530406249999 0.617638034375 0.8635046140625 0.62079535625 0.8540292359375 0.6113248796875 0.850951696875 0.6050124359375 0.8701987796875
7 0.500379840625 0.8235711078125 0.5045369515625 0.82484715625 0.5121468296875 0.801269546875 0.5080744265625 0.80005733125 0.5084874359375 0.798785915625 0.5137759625 0.8004331140625001 0.5109606921875 0.8089405296875001 0.5293880703125 0.8151125625000001 0.5370749859374999 0.7913758078125 0.5316598828125 0.7896138609375 0.529274259375 0.7971141796875 0.5243724484375 0.7955577968750001 0.5264613765624999 0.7892920328125 0.4957565984375 0.7794255421875 0.48276820625 0.818993246875 0.4999950328125 0.8246839296875 0.500379840625 0.8235711078125
2 0.555201390625 0.7557075421875 0.551342571875 0.7543422359374999 0.5517050328125 0.7530479453125001 0.5557453437500001 0.7543798546875 0.5587993640625 0.745438109375 0.5346749671875 0.737777271875 0.5242472359375 0.7701245828125 0.548045028125 0.777886546875 0.555201390625 0.7557075421875
11 0.590405390625 0.7950503484375 0.576199909375 0.790525521875 0.5726005484375001 0.8015036062500001 0.5867323859375 0.8060545625 0.590405390625 0.7950503484375
12 0.51068 0.8784482265625 0.5425071203125 0.8887897015625 0.5507050687499999 0.8633338453125001 0.541924175 0.8604812734375 0.5415635390625 0.8616538140625 0.5185326609375001 0.8542179765625001 0.51068 0.8784482265625
10 0.54554045625 0.8182103578125 0.5315971375 0.8137433578125 0.5267458484375 0.8289603671875 0.5407100015624999 0.8334970203125 0.54554045625 0.8182103578125
13 0.578058803125 0.8483908921875001 0.5827119390625 0.834121621875 0.5684817515625 0.8295781765625 0.5638492921875 0.8437924734375001 0.578058803125 0.8483908921875001
6 0.5684029859375 0.7835931781250001 0.57087986875 0.784365353125 0.575516159375 0.76972923125 0.57341774375 0.7690790078124999 0.572983815625 0.7704149 0.5647534000000001 0.7677405765625 0.5597975796875 0.7828649828125 0.567850409375 0.785409634375 0.5684029859375 0.7835931781250001
3 0.5686097343750001 0.6875800109375 0.5913910546875 0.69485684375 0.5945328375 0.685315803125 0.5938246203124999 0.68502560625 0.59568443125 0.6790381875 0.5737293828125 0.672027071875 0.5686097343750001 0.6875800109375
6 0.5185464078125 0.8464119718750001 0.519783865625 0.842608990625 0.520475071875 0.8428005953125 0.523841084375 0.8324075546874999 0.512489365625 0.8286981843750001 0.5078111390625 0.842923646875 0.5185464078125 0.8464119718750001
2 0.47780864687499996 0.8302177203125 0.45747638281249997 0.823705928125 0.44685264687500004 0.8564436921875 0.466994728125 0.86282600625 0.47780864687499996 0.8302177203125
10 0.528953171875 0.816486459375 0.5253688609375 0.8152892734374999 0.5206105015625 0.8302581218749999 0.5240879328125 0.831424571875 0.528953171875 0.816486459375
10 0.5434907875 0.8523402656249999 0.52133965 0.845269925 0.5192124578125 0.852038090625 0.5412837625 0.8591354296875 0.5434907875 0.8523402656249999
8 0.6180041859375 0.726681478125 0.5819142203125 0.715209775 0.570731084375 0.74955825625 0.559488278125 0.745860403125 0.556498615625 0.7547773249999999 0.5676292390625 0.7588333390625001 0.5650933265625 0.7664431406250001 0.5731237499999999 0.769221309375 0.576910275 0.7574642828125 0.60500231875 0.7666360734375 0.6180041859375 0.726681478125
10 0.5306246609375 0.7904772765625 0.5274039296875 0.78934101875 0.5256257640625 0.794696865625 0.5289013609375 0.795707071875 0.5306246609375 0.7904772765625
10 0.5402807703125 0.7334076953124999 0.5365365109375 0.7321951203125 0.5350978375000001 0.7365423390625 0.5388460625 0.73776066875 0.5402807703125 0.7334076953124999
8 0.46818494062499993 0.8634807953125 0.48983669374999994 0.8702536796875 0.5006623890624999 0.8364493015625 0.50806405 0.839076003125 0.511435165625 0.8283824531249999 0.4752496953125 0.816736409375 0.47184408749999995 0.827049809375 0.47935500312499996 0.8293424281249999 0.46818494062499993 0.8634807953125
2 0.63441993125 0.8242873656249999 0.6143511593750001 0.8178316359375 0.6016171671875 0.8563016890625 0.60784289375 0.85840886875 0.6126155625 0.8434632531249999 0.6134886390625 0.8437476374999999 0.611630540625 0.8494665781249999 0.624280246875 0.8535647125000001 0.62604975625 0.8479339593749999 0.6268400125 0.8481005984375001 0.63441993125 0.8242873656249999
5 0.5673756 0.7876222484375 0.55759405 0.7845205796875 0.5412239046875 0.83508785625 0.526437 0.8300972265625 0.52190355 0.8439157671874999 0.5447891921875 0.8514745749999999 0.54193851875 0.8603924765625001 0.5507452140625 0.86317041875 0.55817793125 0.8404429265625 0.5510091593750001 0.8381148453125 0.5673756 0.7876222484375
4 0.5526095671875 0.794265371875 0.5394789953125 0.78988926875 0.5324579593750001 0.811347109375 0.5456935875 0.8155837968749999 0.5526095671875 0.794265371875
2 0.4906918875 0.8704332828125001 0.5087905359375 0.87637696875 0.5181569078125 0.84754754375 0.5065594625000001 0.84384115 0.5077797328125 0.8400169171874999 0.50120449375 0.83788154375 0.4906918875 0.8704332828125001
2 0.4796725171875 0.8002557953125 0.48051529843749996 0.8005491703125 0.47564075 0.8154996359375 0.48186679374999997 0.8175641671875 0.49420293906249996 0.7788455 0.4741839984375 0.7723401640625001 0.4646674375 0.8018186828125 0.477825803125 0.8060220499999999 0.4796725171875 0.8002557953125
13 0.46469079375 0.8138181484375 0.46122697031250004 0.8126923890625 0.45812959218750005 0.8223360625 0.47100500156249997 0.8264908343749999 0.4771562171875 0.8074999328124999 0.4677371859375 0.8044404093749999 0.46469079375 0.8138181484375
10 0.4668549859375 0.8036981515624999 0.4641609796875 0.8028854890625 0.46142702187499995 0.8112978500000001 0.46420126249999993 0.8121986421875 0.4668549859375 0.8036981515624999
11 0.541204275 0.7791161875 0.5270167171875 0.7744831249999999 0.5234526921875 0.78556669375 0.5375475625 0.7901465125 0.541204275 0.7791161875
7 0.5858726140625 0.8238505328124999 0.591099315625 0.8255742671874999 0.5907021875 0.8268576515625 0.5866381656249999 0.8254580703125001 0.5789865359374999 0.8490305015624999 0.5830753484375 0.8503145703125 0.5826838171875 0.8514693624999999 0.5999401765625 0.8572915906249999 0.61292404375 0.8174783765625 0.5821608515625 0.8073534375 0.5800939203125 0.81366344375 0.5751403046875 0.8120528046875 0.5777446312500001 0.8044807234375 0.572305165625 0.8026464624999999 0.5645277796875 0.8264243328124999 0.5831360484375 0.83253623125 0.5858726140625 0.8238505328124999
8 0.5641535453125 0.894503015625 0.585614296875 0.9014100375 0.59652883125 0.8674069875000001 0.6039655203125001 0.870080834375 0.60731933125 0.8596121953125 0.5712848515625 0.8478392140625 0.567823875 0.8582077312499999 0.5751539765625 0.8605273406249999 0.5641535453125 0.894503015625
7 0.5720349578125 0.7424892484375001 0.57275625625 0.74276025 0.581776134375 0.7151029531249999 0.5462377171874999 0.7034353984374999 0.5373384437500001 0.7309179578125 0.5416728234375 0.732366325 0.5397497062500001 0.73820643125 0.57026365 0.7479388 0.5720349578125 0.7424892484375001
10 0.5676312828125 0.8289718890625 0.564204353125 0.8278504109375 0.559250465625 0.8427078890624999 0.562760440625 0.8438476749999999 0.5676312828125 0.8289718890625
2 0.5451331109375 0.8882202546875 0.563317271875 0.8941661234374999 0.5740210140625 0.8616159250000001 0.56738439375 0.8594592000000001 0.5661573828125 0.8632354671875 0.554607753125 0.8592967203124999 0.5451331109375 0.8882202546875
11 0.56763284375 0.6685936953125 0.55738065625 0.6651857953125 0.5524043296875 0.680680725 0.5624973375 0.6841236171875 0.56763284375 0.6685936953125
10 0.6245604328125001 0.8549296265624999 0.6218509531249999 0.8541191375 0.61914260625 0.862444275 0.6218335421875001 0.8632463234375001 0.6245604328125001 0.8549296265624999
10 0.5746412249999999 0.789920940625 0.5682932796875 0.7879208765625 0.5602860234375 0.81201664375 0.5667545328125 0.8140549890625 0.5746412249999999 0.789920940625
2 0.5773224531250001 0.7683345828125 0.5718162828125 0.7855607250000001 0.5963230953124999 0.7935512359375 0.6047098890625 0.7677438015625 0.5774207234375 0.7587274093749999 0.5746379734375 0.7675111140624999 0.5773224531250001 0.7683345828125
2 0.61776561875 0.875729265625 0.5975089296875 0.8689244140625 0.586854565625 0.901915784375 0.60706671875 0.9084823265624999 0.61776561875 0.875729265625
10 0.5566103640625 0.7842911875 0.542802103125 0.7797073796875 0.5401620625 0.7876316078125 0.5541812734375 0.79205480625 0.5566103640625 0.7842911875
13 0.5902078859375 0.6958688578125 0.570213375 0.6895036734375 0.5646706984375001 0.706750725 0.5844441203125 0.7133615703125 0.5902078859375 0.6958688578125
7 0.1787948453125 0.6708675515625 0.17482681718749998 0.6830508609375 0.19206220937500001 0.688667759375 0.19606008749999998 0.67628144375 0.1787948453125 0.6708675515625
11 0.2541133921875 0.6754454125 0.2491598578125 0.690732015625 0.2590285328125 0.6939034890625 0.26393298125000003 0.678727921875 0.2541133921875 0.6754454125
11 0.19262171875 0.65557723125 0.1876666359375 0.6708640531250001 0.19753509375 0.674033978125 0.202440871875 0.6588566453125 0.19262171875 0.65557723125
2 0.216644425 0.764074175 0.21628105312499998 0.76557529375 0.21906544687500001 0.7664809703125 0.22980707812499998 0.7335940953125 0.209806028125 0.72709255625 0.19911760625 0.7599987765625 0.201949096875 0.760891521875 0.2024003875 0.7594995421874999 0.216644425 0.764074175
13 0.2046618359375 0.7008073718750001 0.19772616875 0.7216488953125 0.20785139375 0.724916853125 0.21461841406249998 0.7039980484374999 0.2046618359375 0.7008073718750001
13 0.1338073484375 0.666648478125 0.1310664078125 0.675022375 0.14078166718750001 0.67812389375 0.1435064734375 0.6698485140625 0.1338073484375 0.666648478125
7 0.249017071875 0.6936679609375 0.24498143125 0.7057519015625 0.262235575 0.7114797687500001 0.26604917499999997 0.6994775265625 0.249017071875 0.6936679609375
3 0.1414286078125 0.6390315375 0.14096929687499998 0.64035521875 0.1347426671875 0.6383538843750001 0.13517114218749998 0.6368893734375 0.1306539125 0.6354872171875 0.1222046671875 0.6613554984375 0.1366488828125 0.6659398671875 0.1450398078125 0.64016183125 0.1414286078125 0.6390315375
8 0.15536720625 0.7458105125000001 0.16644658125 0.711711715625 0.196719440625 0.721446409375 0.2002957359375 0.7102143765625 0.1421245703125 0.6911370781249999 0.1288986984375 0.7318442359375 0.12789998281249998 0.7315191296875 0.1263357546875 0.7362753015625 0.1312751265625 0.7379305453125 0.1317186390625 0.7364607671875001 0.152033246875 0.7430602453125 0.1515917171875 0.7445329015625 0.15536720625 0.7458105125000001
10 0.3095568375 0.6935711999999999 0.309062121875 0.6950134625 0.30078695781250003 0.6922902015625 0.30122587031250003 0.6908999625 0.3001839734375 0.6906156375 0.291871575 0.716357390625 0.302233075 0.7196000312499999 0.3105761265625 0.6938855265625 0.3095568375 0.6935711999999999
10 0.29206155 0.7178438546875 0.2862723171875 0.7354584859375 0.28861456875 0.7361596421875001 0.29427610312499997 0.7185345578125 0.29206155 0.7178438546875
10 0.215636821875 0.685141553125 0.21303220937499998 0.6932280546875 0.21871368124999999 0.6950440828125 0.2212897390625 0.6869789500000001 0.215636821875 0.685141553125
7 0.1689527171875 0.6981418046875 0.1778098546875 0.670920778125 0.1737007859375 0.66960484375 0.1742652875 0.6679855203125 0.18636625625 0.6719177859375 0.18935036562500002 0.6626245359375 0.18536262812499998 0.661397265625 0.1878310203125 0.6540367875 0.1794145015625 0.65128448125 0.1789197859375 0.6527267421875 0.162549440625 0.6474269140625 0.1630882578125 0.6459279625 0.1573927859375 0.6441470375 0.14215733125000002 0.6911119625000001 0.1643576984375 0.6983978625 0.1648933125 0.6967526203125 0.1689527171875 0.6981418046875
6 0.19501944843750002 0.6900398562500001 0.190147325 0.7051872125 0.2005752265625 0.7085767281249999 0.2055266203125 0.693454521875 0.19501944843750002 0.6900398562500001
2 0.23770875937499997 0.7709785296875 0.237306421875 0.7724156984375 0.2401359046875 0.773316615625 0.25079521875 0.7403829296875 0.23065974531250003 0.7339129046874999 0.2200228703125 0.7667929453125 0.2229625203125 0.7677367609375 0.223372184375 0.7662843625 0.23770875937499997 0.7709785296875
6 0.23130402968750002 0.7018297578125 0.22639468749999997 0.716824559375 0.23677481562499997 0.7202334109375 0.2417236671875 0.7051604765625 0.23130402968750002 0.7018297578125
13 0.21766557187500002 0.7049882890625 0.210804190625 0.7259093109375 0.2210086203125 0.7291345796875001 0.22772358593750003 0.7082720046875 0.21766557187500002 0.7049882890625
2 0.2927162578125 0.784419396875 0.29232885 0.7857045703125001 0.2972129125 0.78729185 0.311008346875 0.7448778765624999 0.286072046875 0.7365595734375 0.272218075 0.77906224375 0.2780990890625 0.7809733015625 0.27848105312500004 0.7797504281250001 0.2927162578125 0.784419396875
4 0.24197322500000001 0.6505316 0.2350195421875 0.672008375 0.251691409375 0.6773541875 0.2585969015625 0.6559835890625 0.24197322500000001 0.6505316
10 0.2192539546875 0.6978666718750001 0.2175543671875 0.7031641390625001 0.22841727500000003 0.7067859999999999 0.23014541562500002 0.7014671640625 0.2192539546875 0.6978666718750001
10 0.2289297171875 0.6894601296875 0.2262746046875 0.6975016593750001 0.2319670484375 0.6993508578125 0.2346007421875 0.691302871875 0.2289297171875 0.6894601296875
2 0.12152728906250002 0.7288377546875 0.12116531562499999 0.7301130421875001 0.127006040625 0.73186093125 0.14079122187499998 0.6894862671875 0.115709409375 0.6814124687499999 0.1019814703125 0.7238800703125 0.10684295937499999 0.72538531875 0.1072448453125 0.7241470234375 0.12152728906250002 0.7288377546875
3 0.3213667796875 0.69740866875 0.32094065625 0.6988113125 0.314663384375 0.6967303125 0.3150906375 0.6954142921875001 0.3115871703125 0.694230990625 0.303191134375 0.7201186171875 0.3175377046875 0.724693040625 0.3259281953125 0.698911909375 0.3213667796875 0.69740866875
13 0.29241410156250003 0.7279194062500001 0.2897043984375 0.73625735625 0.29948325625 0.7394745875 0.3022599515625 0.7311193328125001 0.29241410156250003 0.7279194062500001
10 0.2648236953125 0.6791265875 0.2627983140625 0.6852382578125 0.2657148296875 0.6861521890625 0.2677165921875 0.6800296375 0.2648236953125 0.6791265875
10 0.20898033749999997 0.6828771687499999 0.20639670937500001 0.6909670328125 0.2120700265625 0.6928709890625 0.214666175 0.684814078125 0.20898033749999997 0.6828771687499999
10 0.15526030468750002 0.643512646875 0.1548458390625 0.6448410703125 0.14658578125 0.6421803796875001 0.1470559328125 0.6407541921875 0.1460295828125 0.640434546875 0.13759144375000001 0.6661797734375 0.1480197296875 0.6695944796875 0.1563193640625 0.6438292734375 0.15526030468750002 0.643512646875
7 0.26241519687500003 0.6863855546875001 0.259545003125 0.6954340046875 0.2667072015625 0.697737765625 0.2666166390625 0.6980139953125 0.27139459062500004 0.6996209203125 0.2709108234375 0.7011074015625 0.26694167968750004 0.6998664734375 0.2580760359375 0.727038203125 0.262105515625 0.728371634375 0.2616190296875 0.7299847265625 0.283988846875 0.7372862578125 0.299191815625 0.690224915625 0.2935397171875 0.6884158046875 0.2930845625 0.6897578359375001 0.27677190937499996 0.684352071875 0.27720994375 0.683056628125 0.26860376874999997 0.680234725 0.26620569843749997 0.687668946875 0.26241519687500003 0.6863855546875001
10 0.1446418109375 0.6698546265624999 0.1388608421875 0.6875280546875 0.141289375 0.688281778125 0.14696318749999998 0.6706991484375 0.1446418109375 0.6698546265624999
13 0.12289600625 0.66285039375 0.11714533906249999 0.6804138453124999 0.127722809375 0.683913303125 0.1334248328125 0.6663629984375 0.12289600625 0.66285039375
10 0.20666006874999998 0.6938064515625 0.204925971875 0.6992176406249999 0.215851415625 0.702644525 0.2175619765625 0.6973802296875 0.20666006874999998 0.6938064515625
10 0.222308384375 0.68718765 0.21968870156250003 0.695391453125 0.225359509375 0.6972326484375 0.2279658859375 0.6891474765625001 0.222308384375 0.68718765
6 0.24253818749999997 0.705443621875 0.237598184375 0.7208040625 0.257100053125 0.727211659375 0.261762346875 0.7127044234375 0.24253818749999997 0.705443621875
2 0.17403533437500002 0.7501815125 0.173539765625 0.7517075203125 0.17647298281249998 0.7526617078125 0.1871925671875 0.7197526859375001 0.1669716328125 0.71325838125 0.1562890171875 0.7461385390624999 0.15926633750000002 0.7470360359375 0.159706896875 0.745601384375 0.17403533437500002 0.7501815125
13 0.2952692078125 0.7191902265625 0.292580975 0.7275125359375 0.30237895937500003 0.730675009375 0.3050696515625 0.7224375578125 0.2952692078125 0.7191902265625
12 0.210368590625 0.640302440625 0.20249325625 0.6644948515625 0.23244853437500002 0.6742489328125 0.24034665937500002 0.6498481984375 0.210368590625 0.640302440625
13 0.3055034875 0.7222124890625 0.2997677328125 0.739825915625 0.31143920468749997 0.7435313703124999 0.31710711406250003 0.7260189968749999 0.3055034875 0.7222124890625
6 0.174451378125 0.6843201515625 0.16972050156250001 0.6987660250000001 0.1891838890625 0.7050906703125001 0.1938791015625 0.6906829453125 0.174451378125 0.6843201515625
8 0.2701544953125 0.783117025 0.27171704375 0.7782253921875 0.27066485 0.7779014890625 0.2839516359375 0.7373246234375 0.2256283515625 0.7182876390625 0.22193063125 0.729666121875 0.252096309375 0.7395026609375 0.2410157203125 0.773648965625 0.2448995203125 0.77491135625 0.2453544 0.7733989546875 0.265657615625 0.7800521046875 0.26522996875 0.7814439156249999 0.2701544953125 0.783117025
13 0.1309067609375 0.6754582109375 0.12817845781249998 0.6839108015625001 0.1379407375 0.6870325359375 0.1406809 0.6787092390625 0.1309067609375 0.6754582109375
2 0.194942940625 0.7570148 0.194560565625 0.7585154328125 0.1973778625 0.7594306859375 0.2080495734375 0.7265851953125 0.1879935546875 0.7199619968750001 0.1773239859375 0.7529349921875 0.1802636109375 0.75388985625 0.1807017546875 0.7524492328125 0.194942940625 0.7570148
5 0.2017102 0.666995353125 0.1950849203125 0.687384590625 0.2054432671875 0.690750746875 0.2084696546875 0.68123065625 0.23599962031250002 0.6901753375 0.2328960359375 0.6997299453125 0.24330184843749997 0.7030184265625 0.25086753125 0.679732621875 0.2343256609375 0.67435749375 0.23337524687500003 0.6772838703125 0.2017102 0.666995353125
12 0.4180208296875 0.1513664171875 0.4073026171875 0.18435256093750002 0.4165745890625 0.1873649046875 0.42726643906249995 0.1545055390625 0.4180208296875 0.1513664171875
10 0.45695342187500004 0.20894275156250003 0.45496994218750003 0.2152852109375 0.4593824234375 0.21659321562499997 0.46140568125000003 0.2104439765625 0.45695342187500004 0.20894275156250003
13 0.37030559375 0.22288750781250002 0.3634625703125 0.2439952921875 0.3736572234375 0.2470499484375 0.3803925203125 0.22618609374999998 0.37030559375 0.22288750781250002
3 0.3679202640625 0.0941162890625 0.36817026249999996 0.0851284015625 0.36923645625 0.0848333953125 0.36936525625 0.078227746875 0.3497305671875 0.08262977031249999 0.34879550625 0.10458292656249998 0.36890060625 0.0997108609375 0.3690562046875 0.0941491421875 0.3679202640625 0.0941162890625
7 0.45611761250000005 0.2269878125 0.4589974078125 0.21789541093749998 0.4536647875 0.21620391875 0.45614651093749997 0.2087137609375 0.45204133906250005 0.2073357421875 0.4515299640625 0.20881663593750002 0.437189375 0.20413881093750003 0.4376834875 0.20266981093749997 0.42954570781249996 0.20007082656250003 0.4138929375 0.24806320468749998 0.44033194375000007 0.25682355 0.44054012656249997 0.256227840625 0.44514417812499996 0.257832384375 0.45528418125 0.22676097031250003 0.45611761250000005 0.2269878125
3 0.45602714375 0.23870505937500003 0.4505410140625 0.25566961718750003 0.4600425625 0.25868756406250004 0.46549798124999997 0.2418188390625 0.45602714375 0.23870505937500003
13 0.46545133125 0.28124180625 0.4710955859375 0.2638305828125 0.4604298703125 0.2603656171875 0.45480058593750006 0.2779956359375 0.46545133125 0.28124180625
5 0.40858610781250004 0.1465561 0.41066943437500003 0.1472336890625 0.3993749265625 0.1817776984375 0.38525746562499996 0.17731781562499999 0.38166810624999997 0.1883670765625 0.355060984375 0.194476403125 0.3546858328125 0.20836692031249998 0.37310516875 0.20416410468750001 0.380892684375 0.206774446875 0.3790470390625 0.2124585015625 0.3888126234375 0.21568233281250002 0.39593235937500004 0.1937703984375 0.412742246875 0.19915519375 0.41657304218749996 0.187365121875 0.4073010703125 0.184352778125 0.41802552187500003 0.1513436671875 0.4272683296875 0.1544516265625 0.432238759375 0.13892596875000002 0.41313607656249995 0.1326642359375 0.40858610781250004 0.1465561
10 0.4535631578125 0.2378001109375 0.4468315984375 0.25847725312500003 0.4485757671875 0.25904314375 0.455237990625 0.2383441890625 0.4535631578125 0.2378001109375
2 0.379805996875 0.262317790625 0.3685084953125 0.29710994375 0.37148285468750003 0.2981435515625 0.3718766953125 0.29684800624999996 0.3862180625 0.30147523125000003 0.3858173296875 0.3027891015625 0.388694728125 0.30370537343750004 0.403423096875 0.2583753703125 0.397010071875 0.25632765 0.393659096875 0.26671542187499997 0.379805996875 0.262317790625
2 0.44177157187500005 0.25818645625 0.423365765625 0.314915759375 0.426251209375 0.3158892828125 0.4266567515625 0.3145984046875 0.44502099843750004 0.3205457875 0.44465435781249996 0.3218327765625 0.45251696093750005 0.32446096562500004 0.4659778125 0.2830344171875 0.4430818171875 0.2755591125 0.4480917328125 0.260258271875 0.44177157187500005 0.25818645625
13 0.4502762265625 0.25725470625 0.44756117968750003 0.2656107640625 0.457370865625 0.268777903125 0.46009381562499996 0.260444403125 0.4502762265625 0.25725470625
10 0.46253559843750003 0.210793246875 0.4541211625 0.23641522343750002 0.46595777812500005 0.24018425312499997 0.46882073750000003 0.2312078234375 0.4698870234375 0.2315534125 0.47525075 0.21487429374999997 0.4720421234375 0.21385783125 0.4715764625 0.21534965625 0.46327352499999996 0.212597165625 0.46373884062500004 0.211159034375 0.46253559843750003 0.210793246875
2 0.2866989453125 0.131561084375 0.286522890625 0.1383469390625 0.32630280156249997 0.1292123734375 0.3272919875 0.08770513437500001 0.2875621578125 0.096679609375 0.2873551828125 0.10491828125 0.2884450046875 0.104825075 0.287884196875 0.131091559375 0.2866989453125 0.131561084375
13 0.340712615625 0.12588389687499998 0.340848809375 0.1213741796875 0.347587440625 0.1198669875 0.34799369687500004 0.100258684375 0.3279826296875 0.10468835781250001 0.32737966875 0.128791215625 0.340712615625 0.12588389687499998
4 0.388924746875 0.1551132109375 0.3828431921875 0.173690390625 0.3985417953125 0.1787911453125 0.40455567812500004 0.16023767656250001 0.388924746875 0.1551132109375
2 0.406312028125 0.199814334375 0.3936404296875 0.23893042968749997 0.41384324687499996 0.2452284703125 0.42864678906250003 0.1997821859375 0.42667029218749997 0.19915743125000002 0.42622714687499996 0.20056246562500002 0.417947753125 0.1978540015625 0.41842556562500005 0.1964598734375 0.4157820421875 0.195602246875 0.413637653125 0.20215824062499999 0.406312028125 0.199814334375
6 0.3277865953125 0.176617209375 0.32719549375 0.19968175 0.3401449125 0.196739971875 0.3407137671875 0.1737416734375 0.3277865953125 0.176617209375
6 0.3926306234375 0.2394021203125 0.4055578265625 0.19953375625 0.3968312546875 0.1966972171875 0.389750015625 0.218490134375 0.38780143749999996 0.2179293046875 0.38234806875 0.23486874531250002 0.38509163750000003 0.23565235312500002 0.38470034062499997 0.2368986265625 0.3926306234375 0.2394021203125
6 0.340527375 0.21261940625000003 0.3406224453125 0.2089959125 0.3527917765625 0.20656612187499998 0.353027840625 0.19505404531249998 0.3265659046875 0.20106249687500002 0.326218653125 0.21229987343749998 0.3271164015625 0.21213110156249998 0.32710063749999996 0.2156677125 0.340527375 0.21261940625000003
2 0.38325303125 0.25186129375 0.3802994921875 0.26102401875000003 0.3931739734375 0.26529568281250004 0.3961354 0.25606558125 0.38325303125 0.25186129375
10 0.35471255468749996 0.2097358984375 0.354090759375 0.23357001249999998 0.36258155468750003 0.23154044687500003 0.363140596875 0.2078997609375 0.35471255468749996 0.2097358984375
13 0.609820196875 0.2953304015625 0.6040695296874999 0.31289385468750003 0.614645234375 0.31639198125 0.6203474765625 0.298843225 0.609820196875 0.2953304015625
2 0.703568615625 0.396554184375 0.703207009375 0.39805663125 0.7059911859375 0.3989607609375 0.716733034375 0.366075434375 0.696728671875 0.3595727828125 0.6860435625 0.3924801140625 0.6888717390625 0.3933717484375 0.689324578125 0.39197955156250003 0.703568615625 0.396554184375
3 0.8082909718750001 0.329888678125 0.807864846875 0.33129132031249997 0.8015858109374999 0.32920899062500003 0.80201328125 0.32789451875000003 0.7985146734375 0.3267121109375 0.790117090625 0.3525999546875 0.8044603484374999 0.3571732671875 0.8128523859375001 0.33139191874999996 0.8082909718750001 0.329888678125
13 0.6178309515625 0.30793821875 0.6151044125 0.316392140625 0.6248664749999999 0.3195123265625 0.62760685625 0.311190578125 0.6178309515625 0.30793821875
11 0.67954745625 0.288057021875 0.6745923734375 0.30334384375 0.68446083125 0.30651376875 0.689366828125 0.291337984375 0.67954745625 0.288057021875
4 0.7288989640625 0.28301139062499997 0.7219454984375 0.30448971406249997 0.7386153828124999 0.30983264843749997 0.7455210921875 0.2884635984375 0.7288989640625 0.28301139062499997
10 0.796481028125 0.3260512078125 0.7959863125 0.3274934703125 0.7877096015625 0.324770428125 0.7881518265625 0.3233813 0.7871081640625001 0.3230956453125 0.7787940015625 0.3488360703125 0.7891572671875 0.35208003906249996 0.7975003187499999 0.326365534375 0.796481028125 0.3260512078125
13 0.6207299921875 0.2991287046875 0.6179921453125 0.3075021671875 0.627704309375 0.3106041203125 0.6304308828125 0.30233006875 0.6207299921875 0.2991287046875
10 0.6421844953125 0.27599265625 0.6417700296875 0.27732107968749997 0.633509971875 0.2746603890625 0.6339801234375 0.2732342015625 0.6329520093750001 0.2729132265625 0.6245140874999999 0.2986599984375 0.634943703125 0.302072940625 0.6432420078125001 0.2763095 0.6421844953125 0.27599265625
2 0.7246329499999999 0.40345853906249995 0.724229065625 0.40489592500000005 0.7270600953125 0.40579662499999997 0.737722721875 0.3728640515625 0.7175823890624999 0.36639313125 0.7069503734375 0.3992740671875 0.7098884765625 0.4002181 0.7102963765625 0.3987643703125 0.7246329499999999 0.40345853906249995
11 0.7410393484375 0.30792674999999997 0.7360858125 0.3232133546875 0.74595250625 0.32638195 0.7508569546875 0.3112063828125 0.7410393484375 0.30792674999999997
5 0.688634390625 0.2994753625 0.6820091109375 0.3198646 0.6923659109375 0.32323097343749996 0.6953938453124999 0.313710665625 0.7229238109375 0.3226553453125 0.7198202265625 0.332209953125 0.7302244906250001 0.335498653125 0.7377917218750001 0.31221262968749997 0.7212498515625 0.306837503125 0.7202994375 0.3097638796875 0.688634390625 0.2994753625
10 0.6315677671875 0.302335965625 0.625786796875 0.3200093921875 0.6282135656250001 0.3207617859375 0.6338873781250001 0.30317915625 0.6315677671875 0.302335965625
10 0.71585721875 0.32194125156250003 0.7131987953125 0.32998166875 0.718889475 0.3318295375 0.72152515 0.323784428125 0.71585721875 0.32194125156250003
2 0.7796422140625 0.41690073437499997 0.7792548046875 0.418185909375 0.7841355562500001 0.41977207656250004 0.7979325375 0.3773578859375 0.772998003125 0.3690409109375 0.759142265625 0.41154225312500003 0.7650215140625 0.41345197968749997 0.7654036953125 0.41223065468750003 0.7796422140625 0.41690073437499997
7 0.6657223484375 0.303348671875 0.661750790625 0.315529321875 0.6789881656250001 0.32114909687500004 0.682987590625 0.30876256562500004 0.6657223484375 0.303348671875
7 0.7359394984375001 0.32614663906249997 0.731904075 0.3382321265625 0.7491599843750001 0.343961325 0.7529733656250001 0.331957534375 0.7359394984375001 0.32614663906249997
10 0.7025643234375 0.3176226734375 0.699957946875 0.3257078453125 0.7056378718749999 0.327524090625 0.7082139296875 0.319458959375 0.7025643234375 0.3176226734375
10 0.6935860234375 0.326287790625 0.6918501625 0.3316976484375 0.702777153125 0.335124315625 0.7044877140625 0.3298600203125 0.6935860234375 0.326287790625
8 0.7570786875 0.4155970328125 0.758641234375 0.41070540156249996 0.7575890421875 0.4103814984375 0.7708742796875 0.3698048484375 0.7125525421875001 0.350767646875 0.7088563703124999 0.3621459125 0.7390205 0.3719826703125 0.7279383640625 0.4061291921875 0.73182680625 0.40739092968749996 0.7322803546875 0.40588029375 0.75258180625 0.4125321125 0.7521541593750001 0.413923925 0.7570786875 0.4155970328125
6 0.66137556875 0.3168001609375 0.6566446921875 0.3312460328125 0.6761080796875001 0.3375706796875 0.6808032921875 0.3231629546875 0.66137556875 0.3168001609375
6 0.6819436390625 0.322519865625 0.677071734375 0.33766876875 0.6874994171875 0.3410567375 0.6924508125 0.32593453125 0.6819436390625 0.322519865625
13 0.6915877921875 0.333288709375 0.684650359375 0.35412890468749997 0.6947755843750001 0.3573968609375 0.7015426046875 0.33647805625 0.6915877921875 0.333288709375
6 0.7182282203125 0.334309765625 0.7133173312500001 0.349304784375 0.723700553125 0.352713203125 0.7286478578125 0.337640484375 0.7182282203125 0.334309765625
8 0.6422913968749999 0.378290521875 0.6533707734374999 0.3441917234375 0.683645396875 0.35392774843749997 0.6872181609375 0.3426930546875 0.6290487625 0.3236170875 0.6158262015625 0.36432535625 0.6148226265625001 0.3639993546875 0.6132614921874999 0.36875509375000004 0.6182026296875 0.370411665625 0.6186428296875001 0.368940775 0.638959203125 0.37554158437499996 0.6385174546875 0.3770126921875 0.6422913968749999 0.378290521875
10 0.7789859578125 0.35032541093749997 0.7731980546874999 0.3679382765625 0.7755389765625 0.3686411984375 0.7812002953125 0.3510145671875 0.7789859578125 0.35032541093749997
10 0.7061796921875 0.3303464640625 0.704480321875 0.335645478125 0.715341465625 0.3392660078125 0.717069825 0.3339487203125 0.7061796921875 0.3303464640625
2 0.660959525 0.382661521875 0.66046395625 0.38418752968750003 0.6633987218749999 0.3851414984375 0.6741152109375 0.3522329125 0.6538960421875 0.3457399375 0.6432132078125 0.3786185484375 0.646190528125 0.37951604375 0.6466328531250001 0.3780827234375 0.660959525 0.382661521875
3 0.6283561109375 0.271512659375 0.6278952515625 0.2728365578125 0.6216668578125 0.2708338921875 0.6220970968749999 0.2693707125 0.61757655625 0.26796744375000003 0.6091273109374999 0.293835725 0.6235746203125 0.2984196578125 0.631964 0.2726418390625 0.6283561109375 0.271512659375
13 0.7793367453125 0.3603996328125 0.776628371875 0.36873581718750004 0.786407446875 0.37195459531249997 0.7891841421875 0.3635993421875 0.7793367453125 0.3603996328125
10 0.709234340625 0.3196689890625 0.706614440625 0.3278712453125 0.7122837 0.32971265625 0.7148885296875 0.321627703125 0.709234340625 0.3196689890625
12 0.69729278125 0.2727824484375 0.6894174468750001 0.296974859375 0.719372725 0.3067289421875 0.7272708515625 0.28232820625 0.69729278125 0.2727824484375
13 0.7924276781249999 0.3546924984375 0.7866919234374999 0.3723059234375 0.7983636140625 0.37601292656249996 0.8040295390625 0.358497675 0.7924276781249999 0.3546924984375
10 0.695904528125 0.315357178125 0.6933191359374999 0.3234457125 0.6989942171875 0.3253509984375 0.701590365625 0.3172940875 0.695904528125 0.315357178125
13 0.7045897625 0.33746829843750004 0.697729928125 0.358389103125 0.7079328109375 0.3616145890625 0.7146462296875 0.34075222968749996 0.7045897625 0.33746829843750004
13 0.7821933984375 0.351670234375 0.779505165625 0.35999254375 0.7893031500000001 0.3631550171875 0.7919938421875 0.3549175671875 0.7821933984375 0.351670234375
7 0.749337840625 0.31886578125 0.746470740625 0.327913796875 0.753631609375 0.3302193203125 0.75354259375 0.3304953328125 0.758317234375 0.33210114687500003 0.757834796875 0.3335858640625 0.7538658703125 0.3323464828125 0.7450002265625 0.3595182125 0.749031471875 0.3608529734375 0.748543221875 0.3624647359375 0.7709114890625 0.36976648437500004 0.78611600625 0.322704925 0.7804639078125 0.3208958140625 0.7800105171875 0.322239175 0.7636961 0.31683208125 0.7641358984375 0.315537965625 0.755527959375 0.31271473437499997 0.753128125 0.320147625 0.749337840625 0.31886578125
2 0.6084532453125 0.36131909218749997 0.6080912703125 0.36259438125 0.61393023125 0.3643409390625 0.6277138640625 0.32196649375 0.6026336 0.313892478125 0.588907425 0.356361409375 0.5937689140625 0.3578666578125 0.59417213125 0.356626596875 0.6084532453125 0.36131909218749997
10 0.34858671874999997 0.12422659218750001 0.3486144859375 0.1252325171875 0.35418604062500003 0.1239761296875 0.35432916875 0.11981887656250001 0.341917053125 0.12260940468749999 0.341876790625 0.12564612343749998 0.34858671874999997 0.12422659218750001
0 0.465036596875 0 0.1210196640625 0.048348426562500005 0 0.4208074921875 0 0.534963403125 0.048348426562500005 0.8789803359375 0.4208074921875 1 0.534963403125 1 0.8789803359375 0.9516515734375 1 0.5791925078125 1 0.465036596875 0.9516515734375 0.1210196640625 0.5791925078125 0 0.465036596875 0
1 0.35448941875 0.1800357265625 0.3669547015625 0.1771856578125 0.3673548453125 0.1630912390625 0.3548708015625 0.16593132187499998 0.35448941875 0.1800357265625
13 0.3268715203125 0.217697478125 0.3265754890625 0.23167943750000003 0.3330477453125 0.23021915 0.33341640625 0.21617018125 0.3268715203125 0.217697478125
10 0.36352038593749997 0.11761986875 0.36336980625000004 0.12184759375000001 0.3683381 0.1207895953125 0.3684840875 0.11654042499999999 0.36352038593749997 0.11761986875
7 0.6558753609375 0.3306220296875 0.6647340453125 0.3034007875 0.6606267406249999 0.3020861828125 0.6611894796875 0.3004655296875 0.6732922125 0.3043991234375 0.67627455625 0.29510454531249997 0.672288584375 0.2938786046875 0.6747536640625 0.2865170140625 0.6663389093750001 0.2837660359375 0.6658457421875 0.28520808125 0.649475178125 0.27990670624999997 0.6500124484375001 0.278407971875 0.64431719375 0.27662859375000004 0.629081521875 0.3235919703125 0.6512818890625 0.33087787031250004 0.65181595625 0.3292328453125 0.6558753609375 0.3306220296875
6 0.7294639265625 0.3379234125 0.7245239234375 0.353283853125 0.744022696875 0.3596918859375 0.7486849906249999 0.34518464843749996 0.7294639265625 0.3379234125
2 0.6818686781250001 0.38949459062499997 0.6814865218749999 0.3909967703125 0.6843020531249999 0.39191069375 0.6949737640625 0.3590652046875 0.674917528125 0.3524404578125 0.664249725 0.38541478281249997 0.6671895671875 0.38637119375 0.6676261625000001 0.3849307890625 0.6818686781250001 0.38949459062499997
10 0.7517478859375 0.31160659687500003 0.7497242703125 0.3177195953125 0.752639021875 0.318632196875 0.754641 0.31251119374999997 0.7517478859375 0.31160659687500003
2 0.3259305984375 0.2479730703125 0.315434778125 0.2798471265625 0.317361828125 0.280546678125 0.3178352671875 0.279132653125 0.342264940625 0.28703460000000003 0.34179897187499997 0.2884680890625 0.345835628125 0.28985258125 0.35843204375000004 0.25124565312499997 0.34037120781249997 0.24529034218749998 0.3381471125 0.2518180921875 0.3259305984375 0.2479730703125
10 0.3818407703125 0.2250169078125 0.37885861875 0.23403217812500002 0.3814892859375 0.2348095640625 0.38700698125 0.21766542812499998 0.3728022125 0.2130221625 0.37017849687500004 0.2211523734375 0.3818407703125 0.2250169078125
10 0.3742296421875 0.20603519218750002 0.3728286578125 0.21042602812500003 0.3780634875 0.21207288281249997 0.3794342625 0.20784881249999998 0.3742296421875 0.20603519218750002
1 0.47604803437500004 0.215158284375 0.47140178125 0.2295102140625 0.48224199843750004 0.2330043015625 0.486872334375 0.2187524359375 0.47604803437500004 0.215158284375
10 0.3642822578125 0.207456875 0.363612178125 0.2313403765625 0.3650228578125 0.231049025 0.37327349062500004 0.20584453281249998 0.3727460296875 0.20565042656250002 0.3642822578125 0.207456875
10 0.382052334375 0.1761241421875 0.37825793750000003 0.1877465796875 0.3810171640625 0.187182075 0.38437071562499997 0.1769249046875 0.382052334375 0.1761241421875
13 0.326150490625 0.24640533437499998 0.33970074375000003 0.24336018125 0.33984687187499996 0.2292209921875 0.32637823125 0.2323304125 0.326150490625 0.24640533437499998
10 0.337699534375 0.2504072765625 0.3395417 0.2446984640625 0.328141815625 0.24721419218750001 0.337699534375 0.2504072765625
2 0.3589931609375 0.2554964296875 0.3475844625 0.2904067703125 0.350446128125 0.291244784375 0.3508838953125 0.2899698890625 0.365208025 0.294597959375 0.3647446734375 0.29594903125 0.367685803125 0.296824790625 0.3824979171875 0.2514956390625 0.376100075 0.2494773421875 0.37268028124999997 0.2600041703125 0.3589931609375 0.2554964296875
13 0.33374223281250004 0.2161196546875 0.33338546406249997 0.23018588593749997 0.3398765125 0.228623553125 0.34018543125 0.21460980312500003 0.33374223281250004 0.2161196546875
2 0.362352484375 0.2450333265625 0.3592948828125 0.2542864125 0.3721945140625 0.25847880624999997 0.375206465625 0.24928262656250003 0.362352484375 0.2450333265625
10 0.353985940625 0.16490069062499998 0.3461711375 0.166620665625 0.34594579375 0.17273023437499999 0.341680215625 0.17368000625 0.341062315625 0.1965763265625 0.3530813765625 0.19376214687499999 0.35309946718749996 0.1916342328125 0.35217360000000003 0.1918274703125 0.35239480156249997 0.18257855 0.3535648234375 0.1823936015625 0.353985940625 0.16490069062499998
13 0.44742587968749997 0.2660289765625 0.44471883593749995 0.2743633953125 0.45448591718750003 0.27760910625 0.4572230359375 0.269264146875 0.44742587968749997 0.2660289765625
8 0.37813799062500003 0.2364828828125 0.37461334218750003 0.24764454374999997 0.404697840625 0.25741991249999996 0.3896255375 0.30396270937500003 0.39170400625 0.30463940312500004 0.39217219999999997 0.303199290625 0.41801311406249997 0.31163344843749996 0.41753264218749997 0.31303110625 0.42183134375 0.314427684375 0.4404169953125 0.2568336859375 0.37813799062500003 0.2364828828125
2 0.316163215625 0.1792716421875 0.2854308578125 0.18602700156250002 0.285287478125 0.1900028359375 0.28643344531250003 0.1898039125 0.2858563609375 0.21058805937499997 0.28474373124999997 0.2107996546875 0.28478329375 0.21478606875 0.30093559375 0.21101231562499997 0.3008450421875 0.2170256265625 0.31541970468749997 0.21350041718749999 0.316163215625 0.1792716421875
7 0.353140759375 0.1635236671875 0.3530649671875 0.1646908859375 0.3674091578125 0.1614568375 0.36756917968749997 0.1529738859375 0.36647556875 0.15327590156249998 0.3669966 0.13236235937500002 0.3681773109375 0.1321411953125 0.368330815625 0.122051325 0.326901521875 0.131597571875 0.3260103328125 0.169749140625 0.3280359578125 0.16917413125 0.327920690625 0.175269809375 0.3450231890625 0.1714871640625 0.345305346875 0.16507455 0.353140759375 0.1635236671875
13 0.32819530625 0.0874188171875 0.32802329375 0.10322628125 0.34812826874999997 0.09870136093750001 0.3485587796875 0.083105290625 0.32819530625 0.0874188171875
6 0.3526016359375 0.2076831421875 0.34150194375 0.21024661875 0.340830115625 0.2353863390625 0.3521143125 0.23292316093749998 0.3526016359375 0.2076831421875
10 0.343100146875 0.2373362640625 0.3429083171875 0.2430892609375 0.3594033921875 0.2483447359375 0.36457558125 0.23242466093749997 0.343100146875 0.2373362640625
2 0.300338271875 0.212196028125 0.2847220875 0.21585499062500002 0.2845116171875 0.22573038906249998 0.285609184375 0.22553511093749998 0.2850651359375 0.2461726078125 0.28392456250000003 0.24662323125 0.2838439703125 0.2505855078125 0.31465777500000003 0.24357886718750002 0.3153843015625 0.21478661250000003 0.3001519375 0.21815653125 0.300338271875 0.212196028125
10 0.3674495078125 0.11429852968750001 0.3677582015625 0.10213563750000001 0.3688328015625 0.1019341203125 0.368828578125 0.10097222187499999 0.349035428125 0.1054817203125 0.34865059062500003 0.119842221875 0.35530097656250004 0.11836952187500001 0.355169525 0.123710103125 0.3624593875 0.12204970468750001 0.3626041625 0.11668042812499999 0.368458753125 0.115338503125 0.36846413125 0.1140407515625 0.3674495078125 0.11429852968750001
3 0.46975635625 0.231780053125 0.4609743921875 0.2588847984375 0.471628265625 0.262310403125 0.48027324687500006 0.235196509375 0.46975635625 0.231780053125
8 0.3242419828125 0.2480494484375 0.326870525 0.13162401875000002 0.2865418265625 0.1406148109375 0.2863771953125 0.1446078328125 0.28749744375 0.14434940937500002 0.2866077265625 0.1796148734375 0.285575840625 0.1798845453125 0.28541494843750004 0.183982759375 0.31725729375 0.1765254625 0.315597184375 0.2445260953125 0.283842540625 0.2517990796875 0.28383652812500004 0.2534740296875 0.2847883640625 0.25322980781250004 0.2845541921875 0.2652717765625 0.2834214296875 0.2656881671875 0.283420871875 0.2695350578125 0.2881259421875 0.2710275765625 0.28858634843750003 0.269610646875 0.31299615 0.2775059203125 0.31256614531250004 0.2790605828125 0.3139828390625 0.27942950781250003 0.3242419828125 0.2480494484375