10 0.40227523125 0.2177080953125 0.40460740156249997 0.213065559375 0.4014855703125 0.211452109375 0.39912894374999996 0.216094459375 0.40227523125 0.2177080953125
10 0.24502603281250002 0.6199895015625 0.257422253125 0.5957328234375 0.24795454687500001 0.5909175546875 0.23560668749999997 0.6151550328125001 0.24502603281250002 0.6199895015625
3 0.2877818015625 0.58194414375 0.28336234843749997 0.5907279421875 0.300623153125 0.5995701109375 0.279938084375 0.640091125 0.29696718125 0.6488029562500001 0.32212022500000004 0.5994579796874999 0.2877818015625 0.58194414375
1 0.1513977125 0.527855153125 0.15261639375 0.5254633578125001 0.15550197500000001 0.5269003156250001 0.1576706671875 0.52271285 0.1629234296875 0.525389265625 0.1697916609375 0.511974996875 0.164427025 0.5092152750000001 0.16463794375000002 0.5087703484375 0.1565727578125 0.50468548125 0.1563453171875 0.5050974390625 0.14952706875 0.5016181078125 0.1404819984375 0.519280575 0.142975425 0.5205510390625 0.1418049796875 0.5228481640625 0.1513977125 0.527855153125
10 0.2188465953125 0.5364892390625 0.22285093281249999 0.5286302828125 0.217443584375 0.525882115625 0.21341780625 0.5338038 0.2188465953125 0.5364892390625
8 0.189758528125 0.5974497000000001 0.1895386265625 0.5978812812500001 0.186556671875 0.5963443640625 0.18676611875 0.595909209375 0.13513183906249998 0.569659853125 0.1348693234375 0.5701819546875 0.11967317343749999 0.5623882734375 0.1107650625 0.579775059375 0.1127208609375 0.5808031546875 0.112791796875 0.580663934375 0.18807291875 0.6190057984374999 0.1702081796875 0.65409485625 0.1700999265625 0.654087046875 0.16787999375 0.6584886515624999 0.22165468437500002 0.6858408765624999 0.22457280625 0.6801378312499999 0.22452869999999997 0.6797804140625 0.2519630921875 0.6260440828125 0.247417565625 0.623728021875 0.2473649140625 0.62385200625 0.243910871875 0.622092084375 0.24406445781250002 0.621835396875 0.2333248140625 0.616301896875 0.23193110625000002 0.619013109375 0.189758528125 0.5974497000000001
10 0.29165205 0.5742588671875 0.298245896875 0.5612729703125 0.2917421265625 0.5579749171875 0.28516175625 0.5709343609374999 0.29165205 0.5742588671875
1 0.2826273171875 0.5723050171875 0.28797807343750004 0.5617966828125 0.278687415625 0.5570400578125 0.2788881640625 0.5566460656250001 0.27072655156250003 0.5524682265624999 0.27054193125000003 0.5528546546875 0.24671401718750002 0.5407733484375 0.246919021875 0.5403710046875 0.23136131875000002 0.5324299296875 0.2311747578125 0.5327960765624999 0.22432235312499998 0.5293975453125 0.21922772968749998 0.539396309375 0.20995871562500001 0.5346419453125 0.21083864062500002 0.5328736953125001 0.20907611875 0.5319756453125 0.2092849609375 0.5315279078125 0.19372436875000001 0.5235993890625 0.1935250375 0.5239905968749999 0.18873774062499998 0.5215811593749999 0.18054573125 0.5377001828125 0.18504223749999998 0.5400298484375 0.1846467 0.5408612015625 0.20067257968750002 0.548988215625 0.20105584687500003 0.5482084781250001 0.20882242031249998 0.552139440625 0.21521397343749998 0.5394748515625001 0.225946134375 0.5449817390625 0.22554274687500003 0.54574245625 0.241658303125 0.5539309453125 0.2420576734375 0.5531471375 0.263654365625 0.564121390625 0.24992273125 0.591050590625 0.2629041921875 0.597584309375 0.26978477968750003 0.5840150015625001 0.2816781203125 0.5900100765625 0.288975978125 0.57550825625 0.2826273171875 0.5723050171875
2 0.2274287484375 0.6809687125 0.2270043984375 0.6813610078125001 0.2248436875 0.6856016406250001 0.267249453125 0.707192675 0.2968709140625 0.649057284375 0.2546998671875 0.6273841765625 0.2274287484375 0.6809687125
10 0.157955146875 0.5789460531249999 0.1670617796875 0.5610904875 0.150653371875 0.5526335359375001 0.1415123703125 0.5705978515625 0.157955146875 0.5789460531249999
10 0.155451759375 0.5401427296875 0.16209865 0.5270733812499999 0.158173228125 0.5250890625 0.15152403125 0.5380941046875 0.155451759375 0.5401427296875
2 0.1116575890625 0.6298278765624999 0.1299498984375 0.594106165625 0.09421313906249999 0.5757711140625 0.075902928125 0.6116415328125 0.1116575890625 0.6298278765624999
10 0.2609532046875 0.5972110171875 0.24852647499999997 0.6216205 0.254512925 0.6246707484375 0.2653405984375 0.6034202421875 0.2610275703125 0.6012226453125 0.26265573125 0.5980960343749999 0.2609532046875 0.5972110171875
2 0.1519178625 0.6052362718750001 0.1336958390625 0.641088490625 0.16535916875 0.6572375453125 0.1676170609375 0.6528061796875 0.1675699984375 0.6526541859375 0.1835573921875 0.6213907359374999 0.1519178625 0.6052362718750001
1 0.0736560203125 0.6160065953125 0.0654799546875 0.6321425125 0.07437701249999999 0.6367389203125 0.074180546875 0.6371210656249999 0.092876946875 0.6466631390625001 0.0930897546875 0.6462454796875 0.10614136874999999 0.6529271750000001 0.1059329765625 0.65331551875 0.118243603125 0.6595723140625 0.11845712187499999 0.6591532625000001 0.129789478125 0.6649449234375 0.129573309375 0.6653450875 0.148277484375 0.674875340625 0.1484839078125 0.6744702109375 0.16388439999999999 0.682317153125 0.163677975 0.6827222828124999 0.204589203125 0.703553565625 0.2048103640625 0.7031401625 0.2200885734375 0.7109861765625001 0.21988144062499998 0.7113926968750001 0.2353516734375 0.7192576390625 0.235588528125 0.7187101874999999 0.23585688437500002 0.7187995734375 0.2451855734375 0.70050475625 0.2292103703125 0.6923299109375 0.22877498125 0.6931637578125 0.2233223265625 0.69030833125 0.222525875 0.69185080625 0.2132243890625 0.687139521875 0.21363492343749999 0.6863578953125 0.1721911671875 0.6652570296875 0.1718256609375 0.6659984671875 0.1570100984375 0.6585144453125 0.1574179796875 0.6577139328125 0.1382291078125 0.647964771875 0.13784479375 0.6486983796875 0.1269590671875 0.6431693625 0.12735347187499999 0.6423953 0.1144945828125 0.6358240796875 0.1140923765625 0.6366134546875 0.101648521875 0.6302326609375 0.1020336515625 0.6294836859374999 0.0827754875 0.61965713125 0.08236915624999999 0.6204373921874999 0.0736560203125 0.6160065953125
11 0.528625575 0.8387062625 0.5227105125 0.8502773671874999 0.5235449890625 0.8507218453125001 0.5210061703125 0.855615075 0.5399423390625 0.8653301734375001 0.5491657578125 0.84718689375 0.5302477609375 0.837563475 0.5294400109375 0.8391212375 0.528625575 0.8387062625
3 0.5505576421875 0.7375696703125 0.5504315609375 0.737793025 0.5766235 0.7511612828125 0.5612356359375 0.781416734375 0.578346925 0.79016343125 0.6001265890624999 0.7474872671874999 0.55597278125 0.724931909375 0.5497059546874999 0.7371830625 0.5505576421875 0.7375696703125
2 0.4471556328125 0.7506081921875001 0.43030183906249997 0.7836993921875 0.4588936875 0.7983220296875 0.4611576015625 0.7938341078125 0.46110534062499997 0.7936303625 0.475670075 0.7651177359375 0.4471556328125 0.7506081921875001
10 0.4614769484375 0.70491393125 0.469525759375 0.688879771875 0.46146354218749996 0.6847718671874999 0.453305934375 0.7006857078125 0.4614769484375 0.70491393125
13 0.5455397875 0.747765378125 0.5363285671875 0.76577458125 0.560646321875 0.7781335328125001 0.5721536015625001 0.7557281921875 0.5572655390625 0.748221259375 0.55505128125 0.7526117265625001 0.5455397875 0.747765378125
11 0.25606927968750004 0.729128115625 0.265601821875 0.7103988 0.2469221015625 0.7008687328125001 0.237405034375 0.7195848875 0.25606927968750004 0.729128115625
1 0.3243586 0.595020178125 0.33262479375 0.57888634375 0.3256896078125 0.5752544859375 0.325816821875 0.5749738390625 0.31776101562500003 0.5708499109375 0.31761346874999996 0.5711394875 0.29976777499999996 0.5621132906249999 0.291545078125 0.5783166359374999 0.3069842578125 0.5862218703125001 0.3058448671875 0.5884787031250001 0.3154619296875 0.5934104062500001 0.3165768390625 0.5911568828125 0.3243586 0.595020178125
13 0.270194771875 0.5870788203124999 0.263583125 0.599924125 0.2678421953125 0.602141578125 0.25615795937499997 0.6250284390624999 0.27945615 0.636931025 0.29775889375000003 0.6011234421875 0.270194771875 0.5870788203124999
10 0.43147508125 0.7403475953124999 0.44061674531249995 0.7222959359375001 0.42425945 0.7139176359375 0.41508390312500004 0.7319222203125 0.43147508125 0.7403475953124999
6 0.4480230203125 0.7239810421875 0.45210993593750004 0.726047646875 0.45134417187500003 0.7275058015625 0.4644953421875 0.7342364703125 0.4828186125 0.6979342984375 0.46984330312499994 0.6913265546875 0.46181581875 0.7070366375 0.457726596875 0.7049057265625 0.4480230203125 0.7239810421875
13 0.4414575890625 0.7196923328125 0.45801204687499997 0.6870027624999999 0.44237520156250004 0.6789933031250001 0.425775721875 0.7116301234375 0.4414575890625 0.7196923328125
10 0.48457275781250003 0.7013164875 0.4836869265625 0.7030343796875 0.50556670625 0.714182684375 0.5077408953125 0.7099155984375 0.48792978906249995 0.699838871875 0.48794904062500005 0.6995119843750001 0.4858404390625 0.6984533796875 0.48438039687499995 0.7012500390625 0.48457275781250003 0.7013164875
2 0.3994353515625 0.762458703125 0.3980154109375 0.7654038125 0.3978520125 0.7654801375 0.3971825828125 0.7668593609375 0.4288918546875 0.783031825 0.445781375 0.749929015625 0.414146465625 0.733810225 0.39956380468749997 0.7624750515625001 0.3994353515625 0.762458703125
10 0.4884584515625 0.7464585593749999 0.5038603187499999 0.71619971875 0.48250652499999996 0.705354490625 0.4671093921875 0.735542090625 0.4884584515625 0.7464585593749999
8 0.44189368125 0.7229079875 0.4327183671875 0.740974065625 0.47655249375000003 0.7633893359374999 0.4767643796875 0.76300101875 0.47938255312500005 0.76431575625 0.46372933437499997 0.795098878125 0.4635850890625 0.7951376140625 0.46133844062499996 0.799560678125 0.5087828531249999 0.8237733953124999 0.50901305 0.82336635 0.5089351203125 0.8232301921875 0.5114794093749999 0.8182608359374999 0.5114453218749999 0.8181487703125001 0.5365503859375 0.768956465625 0.534942875 0.7680742671874999 0.53483064375 0.7682222578125 0.49132007031249997 0.7461735140625 0.49039383125 0.7479672671875 0.44189368125 0.7229079875
10 0.4467365109375 0.7227889203125 0.45601832968749995 0.7045929765625 0.452109953125 0.702664690625 0.4428818875 0.7207757906250001 0.4467365109375 0.7227889203125
1 0.5117991640625 0.82860886875 0.511383665625 0.829400240625 0.5096726546875 0.8285284374999999 0.5092085015625 0.8293774390624999 0.395037225 0.7712866890625001 0.38685464375 0.787452603125 0.3947116828125 0.79143316875 0.3944589125 0.7919602343750001 0.40997706406249995 0.79977243125 0.41021658906249997 0.7993333125000001 0.4264423078125 0.8076463234375 0.42621460312500004 0.8080932187500001 0.441775196875 0.8160217375000001 0.44199037187499995 0.8155684578125 0.45733604375 0.8233646703125 0.45711164687499994 0.82383605 0.49166686249999997 0.8414200140625001 0.49187470468749994 0.8410121 0.5029853375 0.8466469453125001 0.5027860078125 0.847038153125 0.5184877890624999 0.85505439375 0.5278164265624999 0.8367665640625 0.5117991640625 0.82860886875
10 0.5494433171875001 0.7397463328125 0.5464338 0.74552205625 0.5545517046875 0.7496583359375 0.556841121875 0.7452167281250001 0.5734910703125 0.7537055609375 0.5741617609375 0.752344515625 0.5494433171875001 0.7397463328125
2 0.5116971359375 0.8239150109375 0.550899996875 0.8439863171875001 0.57829779375 0.7902839484374999 0.5392095703125 0.7702079234375 0.5139536703124999 0.8197547671875001 0.5138315999999999 0.8197258890624999 0.5116971359375 0.8239150109375
1 0.5596506203125 0.697211521875 0.559851503125 0.6968000609375 0.5443786171875 0.6889162328125 0.5441778687500001 0.689310225 0.52155465625 0.677783121875 0.5217617890625 0.6773766 0.5136007265625 0.67321833125 0.5134191296874999 0.673574734375 0.5034613171875 0.6685167562500001 0.49038495156249995 0.694091084375 0.508943284375 0.703594375 0.5122469609375 0.6970864546875 0.534057984375 0.7083628140625 0.53364655625 0.7091702890625 0.5498151828125 0.7172718312499999 0.55018263125 0.7165506734375 0.6022917750000001 0.7431173906249999 0.6079796562500001 0.7320162453125 0.6019945453125 0.72897369375 0.6022434249999999 0.7284990078125 0.5941297171875 0.7244543015625 0.5939382421875 0.7248232078125 0.5709764671875 0.713065728125 0.570050984375 0.7149440421875 0.5612611265624999 0.7104022546875 0.5662901437500001 0.7005769921875 0.5596506203125 0.697211521875
7 0.506254190625 0.716684684375 0.491344009375 0.746057696875 0.5322916 0.7667935203125 0.5478810484375 0.7362181546875 0.548139421875 0.73633401875 0.5544102109375 0.7241129421875 0.5130811921875 0.7030863203125 0.5061670578124999 0.7166560718749999 0.506254190625 0.716684684375
7 0.23259944375 0.6175018046875 0.258309790625 0.566911621875 0.21622049843750002 0.5455151578125 0.1904968453125 0.595924953125 0.23259944375 0.6175018046875
13 0.1680240375 0.55851016875 0.1854106734375 0.5242665140625 0.16964844375000002 0.516296634375 0.1521616421875 0.550571671875 0.1680240375 0.55851016875
2 0.1876557953125 0.594052984375 0.2043106296875 0.5613040796875 0.2046394015625 0.5610752765625 0.206595246875 0.5571265796875 0.206771896875 0.5568693671875 0.2068665796875 0.556731725 0.1784001625 0.5421554609375 0.1592971328125 0.5794579734374999 0.1876557953125 0.594052984375
10 0.13233263906249998 0.640425471875 0.1506155484375 0.6046533765625 0.1314378203125 0.59481695 0.11317623750000001 0.63063323125 0.13233263906249998 0.640425471875
6 0.13916783593749998 0.524124403125 0.1350855484375 0.53212601875 0.1354266625 0.53229631875 0.12032829687499999 0.5619732734375 0.134866984375 0.5694775546875 0.13565668749999998 0.5679035828125001 0.1401423484375 0.5701891406249999 0.154281475 0.54205063125 0.1489603546875 0.5394498640625 0.153131578125 0.5312392859374999 0.13916783593749998 0.524124403125
11 0.8591884875 0.501297028125 0.8700287671875 0.48298853125 0.8513372171875 0.47032219687500004 0.8405604828125 0.48863676875 0.8591884875 0.501297028125
13 0.7679011109375 0.3329465046875 0.7793503890625 0.3105414234375 0.7476615234375 0.2944424875 0.7362530953124999 0.31680525312499996 0.7679011109375 0.3329465046875
10 0.6844716921875 0.2210159546875 0.6878672671875 0.2143689734375 0.6757770843750001 0.20816136875 0.6723638015625 0.21483966250000003 0.6844716921875 0.2210159546875
10 0.8786800593749999 0.372126665625 0.8749145125 0.37881486249999996 0.8825495140624999 0.38406065 0.885062153125 0.37976259218749997 0.9005724984375 0.39016794374999997 0.9019797890625 0.38778456875 0.8786800593749999 0.372126665625
8 0.754299096875 0.3289936046875 0.676971934375 0.289728478125 0.691743809375 0.26071639062499996 0.65788776875 0.24345009375 0.6240350734375 0.310337171875 0.6239146015625 0.3103739921875 0.6217139875 0.31462410625000004 0.654505228125 0.3314092375 0.6567679546875 0.3269855953125 0.6567352125 0.3267882875 0.666736978125 0.3071862515625 0.746116478125 0.34746553125 0.7995794625 0.3838444734375 0.7679714468750001 0.4372710015625 0.8213610828125001 0.47337056874999994 0.8635346640625 0.40155519218749997 0.8598300203125 0.3993922609375 0.8054746015625 0.363391578125 0.8052190078124999 0.36373833437499997 0.8028519062499999 0.3621201328125 0.80301238125 0.3617845328125 0.754299096875 0.3289936046875
7 0.8474442015625 0.306111609375 0.8413489109375 0.3162020046875 0.8354191375 0.312221396875 0.8283163953124999 0.32430967499999996 0.8343074187499999 0.328414434375 0.8269741421875001 0.3408622390625 0.8210344375 0.336901121875 0.8063537703125 0.36190703125 0.860431821875 0.398545003125 0.881178253125 0.36310396875 0.8746975609375 0.3585147234375 0.8893818546875 0.333859634375 0.8474442015625 0.306111609375
13 0.8738398249999999 0.38101698125 0.8635228937500001 0.398319 0.8860409640625001 0.4136628015625 0.8991711296875 0.3920475359375 0.88524283125 0.382656959375 0.8826781499999999 0.386998646875 0.8738398249999999 0.38101698125
3 0.627690928125 0.192542409375 0.599562696875 0.24774373125000002 0.6196268109374999 0.2579984734375 0.6338786390625 0.2301102875 0.6270365640625 0.226639859375 0.6409762265625 0.1992782875 0.627690928125 0.192542409375
10 0.8219282 0.3236448453125 0.817210075 0.3316381421875 0.826836325 0.33812123125000004 0.831887484375 0.3294295765625 0.8270371890625 0.3260217859375 0.8266661937500001 0.32674990625 0.8219282 0.3236448453125
10 0.64901563125 0.2386085984375 0.6459048562499999 0.244651890625 0.6522618687499999 0.24785938437500002 0.641706271875 0.26861721250000004 0.64282420625 0.269186828125 0.6564705125 0.2423597015625 0.64901563125 0.2386085984375
10 0.609012634375 0.3507236796875 0.6232440968749999 0.32257259375 0.6202621421875001 0.3210356765625 0.605971709375 0.3491304109375 0.609012634375 0.3507236796875
10 0.8908254437500001 0.33442683125 0.885123775 0.34403036249999996 0.89520791875 0.350857240625 0.89701746875 0.3476775 0.8924508765624999 0.3446387296875 0.8962479609375 0.33812267500000004 0.8908254437500001 0.33442683125
2 0.9013008953125 0.4272303796875 0.8659695187500001 0.40308516250000004 0.8351135562499999 0.4550184921875 0.8706992953125001 0.4791635453125 0.9013008953125 0.4272303796875
1 0.711835725 0.2628905203125 0.715545565625 0.255716240625 0.7294581421874999 0.2627594578125 0.745270509375 0.23181542500000002 0.7155724859375 0.21673087500000002 0.7117573421875 0.224153125 0.6926505828125 0.214449309375 0.6769715484375001 0.24513510312500003 0.711835725 0.2628905203125
1 0.7385374109375 0.35040790624999996 0.7120151109374999 0.40255721875 0.7144528484375 0.4037993078125 0.7632418953125 0.43691994218749997 0.7929514531249999 0.386510359375 0.7423813421875 0.3524489078125 0.7385374109375 0.35040790624999996
1 0.6938879671875 0.2608654375 0.6802018375000001 0.2880598265625 0.705352134375 0.301118296875 0.718508325 0.2752461921875 0.70887849375 0.2703395484375 0.709662521875 0.26877671406250003 0.6938879671875 0.2608654375
10 0.845960425 0.2939008453125 0.8377299734375001 0.307995878125 0.8422699484375 0.3111350734375 0.8472632859375 0.302512159375 0.863155803125 0.313478746875 0.8665828531249999 0.3078403609375 0.845960425 0.2939008453125
3 0.9026524578125 0.42500800156249996 0.9334599328125 0.3726501375 0.9186024953124999 0.3626739078125 0.8876754375000001 0.4151356828125 0.9026524578125 0.42500800156249996
2 0.6214148374999999 0.309202009375 0.64089616875 0.27112950625 0.63899505625 0.270169609375 0.6495340796875 0.24938580156249998 0.6432599953125 0.24620828593750002 0.647338271875 0.2380906390625 0.63471755625 0.23162674375 0.62001566875 0.260532446875 0.5986037484375 0.2496120078125 0.5612109281250001 0.3230408484375 0.6034669125 0.34457134843750004 0.621486178125 0.30928570624999996 0.6214148374999999 0.309202009375
2 0.7092596437500001 0.39852453906249996 0.736490196875 0.345036828125 0.7015555078125 0.3273647296875 0.674325803125 0.38074064218750003 0.7092596437500001 0.39852453906249996
10 0.7880078484374999 0.30067452499999997 0.7757604687499999 0.2923455953125 0.7315492625 0.269803078125 0.7312873234375 0.27034125468750003 0.7171746140625 0.2631504703125 0.7138798421875 0.26968221875 0.72145594375 0.273574 0.70681616875 0.30230617656250003 0.7345082671875 0.316430034375 0.7472203453125 0.2914364328125 0.7827659375 0.309547815625 0.7880078484374999 0.30067452499999997
6 0.803882540625 0.36029013593750003 0.818819359375 0.3352323625 0.8149658828125 0.3326077984375 0.8202729703125 0.32334158281250003 0.8067559125000001 0.3142727765625 0.7943955890625001 0.3343530515625 0.7906106296875001 0.331631875 0.7823094671875 0.3456522984375 0.7861692484375 0.348274815625 0.7853536046875 0.34967598906249997 0.799451353125 0.3592055140625 0.8002864953125 0.35772133125 0.803882540625 0.36029013593750003
13 0.6697535015625 0.246178109375 0.6817294234375 0.222608646875 0.6418020484375 0.20205945781249998 0.6296721953125 0.225931028125 0.6697535015625 0.246178109375
10 0.8984379875 0.3487064234375 0.8954771859375 0.3535880640625 0.8840103125000001 0.3459093453125 0.876805190625 0.35813660468749997 0.8820449187499999 0.36160954375 0.8822549875 0.3612764171875 0.884437171875 0.3626758921875 0.8808995734374999 0.36879280937500003 0.9038843812499999 0.3842358890625 0.91736973125 0.36148988125 0.8984379875 0.3487064234375
10 0.7812065703125 0.3442065125 0.788900028125 0.33125831250000004 0.775384053125 0.32213920156250003 0.7685033921875 0.33562605156249997 0.7812065703125 0.3442065125
10 0.7943296281250001 0.3321800078125 0.8054916453125 0.31282017500000003 0.7892807203125 0.3019140609375 0.7779635265625 0.32100368125 0.7943296281250001 0.3321800078125
1 0.8492315234375001 0.47044527187499996 0.8324815781250001 0.4596643421875 0.8225433000000001 0.476426275 0.83904659375 0.48775667812499995 0.8492315234375001 0.47044527187499996
1 0.63612704375 0.36389908593750003 0.6501790781250001 0.33627911718750003 0.6247352734375 0.32331485 0.6106714984375 0.35091656250000003 0.63612704375 0.36389908593750003
2 0.6730285796875 0.37985520781250004 0.7002020140625 0.32652778437499996 0.6683445328125 0.3103639796875 0.6411542796874999 0.3637898046875 0.6730285796875 0.37985520781250004
8 0.3680440453125 0.139674846875 0.3682632234375 0.1397988 0.366458459375 0.1432685734375 0.3368951671875 0.12820181718749998 0.3370432921875 0.1279283171875 0.32437486875 0.121489215625 0.29031205781249997 0.1882552046875 0.348512053125 0.2177429890625 0.373294259375 0.1691051703125 0.4762163984375 0.22176407031249998 0.48551223906249996 0.20365418281249997 0.3788212015625 0.1495641984375 0.380862215625 0.1455343890625 0.3811060890625 0.1456270828125 0.3950039265625 0.1183441578125 0.38217689374999997 0.1119031546875 0.3680440453125 0.139674846875
10 0.31757351875 0.2047041671875 0.3044264234375 0.230482703125 0.312805246875 0.23476770781249998 0.31634637187500003 0.2278178578125 0.3121586421875 0.22568410156250002 0.32172202968749997 0.206849503125 0.31757351875 0.2047041671875
10 0.46860346562500005 0.1918874515625 0.48240992812499994 0.1647666515625 0.46706570156250005 0.1569641609375 0.45322748281249997 0.1840337078125 0.46860346562500005 0.1918874515625
2 0.346554228125 0.07789438125 0.3259159171875 0.11842343749999999 0.3386163875 0.12487535937500001 0.3388204703125 0.12450235624999999 0.366929234375 0.13878590625 0.3871505796875 0.0989650546875 0.346554228125 0.07789438125
13 0.407005753125 0.15911121718750001 0.42756598749999997 0.1186493515625 0.40320761875000005 0.1063012734375 0.3823048703125 0.1466850703125 0.407005753125 0.15911121718750001
7 0.3727798 0.17105788125000002 0.3347563203125 0.24554549531249997 0.3696806328125 0.2632035390625 0.4076615125 0.188988828125 0.3727798 0.17105788125000002
1 0.3733112984375 0.05170625156250001 0.3614386703125 0.0455603953125 0.3470568234375 0.074006628125 0.3588019796875 0.080006865625 0.3733112984375 0.05170625156250001
10 0.432494878125 0.22262429843749998 0.44098520937499996 0.205961084375 0.4088794203125 0.1896444546875 0.40036295468749994 0.2062522671875 0.432494878125 0.22262429843749998
10 0.41659544843749996 0.1444513984375 0.407750621875 0.16178625468750002 0.42390677187500003 0.1698744265625 0.43268277031249996 0.15258516718749998 0.41659544843749996 0.1444513984375
2 0.49591445624999997 0.141979559375 0.483181421875 0.1668800625 0.48304973906250004 0.16682875 0.469964696875 0.192533684375 0.5093631359375 0.21252401875000002 0.535156703125 0.16192538125 0.49591445624999997 0.141979559375
2 0.39058417031250003 0.09587101718749999 0.38868210312499996 0.0997313765625 0.388457959375 0.09961716875 0.3831658671875 0.1100379015625 0.3959042109375 0.116563484375 0.4028062859375 0.10301740156250001 0.42488740312499995 0.11433843749999999 0.4346615375 0.094897490625 0.41298548906250004 0.0838828046875 0.43297297187500006 0.0446758125 0.3917602078125 0.0234313515625 0.3621053265625 0.08164265781249999 0.3640390890625 0.082627959375 0.3641338328125 0.082390390625 0.39058417031250003 0.09587101718749999
2 0.442196221875 0.20678856250000002 0.43382506249999997 0.2232178875 0.433921940625 0.22325146718750002 0.4143022515625 0.26169188125 0.4473583875 0.2784699390625 0.475306859375 0.223659275 0.442196221875 0.20678856250000002
10 0.4290322671875 0.116411771875 0.4345635125 0.10560083281249999 0.43175266562500003 0.10416863437499999 0.4262013515625 0.114953565625 0.4290322671875 0.116411771875
10 0.4323843734375 0.17403439999999998 0.4592542078125 0.12120989687499999 0.45220096249999997 0.1176651921875 0.42534460625000003 0.1704632421875 0.4323843734375 0.17403439999999998
1 0.32313512968749997 0.20765894999999998 0.31464090625 0.22437454375 0.3188535640625 0.2265385359375 0.3144660921875 0.23515976093750002 0.333027515625 0.24444016093749998 0.3459022890625 0.2192786859375 0.32313512968749997 0.20765894999999998
6 0.455577375 0.148797521875 0.4539405703125 0.1519583078125 0.4471978375 0.14856480156250002 0.433725596875 0.1749229625 0.43782921874999997 0.1769980796875 0.43692620312499997 0.17877034687499999 0.45102081250000003 0.185951909375 0.46537542500000006 0.157779396875 0.4644363484375 0.1573061734375 0.46604446718750003 0.1541500609375 0.455577375 0.148797521875
3 0.4355831484375 0.093161003125 0.45474046718750005 0.055610831250000006 0.4343884453125 0.045356698437499995 0.4152935515625 0.08278435625 0.4355831484375 0.093161003125
11 0.37542699218750003 0.04989776875 0.388630471875 0.0239638296875 0.375885478125 0.017485714062499998 0.3626599890625 0.043373365625 0.37542699218750003 0.04989776875
13 0.4347380890625 0.10929876406250001 0.41729302031250004 0.143323253125 0.4246758453125 0.147084990625 0.4252991875 0.1458857046875 0.43363535468750003 0.1500823390625 0.4504167875 0.1172260828125 0.4347380890625 0.10929876406250001
0 0.19359960468749998 0 0 0.3799606203125 0 0.8064003953125001 0.3799606203125 1 0.8064003953125001 1 1 0.6200393796875 1 0.19359960468749998 0.6200393796875 0 0.19359960468749998 0