2 0.510400096875 0.19292518281249998 0.5362219421875001 0.267914225 0.5608300015625 0.2592684609375 0.53501944375 0.18438573593750002 0.510400096875 0.19292518281249998
13 0.535846159375 0.1339186484375 0.555293721875 0.1902302078125 0.573714115625 0.183827259375 0.5543597328125001 0.1275874640625 0.535846159375 0.1339186484375
10 0.79657754375 0.6760361703125 0.8007126187500001 0.6880466984375 0.807391140625 0.6857105515625 0.8032803375 0.6737718234375001 0.79657754375 0.6760361703125
1 0.32937591875 0.24134149218749998 0.33936240156249997 0.23797124374999998 0.293403815625 0.104662675 0.2853236671875 0.10743396875 0.275853065625 0.0798832171875 0.266242665625 0.08318995312500001 0.285456234375 0.1390666046875 0.29328384218750003 0.1363568453125 0.2966899625 0.1462436453125 0.2945603296875 0.146995065625 0.3013261203125 0.16663115625 0.3034499 0.165933840625 0.32937591875 0.24134149218749998
2 0.234201459375 0.1390495109375 0.21661789374999998 0.0878488453125 0.1939986859375 0.1025379296875 0.20947277656250002 0.1474550234375 0.234201459375 0.1390495109375
3 0.3079697203125 0.298134384375 0.324479590625 0.3462558765625 0.354022446875 0.336117578125 0.3375072046875 0.2881542078125 0.3079697203125 0.298134384375
8 0.21134269687499999 0.152973809375 0.24996189531250002 0.2651892515625 0.28990674843750003 0.2516176671875 0.23022532343750002 0.0790120765625 0.2178667265625 0.08703784375 0.2374989671875 0.1439206703125 0.21134269687499999 0.152973809375
1 0.3597688734375 0.3387724015625 0.3725214515625 0.3344144 0.3535063484375 0.279187625 0.35073678125 0.28017577031249996 0.350288996875 0.27892394375 0.3403697125 0.282472259375 0.3597688734375 0.3387724015625
10 0.2770384359375 0.079519578125 0.28556740468749997 0.1042891859375 0.29247139375 0.101944484375 0.283911396875 0.0771242296875 0.2770384359375 0.079519578125
10 0.25051088906249996 0.13465460625 0.27616901718750003 0.126047928125 0.2629300234375 0.08759924531249999 0.23735487187499998 0.0964054171875 0.25051088906249996 0.13465460625
10 0.3099394390625 0.2505691796875 0.313313696875 0.260366753125 0.3232822921875 0.25700625625 0.3191780734375 0.24498873125 0.3102490828125 0.24803367187499997 0.3109873296875 0.2501774484375 0.3099394390625 0.2505691796875
10 0.32547744375 0.24851222968750003 0.33614315 0.2795328015625 0.351932915625 0.27409669999999997 0.34122240000000004 0.243090325 0.32547744375 0.24851222968750003
10 0.256129653125 0.0696828671875 0.25943645625 0.079287634375 0.28201044999999997 0.071554796875 0.278718453125 0.061944140625 0.256129653125 0.0696828671875
13 0.2935651515625 0.2562470078125 0.306964278125 0.2952176875 0.3333188359375 0.2861457015625 0.3241978453125 0.2596497015625 0.3130395625 0.26351637031249997 0.308717753125 0.250997390625 0.2935651515625 0.2562470078125
7 0.2526112140625 0.14025851250000002 0.2908347 0.251072803125 0.323929934375 0.23968578593749998 0.29214270625 0.147369 0.2844724328125 0.149933734375 0.2779985046875 0.131289290625 0.2526112140625 0.14025851250000002
11 0.26781005625 0.3704165890625 0.281264265625 0.3658451421875 0.2676529109375 0.326395609375 0.25425214218750003 0.33099196875 0.26781005625 0.3704165890625
2 0.28281354062499997 0.36052789218750003 0.323224528125 0.346612609375 0.292223328125 0.2566824390625 0.2518741875 0.2705724640625 0.28281354062499997 0.36052789218750003
10 0.23128916875 0.07884286562500001 0.2365050015625 0.09395779062500001 0.2577073578125 0.0866890625 0.2525036578125 0.0715383125 0.23128916875 0.07884286562500001
11 0.4835593484375 0.9975614671875 0.4971424390625 0.9929044609375 0.4835597921875 0.9534102015625001 0.4700258046875 0.9581284734375 0.4835593484375 0.9975614671875
8 0.47486791874999995 0.7858584125 0.473651421875 0.7862515812499999 0.4309572140625 0.6621840875 0.41743511875 0.666814525 0.453390109375 0.7709827453125 0.4126356953125 0.784876990625 0.4513544515625 0.8974264765625 0.5066541078125 0.8781535171874999 0.47486791874999995 0.7858584125
10 0.5258705406249999 0.8776239359375 0.529241003125 0.8874127953125001 0.5391823296875 0.88394145625 0.53507578125 0.8720092812500001 0.526178278125 0.8751027078125 0.5269211046875 0.877262140625 0.5258705406249999 0.8776239359375
10 0.5633335265625 0.907001840625 0.5620095234375 0.9031872218749999 0.5678210234375001 0.9010508250000001 0.5571727656250001 0.8701288437500001 0.5411964546875 0.8755444953125 0.553266346875 0.9105232359375 0.5633335265625 0.907001840625
1 0.4813306546875 0.95087271875 0.479313559375 0.9450154140624999 0.48094423906249995 0.9444538781249999 0.46540933593749995 0.8994402734375001 0.45141411875 0.9042028296875 0.46905136875000003 0.9551562421875 0.4813306546875 0.95087271875
13 0.5094565109375 0.8832549125 0.5229007578125 0.9222577734374999 0.54928025 0.9132385265625 0.5401394984375 0.886692015625 0.5289332578125 0.8905823765624999 0.52462310625 0.87806700625 0.5094565109375 0.8832549125
13 0.40218876718749996 0.622563696875 0.416461759375 0.6639328859375 0.44169310156249997 0.65524565625 0.4274937171875 0.6139180921875 0.40218876718749996 0.622563696875
10 0.4720408421875 0.69673565 0.4753482921875 0.7063586265625 0.49790410781250005 0.69855189375 0.4945949921875 0.6889952046875 0.4720408421875 0.69673565
10 0.4429132046875 0.6548408296875 0.44727861406249997 0.653269059375 0.4322314921875 0.609568871875 0.42783211093749995 0.6110825906249999 0.4429132046875 0.6548408296875
3 0.5238423109375 0.9252252734375 0.5405330875 0.9740154999999999 0.585140740625 0.9580735203125 0.5685770734375 0.9099925515624999 0.5238423109375 0.9252252734375
2 0.4987829953125 0.9878167078125 0.539033134375 0.9738344781249999 0.5081624812500001 0.8837524609375 0.467710284375 0.8975268296875001 0.4987829953125 0.9878167078125
10 0.49378048124999996 0.7089075109375 0.501503815625 0.7313349046875001 0.5068075203125 0.7295469046874999 0.4990733265625 0.7070855765624999 0.49378048124999996 0.7089075109375
10 0.453226115625 0.7234282484375 0.46644827031249997 0.761727640625 0.49205140781249995 0.7530448890625 0.47884397031250003 0.7146390593749999 0.453226115625 0.7234282484375
1 0.48021136875000003 0.7141311265625 0.5007121390625 0.7736394953125 0.5194156515625 0.7670470968750001 0.5074199234375001 0.7323518203125 0.5012364234375 0.7345006374999999 0.49272195781250006 0.7098222171875 0.48021136875000003 0.7141311265625
2 0.38758475937500003 0.7120906265625 0.410852809375 0.7797246015625 0.45017052656249995 0.766010678125 0.42694198281249995 0.698514996875 0.38758475937500003 0.7120906265625
2 0.36075895468749997 0.6342416796875 0.386569565625 0.70915604375 0.4260419234375 0.6956286078125 0.40022642656249996 0.620652209375 0.36075895468749997 0.6342416796875
6 0.467429971875 0.6958380359375 0.4667124875 0.69369754375 0.46853336562500003 0.693032984375 0.4589504125 0.6652030765625 0.45714697656250003 0.6658227734375 0.4532387078125 0.6545201031250001 0.43206371875 0.6618194984375 0.4462767859375 0.7031623953125 0.467429971875 0.6958380359375
10 0.44719041875 0.7058573906250001 0.4524070703125 0.7210481671875 0.4736670015625 0.7137849 0.468414675 0.6985334515625 0.44719041875 0.7058573906250001
7 0.46848022968749997 0.7672865171875001 0.5066541078125 0.8781535171874999 0.5522821984374999 0.8626238484375 0.5203815609375 0.7700434953124999 0.50051178125 0.7767449281250001 0.4941252515625 0.7582207203125 0.46848022968749997 0.7672865171875001
1 0.26546752812499996 0.3238595203125 0.1901106625 0.10506284218749999 0.1789235828125 0.1123278171875 0.2531601078125 0.32806816250000004 0.26546752812499996 0.3238595203125
10 0.5562149671875 0.24148111718749998 0.5621442 0.25878762499999997 0.5742109109375 0.2547017671875 0.56818628125 0.23729139687499998 0.5562149671875 0.24148111718749998
10 0.5709000203125 0.0640132046875 0.5742428421875 0.07379392968750001 0.5838620765625 0.07050940312500001 0.5804382421875001 0.060689996875 0.5709000203125 0.0640132046875
10 0.5576726187500001 0.0884709265625 0.561629703125 0.0998946671875 0.5915247015625 0.089449434375 0.5876312609375 0.07824705625 0.5576726187500001 0.0884709265625
10 0.5347529875 0.1310533359375 0.5471645015625 0.1269820328125 0.5353027546875 0.092533234375 0.522953196875 0.09678600937500001 0.5347529875 0.1310533359375
1 0.521333378125 0 0.5384883125 0.0497751125 0.5736700484374999 0.0375473109375 0.5641850015625 0.010080464062499999 0.54180635 0.0177870515625 0.5356914171875 0 0.521333378125 0
7 0.4879231578125 0 0.51973025625 0.091696884375 0.5728765734375 0.0736322875 0.5687575484375 0.061620651562499996 0.57922400625 0.058016953125000006 0.575635571875 0.04754244375 0.5373441875 0.060567503125 0.5165009234375 0 0.4879231578125 0
10 0.5695539578125 0.2369043828125 0.57553625625 0.25419505937500003 0.5964465390625 0.2470675671875 0.590471471875 0.22971630156249997 0.5695539578125 0.2369043828125
6 0.5796240187499999 0.197377334375 0.5757197171875 0.1861410203125 0.5559017640625 0.1929652953125 0.5597257484375 0.2040693234375 0.5586542859375 0.2044391015625 0.5689622203125 0.234182928125 0.58956481875 0.227089434375 0.5887566546875 0.2248494703125 0.59139580625 0.22385845468749999 0.58202846875 0.1965499140625 0.5796240187499999 0.197377334375
10 0.5734347734374999 0.1678707734375 0.58250324375 0.16461601875 0.5564088421875 0.0888314546875 0.5473052625 0.0920866546875 0.5734347734374999 0.1678707734375
1 0.4254508859375 0 0.5210671375 0.2776645796875 0.533316275 0.27358135156249996 0.4391015140625 0 0.4254508859375 0
4 0.5646170578125 0.1047529890625 0.583416653125 0.1591974984375 0.6120591640625 0.1492191109375 0.5934141640624999 0.0950729046875 0.5646170578125 0.1047529890625
5 0.598337646875 0.2402484015625 0.654787625 0.22046316093749999 0.6302145343750001 0.1490954046875 0.5736569328125001 0.1685686078125 0.598337646875 0.2402484015625
0 0.41632824218750003 0 0.27916830312499996 0.047228134375 0.0891360359375 0.17063653125 0.3747085140625 1 0.5836717578124999 1 0.720831696875 0.952771865625 0.9108639640625 0.8293634687500001 0.6252914859375001 0 0.41632824218750003 0
8 0.483656346875 0 0.4481913640625 0.0122766203125 0.48423369374999997 0.11685761406249999 0.5102343421875 0.107771396875 0.555338934375 0.23893869687499997 0.5689622203125 0.234182928125 0.4879044828125 0 0.483656346875 0
7 0.7868805531249999 0.67555749375 0.7721713359375 0.6330202609375 0.774426090625 0.632243478125 0.7667793296875 0.6099712953124999 0.7290751875 0.6226727484375 0.7515096765625 0.68801618125 0.7868805531249999 0.67555749375
10 0.75591405 0.787738315625 0.778019540625 0.8520788187500001 0.7876132609375001 0.848717709375 0.7654646609375 0.7843940218750001 0.75591405 0.787738315625
1 0.6713333484375 0.531445803125 0.671958084375 0.5332627359375001 0.7240736562500001 0.5153179078125001 0.714720603125 0.4881547234375 0.6606283796875 0.506779571875 0.6693353015625 0.5320670578125 0.6713333484375 0.531445803125
2 0.7913368875 0.7893884296875 0.800112046875 0.8148756640625001 0.8206293484374999 0.8078114796874999 0.802489990625 0.75518693125 0.779009103125 0.7632273890625 0.7883692875 0.7904101609375 0.7913368875 0.7893884296875
10 0.7291857453125 0.52206236875 0.73692461875 0.544459178125 0.7566458093749999 0.53782443125 0.7488986984375 0.5153919828125 0.7291857453125 0.52206236875
1 0.7899810046875 0.8479513875 0.8462442453125 0.828449503125 0.7963062812499999 0.683301303125 0.784123846875 0.6874958484375 0.8284383578125001 0.8162530796875 0.79933971875 0.8261401609375 0.7905511484375001 0.800615059375 0.7754060046875 0.80556919375 0.7899810046875 0.8479513875
10 0.7492024140625 0.546740209375 0.7551970546875 0.5641216140624999 0.7644554890624999 0.560855278125 0.7584479156249999 0.5435400265625 0.7492024140625 0.546740209375
10 0.6666832312500001 0.739553975 0.6741256265625 0.7613422 0.72154793125 0.7448429765625 0.7163689421874999 0.7296556875 0.6925618078125 0.737796228125 0.6904102328125 0.731625696875 0.6666832312500001 0.739553975
10 0.7261555484375 0.7142382296875 0.7340364609375001 0.7370402375 0.750062034375 0.731456590625 0.742240384375 0.708699934375 0.7261555484375 0.7142382296875
6 0.7616353203124999 0.764451353125 0.762577525 0.764126390625 0.7522056874999999 0.7340030109375 0.7349624875 0.7398575968750001 0.7490426828125 0.7806458875 0.7652604140625 0.7749765765625 0.7616353203124999 0.764451353125
3 0.6780347234375 0.680713121875 0.6935089343749999 0.7256562203125 0.7154997125 0.7180208046875001 0.7000605328125 0.6732636203125 0.6780347234375 0.680713121875
2 0.618533184375 0.5972335156249999 0.6496709843749999 0.687732640625 0.7147051140625 0.6652866234375 0.7041951359375 0.6348300359375 0.67933096875 0.6432937234375 0.6587004796875 0.5833647046875 0.618533184375 0.5972335156249999
9 0.6797931312500001 0.6402213484375 0.7032640859375 0.631961909375 0.6835636234375 0.5748420624999999 0.6600452109375 0.582867765625 0.6797931312500001 0.6402213484375
13 0.670747965625 0.7128583765625 0.67505199375 0.725450384375 0.6902994734375001 0.7201317015625001 0.6767904687499999 0.6810721531249999 0.6505334984375 0.69017391875 0.6596563625 0.7167301828125 0.670747965625 0.7128583765625
12 0.700669153125 0.8068546140624999 0.7226992234375 0.8709441421875 0.775658553125 0.8528239843750001 0.75355683125 0.788710190625 0.700669153125 0.8068546140624999
2 0.75479094375 0.6927246234375 0.778039253125 0.7604142687500001 0.801559859375 0.75231448125 0.7783080515624999 0.6848432234375 0.75479094375 0.6927246234375
10 0.7171859125 0.720981671875 0.722676628125 0.7368067671875 0.7313850703125 0.7337578703125 0.7245314765625 0.71403534375 0.7166197765625 0.7167102859375001 0.71796561875 0.72061878125 0.7171859125 0.720981671875
11 0.6070899437499999 0.559630771875 0.6173135984375 0.589319409375 0.6310917921875 0.585051771875 0.620819421875 0.5551618875 0.6070899437499999 0.559630771875
8 0.727049340625 0.66093670625 0.773578525 0.79566326875 0.7872327640625 0.7908203281249999 0.7290751875 0.6226727484375 0.755793475 0.6136272453125 0.725558959375 0.5258186578124999 0.67537523125 0.5430976624999999 0.7171993359375 0.664382275 0.727049340625 0.66093670625
10 0.6606254609375 0.7194618171875 0.664768759375 0.7315452546875 0.67468911875 0.72808753125 0.6705383203124999 0.7160872140625 0.6606254609375 0.7194618171875
13 0.7014279109375 0.67264950625 0.715752578125 0.7141900734375 0.7409549234374999 0.7056073765625 0.726700596875 0.6640919249999999 0.7014279109375 0.67264950625
1 0.6218847265624999 0.554475659375 0.6313131484375 0.5818581796875 0.6782950734375001 0.5658312484375 0.66888066875 0.53829244375 0.6218847265624999 0.554475659375
1 0.7653462796875 0.563503625 0.7547098375 0.56711524375 0.7473211562500001 0.545797028125 0.738397459375 0.548870203125 0.7568727390625 0.602390715625 0.7653478890625001 0.5994243875 0.79114666875 0.6742775 0.8022455656249999 0.6706636484375 0.7653462796875 0.563503625
10 0.5366237468749999 0.092100153125 0.54851078125 0.126536253125 0.5544724703125 0.12427251406249999 0.54270516875 0.0900064453125 0.5366237468749999 0.092100153125
2 0.486147646875 0.12249871406249999 0.509387909375 0.18984891718750002 0.534004521875 0.1814286203125 0.5108033671875 0.1140697875 0.486147646875 0.12249871406249999