2 0.2891489765625 0.321209959375 0.2892521015625 0.319708546875 0.30415505625 0.320952784375 0.30411999375 0.32250093281250003 0.3070712203125 0.32275913125 0.310081225 0.2883546140625 0.2890485765625 0.28641254531250004 0.2860701125 0.32094059375 0.2891489765625 0.321209959375
6 0.3366411046875 0.2757041328125 0.338072003125 0.25990465937499996 0.3271700734375 0.25900262343749997 0.3257591171875 0.2747175765625 0.3366411046875 0.2757041328125
5 0.3239343328125 0.231555228125 0.32366619218750003 0.23462008281250002 0.2904991359375 0.231718340625 0.2886305984375 0.253075821875 0.29947978124999997 0.25402500156249996 0.3002881234375 0.24406850468750002 0.329124846875 0.246591390625 0.328249340625 0.25659847812500003 0.33912794062499996 0.257462396875 0.3412618953125 0.2330711921875 0.3239343328125 0.231555228125
13 0.32328150624999996 0.2879237671875 0.32513087343749997 0.26608622656250003 0.31459125 0.26514844375 0.3126131765625 0.287076675 0.32328150624999996 0.2879237671875
2 0.39056870625 0.3255909421875 0.3906662296875 0.3243148984375 0.40558693124999995 0.32566107187500004 0.4054995265625 0.3270007390625 0.41061436406249996 0.3274482296875 0.41451565468749996 0.283017615625 0.3883475828125 0.2805227359375 0.384409421875 0.325052075 0.39056870625 0.3255909421875
4 0.341529534375 0.23056780625 0.3434510609375 0.2081923203125 0.3260265453125 0.20661925 0.324082353125 0.2291103875 0.341529534375 0.23056780625
10 0.3254720125 0.264481728125 0.3259594046875 0.2589108203125 0.314537915625 0.25785196718750003 0.314073209375 0.26339662812500003 0.3254720125 0.264481728125
10 0.3272579890625 0.256438028125 0.32801463124999997 0.24800469375 0.3220748203125 0.247485028125 0.3212963859375 0.2559164546875 0.3272579890625 0.256438028125
0 0.0418344125 0 0 0.4781695265625 0 0.9581655874999999 0.4781695265625 1 0.9581655874999999 1 1 0.5218304734375 1 0.0418344125 0.5218304734375 0 0.0418344125 0
2 0.21119752812499998 0.30995289375 0.21131110312499998 0.308654728125 0.226282490625 0.310013178125 0.22621681875 0.31133749375 0.232301328125 0.3117270875 0.23620063593750001 0.2673370796875 0.2099461984375 0.2651122640625 0.20612325937499998 0.30957953437499997 0.21119752812499998 0.30995289375
3 0.41633656406249997 0.2618818265625 0.41871358281250004 0.23487372343750001 0.41393050625 0.23443486875000003 0.4138307859375 0.23589736718749998 0.40724529687500005 0.235282 0.4073658171875 0.23390444999999999 0.40368682187499993 0.2335386625 0.40132883281250004 0.26065195 0.41633656406249997 0.2618818265625
13 0.40206987656250004 0.28034616562500003 0.4028964046875 0.2715801578125 0.3925826765625 0.2706778234375 0.3918187015625 0.2794100921875 0.40206987656250004 0.28034616562500003
10 0.3571730671875 0.2359862234375 0.35774530000000004 0.229571059375 0.35472414531249996 0.22934125 0.3541255875 0.235752540625 0.3571730671875 0.2359862234375
10 0.306413840625 0.25460028437500004 0.307131296875 0.24616665937499999 0.3011553921875 0.2455575703125 0.3004572765625 0.25402111875 0.306413840625 0.25460028437500004
10 0.23876960625 0.24632790937500001 0.241060178125 0.2193577296875 0.239957515625 0.2192863546875 0.23985174531250003 0.22067460625000002 0.23120473593750002 0.21994004843749998 0.23134183125000002 0.21844474531250002 0.2302698328125 0.21836350468750002 0.22783996874999998 0.24534816250000002 0.23876960625 0.24632790937500001
7 0.358656603125 0.22957079687499998 0.3579914015625 0.23735337343750001 0.3540092875 0.2369563609375 0.3532489203125 0.24641828281249997 0.3607456359375 0.2470522015625 0.36072030625 0.24734172187499998 0.3657357 0.2478322703125 0.36559951874999996 0.24938882499999998 0.36145344218750003 0.24907314375 0.358926621875 0.27754250156250004 0.3631537375 0.277935853125 0.363041178125 0.27961681562499996 0.38648016093750004 0.2816988296875 0.39070805937499997 0.23242355781250001 0.38479395156249996 0.2319328046875 0.3846517578125 0.23334296562499998 0.3675414890625 0.23174562812500002 0.36767621250000004 0.23038500625 0.358656603125 0.22957079687499998
10 0.23641511406250001 0.26605087968749996 0.237987959375 0.2476429140625 0.23553609375 0.2473421375 0.23387960468750002 0.26586355625 0.23641511406250001 0.26605087968749996
13 0.2222129578125 0.2648459953125 0.22382125468749997 0.2464630890625 0.21277267656249998 0.2454086296875 0.2111199015625 0.2638158765625 0.2222129578125 0.2648459953125
10 0.31229757187499996 0.2632726484375 0.312780059375 0.2577577765625 0.301352734375 0.25672978281250003 0.300880928125 0.2623914578125 0.31229757187499996 0.2632726484375
10 0.3203444375 0.255861403125 0.3210646171875 0.24739664687500001 0.31511153593749996 0.246759753125 0.3144046265625 0.2553417359375 0.3203444375 0.255861403125
6 0.3580142328125 0.27793165000000003 0.359294015625 0.26274791249999996 0.3389297234375 0.25999695312500004 0.337571771875 0.27607415468749996 0.3580142328125 0.27793165000000003
2 0.2671481140625 0.31925533281249996 0.2672555 0.3177589984375 0.2822467109375 0.318998409375 0.282106853125 0.320596990625 0.285179490625 0.3208658125 0.28822080156249996 0.286390315625 0.26705785312499997 0.284610946875 0.264044715625 0.3190512640625 0.2671481140625 0.31925533281249996
13 0.40291153749999997 0.2711203515625 0.40368080468749995 0.262488928125 0.3934018265625 0.26153003125 0.39265363125 0.27024329062499997 0.40291153749999997 0.2711203515625
12 0.32208096875000003 0.23187146250000001 0.3242882234375 0.20631972968749998 0.292930934375 0.2037614015625 0.29069949375 0.22910554843750003 0.32208096875000003 0.23187146250000001
13 0.4146325359375 0.2816099453125 0.416215090625 0.2632702734375 0.404053615625 0.2621717765625 0.4024267390625 0.2806236359375 0.4146325359375 0.2816099453125
6 0.28686396406250003 0.2716550484375 0.2881970984375 0.256560675 0.267835365625 0.25473063281249997 0.26647621718750003 0.26987135156250003 0.28686396406250003 0.2716550484375
8 0.3782388859375 0.3274923125 0.3781368703125 0.3289452 0.383311090625 0.3294668984375 0.383733675 0.3243498828125 0.38263480625 0.324270996875 0.386452590625 0.281745040625 0.3253417078125 0.2763154015625 0.3242989703125 0.2882339375 0.3559049203125 0.29103360624999997 0.35278861875 0.326796528125 0.3568574515625 0.3271525046875 0.35696075 0.3255773890625 0.3782388859375 0.3274923125
13 0.23287173437500003 0.2655871640625 0.23366967968750002 0.256861003125 0.22341358281249998 0.2558915609375 0.22265651718749999 0.26474207031249997 0.23287173437500003 0.2655871640625
10 0.7016371609375 0.23229106093750002 0.702745809375 0.21961915312500002 0.6872551953125 0.2181180328125 0.6862304859374999 0.2310137328125 0.7016371609375 0.23229106093750002
10 0.6755267625 0.2524608921875 0.6832910671875 0.2529943125 0.686500265625 0.218051984375 0.6785849749999999 0.21750535312500002 0.6755267625 0.2524608921875
2 0.66272096875 0.1646246125 0.6625678203125 0.1661420390625 0.649427390625 0.16499239999999998 0.6495400671875 0.1634714328125 0.6458080734375 0.1631198296875 0.6427226578125 0.198063578125 0.6616495 0.19955006718749999 0.664653703125 0.16485330625 0.66272096875 0.1646246125
10 0.668890109375 0.3303977921875 0.667410975 0.345906015625 0.6758553984375 0.3466793140625 0.6766335812500001 0.3383404046875 0.680318315625 0.338730221875 0.6809872968749999 0.331352640625 0.668890109375 0.3303977921875
8 0.6462300359375 0.249656215625 0.649421125 0.2117118234375 0.6666424734375 0.21340200625 0.6676486296874999 0.20141753125 0.6416254359375 0.1990953125 0.62398843125 0.1974769875 0.6195360453125 0.24738196562499998 0.6230377875 0.24774792968749998 0.623180640625 0.2461151046875 0.6427278484375 0.2478252625 0.6426390640624999 0.249342046875 0.6462300359375 0.249656215625
10 0.679163353125 0.1847200671875 0.679616440625 0.18079618749999998 0.66436923125 0.179363415625 0.6639727609375 0.1830883484375 0.679163353125 0.1847200671875
6 0.67567441875 0.2176428296875 0.6760120140625 0.214160565625 0.6763836999999999 0.21417896718749999 0.6764861703125 0.2134021296875 0.6772564890624999 0.2134177640625 0.6781231328125 0.20250803281250002 0.6688227609374999 0.2017476828125 0.667667678125 0.216994090625 0.67567441875 0.2176428296875
5 0.7128631859375 0.2332355671875 0.7134989140625 0.2274392296875 0.73876686875 0.2297706625 0.73983838125 0.2178279796875 0.7199908640625 0.216789515625 0.7209742625 0.20535201406249998 0.716364409375 0.204851459375 0.716572221875 0.2024761578125 0.70853639375 0.2018013453125 0.7083113046875 0.2042127796875 0.6802631859375 0.20142480312500002 0.6788462078124999 0.21611501875 0.7039077812500001 0.21836722343749998 0.702812515625 0.232356246875 0.7128631859375 0.2332355671875
8 0.7346173968749999 0.27702005937499996 0.7078905484375 0.27506760625000004 0.70999148125 0.2504084421875 0.7017629734375 0.24985636718749998 0.69637456875 0.3114461046875 0.7314066718750001 0.31459728125 0.731813109375 0.3096827546875 0.7307920109375 0.30959342031250003 0.7331488640625 0.28193734375 0.7342266421875 0.281970465625 0.7346173968749999 0.27702005937499996
10 0.6121862296875 0.1601814375 0.6012201875 0.1591875265625 0.600108634375 0.1713368796875 0.606028209375 0.171854775 0.6056116171875 0.176903303125 0.610827746875 0.1773941625 0.6121862296875 0.1601814375
6 0.7137235765625001 0.2372414234375 0.7110472984375 0.23730058281250002 0.7111087171875 0.23659857812500001 0.71064175 0.23655772343749998 0.71074735 0.2354941296875 0.7030361218750001 0.23480223125 0.7017961078125 0.2481151296875 0.712736425 0.24886524531249998 0.7137235765625001 0.2372414234375
10 0.7036950937500001 0.20242238750000002 0.7052842781249999 0.18178392031249999 0.6941416625 0.18065692656250001 0.692205275 0.20157086875000002 0.7036950937500001 0.20242238750000002
7 0.6254072500000001 0.161360084375 0.6192314078125001 0.1607774203125 0.6184219921875 0.1686665828125 0.6127483515625001 0.168170203125 0.612062871875 0.1756467234375 0.6126999109375 0.1756977515625 0.6123721640625 0.17962318593749999 0.6152064359375 0.17989154375 0.6146446890624999 0.1863123296875 0.62001355625 0.18670675781249998 0.620723340625 0.1778050578125 0.6256583765625 0.1782101546875 0.625600521875 0.179086571875 0.6212923296875 0.1788131734375 0.61955653125 0.1970578765625 0.6416254359375 0.1990953125 0.644831490625 0.1630594859375 0.6386572046875 0.16247695625 0.638471484375 0.1639005625 0.6252931312500001 0.162664478125 0.6254072500000001 0.161360084375
10 0.718564434375 0.233613590625 0.7189798671875 0.2292237171875 0.7143231265625001 0.22895433125000003 0.7138953953125 0.23330548437499998 0.718564434375 0.233613590625
13 0.6893138671875 0.2557923828125 0.700147484375 0.2567402 0.7021281187499999 0.2358583625 0.69122630625 0.23499084374999998 0.6893138671875 0.2557923828125
10 0.738289440625 0.23544282343749998 0.738660821875 0.23091107187499998 0.720698303125 0.22937406093749999 0.7202785515625 0.23386707499999998 0.738289440625 0.23544282343749998
2 0.6128648890624999 0.24686732656250002 0.617828740625 0.24730160781250002 0.6211817640625 0.208886725 0.6220363296875 0.1984198140625 0.6185340828125 0.19811340625 0.618948196875 0.19404338593749998 0.6138656203124999 0.1936394984375 0.6125472656250001 0.2080450390625 0.5980028234375 0.206772565625 0.5946337265625 0.245120165625 0.5994800796875001 0.2456963078125 0.5996900000000001 0.24406778125 0.6129035890625001 0.24522382031249998 0.6128648890624999 0.24686732656250002
7 0.6956674031250001 0.3179514125 0.6985596890625 0.28654178125 0.672877925 0.284243159375 0.672010828125 0.2929350375 0.6730641671875001 0.29297857031249996 0.6714762890625 0.3119169296875 0.670464528125 0.31182841250000004 0.6697155968749999 0.32078315156250004 0.6751827765625 0.32109364218750003 0.6744724453125001 0.32808333125 0.6824702171875 0.3289242078125 0.682924334375 0.3248451390625 0.6875873046875001 0.3253660265625 0.6883279046874999 0.31770768125000004 0.6818988874999999 0.3170965921875 0.682444365625 0.31046734531250003 0.6831490359375 0.3104803734375 0.682590028125 0.316457521875 0.6956674031250001 0.3179514125
2 0.311853440625 0.32315399375 0.31198090624999997 0.32169705937500004 0.32688785 0.3229494890625 0.3268718734375 0.3244946015625 0.32978885625 0.32474980468750003 0.33285695937500004 0.2902907671875 0.3119060125 0.28845465937500003 0.308893671875 0.3229217125 0.311853440625 0.32315399375
13 0.598807353125 0.2055724921875 0.611653359375 0.206627359375 0.6138873328125001 0.1813618578125 0.6009690578125 0.18002148125 0.598807353125 0.2055724921875
10 0.6795904671875 0.3469778578125 0.6801489000000001 0.3400391875 0.6775510109375 0.33981190156249996 0.6768025609375 0.346699440625 0.6795904671875 0.3469778578125
10 0.6176375296875001 0.167109475 0.6180373875 0.161839896875 0.6139371312499999 0.16139490625 0.61351445 0.1666922875 0.6176375296875001 0.167109475
10 0.7401996171875 0.23494334218750001 0.75211435625 0.23574263437499998 0.756555240625 0.18570019375 0.7444808375 0.18478968906249998 0.7401996171875 0.23494334218750001
10 0.6917625125 0.32601206562499996 0.6924662265625 0.3188649515625 0.689258440625 0.31858116875000003 0.6886042640625 0.3257357546875 0.6917625125 0.32601206562499996
10 0.691456571875 0.20150536562500002 0.693388465625 0.1806427890625 0.6820106781249999 0.17974774375 0.680202196875 0.200418784375 0.691456571875 0.20150536562500002
2 0.7364912765625 0.24452221562499998 0.7374993187500001 0.24447395156249999 0.7379800375000001 0.2389793140625 0.7149432890625 0.23699679843750002 0.7136648921875001 0.2508380484375 0.71099295 0.250632515625 0.709031275 0.27226574062500003 0.7348749984375 0.2745597109375 0.7358335515625 0.26326276718749997 0.73492541875 0.2631550828125 0.7364912765625 0.24452221562499998
2 0.675108609375 0.2590510875 0.6759662718749999 0.2591261234375 0.6743530734375 0.2775650640625 0.673387971875 0.277552778125 0.6729658374999999 0.2829694109375 0.6977479875 0.2849195515625 0.6999824484375 0.2582142390625 0.6753639484375 0.2561325484375 0.675108609375 0.2590510875
10 0.619099053125 0.19289278125 0.6195592921874999 0.1881162796875 0.6142365375 0.18767883125 0.6138109734375 0.1925430640625 0.619099053125 0.19289278125
12 0.721720890625 0.216395046875 0.73983838125 0.2178279796875 0.74265661875 0.185023775 0.7247237328125 0.1835066109375 0.721720890625 0.216395046875
10 0.6698269296875 0.3278290421875 0.673575209375 0.32810207812500003 0.673984928125 0.32248673125 0.6703855125 0.322143590625 0.6698269296875 0.3278290421875
10 0.6047822078125 0.17689975156249999 0.605078553125 0.1732256625 0.6000751046875 0.1725448046875 0.5997212453125 0.17632051875000002 0.6047822078125 0.17689975156249999
2 0.675969521875 0.21939709999999998 0.6662844859375 0.21858741249999997 0.666543278125 0.214768875 0.651167303125 0.2132840578125 0.647755925 0.24980226249999998 0.6559929171875 0.2504366390625 0.6561156171875 0.249034184375 0.669292721875 0.25006939687499996 0.6691342640625 0.251647528125 0.67318585625 0.251967490625 0.675969521875 0.21939709999999998
10 0.6456618484375001 0.76613925625 0.64414565625 0.7823578906249999 0.6514785046875 0.7830182546875 0.6528169703125 0.7678271015625 0.6489241453125 0.7675210296875 0.648999546875 0.7663544124999999 0.6456618484375001 0.76613925625
2 0.5518212984375 0.7267057703125 0.552815896875 0.7267394578124999 0.5497804453125 0.761398978125 0.5607207437499999 0.7623106453124999 0.5595874421875 0.77488785625 0.56753523125 0.775798078125 0.5690901578124999 0.75928011875 0.5734449484375 0.759612490625 0.5756562078125 0.7321146390625 0.5715194515625 0.731710371875 0.5727362125 0.7165477828125 0.5698332984375 0.7163110640625 0.5697794765624999 0.717750915625 0.5568108328125 0.7166994343749999 0.5569671515625 0.7151995390625 0.5527764390625001 0.7146948734375 0.5518212984375 0.7267057703125
7 0.5902402203125 0.7172839718749999 0.582990571875 0.7168379265625 0.5831004046875 0.71506261875 0.575761875 0.7145209625 0.5755713578125 0.71669858125 0.5758267499999999 0.71675543125 0.5757318125 0.7177509453125 0.576428971875 0.7177601796874999 0.5752708906249999 0.7309971171874999 0.5774664484375001 0.7310543140625 0.574942275 0.759636834375 0.57909951875 0.7599503546874999 0.57893979375 0.7613636859375 0.569992271875 0.7605322578125 0.5685400546875 0.7767188453125 0.5852122125 0.778483321875 0.5867667765625 0.760857990625 0.5919499859374999 0.7612769562499999 0.595835315625 0.7163116671875 0.5904258796875 0.7157176296875 0.5902402203125 0.7172839718749999
10 0.6730746421875 0.739742053125 0.674325871875 0.7254404328125 0.6721324328125 0.72521559375 0.670933815625 0.739471625 0.6730746421875 0.739742053125
4 0.596199246875 0.73267910625 0.61236628125 0.7341217703125 0.61420453125 0.7116762609375 0.5981024828125 0.7102079125 0.596199246875 0.73267910625
13 0.547578784375 0.7808451515625 0.557961528125 0.781908803125 0.5587165890625 0.773009496875 0.548444653125 0.7720418062500001 0.547578784375 0.7808451515625
11 0.6947302046875 0.740032125 0.7052475703125001 0.7410808906249999 0.7063732796875 0.7281422671875 0.6959895640625 0.7272510624999999 0.6947302046875 0.740032125
10 0.6963040484375 0.800082178125 0.699983625 0.8003695937499999 0.7003226875 0.795651503125 0.696731715625 0.795337334375 0.6963040484375 0.800082178125
13 0.5493496421875 0.7624686265625 0.548404334375 0.771624203125 0.5591016734375 0.7723907046875 0.5597444281249999 0.7634125593750001 0.5493496421875 0.7624686265625
2 0.6306503015625 0.8373628796875 0.6338053203125 0.8376044015625 0.6373272734375 0.7961112781249999 0.6306486640625 0.7956101046875 0.6302071390624999 0.8017324203125 0.6294255734374999 0.8016122828125001 0.6299149625 0.795462784375 0.618449559375 0.7945114515625 0.614777165625 0.8361106171875001 0.617843578125 0.8363788921875001 0.6179634921875 0.8347393546875 0.6307335796875 0.8358911000000001 0.6306503015625 0.8373628796875
13 0.6797864921875 0.7739258578125 0.67896374375 0.7830968625 0.689574228125 0.78390595625 0.690308878125 0.774953103125 0.6797864921875 0.7739258578125
3 0.537576378125 0.7602136265625 0.5489355265625 0.7611603687499999 0.5517387734375 0.7294418015625 0.54034865 0.7285801828125 0.537576378125 0.7602136265625
2 0.6737897703125 0.740585715625 0.6695737078125 0.740281165625 0.667132234375 0.767846709375 0.671383846875 0.768246909375 0.6699261234375 0.7846039796875 0.6780343703125 0.785275715625 0.6790823140625 0.7727239734375 0.69006248125 0.7737536265625 0.693042696875 0.739241415625 0.6941929515624999 0.739288721875 0.6950871140625 0.7272756265625 0.691020284375 0.7268429703125 0.6909605296875 0.72836856875 0.6780210890625 0.7272521984375 0.6781649562500001 0.7257512125 0.6750502328125 0.7254614562499999 0.6737897703125 0.740585715625
10 0.6356655921875001 0.762952775 0.6360652171875001 0.7577396421875 0.6214084109375 0.7564965499999999 0.6208984453124999 0.7616263109375 0.6356655921875001 0.762952775
13 0.6051421343750001 0.79200773125 0.6164057125 0.7930966859375 0.617948784375 0.77083395625 0.60748986875 0.7699597 0.6051421343750001 0.79200773125
13 0.619170034375 0.7931785484375 0.6300018015625 0.7940399390625 0.631721990625 0.7719040671874999 0.6211500484375 0.770905425 0.619170034375 0.7931785484375
6 0.5956812218749999 0.7616551578124999 0.5943384468749999 0.777702315625 0.60293368125 0.7784370484375 0.60288451875 0.7788734875000001 0.605623625 0.7790284296875 0.6071077687499999 0.76262034375 0.5956812218749999 0.7616551578124999
10 0.2818941421875 0.7625790765625 0.2823815328125 0.7570081703125 0.27096004375 0.7559493171875 0.2704953390625 0.7614939765625001 0.2818941421875 0.7625790765625
2 0.26827556874999997 0.82125134375 0.268403034375 0.8197944093749999 0.28330997812500003 0.8210468375 0.2832940015625 0.82259195 0.286210984375 0.8228471531249999 0.28927908750000003 0.788388115625 0.268328140625 0.786552009375 0.2653158015625 0.8210190609374999 0.26827556874999997 0.82125134375
7 0.3150787328125 0.7276681453125 0.3144135296875 0.735450721875 0.310431415625 0.735053709375 0.30967105 0.7445156328125 0.3171677640625 0.7451495515625 0.317142434375 0.7454390703125 0.322157828125 0.7459296203125 0.322021646875 0.7474861734375 0.31787557187500004 0.74717049375 0.31534875 0.7756398515625 0.319575865625 0.776033203125 0.31946330624999997 0.7777141640624999 0.34290228906250003 0.779796178125 0.3471301890625 0.7305209078125 0.3412160796875 0.730030153125 0.3410738859375 0.7314403140625 0.32396361875 0.729842978125 0.3240983421875 0.7284823546875 0.3150787328125 0.7276681453125
10 0.6136939781249999 0.7372682109375 0.616528228125 0.7374471625 0.617571859375 0.7253749953125 0.6148181390625 0.725082315625 0.6136939781249999 0.7372682109375
10 0.19519173437499998 0.744425259375 0.1974823078125 0.717455078125 0.19637964531250002 0.717383703125 0.1962738734375 0.7187719546875 0.1876268640625 0.7180373984374999 0.1877639609375 0.71654209375 0.1866919625 0.7164608546875 0.184262096875 0.7434455125 0.19519173437499998 0.744425259375
10 0.3471563234375 0.777658809375 0.3487075328125 0.7592113078125 0.34639515468750004 0.7590372328125 0.34471697031250004 0.7775018578124999 0.3471563234375 0.777658809375
8 0.21562796562500003 0.8151066078125 0.2155299 0.8166398328125 0.2194948921875 0.8170353468749999 0.2226196984375 0.781318653125 0.2543071328125 0.7839937 0.2552644359375 0.7722449265625 0.1942932125 0.766742809375 0.1905643671875 0.8093816359374999 0.18951680625 0.8092899859375 0.1890633609375 0.8142756875 0.194248690625 0.8147779671875 0.19434986875 0.813245015625 0.21562796562500003 0.8151066078125
13 0.2797036359375 0.786021115625 0.281553003125 0.764183575 0.2710133796875 0.76324579375 0.26903530625 0.7851740234375 0.2797036359375 0.786021115625
6 0.3144363625 0.7760290000000001 0.31571614375 0.7608452609375 0.2953518515625 0.758094303125 0.2939939015625 0.774171503125 0.3144363625 0.7760290000000001
4 0.2979516640625 0.7286651546875 0.299873190625 0.70628966875 0.28244867500000004 0.7047165984375 0.28050448125 0.7272077359375 0.2979516640625 0.7286651546875
10 0.28368011718749997 0.7545353765625 0.2844367609375 0.74610204375 0.27849694999999997 0.7455823765625 0.277718515625 0.754013803125 0.28368011718749997 0.7545353765625
3 0.3727586921875 0.7599791765624999 0.3751357125 0.7329710734375 0.370352634375 0.7325322171875001 0.3702529140625 0.7339947171875 0.363667425 0.73337935 0.3637879453125 0.7320017984375 0.3601089515625 0.7316360109375 0.3577509625 0.7587492984375 0.3727586921875 0.7599791765624999
6 0.29306323437500004 0.7738014828125 0.29449413125 0.758002009375 0.2835922015625 0.7570999734375 0.282181246875 0.772814925 0.29306323437500004 0.7738014828125
13 0.17863508749999998 0.7629433437500001 0.18024338281250002 0.7445604390625 0.16919480468749998 0.743505978125 0.1675420296875 0.761913225 0.17863508749999998 0.7629433437500001
2 0.3469908359375 0.8236882921875001 0.3470883578125 0.8224122484375 0.362009059375 0.8237584203124999 0.36192165468750004 0.8250980875 0.3670364921875 0.825545578125 0.3709377828125 0.7811149640624999 0.3447697109375 0.778620084375 0.34083155 0.8231494234375001 0.3469908359375 0.8236882921875001
13 0.3710546640625 0.77970729375 0.37263721875 0.7613676218750001 0.36047574375 0.760269125 0.3588488671875 0.7787209859375 0.3710546640625 0.77970729375
10 0.3135951953125 0.7340835718750001 0.3141674296875 0.727668409375 0.31114627499999997 0.7274385984375 0.310547715625 0.733849890625 0.3135951953125 0.7340835718750001
2 0.24557110624999998 0.819307309375 0.2456742296875 0.8178058953124999 0.260577184375 0.8190501343750001 0.26054212187500003 0.82059828125 0.2634933484375 0.8208564796875001 0.266503353125 0.7864519624999999 0.24547070624999998 0.78450989375 0.242492240625 0.81903794375 0.24557110624999998 0.819307309375
2 0.22357024218750002 0.81735268125 0.223677628125 0.815856346875 0.23866883906249997 0.817095759375 0.23852898125 0.818694340625 0.2416016203125 0.8189631609375001 0.24464293124999997 0.7844876640625 0.22347998125 0.7827082953125 0.22046684375 0.8171486140625 0.22357024218750002 0.81735268125
10 0.276766565625 0.7539587515624999 0.2774867453125 0.7454939953124999 0.2715336640625 0.7448571015625001 0.2708267546875 0.7534390859375 0.276766565625 0.7539587515624999
10 0.1928372421875 0.764148228125 0.1944100875 0.7457402625 0.191958221875 0.7454394859375 0.1903017328125 0.76396090625 0.1928372421875 0.764148228125
10 0.26283596875000004 0.7526976328125 0.263553425 0.7442640093749999 0.257577521875 0.74365491875 0.2568794046875 0.75211846875 0.26283596875000004 0.7526976328125
13 0.359333665625 0.7692177015625 0.360102934375 0.7605862765625 0.3498239546875 0.75962738125 0.349075759375 0.768340640625 0.359333665625 0.7692177015625
2 0.1676196578125 0.80805024375 0.16773323125 0.8067520765625 0.18270461875 0.8081105265625 0.18263894687499999 0.8094348421875001 0.1887234578125 0.8098244375 0.1926227640625 0.7654344296875 0.1663683265625 0.7632096125000001 0.1625453890625 0.807676884375 0.1676196578125 0.80805024375
13 0.35849200625 0.7784435140625 0.359318534375 0.7696775062500001 0.3490048046875 0.768775171875 0.34824083125 0.7775074421875 0.35849200625 0.7784435140625
8 0.33466101406250004 0.8255896625 0.33455899843750003 0.82704255 0.33973321875 0.8275642484375 0.3401558046875 0.82244723125 0.3390569359375 0.822368346875 0.3428747203125 0.7798423890625 0.2817638359375 0.7744127515625 0.28072109843750004 0.7863312859375 0.31232705 0.7891309546875 0.309210746875 0.824893878125 0.3132795796875 0.8252498546875 0.313382878125 0.8236747390625 0.33466101406250004 0.8255896625
10 0.356700325 0.758459753125 0.3590456296875 0.7315272984375001 0.3579811421875 0.731449853125 0.35782488125 0.73296700625 0.34914839375 0.7321749750000001 0.3492629984375 0.7307216203125 0.3481844828125 0.730679021875 0.345875171875 0.757630309375 0.356700325 0.758459753125
13 0.1900574015625 0.7543655984375001 0.190850990625 0.7456892484375001 0.18067988125 0.7447523375 0.179893278125 0.7535281125 0.1900574015625 0.7543655984375001
11 0.3088236859375 0.74313966875 0.310188778125 0.727249740625 0.29988254062499997 0.726261796875 0.298494509375 0.7422704890625 0.3088236859375 0.74313966875
10 0.2697987671875 0.753320915625 0.27049470468750003 0.744882271875 0.264573571875 0.7443642390625 0.26385339218750004 0.7528289953125 0.2697987671875 0.753320915625
2 0.2902899734375 0.8231946078125001 0.2903637953125 0.82168749375 0.305387775 0.8230364281250001 0.3053185640625 0.8245266921875001 0.3082790703125 0.82476845 0.3112571078125 0.7902811421875 0.2901815984375 0.7885062875 0.28721482656249997 0.8229365468750001 0.2902899734375 0.8231946078125001
7 0.2423962390625 0.7531036765625 0.2435057203125 0.7401354 0.22546461718750002 0.7387436562499999 0.22433859374999998 0.7515065843750001 0.2423962390625 0.7531036765625
7 0.3159020015625 0.7595455765625 0.316918678125 0.74699266875 0.299014721875 0.745162771875 0.2978015703125 0.7578459265624999 0.3159020015625 0.7595455765625
13 0.2659342609375 0.7848713484375 0.26782244374999997 0.762966621875 0.2574038625 0.7620974640625 0.2553339125 0.7839643281249999 0.2659342609375 0.7848713484375
7 0.21759027656250002 0.7688155453125 0.21774102968750003 0.7670924390625 0.222009471875 0.7675333234374999 0.22451689375 0.739016784375 0.22021605625000001 0.7386593312499999 0.2204028046875 0.7369550593749999 0.233077825 0.7380639796875 0.23389430312499998 0.7283371890625 0.2297341390625 0.7280390984375 0.23048228750000002 0.7203124015625 0.22166279375000003 0.7195235421875 0.221504975 0.7210405609375 0.204362703125 0.719558059375 0.2045497234375 0.7179761515624999 0.1985993875 0.717523009375 0.19431955781250002 0.7667106078125 0.21759027656250002 0.7688155453125
6 0.25516954531249997 0.7705865953125 0.2565922125 0.7547377796875 0.2455858171875 0.7537748453125 0.24424564843750002 0.769630878125 0.25516954531249997 0.7705865953125
5 0.255901909375 0.7521223515625 0.2567102515625 0.742165853125 0.28554697500000004 0.7446887390625 0.28467146875 0.7546958265625 0.29555006875 0.755559746875 0.2976840234375 0.7311685421874999 0.2803564609375 0.7296525765624999 0.280041625 0.732713346875 0.2781628640625 0.7325489765625 0.2808329625 0.7020296171875 0.29569638125000003 0.7032954921875 0.297374628125 0.6835572765625 0.274393875 0.681400853125 0.27004352656249997 0.731860584375 0.24692126406249998 0.729815690625 0.2450527265625 0.7511731703125 0.255901909375 0.7521223515625
11 0.2444369 0.7376132109375 0.24580212812500002 0.7217217265625 0.23549744687500002 0.7207339171875 0.23410772343750003 0.73674403125 0.2444369 0.7376132109375
12 0.2701748515625 0.7292480265625 0.272460071875 0.703827025 0.2493530640625 0.7018587515625 0.247121621875 0.7272028984375 0.2701748515625 0.7292480265625
10 0.2687197 0.7613699984375 0.2692021890625 0.7558551265625 0.2577748625 0.7548271328125 0.25730305625 0.7604888062499999 0.2687197 0.7613699984375
13 0.1892938625 0.7636845125 0.190091809375 0.7549583531249999 0.1798357109375 0.7539889109375 0.1790786453125 0.7628394187499999 0.1892938625 0.7636845125
6 0.24328609218750002 0.7697523984375 0.24461922656250001 0.754658025 0.22425749375 0.7528279812500001 0.22289834531250002 0.7679687015625001 0.24328609218750002 0.7697523984375
13 0.6784151031250001 0.792254203125 0.688752103125 0.7931773953125 0.6895232953125 0.7843626296874999 0.6791466609375 0.783390484375 0.6784151031250001 0.792254203125
10 0.618931828125 0.7694220734375 0.61941439375 0.763762909375 0.6078167421875 0.762817259375 0.6073350703125 0.7683227921875 0.618931828125 0.7694220734375
10 0.6321704203125 0.77065088125 0.6326230390625 0.7649216531249999 0.621151234375 0.7639180015625 0.6205893046875001 0.769534146875 0.6321704203125 0.77065088125
11 0.540413340625 0.72642449375 0.5509322625 0.72747339375 0.5519138921875 0.7145143234375 0.5416758140625 0.713643703125 0.540413340625 0.72642449375
12 0.6258917 0.7382930234375 0.64891473125 0.7402351281249999 0.6511382921875 0.7148197109375001 0.628017353125 0.7128313984375 0.6258917 0.7382930234375
8 0.6378195015625 0.8364875093749999 0.661276171875 0.8386542015625 0.661154834375 0.840041090625 0.6641388265625 0.840283334375 0.6677327546875 0.7974476265625 0.6768225265625001 0.7983024796875 0.67789911875 0.7864810140625 0.631891696875 0.7824778453125 0.6309316500000001 0.794293821875 0.6383838093749999 0.794970896875 0.6347320140625 0.837679203125 0.637695771875 0.8380451531249999 0.6378195015625 0.8364875093749999
10 0.5352855578125 0.785985475 0.5389168828125 0.78626866875 0.5392887484375 0.7815879546875 0.5357132265625 0.78124063125 0.5352855578125 0.785985475
2 0.610063646875 0.8355758968749999 0.61308491875 0.8358402234375 0.6167122109375 0.794290440625 0.6053177265625 0.7932276765624999 0.6047898140625 0.7994051734375 0.6038216375000001 0.79932046875 0.604371790625 0.793193540625 0.597799240625 0.7926812562500001 0.594154553125 0.8341071765624999 0.597131521875 0.83444761875 0.597223925 0.8329970281250001 0.6101774328125 0.834006403125 0.610063646875 0.8355758968749999
3 0.1832900296875 0.7434232062499999 0.1856667765625 0.716418215625 0.18189481875 0.7161289921875 0.181744646875 0.7175227703125 0.175227140625 0.716972953125 0.1753149125 0.71544980625 0.170597775 0.71509985 0.1681840234375 0.7422051203125 0.1832900296875 0.7434232062499999
10 0.619901821875 0.7615798984375 0.6203561984375 0.756242940625 0.6056738265625 0.7550948562500001 0.605194 0.7603103828125 0.619901821875 0.7615798984375
3 0.6907177124999999 0.773704296875 0.7020768609375 0.7746510390625 0.704879971875 0.742934028125 0.693490121875 0.742069296875 0.6907177124999999 0.773704296875
10 0.5913610375 0.7624331515625 0.5874493000000001 0.7620564125 0.5861538937499999 0.77722153125 0.593488359375 0.778024765625 0.594895609375 0.7616350484375001 0.5914715421875 0.761439 0.5913610375 0.7624331515625
10 0.614830734375 0.7240419546875 0.6177216249999999 0.7242368421875 0.618612690625 0.711936446875 0.6159229859375001 0.7117905312499999 0.614830734375 0.7240419546875
3 0.5488403984375 0.762642090625 0.537516678125 0.7615055265625 0.535801040625 0.780021771875 0.5403579890625 0.7803561453125 0.53969935625 0.787615428125 0.5467133078125 0.788263575 0.5488403984375 0.762642090625
10 0.677744903125 0.798480421875 0.6811736015625 0.798749025 0.6815649640625 0.79406060625 0.6781185 0.7937261421875 0.677744903125 0.798480421875
7 0.6650973234374999 0.7236260828125001 0.6579155375 0.7229601140625 0.6580044015625 0.7216754703125 0.6524446828125 0.7212753234375 0.6485137046875 0.7660452671875 0.6537734765625001 0.766557196875 0.6522829046874999 0.7841144078125 0.668931965625 0.785658846875 0.670329975 0.7693389015625 0.6612836328125 0.7686509671875 0.6613121984375 0.7671053890625 0.66545343125 0.767619840625 0.6679568453125 0.7391311828125 0.6702227015625 0.73922746875 0.6713506640625 0.7259941703125 0.672076271875 0.7260905906249999 0.6721324328125 0.72521559375 0.67238319375 0.7251998890625 0.6726432875 0.72289033125 0.6652309765625 0.7222418375 0.6650973234374999 0.7236260828125001
2 0.6901200703125 0.8425830624999999 0.6962933640625 0.8431231562500001 0.6999236734375 0.801628534375 0.6874411593749999 0.8005960578125 0.6879116 0.794573515625 0.6826025437500001 0.794212553125 0.6820747421875 0.7999226562499999 0.669435034375 0.7987148734375 0.6657743578125 0.8405566078125 0.67104878125 0.8411341265625 0.6712113640624999 0.8394371515625 0.6902618171875 0.841124240625 0.6901200703125 0.8425830624999999
6 0.6332314765625 0.7649231265624999 0.6319337859374999 0.781082453125 0.643248378125 0.7820723515625 0.644710946875 0.76589294375 0.6332314765625 0.7649231265624999
8 0.56690300625 0.83019215 0.5902628984375 0.8323535109375 0.590200009375 0.8337894312499999 0.59325085625 0.8340563453125001 0.5968902375 0.7912748046875 0.6044588656250001 0.79196520625 0.6055699375 0.78021576875 0.5594492359375 0.77618073125 0.558431578125 0.7880277421875 0.5675098671875001 0.7885835828125 0.5638348625 0.83153924375 0.5667380890625 0.83182618125 0.56690300625 0.83019215
5 0.64874023125 0.7427137265625 0.625471090625 0.7408238078125 0.62811365625 0.7102785140625001 0.6389651749999999 0.7112906375 0.640587209375 0.6913702671874999 0.6175363734375 0.6894053390625 0.6158304 0.7092273953125 0.6199161015625 0.7095519109375 0.6173292406249999 0.7400879625 0.611728759375 0.7395979828125 0.6120541015625001 0.7365067625 0.608511540625 0.7361591859375001 0.6086975015625 0.73376471875 0.6016280218750001 0.7331775890625 0.6014572359375 0.7355420140625 0.5960216515625001 0.735121359375 0.5939830140625 0.7592119140625 0.6041675125 0.76030056875 0.6047719609375 0.75349924375 0.63719675625 0.75631565625 0.6366143671875 0.76286481875 0.646828146875 0.7638697703124999 0.64874023125 0.7427137265625
10 0.574608634375 0.730893690625 0.5758267499999999 0.71675543125 0.573704875 0.7166090031250001 0.5724678078125 0.7306232640625 0.574608634375 0.730893690625
10 0.5542078484374999 0.78763155 0.5576383765624999 0.7878971765625 0.5579992109374999 0.7832170656249999 0.5546478328125 0.7828893515625001 0.5542078484374999 0.78763155
3 0.70219355625 0.7757732921875 0.6908399562499999 0.7750858328125 0.688466246875 0.8005681062500001 0.6954658953124999 0.8011287359375 0.6960752453125 0.7940204203125 0.7004766921875001 0.7943035468749999 0.70219355625 0.7757732921875
2 0.5568894203125 0.83098649375 0.5620075828125 0.83128840625 0.5656996859375 0.789661165625 0.553274475 0.7887983921874999 0.5538043546875 0.7827418390624999 0.5480925 0.7821982000000001 0.5475967296875 0.78838478125 0.5351676828125 0.78722523125 0.5314907375 0.8288585046874999 0.537768165625 0.8294453515625 0.5379149671875 0.8277673859375 0.5569890421875 0.8294534046875001 0.5568894203125 0.83098649375
10 0.6857348484375 0.2559152921875 0.688339625 0.2561714140625 0.6901932000000001 0.23469812656250003 0.6875188062500001 0.23452061093749998 0.6857348484375 0.2559152921875
2 0.7278676390625 0.3426785046875 0.7294501140625 0.3241066921875 0.7305870390625 0.324144990625 0.7311049046875 0.3172576671875 0.6966778171875 0.3141829484375 0.6963397875 0.31899680625000004 0.6934254531249999 0.3189802421875 0.6928018421875 0.326054371875 0.7029476781249999 0.3270471046875 0.70112585 0.3478706875 0.7282769203125 0.350065725 0.7287786328125 0.342878978125 0.7278676390625 0.3426785046875
13 0.7002833093749999 0.34633202500000004 0.7018927781250001 0.3284197625 0.6839674046875001 0.32703187031250003 0.682441990625 0.34495148593749997 0.7002833093749999 0.34633202500000004
4 0.7052658984375 0.2014634546875 0.721241746875 0.20276077812499999 0.7228683203124999 0.18334428281249998 0.707048884375 0.181908503125 0.7052658984375 0.2014634546875
7 0.285974109375 0.2550063265625 0.2870835921875 0.24203805156249997 0.26904248750000004 0.2406463078125 0.26791646562500004 0.25340923437499996 0.285974109375 0.2550063265625
11 0.35240155624999997 0.2450423203125 0.35376664999999996 0.2291523921875 0.3434604109375 0.228164446875 0.3420723796875 0.244173140625 0.35240155624999997 0.2450423203125
11 0.2880147703125 0.23951586093750002 0.28938 0.22362437656249998 0.27907531875 0.22263656874999999 0.27768559375 0.2386466828125 0.2880147703125 0.23951586093750002
13 0.6623928125 0.1995696125 0.6775634187499999 0.20098156562499997 0.6788407125 0.1860234703125 0.664057825 0.18464386875 0.6623928125 0.1995696125
13 0.30951213125 0.2867739984375 0.3114003140625 0.2648692734375 0.3009817328125 0.2640001140625 0.298911784375 0.285866978125 0.30951213125 0.2867739984375
13 0.2336352734375 0.25626824843749996 0.2344288625 0.24759189843749999 0.224257753125 0.2466549875 0.22347115 0.25543076249999996 0.2336352734375 0.25626824843749996
7 0.3594798734375 0.261448228125 0.36049655 0.24889531874999998 0.34259259375 0.2470654234375 0.3413794421875 0.259748578125 0.3594798734375 0.261448228125
3 0.2268679015625 0.2453258578125 0.2292446484375 0.21832086718750002 0.2254726890625 0.21803164375 0.22532251718750002 0.21942542187499997 0.21880501093750002 0.218875603125 0.218892784375 0.21735245781249998 0.21417564687500001 0.2170025 0.21176189375 0.244107771875 0.2268679015625 0.2453258578125
8 0.25920583750000004 0.3170092578125 0.259107771875 0.31854248281249997 0.2630727640625 0.318937996875 0.26619756875 0.2832213046875 0.2978850046875 0.28589635156250004 0.2988423078125 0.274147578125 0.23787108437499999 0.2686454609375 0.2341422390625 0.3112842859375 0.233094678125 0.3111926375 0.2326412328125 0.31617833906250004 0.2378265625 0.31668061875000003 0.237927740625 0.31514766562499996 0.25920583750000004 0.3170092578125
10 0.400278196875 0.260362403125 0.4026235015625 0.23342995000000002 0.40155901250000003 0.23335250312500003 0.4014027515625 0.23486965781250002 0.392726265625 0.23407762499999998 0.39284087031250003 0.23262427031250002 0.39176235312499996 0.232581671875 0.38945304375 0.2595329609375 0.400278196875 0.260362403125
10 0.3907341953125 0.279561459375 0.392285403125 0.2611139578125 0.3899730265625 0.26093988437500004 0.3882948421875 0.279404509375 0.3907341953125 0.279561459375
10 0.3133766390625 0.2552235671875 0.314072575 0.246784921875 0.30815144375000003 0.24626689062499998 0.3074312640625 0.254731646875 0.3133766390625 0.2552235671875
7 0.2611681484375 0.270718196875 0.26131890156250004 0.268995090625 0.2655873421875 0.269435975 0.2680947640625 0.240919434375 0.263793928125 0.24056198125 0.263980675 0.2388577109375 0.27665569687499997 0.23996663125 0.27747217343749997 0.230239840625 0.2733120109375 0.22994175 0.274060159375 0.22221505156250002 0.2652406640625 0.22142619375 0.265082846875 0.22294321093749997 0.24794057343749998 0.221460709375 0.2481275953125 0.219878803125 0.242177259375 0.219425659375 0.237897428125 0.268613259375 0.2611681484375 0.270718196875
6 0.29874741718750003 0.272489246875 0.3001700828125 0.25664043125 0.2891636890625 0.255677496875 0.28782351875 0.2715335296875 0.29874741718750003 0.272489246875
2 0.3338678453125 0.3250972578125 0.3339416671875 0.32359014531249997 0.34896564531249996 0.3249390796875 0.348896434375 0.3264293421875 0.3518569421875 0.3266711 0.3548349796875 0.29218379375 0.33375946875 0.2904089390625 0.330792696875 0.324839196875 0.3338678453125 0.3250972578125