10 0.2072506171875 0.6232398265625 0.2101914765625 0.6114382265625 0.20712817499999997 0.610600384375 0.204164234375 0.6224558109375 0.2072506171875 0.6232398265625
13 0.6025612296875 0.7619490640625 0.6086270109374999 0.7375688765625 0.574179984375 0.72896094375 0.568101696875 0.7533396234375 0.6025612296875 0.7619490640625
10 0.6180389171875 0.7699289281249999 0.6225781171875 0.75554028125 0.6073920921875 0.74973623125 0.6037186296875 0.7644244687499999 0.6180389171875 0.7699289281249999
10 0.45167730156249997 0.8149316859375 0.4606295453125 0.7790261953125001 0.45733165781249996 0.77817334375 0.44839874531249996 0.8140852640625 0.45167730156249997 0.8149316859375
3 0.434620253125 0.6556230656250001 0.419345478125 0.7168028765625001 0.4412033125 0.7222961265625 0.448786453125 0.6919205578125001 0.4413746734375 0.6900581 0.4491193046875 0.659164009375 0.434620253125 0.6556230656250001
1 0.5778667046875 0.7855558265625 0.5637517984375 0.8423290921875 0.5664416812499999 0.842946615625 0.6214402078125 0.86415378125 0.63906236875 0.80851745625 0.58205719375 0.78663928125 0.5778667046875 0.7855558265625
10 0.614863390625 0.725873953125 0.60105411875 0.7206450546875 0.5529449046875 0.7086790671875 0.552822834375 0.7092074171875 0.5374413546875 0.705343396875 0.535625321875 0.712459178125 0.5439236140625 0.714512071875 0.536117878125 0.7458579234375 0.5662883437499999 0.7533078015625 0.5730424484375 0.72613460625 0.6117269624999999 0.7358377109375 0.614863390625 0.725873953125
10 0.7294386046875 0.9053548046875 0.735815096875 0.8851085171875 0.7147347703125 0.877026465625 0.70832905 0.897196221875 0.7294386046875 0.9053548046875
10 0.723410071875 0.7334091625 0.7192921171875 0.74634725625 0.730577734375 0.750744034375 0.7320671171875001 0.74604926875 0.7325609921875 0.7461868984375 0.7351822953125 0.7378370875 0.723410071875 0.7334091625
1 0.7066239640624999 0.8969820500000001 0.7126809140625 0.8778107 0.6939364640625 0.8708553406249999 0.68803111875 0.8894573937500001 0.7066239640624999 0.8969820500000001
13 0.48761228437500004 0.6985702765624999 0.4939898734375 0.67286845 0.45045268906249997 0.6618700921875 0.44395174062500004 0.68786000625 0.48761228437500004 0.6985702765624999
8 0.588278325 0.7610224421875 0.5042015625 0.7402497703125 0.5123836234375 0.7077304125 0.47546121250000006 0.6985165703125 0.4586149640625 0.7670132375 0.4584750859375 0.766947765625 0.45730630000000005 0.7716355078125 0.49299314531249994 0.78061214375 0.4942455671875 0.7757439625 0.4941605765625 0.7755810640624999 0.49828807187499996 0.75915575625 0.501175071875 0.759861071875 0.5010506796875001 0.76031476875 0.5845581859375 0.7810002609375 0.6448695140625 0.8042148375 0.6260969375000001 0.8636255937499999 0.68619409375 0.8867497359375 0.694072459375 0.8617844203124999 0.7111015640625 0.807377065625 0.6529222484375 0.7841175578125 0.6524043515625 0.7855424046875 0.588278325 0.7610224421875
2 0.7355723937499999 0.8812508375 0.7538086203125001 0.8234487343750001 0.713890546875 0.8082946625 0.6955036828125001 0.865796721875 0.7355723937499999 0.8812508375
2 0.4544576875 0.7717062796875 0.455808340625 0.766366609375 0.4557086 0.7662499515625 0.4646547484375 0.7302914109375 0.46276305312500005 0.7298245890625 0.4683562125 0.7071526828125 0.46158233437499996 0.705463765625 0.4639458046875 0.6956937671875 0.4502074171875 0.6922925578125 0.4421571328125 0.7246515296875 0.4188313734375 0.7188325437499999 0.39888301875 0.7988345640625 0.44493190781249997 0.810344828125 0.45453091562500003 0.7718453125 0.4544576875 0.7717062796875
3 0.7541951671875 0.822260065625 0.7731671875 0.7624239875 0.7563236437499999 0.756118103125 0.73759381875 0.8154155234375 0.7541951671875 0.822260065625
2 0.5005415015625 0.762344053125 0.497002309375 0.7766164843750001 0.49684134375 0.7767647609375 0.485924215625 0.8205122171875001 0.5205971265625 0.8291571453125 0.535113575 0.770934853125 0.5005415015625 0.762344053125
1 0.5031747640625001 0.660870009375 0.49420513125000004 0.6968452390625 0.53213575625 0.7063362234375 0.5340941906250001 0.6984813765625 0.5462092015625 0.701437575 0.553208328125 0.6734043609375 0.5031747640625001 0.660870009375
10 0.67003145625 0.7239442453125 0.673219453125 0.7140255515625 0.6680203265625 0.7119949515624999 0.6649070078125 0.7219499796875 0.67003145625 0.7239442453125
13 0.71660663125 0.7850326375 0.7104207984375 0.8041460875 0.735957340625 0.8140284203125001 0.7437302156250001 0.7900416515625001 0.7280449203125 0.7839601390625 0.7265021468749999 0.7887204984375 0.71660663125 0.7850326375
1 0.514342384375 0.7081801390625 0.5071351984375 0.7379972593749999 0.5344419140625 0.744952128125 0.5415042 0.716717265625 0.5311637671875 0.7142003 0.5315995515624999 0.7123685 0.514342384375 0.7081801390625
10 0.7199092828125 0.7736465296875 0.7170966859375 0.782724828125 0.7257102609375 0.7859545765625 0.7272112921875 0.78110329375 0.7446148453125 0.7878563765625 0.7460037609375 0.7836937374999999 0.7199092828125 0.7736465296875
10 0.6281240953125 0.7553336500000001 0.6349023109374999 0.7339282421875 0.6163780359375 0.7269681953125 0.6096515171875 0.74802416875 0.6281240953125 0.7553336500000001
6 0.6238009156250001 0.7727375609375 0.6232327359375 0.7743511609375 0.6391556484375001 0.7804484406250001 0.6396185156249999 0.778895540625 0.6437672296875 0.7804371859375 0.6525734437499999 0.7527128203125 0.6481916015625 0.75106635 0.6513446093749999 0.7409521328124999 0.6501706875 0.7405128999999999 0.6517741828125 0.735890065625 0.6406940624999999 0.73165080625 0.638977965625 0.7361956453125 0.6362048312499999 0.7351692765625 0.629076265625 0.7574760765625 0.62434938125 0.755534234375 0.6194145140625 0.7710706296875001 0.6238009156250001 0.7727375609375
10 0.4965045 0.6708109906249999 0.498693046875 0.661891115625 0.479481553125 0.6570737765625 0.4772240390625 0.6659990015624999 0.4965045 0.6708109906249999
10 0.7333699453125 0.7471792671874999 0.7313343359375 0.753444796875 0.718575715625 0.748484296875 0.7143246640625 0.7618916296875 0.7201594828125 0.764195059375 0.7203043890624999 0.763820553125 0.722720909375 0.7648304734375 0.72074446875 0.7711751687499999 0.746588478125 0.7812646 0.754755065625 0.7554339328124999 0.7333699453125 0.7471792671874999
2 0.5601264640625 0.8390435125 0.5746572750000001 0.780763609375 0.5366110984375 0.7713227203125 0.522081746875 0.8295128093749999 0.5601264640625 0.8390435125
10 0.6529302453125 0.741044734375 0.65024763125 0.7495241890625 0.6610397109374999 0.7537173984375001 0.664115765625 0.7441637156249999 0.658830546875 0.7420263031250001 0.6584681546875 0.7430599609375 0.6529302453125 0.741044734375
7 0.6662692234375001 0.74267644375 0.6618523703125 0.756374165625 0.6552117125 0.753808625 0.646552453125 0.78140215625 0.6996084375 0.802637078125 0.6999600375 0.8013173109375 0.70761319375 0.804343028125 0.7197288109375 0.7657221703125 0.7122804078125 0.7628763296875001 0.7218171 0.7331005578124999 0.6745743640625 0.7148174828125 0.6707683531249999 0.7266465375 0.6644414921874999 0.7241077046875 0.659461746875 0.7399920140625 0.6662692234375001 0.74267644375
1 0.48111065937499997 0.821740446875 0.48995218593749995 0.7863371515625001 0.46223923125 0.7793969390625 0.4534238453125 0.8147858171875001 0.48111065937499997 0.821740446875
10 0.46570083437500004 0.6957851234375 0.4638104421875 0.703367075 0.470722653125 0.7050759890625 0.4650877390625 0.7276376453125 0.46630515624999996 0.7279411812500001 0.4738054671875 0.697820328125 0.46570083437500004 0.6957851234375
7 0.1647439546875 0.6891196984375 0.144450325 0.7702546546875 0.18245361875 0.7796027234375 0.20276447968750003 0.6987474296875 0.1647439546875 0.6891196984375
10 0.3249009390625 0.24290925937500002 0.325956046875 0.23883891875000002 0.32246753125 0.23796913437499997 0.321473440625 0.24204663593750003 0.3249009390625 0.24290925937500002
1 0.42774145937499997 0.21549300312500003 0.43189004999999997 0.1988668328125 0.4292774453125 0.19820416406250002 0.429453575 0.19746545625 0.41195335 0.1930506296875 0.41176664062499996 0.1938382296875 0.4097813421875 0.1933722265625 0.40570623906250003 0.2099490859375 0.407921259375 0.2105271171875 0.4077806421875 0.21109110156250002 0.4246993609375 0.215222453125 0.42482905625 0.214766859375 0.42774145937499997 0.21549300312500003
2 0.399079546875 0.147985034375 0.3851470390625 0.2031483546875 0.4043945 0.20791185781250002 0.409312346875 0.1882326609375 0.433059559375 0.1941245203125 0.4419272078125 0.1586810375 0.399079546875 0.147985034375
3 0.317404553125 0.0677570125 0.3072252828125 0.10853862343750001 0.3303565640625 0.11424631874999999 0.3405073453125 0.073359371875 0.33521808750000004 0.07202611875 0.33516098437499997 0.07221639375 0.317404553125 0.0677570125
10 0.3046450859375 0.1818724328125 0.3069395875 0.1727084390625 0.29186132656249997 0.16892001875 0.289572546875 0.1781450234375 0.3046450859375 0.1818724328125
10 0.383794734375 0.20288204062499998 0.3911293578125 0.1732319625 0.37446671875000004 0.168945453125 0.3670453734375 0.1986914640625 0.383794734375 0.20288204062499998
10 0.23827486250000002 0.2490376796875 0.23096066875000001 0.278631659375 0.24114840312500002 0.2811862390625 0.2434248140625 0.27217876875 0.23880980937500002 0.2709701453125 0.2439700328125 0.25044154218750003 0.23827486250000002 0.2490376796875
2 0.253625984375 0.12283552187499999 0.24276343906250003 0.166603028125 0.24622579687499999 0.16745501875 0.24629732031249998 0.167297325 0.272611275 0.173842028125 0.2834222421875 0.130610784375 0.253625984375 0.12283552187499999
0 0.10935718593749999 0 0 0.43860771875 0 0.8906428140625 0.43860771875 1 0.8906428140625 1 1 0.5613922812500001 1 0.10935718593749999 0.5613922812500001 0 0.10935718593749999 0
2 0.3875921328125 0.27149184375 0.3973861890625 0.232210028125 0.36151825937500004 0.22332673125000002 0.3516987171875 0.2624588734375 0.3875921328125 0.27149184375
11 0.251357296875 0.0829455234375 0.25131460625 0.08315549531250001 0.2592968046875 0.08514568125000001 0.25936260624999996 0.084926978125 0.261012478125 0.08532384374999999 0.26802931874999997 0.057135623437500005 0.254165096875 0.0537030390625 0.25308179375 0.0581318953125 0.252960896875 0.058119467187499996 0.24887849375 0.07453830312500001 0.2489861359375 0.0745651421875 0.247157328125 0.08185487500000001 0.251357296875 0.0829455234375
1 0.32902008125000004 0.23604403125 0.3288291578125 0.236758115625 0.351650446875 0.2424625953125 0.3517687734375 0.2420073875 0.3520272484375 0.242042846875 0.3562807640625 0.2247439515625 0.3534396171875 0.2240355734375 0.353564334375 0.2234966109375 0.35277596875 0.22330005000000003 0.3528689578125 0.2229270921875 0.3312136046875 0.21761637500000003 0.331132309375 0.21790367968750002 0.330351525 0.2177090078125 0.33024305 0.2181634515625 0.327389034375 0.21748085156250002 0.3231634171875 0.23455159375 0.32902008125000004 0.23604403125
10 0.3282165 0.138104465625 0.3313550046875 0.12543264375000002 0.3283209453125 0.1246906609375 0.3251301453125 0.137365546875 0.3282165 0.138104465625
1 0.24559879843750002 0.2701893578125 0.2427592484375 0.2815910890625 0.3040041703125 0.2967532703125 0.3072374046875 0.28406319999999996 0.2943416046875 0.2809058875 0.2944617734375 0.280365790625 0.29372155312500003 0.280195725 0.29379753124999997 0.2798909921875 0.2779900140625 0.275894984375 0.277908728125 0.2761951734375 0.27710975000000004 0.275995965625 0.276988428125 0.2765084 0.2647740578125 0.2734404703125 0.267272653125 0.2634126921875 0.2687656046875 0.263760771875 0.27246803750000004 0.2487431984375 0.27099403125 0.24839017968750002 0.27217561875 0.2435735828125 0.223001709375 0.23130509843749997 0.2242052421875 0.22643278125 0.2246039734375 0.22653219687499998 0.23682329218749998 0.1775167234375 0.23642834218750003 0.177402146875 0.24169315156249999 0.1562603171875 0.24212068750000001 0.1563669140625 0.2482287359375 0.1317074046875 0.247842503125 0.13159661250000002 0.25139378749999997 0.11726922343749999 0.252207553125 0.11748017031249999 0.2535051109375 0.11207572968749999 0.25390799999999997 0.11215846874999999 0.2541506453125 0.1111336015625 0.254291640625 0.11116875625 0.2598993265625 0.08869693125 0.2597579609375 0.088676178125 0.2599624359375 0.0878173203125 0.25948486875 0.08769825 0.2594334609375 0.0879044375 0.258883490625 0.087752821875 0.2589348703125 0.0875015375 0.246387775 0.08443760781250001 0.24637988906250002 0.084553196875 0.24604028125 0.08446208125 0.24009392968749999 0.108330975 0.24039374531250002 0.10842022031250001 0.23528953437500003 0.1288339625 0.2349954140625 0.1287606296875 0.2290255765625 0.1526462109375 0.22936972031249997 0.152719134375 0.2228812328125 0.178639690625 0.222578015625 0.178564090625 0.2105529859375 0.2267938515625 0.210863784375 0.2268713421875 0.2073263796875 0.240975134375 0.2359369015625 0.24820999062500002 0.2364331578125 0.24612273281250002 0.2462020875 0.24859382812500003 0.2411195375 0.2691015390625 0.24559879843750002 0.2701893578125
13 0.3403023375 0.16982844531250002 0.3492433765625 0.1341810359375 0.3321222046875 0.1299122484375 0.32316103125 0.1654789515625 0.3403023375 0.16982844531250002
10 0.3223351375 0.1682618125 0.3176180140625 0.18714240937499999 0.335179146875 0.1913904546875 0.3398417359375 0.172567115625 0.3223351375 0.1682618125
8 0.331349659375 0.21343444374999998 0.3979404109375 0.2300969640625 0.40281579531249995 0.21038785624999998 0.2867144484375 0.181793203125 0.2877244734375 0.17774221875000001 0.2879861984375 0.177525665625 0.295381753125 0.147747459375 0.29266377499999996 0.1470488578125 0.2930928078125 0.1453280984375 0.282020825 0.14256754375 0.27323037499999997 0.1784376875 0.24503947187500003 0.17137347812499998 0.245059078125 0.171217334375 0.24017957031249998 0.170029721875 0.2382456265625 0.1776571765625 0.24001604531249998 0.178113084375 0.22773934375 0.227474965625 0.22582378906249997 0.22703279062499998 0.225239775 0.2293751453125 0.2761207671875 0.2420177234375 0.2855172125 0.20440813906250002 0.33078641875 0.21566764374999997 0.331349659375 0.21343444374999998
1 0.3777956921875 0.2734584109375 0.3778875359375 0.273070675 0.35833421875 0.26825506875 0.358266178125 0.2685279640625 0.3574474921875 0.2683238421875 0.35732236093749997 0.268806340625 0.3492348125 0.2668188734375 0.3447561359375 0.2846268578125 0.3820033625 0.293913634375 0.3864471328125 0.27603897499999996 0.37826979375 0.2740887046875 0.378402496875 0.27359521249999996 0.3777956921875 0.2734584109375
13 0.3008855265625 0.1341403796875 0.29278945625 0.16660549062500002 0.30934174531249997 0.1707791390625 0.30649953281250003 0.18216571406249998 0.31646329375 0.1847079296875 0.3273976828125 0.1406910203125 0.3008855265625 0.1341403796875
6 0.3613721703125 0.16371761875 0.3604925203125 0.167187571875 0.3532134 0.1653614109375 0.34600330625 0.19417617812500002 0.35046855312499997 0.195274996875 0.3499881109375 0.19720194375 0.36533697656249997 0.20102884531249998 0.3729638515625 0.170297025 0.37195717031250003 0.1700460296875 0.37285691875000004 0.1665988015625 0.3613721703125 0.16371761875
1 0.34096925625 0.28476643749999997 0.3505372671875 0.246391240625 0.3278645515625 0.2407173640625 0.32696529375 0.2443434609375 0.32706953437499997 0.2443839453125 0.3262715421875 0.24753930781250003 0.3203394625 0.24604578125 0.312579009375 0.277687953125 0.34096925625 0.28476643749999997
2 0.271077728125 0.0559987046875 0.257115021875 0.1119483890625 0.2572438890625 0.11198052031250001 0.25695890781249997 0.1131751875 0.25683004062500003 0.1131430578125 0.2552859265625 0.1193813703125 0.258524675 0.12020015312500001 0.2585798625 0.1199788046875 0.286174859375 0.12675916874999998 0.28511874375 0.13103377031250002 0.28488375 0.1309751796875 0.28206614375 0.1423211890625 0.295919778125 0.14578978125 0.29963562499999996 0.13100905000000002 0.323699734375 0.1370378921875 0.328959284375 0.1159688265625 0.3053580078125 0.11013106718750001 0.3160146953125 0.0674346359375 0.271077728125 0.0559987046875
7 0.2855570953125 0.204551740625 0.26932937031250004 0.26954716562500003 0.3072501109375 0.278987375 0.3234550734375 0.21395406718749999 0.2855570953125 0.204551740625
10 0.6909347765625 0.2125722203125 0.6799385359375 0.25646259531250004 0.6912481359375 0.259232475 0.691182740625 0.25949475781250003 0.70624585 0.26329228125 0.7184497249999999 0.21442271875 0.691982259375 0.20782846875 0.6907967968750001 0.2125120515625 0.6909347765625 0.2125722203125
13 0.67383844375 0.1930517125 0.664680846875 0.22962582187499997 0.682356571875 0.234105340625 0.6878310015625 0.21185150312499998 0.6881247328125 0.211907025 0.6917225359375 0.1974318109375 0.67383844375 0.1930517125
10 0.7641285671875 0.24062519375 0.7552825249999999 0.27607889375 0.7588298203125 0.2770100328125 0.7654086078125 0.2506627078125 0.7688054109375 0.25152572968750003 0.7719344671874999 0.238891809375 0.764876690625 0.23711439531249998 0.7640277249999999 0.24056462343749999 0.7641285671875 0.24062519375
2 0.661288696875 0.27745562343749997 0.6519043421874999 0.31501025 0.6829272921875 0.32277412656250004 0.6841266671875 0.3179184859375 0.684062925 0.31779953125 0.692177490625 0.28521503593749997 0.661288696875 0.27745562343749997
6 0.6529161046875 0.25200376874999997 0.653270228125 0.2504801171875 0.6577355125000001 0.25163691718750003 0.662752021875 0.23156846406249998 0.6626102609375 0.23152345625 0.6638172984375 0.226798553125 0.642321875 0.221498725 0.635797965625 0.2477357375 0.6529161046875 0.25200376874999997
2 0.7546962109375001 0.27837880625 0.7413390984375 0.331951259375 0.7412178796875 0.3320305390625 0.740002665625 0.3370078359375 0.7675397578125 0.3439106421875 0.7821237421875 0.28521725781249996 0.7546962109375001 0.27837880625
7 0.752035296875 0.2768312921875 0.7612751234374999 0.2396496546875 0.7614149734375 0.23967003125000003 0.76210510625 0.236740596875 0.7541244234375 0.23475078906250002 0.7568317328124999 0.22397632500000003 0.7200355890625 0.21487609062500002 0.7072159546875 0.2656275890625 0.752035296875 0.2768312921875
1 0.76140059375 0.2199318046875 0.7585877953125 0.2310906046875 0.778954909375 0.2361686953125 0.7820610125 0.22379475937499999 0.77716368125 0.222588209375 0.7807936203125 0.207990571875 0.69859861875 0.1875566390625 0.6946351796875 0.20333040625 0.76140059375 0.2199318046875
8 0.7383601984375 0.331543484375 0.7519375 0.2773914609375 0.6356251 0.2482417609375 0.6308176953125 0.2675813375 0.695722284375 0.28339188125 0.686899284375 0.31872733124999997 0.686787159375 0.3188024375 0.685601653125 0.32341515468750004 0.73728394375 0.3363315921875 0.738445925 0.331671140625 0.7383601984375 0.331543484375
10 0.6769313 0.2561878546875 0.681938834375 0.23631040468750003 0.66445003125 0.23197894218749998 0.659517015625 0.2516414734375 0.6769313 0.2561878546875
10 0.7824029640625 0.2084208125 0.779333203125 0.22073295625 0.7827826875 0.22160428125 0.7847974875 0.21359440312500003 0.7872156625 0.21422308750000002 0.7883369124999999 0.20987454687499998 0.7824029640625 0.2084208125
1 0.7903193640625 0.24418261718749998 0.7813784359375 0.2800039703125 0.7866494937499999 0.28131980156249997 0.7704211234375 0.346492203125 0.7821962046875 0.3494489953125 0.8136834531250001 0.223128246875 0.8012302703125 0.2199524640625 0.794901715625 0.24528969687500002 0.7903193640625 0.24418261718749998
2 0.6250664453125 0.268585434375 0.61575855 0.30599487187499996 0.6502643453125 0.3146512734375 0.6596796968749999 0.276972328125 0.630217246875 0.2697054203125 0.630172265625 0.269885834375 0.6250664453125 0.268585434375
13 0.7735406421875 0.239702909375 0.76986069375 0.2543202859375 0.7666102031250001 0.253509846875 0.7607057875 0.2771782421875 0.7778292390625 0.2814572609375 0.7873828859375 0.24313967500000003 0.7735406421875 0.239702909375
10 0.6642486234375 0.2251073515625 0.66938533125 0.2045438984375 0.64785810625 0.1992941125 0.642729284375 0.219741978125 0.6642486234375 0.2251073515625
1 0.7586120843749999 0.3653405265625 0.7632256843749999 0.3469526453125 0.7445929734375001 0.3423069890625 0.7443596921875 0.3431586640625 0.613507734375 0.31053360625000004 0.609088021875 0.3280986375 0.61895623125 0.33055905937499996 0.6188462328125001 0.331000240625 0.635720290625 0.3352202984375 0.6358401171875 0.3347396984375 0.6534487078125 0.33912679375 0.6533356859375 0.339580103125 0.670302971875 0.3438073015625 0.6704167515624999 0.34335095937500004 0.6870770359375 0.3475112765625 0.68697123125 0.34799376249999997 0.7245823078125 0.3573519328125 0.7246979765625 0.3568880109375 0.740305703125 0.36076173906250003 0.740178665625 0.3612260484375 0.7570193890625 0.3654700015625 0.7571221765625 0.36501252968750003 0.7586120843749999 0.3653405265625
11 0.66829316875 0.2003600921875 0.6731018578125 0.181254334375 0.652690778125 0.1761652796875 0.6478900265624999 0.1952392 0.66829316875 0.2003600921875
10 0.6914184125 0.195325353125 0.6934759359375 0.1871570421875 0.6751665796874999 0.1826676921875 0.67316695625 0.19070712031249998 0.6914184125 0.195325353125
10 0.7927672234375 0.23961571250000002 0.7933206187499999 0.2373961609375 0.79468055 0.2377352296875 0.7983744921875 0.22307464375000002 0.7969781765625 0.222726503125 0.7974322515625001 0.22105385625 0.786535378125 0.21834018125000001 0.78191845 0.23685766875 0.7927672234375 0.23961571250000002
10 0.3517125875 0.16456691875 0.35893995625 0.13610268125 0.351109715625 0.1341036828125 0.33675278125 0.19167974375000002 0.34449696093750004 0.1936234671875 0.3517125875 0.16456691875
10 0.2626927328125 0.6879045578125 0.26974370468750003 0.65975383125 0.25311979375 0.655583259375 0.24605711718749998 0.6838003109375 0.2626927328125 0.6879045578125
6 0.23234441249999999 0.650308365625 0.225132803125 0.67912275625 0.2295991875 0.6802234671875 0.22911836718749998 0.6821519296874999 0.2444672328125 0.6859788328125 0.2520982875 0.655262546875 0.23234441249999999 0.650308365625
10 0.22358898749999997 0.6786428296875 0.23796367968749998 0.6209826281249999 0.230202496875 0.6191200125 0.215847078125 0.6766964515625 0.22358898749999997 0.6786428296875
10 0.2039623421875 0.72804498125 0.205206321875 0.7230104421875 0.2017413234375 0.7221755078125 0.20051288281250002 0.7272123109375 0.2039623421875 0.72804498125
3 0.209407984375 0.5991766484375 0.21957326875 0.5584511328125 0.1964753734375 0.55280329375 0.1862888921875 0.5935686140625 0.209407984375 0.5991766484375
1 0.13906544062499998 0.572818484375 0.1255874265625 0.5694580390625 0.1253943078125 0.5702971828125001 0.125275271875 0.5702320765625 0.1195539609375 0.5928043984375 0.11975105156250002 0.5928535375 0.11789805312499999 0.6002403000000001 0.130613096875 0.603412128125 0.132243034375 0.5968554328125 0.1332121546875 0.5970374796875 0.1390106671875 0.573696953125 0.138841634375 0.5736709125 0.13906544062499998 0.572818484375
11 0.130517525 0.5679496828125 0.1304449203125 0.568195675 0.1383892078125 0.5701635265625 0.13843681562500001 0.5699402874999999 0.14009731406249998 0.5703591265625 0.147081975 0.542222465625 0.1332162 0.5387315218750001 0.1320996984375 0.543396871875 0.13167822499999998 0.5432917875000001 0.12766111093750002 0.5592808390624999 0.1281250328125 0.5593965078124999 0.12622737343749998 0.5668719765625 0.130517525 0.5679496828125
1 0.199422034375 0.731096603125 0.1915907890625 0.76285478125 0.219996196875 0.7699370453125 0.22958004999999998 0.731446634375 0.2068584859375 0.72583304375 0.205159740625 0.7326463390625 0.199422034375 0.731096603125
10 0.20146279687500002 0.6532997203125 0.19676663125 0.6717604140625 0.214272953125 0.6762282921875 0.2188962828125 0.6576463765625 0.20146279687500002 0.6532997203125
13 0.19540864062500002 0.6696955515624999 0.20634149375000002 0.6256460515625 0.1798282 0.6190935171875 0.16854708125 0.663144753125 0.19540864062500002 0.6696955515624999
2 0.24040789375 0.70830529375 0.23594708125000002 0.7261966359375001 0.236047890625 0.7262056671875 0.22557674843750003 0.7680739484375 0.2615429109375 0.7770864093750001 0.27645815156250003 0.7172646453125 0.24040789375 0.70830529375
2 0.27809128125 0.633080996875 0.271358378125 0.660220828125 0.27122004375 0.66020083125 0.26425272187500004 0.6881904453125001 0.3071992609375 0.6988386375 0.32098778125 0.6437038296875001 0.27809128125 0.633080996875
10 0.23449624687499998 0.7259315234375 0.2393610421875 0.7062584234375 0.20449471875 0.6973881359375 0.199503440625 0.7172068359375 0.23449624687499998 0.7259315234375
13 0.21930947500000003 0.6548459656250001 0.22826069062499998 0.619112525 0.21120095625 0.6149138062499999 0.2021685453125 0.65049495625 0.21930947500000003 0.6548459656250001
1 0.12461735781250001 0.7361208296874999 0.120104440625 0.7543180281249999 0.12469554375 0.7554804328125 0.12236025312500001 0.7648661453125001 0.1425316890625 0.769734415625 0.149416384375 0.7423216359375 0.12461735781250001 0.7361208296874999
8 0.15297789687500002 0.6596912671874999 0.153219340625 0.6597627390625 0.1522436328125 0.6635469125 0.1200464921875 0.6555192640625 0.1201308109375 0.6552198312499999 0.106338596875 0.6517955390625 0.088169409375 0.7245131625 0.15150801875 0.7401522703125 0.1647146859375 0.6871832203125 0.2769279328125 0.7152577453125 0.2818976671875 0.695531903125 0.1657034546875 0.6669028234375001 0.1667856484375 0.66251716875 0.1670463953125 0.6625499734375 0.174449953125 0.6328430078125 0.16050428125 0.62945291875 0.15297789687500002 0.6596912671874999
10 0.11741094375000001 0.7342097359374999 0.11002357968750001 0.7637548749999999 0.120242775 0.766318909375 0.1224263140625 0.75727056875 0.117865925 0.7561335359375 0.1230090859375 0.73558940625 0.11741094375000001 0.7342097359374999
2 0.11827650468749999 0.604225225 0.10728572343750001 0.6483585125 0.121112425 0.651786571875 0.12122774843749999 0.6513757046875 0.15182766875 0.65896969375 0.16257489375 0.6156194968750001 0.11827650468749999 0.604225225
2 0.1653063796875 0.6119107625 0.16432335 0.6160989140625001 0.164079259375 0.6160380562500001 0.1612669578125 0.6273821671875 0.17514523906249999 0.63087461875 0.1788232078125 0.616123090625 0.2028865828125 0.622187178125 0.20803656718750002 0.601047315625 0.18443755 0.595187575 0.1950923453125 0.5524922828125 0.150157275 0.5410616546875 0.1343586578125 0.6044522828125001 0.1364629859375 0.60497695 0.136500721875 0.6047222640625 0.1653063796875 0.6119107625