0 0.4030482953125 0 0 0.162946115625 0 0.5971901546875 0.162745740625 1 0.597190153125 1 1 0.8372542578125 1 0.40293192343750006 0.8372408203124999 0 0.4030482953125 0
10 0.5570710796875 0.557309478125 0.534403578125 0.502210665625 0.52918783125 0.5044713171875 0.5317207390625 0.5313954875 0.5443426390625 0.5626357890625 0.5570710796875 0.557309478125
13 0.5579033296875 0.6846633140625 0.6143207796875 0.662302284375 0.5714163531249999 0.5562018671875 0.514999753125 0.5784732375 0.5579033296875 0.6846633140625
2 0.6168884125 0.6604863265625001 0.7178889765625 0.6201293999999999 0.6513599453125 0.4551931546875 0.5507837484375 0.495933059375 0.6168884125 0.6604863265625001
10 0.571016315625 0.39424286875000003 0.61900440625 0.3745055828125 0.589740859375 0.30298505 0.5423398078125 0.3226570484375 0.571016315625 0.39424286875000003
1 0.374524696875 0.7589435203125 0.42525870625 0.738098496875 0.2807009484375 0.38030549062499996 0.229798859375 0.4010431609375 0.374524696875 0.7589435203125
10 0.54037133125 0.3182770828125 0.5883194703125 0.29873288593749997 0.5732248625 0.26229004843750003 0.5256429453125 0.281514390625 0.54037133125 0.3182770828125
2 0.42804545312500003 0.7368832609375 0.5547827937500001 0.6856780515625001 0.47600676406250003 0.491434640625 0.3502480234375 0.5428679984375 0.42804545312500003 0.7368832609375
8 0.4743183125 0.48731396875 0.46588573125000005 0.4662382140625 0.469070703125 0.4648115296875 0.5135850578125 0.5749800828125 0.54165553125 0.5638849171875 0.5282286375 0.5316907796875 0.5255552515625 0.5008193046875 0.599422828125 0.471141703125 0.570613984375 0.399966615625 0.4612630984375 0.444152296875 0.42183818593750005 0.34751904218749996 0.41891550468750005 0.3489442375 0.410162578125 0.32811419062499997 0.28403273125 0.379463240625 0.3480099296875 0.5381335328125 0.4743183125 0.48731396875
10 0.559596896875 0.556069903125 0.5693569562499999 0.5521265843750001 0.5469189078125 0.49709516093749995 0.5372420421874999 0.5008481437500001 0.559596896875 0.556069903125
6 0.599422828125 0.471141703125 0.64972644375 0.4509373734375 0.6200440234375 0.37852607968749996 0.5703482234374999 0.39896680625 0.599422828125 0.471141703125
7 0.4612630984375 0.444152296875 0.569415925 0.39995858125 0.5223903703125 0.28269032968749996 0.41362907812499994 0.32712988125 0.4612630984375 0.444152296875