0 0.3613376671875 0 0.11144991093750001 0.1501475625 0 0.38915266875 0 0.6386623328125001 0.1501475625 0.8885500890625 0.38915266875 1 0.6386623328125001 1 0.8885500890625 0.8498524375000001 1 0.61084733125 1 0.3613376671875 0.8498524375000001 0.11144991093750001 0.61084733125 0 0.3613376671875 0
10 0.48480448125000003 0.6653308046874999 0.49180533125 0.6769224109375 0.502545265625 0.6703985015625 0.49889879375 0.6642208234375 0.50615734375 0.6598129328125 0.5028577375000001 0.6544848875 0.48480448125000003 0.6653308046874999
13 0.510103665625 0.680265740625 0.5095802 0.679450990625 0.5166147703124999 0.6751093375 0.5170961515625 0.675969975 0.528100653125 0.669381515625 0.5190565828125 0.6543890218749999 0.5022509015625001 0.6644857421875 0.5076753859375 0.6735682515625 0.5066630875 0.6741530390625 0.5049827546875 0.671190315625 0.49265806718749994 0.6784544578125 0.498074415625 0.687469384375 0.510103665625 0.680265740625
7 0.4643532875 0.6737879375 0.4502056625 0.682336378125 0.4541389203125 0.68921154375 0.4525360671875 0.6900312625 0.44838791718750004 0.6832989781250001 0.4342962609375 0.6918235203124999 0.4384655390625 0.6988173640625 0.437122359375 0.699623696875 0.43270023750000003 0.69243264375 0.42204637968750003 0.6986018890625 0.42130747812499997 0.6973729078125 0.41051851875 0.7040980796875 0.41523836718749996 0.7119520703125 0.41693093125 0.7109362671875 0.42455978125 0.7237913421875 0.42279709531250004 0.724850303125 0.43008445 0.7368220421875 0.44124974687499996 0.73005513125 0.4403701 0.7288174125 0.48253717187499995 0.7038744640625 0.4643532875 0.6737879375
11 0.5907129140625 0.6950162515625 0.5840430921875 0.684027253125 0.5611483515625 0.6977135 0.5651641015625 0.7045633437500001 0.5668095703125 0.7045358625 0.5690141234375 0.7079826734375 0.5745689921875 0.7046698796875 0.5748929671874999 0.705039903125 0.5879991812500001 0.6972643859375001 0.58773295 0.6968075015624999 0.5907129140625 0.6950162515625
2 0.582472146875 0.6806931515625 0.5531031109375 0.6316503984375 0.52024545625 0.651440178125 0.531506953125 0.6696854984375 0.514798290625 0.6797257437499999 0.5332122218750001 0.7104798515625 0.53558504375 0.709007171875 0.5349215046875 0.7079012578125 0.55732055625 0.6944424578125 0.5579094078125 0.695475615625 0.582472146875 0.6806931515625
13 0.47125153593749997 0.6140034890625 0.462587709375 0.5990865859375 0.4327478625 0.617369984375 0.4413664671875 0.631936509375 0.47125153593749997 0.6140034890625
8 0.49045042656250004 0.7538494546875001 0.48954748124999997 0.752347440625 0.5293250390625001 0.7282918406250001 0.5302643796875001 0.7299746093749999 0.5383240171875 0.7251317046875 0.5305595656250001 0.7120978874999999 0.5286580359374999 0.7131920984375 0.5104901749999999 0.6823872265625 0.49692794375 0.6904862734375 0.4575109828125 0.624939884375 0.4413889703125 0.634627865625 0.4825034140625 0.703994921875 0.4577361984375 0.7187130703125 0.4819039765625 0.7589377390625 0.49045042656250004 0.7538494546875001
2 0.4013343765625 0.6664020578125001 0.40456958906249996 0.6716759390625 0.405448525 0.6711479234375 0.40513725 0.6706286578125 0.44673770625 0.64579905625 0.4301694796875 0.61894335 0.3921689140625 0.64179839375 0.3914534328125 0.64060791875 0.387291290625 0.6430857624999999 0.391704946875 0.650376309375 0.3939549375 0.6491411609375 0.4034245453125 0.6651251390625 0.4013343765625 0.6664020578125001
10 0.48301232812499995 0.6275991875 0.4750349296875 0.614267809375 0.45967010625000004 0.6235003046875 0.46768252656250003 0.6368342218749999 0.48301232812499995 0.6275991875
1 0.4421511515625 0.73306150625 0.44664114843749997 0.7405876390625 0.43605590625 0.7470423125 0.44548444375 0.7626744015625 0.4696246828125 0.7482397140625 0.45454725937499996 0.7237549375000001 0.4432614265625 0.7305363265625 0.444014415625 0.7318460109375 0.4421511515625 0.73306150625
2 0.41811686249999996 0.69416624375 0.42031623125 0.6979606140625 0.4212965234375 0.6973557312499999 0.42052900624999995 0.6960772015625001 0.4622123875 0.670444940625 0.447736928125 0.6469615078125 0.40591148906249996 0.6719741124999999 0.40547466875 0.671132528125 0.40453033437499997 0.6717231484374999 0.4084746390625 0.67828624375 0.41025799375 0.6772162328125 0.41966841875 0.69320881875 0.41811686249999996 0.69416624375
1 0.5347284046875 0.7134470609375 0.5408082921874999 0.7235679 0.5655789999999999 0.7088496578125 0.559624659375 0.6990511359375 0.559212121875 0.6992518453125001 0.5581278843749999 0.69756185 0.5374358828125 0.7101512484375 0.5381369312500001 0.7113763718749999 0.5347284046875 0.7134470609375
10 0.4430240625 0.7402698421875 0.43971924375000004 0.7345462875 0.4315771921875 0.739366278125 0.434964425 0.7451127468750001 0.4430240625 0.7402698421875
6 0.4996851484375 0.641345884375 0.49302952187500004 0.630160071875 0.48955029375 0.6322270999999999 0.48629163750000004 0.6268371203124999 0.483342921875 0.6286463921875 0.483668190625 0.6292428671875 0.46633796875 0.63968805625 0.47665849531250004 0.656804984375 0.4821697828125 0.6535856546875001 0.483162934375 0.6552935171875001 0.47943531874999995 0.6575567703125 0.48313664375 0.6637720953125 0.5008119609375 0.6532930109375 0.497013378125 0.64697199375 0.49468262812499997 0.6483470578125 0.49383238125 0.64693168125 0.49626005624999997 0.6454966468750001 0.4953832546875 0.6439792375 0.4996851484375 0.641345884375