10 0.42099415156250003 0.50073545 0.41968303906250004 0.49447713593750003 0.4429710921875 0.491291746875 0.44196008437499995 0.48585883281250003 0.40709138749999996 0.49072137343750005 0.40953767812499997 0.50243523125 0.42099415156250003 0.50073545
10 0.12070763437500001 0.65598513125 0.13279203906249998 0.7009822171875 0.13691707343749998 0.6999125796875 0.12485858593750002 0.6549088921874999 0.12070763437500001 0.65598513125
10 0.76626344375 0.3674291015625 0.777518671875 0.4092415 0.807601553125 0.4012201734375 0.7962675203125 0.359315846875 0.76626344375 0.3674291015625
10 0.86243849375 0.32983145 0.8613511796875001 0.3259742921875 0.8614529953125001 0.32587328437499996 0.8604610015624999 0.322068240625 0.83803600625 0.3280905796875 0.84010744375 0.335775884375 0.86243849375 0.32983145
1 0.7970974375 0.43847622968750005 0.8176065078124999 0.5151955375 0.8573498921875 0.50454540625 0.8368368109375 0.4276150828125 0.7970974375 0.43847622968750005
3 0.6404155140625 0.4075935453125 0.63148313125 0.374308871875 0.6371998671875 0.3727771921875 0.6294614875 0.34385433593750003 0.6019009 0.3511651890625 0.6185988796874999 0.41343926093750005 0.6404155140625 0.4075935453125
13 0.042140215625 0.532110340625 0.050847009374999995 0.5646983343749999 0.10546363437499999 0.5498435234375 0.09679831250000001 0.51765133125 0.042140215625 0.532110340625
6 0.3223212203125 0.5475046156250001 0.32188041875 0.5455147984375001 0.32739151875 0.5446813109375 0.32016521875000004 0.5087735046875 0.3143348328125 0.5096341546875001 0.3116328671875 0.49657406875000004 0.310069921875 0.49680582187500005 0.30901591875 0.4907333359375 0.29422729687500004 0.4928301890625 0.2951141640625 0.498881475 0.291429434375 0.4994456890625 0.2971982609375 0.528356375 0.2908064828125 0.5291061578125 0.2948535875 0.54922824375 0.3007031421875 0.5483870140625 0.3010634234375 0.5505115078125 0.3223212203125 0.5475046156250001
13 0.8413533718749999 0.33879055468749997 0.85378265 0.3854577921875 0.8753989859375 0.37986637343749996 0.8628974328125001 0.33307625 0.8413533718749999 0.33879055468749997
10 0.0711801953125 0.5091117203125 0.07414285000000001 0.5203177359375 0.0983096359375 0.513849384375 0.095277846875 0.5026899921875 0.0711801953125 0.5091117203125
8 0.13833281875 0.544807925 0.09205173125 0.5572011078125 0.115308059375 0.642912846875 0.11511723125 0.642925846875 0.1166910984375 0.64880045 0.1614681859375 0.6369059359375 0.1598720484375 0.6307771171875001 0.1596814234375 0.630651125 0.154198046875 0.610044375 0.15780946093749998 0.6090580890624999 0.1579508828125 0.6096314265625 0.26253514375 0.581440271875 0.34311897187499996 0.570187653125 0.35871104374999996 0.6470688734375 0.43900362656249997 0.635851065625 0.4324378453125 0.6035475046875 0.417982125 0.533241059375 0.3397203171875 0.5431437531250001 0.3400163640625 0.5450267921874999 0.25443519062500003 0.5571650609375001 0.1491729640625 0.5856131140625 0.13833281875 0.544807925
1 0.71337463125 0.5423208671874999 0.707146309375 0.5188971015625 0.6767979671875 0.5268111203125 0.6831894187499999 0.5503764531249999 0.71337463125 0.5423208671874999
1 0.280397203125 0.6607120953125001 0.35390565937499996 0.6504951 0.3393492046875 0.5784699765625 0.263222909375 0.5891747031250001 0.2579452484375 0.5905378375 0.2770577296875 0.6616743296875 0.280397203125 0.6607120953125001
10 0.3902635625 0.4638265203125 0.393766940625 0.48118489531249997 0.401596609375 0.480160984375 0.40152783124999997 0.47966352968750003 0.4048070078125 0.47929850781249994 0.4065039921875 0.48749073750000005 0.44112093750000003 0.482826928125 0.4343463390625 0.4493951390625 0.40575890625 0.45335952187500006 0.40734396406249995 0.4615043375 0.3902635625 0.4638265203125
7 0.3237383359375 0.5083676171875 0.33104690937500003 0.5440363078125 0.4024307578125 0.5350382265625 0.4020147609375 0.533370271875 0.4122883875 0.5320291421875 0.40205460625 0.4821040359375 0.39211859531250004 0.48351807812500003 0.3844423125 0.4449076484375 0.3212617765625 0.4536153921875 0.324289253125 0.468962275 0.315773009375 0.4700288125 0.319986771875 0.490558896875 0.329119203125 0.4893579203125 0.3326169171875 0.50714190625 0.3237383359375 0.5083676171875
10 0.2645923859375 0.5025155640625 0.2700390765625 0.52981096875 0.29484160312499996 0.526581475 0.2892379046875 0.4988726921875 0.2645923859375 0.5025155640625
10 0.3301002703125 0.50471041875 0.3276559984375 0.49231293281250005 0.3205316015625 0.49318159687499996 0.3207678578125 0.49454699375000005 0.31343741718749996 0.49570730625000003 0.3156583671875 0.5066858953125 0.3301002703125 0.50471041875
0 0.434174340625 0 0.34527874999999997 0.023819426562500003 0 0.1563595203125 0 0.565825659375 0.023819426562500003 0.6547212499999999 0.1563595203125 1 0.565825659375 1 0.6547212499999999 0.9761805734375001 1 0.8436404796874999 1 0.434174340625 0.9761805734375001 0.34527874999999997 0.8436404796874999 0 0.434174340625 0
10 0.31232373281250003 0.45450743750000006 0.3149698515625 0.46736970937500005 0.3218302171875 0.46643670468750004 0.31928372031249996 0.45356799062500003 0.31232373281250003 0.45450743750000006
10 0.4644980078125 0.6077230046875 0.4697550953125 0.6338443109375 0.49797980624999993 0.6299421765625 0.49264356249999997 0.6037541828124999 0.4644980078125 0.6077230046875
2 0.111644290625 0.6438455890625 0.0995431015625 0.598782978125 0.09717319218750001 0.5994282625 0.08949682812500001 0.5710506453125 0.08101041875000001 0.573324159375 0.0776470328125 0.5611221625 0.0604419375 0.5657616984375 0.071328359375 0.6063081171875 0.042088753125 0.61414130625 0.0689564171875 0.7144101078125 0.126690928125 0.6989793828125 0.113760903125 0.6507286062500001 0.1135952828125 0.65061979375 0.1118267671875 0.6439111109375 0.111644290625 0.6438455890625
3 0.0688424 0.6042966546875 0.0586506703125 0.5662183359374999 0.049350145312499996 0.5686905484375 0.03902120625 0.5299452234375 0.02089333125 0.5348971406249999 0.0414190203125 0.611589984375 0.0688424 0.6042966546875
10 0.0908345640625 0.567315334375 0.0984019484375 0.595600890625 0.09992675625 0.59519130625 0.089800884375 0.5574458718749999 0.0796364125 0.56015265 0.0821813015625 0.569651221875 0.0908345640625 0.567315334375
10 0.18357780625 0.5211001609375 0.1837642734375 0.5217516062499999 0.1644693734375 0.5268853890625 0.1668128125 0.5358286453125001 0.1772020453125 0.5330272203125 0.1877399625 0.572308234375 0.2255092359375 0.562096221875 0.21636229999999998 0.5280520546874999 0.26488320625 0.515123775 0.262256846875 0.5022388546875 0.243858540625 0.5049079359374999 0.18357780625 0.5211001609375
2 0.90351790625 0.482893403125 0.90338604375 0.48279841093750003 0.8844945671875 0.41233357968749995 0.841405121875 0.42389826406250003 0.8618699765625 0.500127425 0.9050585718749999 0.48858995156249996 0.90351790625 0.482893403125
2 0.20382818593750002 0.6000493453125 0.22334569062499998 0.6729952453125 0.2710608953125 0.660265784375 0.2514875890625 0.587222475 0.20382818593750002 0.6000493453125
2 0.42161230468750005 0.5325521765625 0.43646405312500003 0.607094946875 0.4900190796875 0.599655278125 0.474821634375 0.52487030625 0.42161230468750005 0.5325521765625
10 0.2685936203125 0.533073815625 0.273516515625 0.5514923328125 0.2926447921875 0.5488108296875 0.2888621203125 0.530197303125 0.2685936203125 0.533073815625
1 0.437828615625 0.613618940625 0.442677684375 0.6377093921875 0.4677459671875 0.6346490171875 0.4627133921875 0.6098407109374999 0.437828615625 0.613618940625
13 0.21934024375 0.5304688109375 0.2275272875 0.5610269999999999 0.2707280078125 0.54947315625 0.262527278125 0.51891855 0.21934024375 0.5304688109375
1 0.1268569046875 0.654337628125 0.13875416406250002 0.698690225 0.17348797031250002 0.6894476 0.1616149640625 0.6450622625 0.1268569046875 0.654337628125
10 0.7967314890625 0.3541937421875 0.8086952234375 0.3987936296875 0.8253766078125 0.3943986421875 0.8134554421875 0.3497221640625 0.7967314890625 0.3541937421875
10 0.404857771875 0.458990865625 0.40363673593750005 0.45291052968749995 0.404263590625 0.45276028124999995 0.40205250000000003 0.44196870625000007 0.3863851375 0.444279025 0.389749465625 0.4610397203125 0.404857771875 0.458990865625
6 0.8464840828125 0.3907080203125 0.8459904171874999 0.3889292921875 0.85146955625 0.3873934203125 0.8395615609375 0.3426466125 0.81534525 0.3490251859375 0.827873559375 0.3957280515625 0.8464840828125 0.3907080203125
2 0.704032890625 0.508366540625 0.684001296875 0.4329652234375 0.6496101578125 0.44210643593750004 0.6407555406250001 0.40929903124999995 0.619032940625 0.4151019546875 0.64911549375 0.5275259875 0.7052873890625 0.5125109921875 0.7042099453125 0.5084877 0.704032890625 0.508366540625
3 0.4364923796875 0.449195628125 0.4520636859375 0.5259224734375 0.474522559375 0.5233281828125 0.45888880624999995 0.44585877187499995 0.4364923796875 0.449195628125
8 0.707680403125 0.5079320968750001 0.7160199953124999 0.5392016125 0.8114903046874999 0.513628628125 0.7897282015625 0.4324111640625 0.8581399546874999 0.4137738921875 0.8578553718749999 0.41254420312500006 0.8580632937500001 0.411952246875 0.8521738125 0.3893021921875 0.7686907749999999 0.41169797968750005 0.7688798953125 0.41240865781249997 0.7652574000000001 0.41335735781249994 0.7650464734375 0.4127119546875 0.7555035046875 0.4152153078125 0.7550495921875 0.41337445625 0.68865239375 0.43148276875 0.6887275625 0.43181375156249996 0.68736663125 0.43208344062500004 0.707769353125 0.507775775 0.707680403125 0.5079320968750001
1 0.6399793109374999 0.3344946703125 0.6525467453125 0.3814084609375 0.6826547203125 0.37343942812500003 0.6700258171875 0.326688146875 0.6399793109374999 0.3344946703125
1 0.1592319453125 0.5312222421875 0.156592715625 0.5213732671875 0.17173896093750002 0.51723450625 0.1623380921875 0.48209281875 0.0995890203125 0.49883087187499997 0.1116721296875 0.54392050625 0.1592319453125 0.5312222421875
10 0.7427205421874999 0.32070825625 0.7460860874999999 0.33321235625 0.7516359687499999 0.3317430546875 0.7482539796875 0.31916995 0.7427205421874999 0.32070825625
13 0.6813447765625 0.4299949515625 0.6682475 0.3812125515625 0.6508684625 0.3857782703125 0.6476241015624999 0.373572425 0.6346310625 0.377020215625 0.6509768578124999 0.43816753437499995 0.6813447765625 0.4299949515625
2 0.1633562421875 0.630318334375 0.1780368046875 0.6851524765625 0.22149414374999998 0.6735084953125 0.20194187968750002 0.6005374437500001 0.15862735 0.6121784890625 0.1634417859375 0.6300528578125 0.1633562421875 0.630318334375
10 0.7479706953124999 0.3358329046875 0.7562850859375 0.3668710859375 0.75678395 0.367220184375 0.7679953453125 0.409158196875 0.775268628125 0.40722985468750006 0.7640512984375001 0.3654464234375 0.7956132203124999 0.35700965 0.7949653859375 0.35459385781249997 0.794735271875 0.354469634375 0.786928753125 0.3252733484375 0.7479706953124999 0.3358329046875
13 0.44941218593750004 0.5253938234375 0.4433320703125 0.49423774375 0.422345946875 0.49711524375 0.42355132187500005 0.5032986640625 0.41040499375 0.5052789140625 0.41525863281250003 0.5301006765625 0.44941218593750004 0.5253938234375
11 0.6491141109375 0.53220943125 0.655942784375 0.55775089375 0.68090025625 0.5510576875 0.6740912984375 0.5255588671875 0.6491141109375 0.53220943125
10 0.670123109375 0.3800992609375 0.6733932234375 0.392206515625 0.6871674203125 0.388696528125 0.683858478125 0.376440159375 0.670123109375 0.3800992609375
7 0.696338 0.4270664109375 0.6968562656249999 0.42914030312499996 0.7645170421875 0.41073105156249995 0.740846934375 0.321678515625 0.6760703125 0.339086084375 0.6900440890625 0.390906134375 0.6785637312499999 0.393960709375 0.6880740546874999 0.4293264953125 0.696338 0.4270664109375
1 0.1853427515625 0.5723330265625 0.1758848375 0.536933734375 0.1629627484375 0.5404747921874999 0.16232268125 0.5381882375 0.1407626671875 0.54410950625 0.15102651875 0.5813467390625 0.1853427515625 0.5723330265625
10 0.8766546406250001 0.38293254062500004 0.8541066703125001 0.3889920421875 0.8560109328125 0.39620259999999996 0.8562987140624999 0.39614568906250003 0.8608303109375001 0.4130390734375 0.8830561828124999 0.40702120468749997 0.8766546406250001 0.38293254062500004
10 0.6296761531249999 0.3370756046875 0.6391764 0.3725808234375 0.6470754171875 0.3704993171875 0.637540334375 0.33491207031250003 0.6296761531249999 0.3370756046875