2 0.18148906250000002 0.4925046875 0.182384375 0.48862812499999997 0.21004062499999998 0.4955234375 0.208759375 0.4998 0.2170640625 0.50204375 0.23770625 0.41919218750000004 0.1650109375 0.4010671875 0.1448546875 0.4832140625 0.18148906250000002 0.4925046875
10 0.8853578125 0.5598859375 0.9118171875 0.5853640625 0.9481671875 0.52229375 0.9361593750000001 0.5107375000000001 0.9049015624999999 0.5648703125 0.8904046875 0.5510421875 0.8853578125 0.5598859375
2 0.725928125 0.4787828125 0.68681875 0.4690703125 0.6701421875 0.536071875 0.6757265625 0.53748125 0.6764812499999999 0.5344562500000001 0.7028390625000001 0.5410078125 0.7020625 0.544065625 0.7091359374999999 0.545790625 0.725928125 0.4787828125
10 0.7499 0.4149234375 0.7121828125 0.4055578125 0.7035765625 0.44006249999999997 0.7412515625 0.4494359375 0.7499 0.4149234375
9 0.8996859374999999 0.6063125 0.9104703125 0.587659375 0.8839921875 0.562396875 0.8733171875 0.5810390625 0.8996859374999999 0.6063125
13 0.6697359374999999 0.3945765625 0.6610265625 0.42943749999999997 0.70158125 0.4393359375 0.710115625 0.4050546875 0.6888390625 0.3997390625 0.6889296875 0.3993796875 0.6697359374999999 0.3945765625
10 0.781703125 0.4595203125 0.7993703125 0.46388749999999995 0.784259375 0.449375 0.781703125 0.4595203125
13 0.8459703125000001 0.5549171875 0.8717921875 0.5795281250000001 0.886746875 0.553478125 0.8611093750000001 0.5289734375 0.8459703125000001 0.5549171875
8 0.724165625 0.47670781250000005 0.736421875 0.47982031249999996 0.7371546875 0.4767859375 0.7815109375 0.4878453125 0.7807046875 0.49091562499999997 0.786675 0.4923703125 0.83050625 0.5345453124999999 0.8270671875 0.540571875 0.8286031250000001 0.5422890625 0.8169296875000001 0.5625453125 0.9362359375 0.67581875 0.9394625 0.670240625 0.94121875 0.6719359375 0.9457187499999999 0.6640796875 0.9439515625 0.6623265625 0.9751078124999999 0.60835625 0.9768734374999999 0.6100140625 0.9826671875 0.5999890625 0.9689421875 0.586640625 0.9672609375000001 0.5894546875 0.9315671875 0.55515 0.8997734375 0.6102046875 0.8430249999999999 0.5559046875 0.861784375 0.523603125 0.8037812499999999 0.46820312499999994 0.7065890625 0.4438890625 0.7005484375 0.467853125 0.72489375 0.47390156250000004 0.724165625 0.47670781250000005
2 0.8471046875000001 0.59728125 0.8131546875 0.5647968750000001 0.7833640625 0.6166984375 0.7889703124999999 0.6222609375 0.7906 0.61960625 0.8116734375 0.6397921875 0.8100625000000001 0.6424703125 0.8188437499999999 0.6507875000000001 0.8347625000000001 0.623446875 0.8330093749999999 0.6216796875 0.8471046875000001 0.59728125
7 0.8417 0.69529375 0.84700625 0.70065 0.8485093750000001 0.6980203125 0.8694984375000001 0.718053125 0.8681234375000001 0.7207734375 0.8737078125 0.7260453124999999 0.9007531249999999 0.6790703125 0.9241734375 0.7014375 0.9269109375 0.6970421875 0.9250359375 0.6951109375 0.9360859375 0.6759906250000001 0.851809375 0.59589375 0.833984375 0.6264875 0.8383296874999999 0.6307484375 0.8398984374999999 0.6279625 0.8608 0.6479734374999999 0.8592140625000001 0.650771875 0.864459375 0.655734375 0.8417 0.69529375
6 0.7667375 0.41435781250000003 0.7666484375 0.4147171875 0.76398125 0.4140890625 0.7629625 0.41817343749999997 0.7519671875 0.41545 0.7432203125 0.45041875 0.7521046874999999 0.45275156250000004 0.75419375 0.44430312499999997 0.755971875 0.444746875 0.753303125 0.4553953125 0.7724593750000001 0.460171875 0.7730453125000001 0.4578828125 0.7796171875 0.45955312499999995 0.78203125 0.44994531249999997 0.7829984375000001 0.4507890625 0.7894984375 0.4248078125 0.783790625 0.423421875 0.784784375 0.4192765625 0.7829140625 0.4188484375 0.7829375 0.4186453125 0.7826984375 0.418584375 0.7827625 0.41837187499999995 0.7667375 0.41435781250000003
11 0.6801578125 0.361384375 0.6737124999999999 0.3874953125 0.6908546875 0.39173125 0.6973390625 0.3656671875 0.6801578125 0.361384375
2 1 0.529721875 0.9517218749999999 0.48372187499999997 0.9373796875 0.5083890625 0.9510421875 0.5215124999999999 0.9337859375 0.5514203125 0.97119375 0.5871828125 0.9777578124999999 0.5758609375 0.9758890625 0.574109375 0.994403125 0.5419890625 0.9960875 0.5437765625 1 0.5371 1 0.529721875
3 0.6576984375 0.3557765625 0.650165625 0.35395781249999997 0.6329421875000001 0.4230078125 0.658959375 0.4294515625 0.668471875 0.3912875 0.670484375 0.3917890625 0.6781875 0.36088437500000003 0.6707578125 0.3590703125 0.6699546875 0.3622375 0.65690625 0.359003125 0.6576984375 0.3557765625
2 0.6846375 0.46378593749999997 0.6974296875 0.4670140625 0.7034109374999999 0.44308437500000003 0.634584375 0.425915625 0.6284078125 0.45061875 0.6261687499999999 0.45005937500000004 0.6085203124999999 0.5207375 0.6334328124999999 0.527025 0.6341890625 0.523996875 0.6605734375 0.5305390625 0.6598078125 0.5335625 0.66690625 0.53529375 0.6846375 0.46378593749999997
9 0.3874140625 0.3415078125 0.37343281250000004 0.337984375 0.376403125 0.32575 0.347746875 0.3189296875 0.3380640625 0.356253125 0.367021875 0.36353125 0.367690625 0.36084375 0.36999218749999996 0.3613796875 0.365303125 0.37982031250000003 0.396953125 0.38718906249999996 0.40379062499999996 0.357821875 0.38450625 0.35328125 0.3874140625 0.3415078125
0 0.10935781250000001 0 0 0.4386078125 0 0.8906421874999999 0.4386078125 1 0.8906421874999999 1 1 0.5613921875 1 0.10935781250000001 0.5613921875 0 0.10935781250000001 0
3 0.276775 0.3730734375 0.2356171875 0.362478125 0.235240625 0.363990625 0.2348234375 0.36419375 0.222990625 0.41147343750000004 0.2647609375 0.42177031249999997 0.276775 0.3730734375
10 0.3026125 0.39297343749999997 0.2901546875 0.3898109375 0.28094687500000004 0.42623437500000005 0.29354375 0.4291875 0.3026125 0.39297343749999997
2 0.34326249999999997 0.4773328125 0.2930234375 0.4647328125 0.2709640625 0.5547640625 0.281828125 0.5574734375 0.2830890625 0.5532796875 0.31101875 0.560375 0.3100203125 0.5644250000000001 0.32111093749999997 0.5673046875 0.34326249999999997 0.4773328125
10 0.38575312500000003 0.3518203125 0.40448125 0.3565109375 0.409959375 0.333890625 0.3916265625 0.329528125 0.388675 0.34157187499999997 0.3883125 0.3415546875 0.38575312500000003 0.3518203125
10 0.1748078125 0.49589218749999997 0.1431734375 0.48762812499999997 0.1348953125 0.521046875 0.16641875 0.52890625 0.1748078125 0.49589218749999997
10 0.3661890625 0.367146875 0.33714374999999996 0.35977031249999997 0.334025 0.372290625 0.3630640625 0.37924531250000004 0.3661890625 0.367146875
10 0.26708906250000003 0.4225609375 0.2787265625 0.425615625 0.2877171875 0.38915625 0.279596875 0.386978125 0.28279375 0.3737328125 0.27939375 0.3729640625 0.26708906250000003 0.4225609375
7 0.44435156249999996 0.3926265625 0.42543749999999997 0.3880046875 0.42649375 0.3838734375 0.40177031249999995 0.3775515625 0.3982359375 0.39173125 0.3646796875 0.3837234375 0.3494515625 0.4442859375 0.36476406250000004 0.44819375 0.364509375 0.4494734375 0.355971875 0.4836421875 0.433978125 0.5029 0.4345140625 0.5001171875 0.43188750000000004 0.49923124999999996 0.4385671875 0.472659375 0.44128437500000006 0.4734890625 0.44910937500000003 0.44340624999999995 0.4463203125 0.44289218750000003 0.452903125 0.41522031249999997 0.45525937499999997 0.41670468749999995 0.4615890625 0.39309375 0.4452453125 0.3886640625 0.44435156249999996 0.3926265625
13 0.23280937499999999 0.364540625 0.21034375 0.3585921875 0.2036578125 0.3857828125 0.2009796875 0.385190625 0.20768749999999997 0.3581765625 0.18730625 0.353134375 0.181928125 0.373896875 0.172603125 0.37191406250000003 0.16638906250000002 0.3970546875 0.1987078125 0.40584218749999995 0.19773281250000002 0.40914687499999997 0.22009531249999997 0.41461249999999994 0.23280937499999999 0.364540625
13 0.3617421875 0.383196875 0.3334609375 0.376334375 0.3196359375 0.43210781249999997 0.347784375 0.4387984375 0.3617421875 0.383196875
8 0.32536875 0.5684328125 0.332575 0.5703375 0.33356875 0.5657453125 0.395315625 0.5807109374999999 0.3941765625 0.5855875 0.41231875 0.5896828125 0.42132812499999994 0.55310625 0.41851562500000006 0.5525156250000001 0.42511875000000005 0.5255390625 0.42817343750000003 0.526409375 0.4339765625 0.503128125 0.35578906250000003 0.48394062499999996 0.36441875 0.4496296875 0.3149609375 0.4378375 0.34516562500000003 0.3179046875 0.34208906250000004 0.31713749999999996 0.34304843749999997 0.313290625 0.3261703125 0.30929531250000003 0.2951015625 0.43299374999999996 0.237821875 0.4187125 0.2312953125 0.445803125 0.34852656249999997 0.4752484375 0.32536875 0.5684328125
2 0.3869265625 0.3102453125 0.38372656250000003 0.3094859375 0.3937 0.2696625 0.39694375000000004 0.270684375 0.3993796875 0.2599984375 0.34002187500000003 0.2452 0.3237828125 0.308503125 0.3837375 0.3236484375 0.3869265625 0.3102453125
6 0.301075 0.30285937500000004 0.298259375 0.313828125 0.29381875 0.31308125000000003 0.2857421875 0.34521875 0.2899171875 0.346259375 0.288796875 0.35127031249999996 0.3136140625 0.35772499999999996 0.32232343750000003 0.323053125 0.3202375 0.3222671875 0.32334687500000003 0.308471875 0.301075 0.30285937500000004
10 0.282734375 0.3845 0.30355781249999997 0.3896078125 0.31164843750000004 0.3573890625 0.2964421875 0.3534296875 0.29567031250000003 0.356203125 0.290121875 0.3548734375 0.282734375 0.3845
2 0.23013750000000002 0.5400171874999999 0.25782343750000003 0.5469421875 0.25680625 0.551290625 0.268003125 0.5539125 0.2902578125 0.46421406249999997 0.2345234375 0.45025468750000003 0.22190781249999997 0.4996609375 0.2191421875 0.49906562499999996 0.2094578125 0.5391859375 0.22905625000000002 0.5442953125 0.23013750000000002 0.5400171874999999
1 0.169253125 0.5289312500000001 0.20517968749999999 0.5377046875 0.21362968750000003 0.5045171875000001 0.17838125 0.49585156250000006 0.1737765625 0.5145 0.1728640625 0.514271875 0.169253125 0.5289312500000001
10 0.389409375 0.3289390625 0.3786703125 0.3260375 0.376409375 0.33518125 0.3871453125 0.33780625 0.389409375 0.3289390625