11 0.024315625 0.6088250000000001 0.0375390625 0.5891921875 0.023065625 0.57931875 0.009868749999999999 0.598884375 0.024315625 0.6088250000000001
3 0.09225 0.5241578125 0.1331953125 0.463059375 0.1112296875 0.44843124999999995 0.0698359375 0.5098 0.09225 0.5241578125
10 0.2609828125 0.559165625 0.2692015625 0.5468453125 0.25020312499999997 0.5341515625000001 0.2420984375 0.546365625 0.2609828125 0.559165625
7 0.155221875 0.5065125 0.14215625 0.5260343749999999 0.1382921875 0.5233140625 0.12230468750000001 0.5471781250000001 0.169203125 0.5781578125 0.21789062499999998 0.5068374999999999 0.1600484375 0.4680953125 0.1403375 0.49674687500000003 0.155221875 0.5065125
12 0.2850828125 0.5503859375 0.336190625 0.47456250000000005 0.304715625 0.45352499999999996 0.2535890625 0.52915 0.2850828125 0.5503859375
2 0.20070937500000002 0.5964671874999999 0.2319828125 0.5497734375000001 0.2035625 0.5306046875 0.1722109375 0.5770859374999999 0.20070937500000002 0.5964671874999999
10 0.34867499999999996 0.569546875 0.3575015625 0.55634375 0.3341453125 0.540478125 0.3251140625 0.5535625 0.34867499999999996 0.569546875
5 0.28541249999999996 0.5576484374999999 0.2708625 0.5480968749999999 0.24754375 0.58294375 0.2717359375 0.59913125 0.2753359375 0.594203125 0.3029765625 0.6127140625 0.3253921875 0.5797546875 0.312309375 0.5710609375 0.364375 0.493596875 0.3397265625 0.4767125 0.28541249999999996 0.5576484374999999
1 0.052881250000000005 0.62815625 0.06616562499999999 0.6083796875 0.039423437500000005 0.5904921875 0.026240625 0.6100359375 0.052881250000000005 0.62815625
2 0.7527203124999999 0.46073281250000003 0.7770953125 0.42439687499999995 0.7370062500000001 0.397515625 0.712359375 0.43332031249999997 0.7527203124999999 0.46073281250000003
10 0.8163843749999999 0.3676953125 0.8209093749999999 0.3609859375 0.8048624999999999 0.35016250000000004 0.8004265625 0.35683750000000003 0.8163843749999999 0.3676953125
10 0.9241375 0.40974062499999997 0.9335718749999999 0.395746875 0.9050390625 0.3766359375 0.9009656250000001 0.3942484375 0.9241375 0.40974062499999997
6 0.8289984374999999 0.37730312499999996 0.8091296874999999 0.406846875 0.8371656249999999 0.4257578125 0.8567984375 0.39668749999999997 0.8483218750000001 0.39089999999999997 0.85230625 0.38490156249999996 0.8391 0.376028125 0.8352765625 0.381625 0.8289984374999999 0.37730312499999996
10 0.88275 0.4200078125 0.866859375 0.44370468750000003 0.8903578124999999 0.4599515625 0.921534375 0.41345625 0.9113203125 0.4065671875 0.8960390625000001 0.4293625 0.88275 0.4200078125
5 0.9135578125 0.31244218749999997 0.882990625 0.357621875 0.8596484375 0.34175625 0.83961875 0.371803125 0.867178125 0.39148125 0.84295625 0.428534375 0.864921875 0.44307968750000004 0.8996453125 0.391315625 0.9030687500000001 0.375103125 0.935128125 0.3267203125 0.9135578125 0.31244218749999997
10 0.8958359375 0.4235921875 0.9083140625 0.4048140625 0.898990625 0.39839531250000004 0.8865734375000001 0.4170828125 0.8958359375 0.4235921875
1 0.78371875 0.31800937500000004 0.7799750000000001 0.32475312500000003 0.8088468750000001 0.3446046875 0.8222671874999999 0.32490625 0.7908375000000001 0.3040828125 0.8040843750000001 0.28464375 0.7445999999999999 0.24414375000000002 0.7224999999999999 0.27690625 0.78371875 0.31800937500000004
10 0.7089453125 0.258175 0.7264859375 0.232171875 0.71959375 0.2275171875 0.7018640625 0.2532078125 0.7089453125 0.258175
2 0.7945609375 0.48935312499999994 0.8189703125 0.4526140625 0.7791984375000001 0.42578750000000004 0.7542125000000001 0.46200625000000006 0.7945609375 0.48935312499999994
10 0.7986171875 0.3057046875 0.8102484375 0.2887828125 0.805828125 0.28581875 0.79438125 0.30280625 0.7986171875 0.3057046875
12 0.883028125 0.3492796875 0.9340515625 0.27291875 0.9026078125 0.25148281250000004 0.851475 0.32776875 0.883028125 0.3492796875
11 0.727975 0.23330625 0.70894375 0.261709375 0.6989296875 0.2551421875 0.6959375 0.259178125 0.7203906250000001 0.275671875 0.742496875 0.2431015625 0.727975 0.23330625
2 0.7785640625 0.385584375 0.8036 0.34874375 0.7740437499999999 0.3286703125 0.7492515625 0.3652859375 0.7785640625 0.385584375
1 0.7756078125 0.5130578125 0.788840625 0.493040625 0.618678125 0.37788750000000004 0.6049875 0.3977859375 0.7756078125 0.5130578125
8 0.696128125 0.333121875 0.6544359375 0.394075 0.7095390625 0.43167968749999996 0.735990625 0.392359375 0.8207671875000001 0.45015 0.83630625 0.42739843750000006 0.696128125 0.333121875
10 0.37706875 0.7789125 0.390771875 0.7585968750000001 0.383875 0.7538140624999999 0.3701109375 0.7742203125 0.37706875 0.7789125
10 0.522828125 0.9703984374999999 0.5364671875 0.9501781250000001 0.5205031250000001 0.9391468749999999 0.50673125 0.9594203125 0.522828125 0.9703984374999999
5 0.46798906249999994 0.67941875 0.471496875 0.662115625 0.5034171875 0.6145937499999999 0.48200312500000003 0.6003421875 0.45165 0.6449453125 0.42803593749999996 0.6293921874999999 0.40778593750000003 0.6598124999999999 0.436475 0.679540625 0.41191562499999995 0.7157515625 0.43351875 0.7303234375 0.46798906249999994 0.67941875
8 0.5046171875 0.7832734375 0.48136875 0.818428125 0.3927796875 0.759465625 0.378453125 0.780015625 0.45742031250000004 0.8332796874999999 0.41618750000000004 0.8942703125 0.4711609375 0.931746875 0.530240625 0.8444328125 0.5407625 0.8511359374999999 0.56164375 0.81976875 0.5046171875 0.7832734375
10 0.45699375 0.7994578125 0.47505 0.7724265625 0.46873750000000003 0.7681171875 0.4505640625 0.7950796875 0.45699375 0.7994578125
10 0.44903281249999993 0.7942421875 0.46729374999999995 0.7668390625 0.46261562500000003 0.763525 0.4440515625 0.7908828125 0.44903281249999993 0.7942421875
2 0.370065625 0.8632640625000001 0.4093453125 0.8046296875 0.3683453125 0.776975 0.3286046875 0.8352999999999999 0.370065625 0.8632640625000001
10 0.4798453125 0.6939234375 0.464584375 0.7165484375 0.451434375 0.7074890625 0.4352078125 0.7313484375 0.45901875 0.7476015625 0.48996874999999995 0.7013203125 0.4798453125 0.6939234375
10 0.4927921875 0.6974671875 0.5022828125000001 0.682909375 0.47363437499999994 0.6637421875 0.4694265625 0.6817124999999999 0.4927921875 0.6974671875
3 0.5692890625 0.9013625 0.5682125 0.9029671875 0.5634750000000001 0.9000078125 0.5345875 0.9422437499999999 0.55443125 0.9550812499999999 0.583221875 0.9128328124999999 0.57811875 0.9095125 0.5793453125 0.9074406249999999 0.58436875 0.9109875000000001 0.6144171875 0.8661515625 0.5990624999999999 0.8557937499999999 0.580878125 0.8827546875 0.57545 0.87909375 0.5637109375 0.8967828125 0.5692890625 0.9013625
1 0.48717187500000003 0.9160609375 0.47321875 0.9364734374999999 0.5055890625 0.9584359375 0.518671875 0.9384890625000001 0.5119640624999999 0.9338374999999999 0.5129421875 0.932525 0.48717187500000003 0.9160609375
10 0.4812078125 0.7380265625 0.4678046875 0.7577546875000001 0.479875 0.7661718750000001 0.4917515625 0.7484265625 0.4894546875 0.7470078124999999 0.491040625 0.74479375 0.4812078125 0.7380265625
10 0.39248125 0.75646875 0.41190781249999997 0.7273984375 0.40457187499999997 0.72258125 0.385146875 0.75164375 0.39248125 0.75646875
10 0.46092187500000004 0.7536421875 0.46584062499999995 0.756959375 0.47802187500000004 0.73903125 0.47285000000000005 0.735546875 0.46092187500000004 0.7536421875
11 0.49356718749999995 0.741046875 0.5029171875 0.72728125 0.48603125 0.7161671875 0.4770671875 0.7295546875000001 0.49356718749999995 0.741046875
2 0.5331671874999999 0.940834375 0.5754921875 0.8785812500000001 0.5312140624999999 0.848715625 0.48897031249999995 0.911178125 0.5331671874999999 0.940834375
13 0.56563125 0.837553125 0.55155625 0.858284375 0.5811109375 0.8782203125000001 0.5985265625 0.8522640625 0.5814234375 0.8408515624999999 0.5779468750000001 0.8458765625 0.56563125 0.837553125
10 0.719528125 0.2817109375 0.7088203125 0.2971890625 0.7126125 0.29974218750000003 0.6945406249999999 0.3268953125 0.6955203125 0.3277609375 0.7245812500000001 0.285590625 0.719528125 0.2817109375
13 0.702734375 0.27047656249999996 0.673909375 0.31265312500000003 0.6930734375000001 0.32623125000000003 0.70975 0.300825 0.7061703125000001 0.2982859375 0.71779375 0.28091093749999996 0.702734375 0.27047656249999996
4 0.9376031250000001 0.389759375 0.9659234375000001 0.3477734375 0.938221875 0.329353125 0.9100250000000001 0.371021875 0.9376031250000001 0.389759375
7 0.7463703125000001 0.366309375 0.776321875 0.3215703125 0.72713125 0.28775625 0.69605625 0.3331625 0.7463703125000001 0.366309375
1 0.6040703125 0.3642875 0.6164328125 0.3730765625 0.696825 0.253421875 0.6842546875 0.24517187499999998 0.6040703125 0.3642875
10 0.8375937499999999 0.371021875 0.858134375 0.341171875 0.8473843750000001 0.3339140625 0.8270375 0.3642765625 0.8375937499999999 0.371021875
13 0.808159375 0.4047296875 0.8263828125 0.3776828125 0.7987171875 0.35891875 0.7810140624999999 0.38561718749999996 0.808159375 0.4047296875
2 0.4477796875 0.2552390625 0.4748265625 0.2154703125 0.437909375 0.1908859375 0.411015625 0.23059687499999998 0.4477796875 0.2552390625
1 0.4980703125 0.150990625 0.5111375 0.13161562499999999 0.48705781249999996 0.1151015625 0.47386249999999996 0.1346625 0.4980703125 0.150990625
2 0.35038281250000003 0.1894125 0.3923921875 0.1265546875 0.34819374999999997 0.09718125 0.30601875 0.1595984375 0.35038281250000003 0.1894125
10 0.5300859375 0.1551109375 0.534065625 0.1490546875 0.5136406250000001 0.13542343750000002 0.509621875 0.1413828125 0.5300859375 0.1551109375
3 0.3774984375 0.053525 0.3500203125 0.09483749999999999 0.3708984375 0.1094171875 0.398671875 0.067990625 0.3927453125 0.06400937500000001 0.39453125 0.0614578125 0.385203125 0.054945312499999996 0.3834484375 0.0576359375 0.3774984375 0.053525
5 0.5918953124999999 0.156784375 0.592328125 0.15594531250000002 0.62461875 0.1086 0.636390625 0.0906515625 0.643578125 0.07956875 0.6192171875 0.0622140625 0.5648625 0.143621875 0.5501546875 0.1337015625 0.5272187500000001 0.1682015625 0.5513515625000001 0.1846375 0.5550203125000001 0.17986249999999998 0.5826703125 0.19835624999999998 0.604890625 0.165578125 0.5918953124999999 0.156784375
10 0.49329999999999996 0.115778125 0.5073624999999999 0.094928125 0.5025984375 0.0916359375 0.4884234375 0.11248906249999999 0.49329999999999996 0.115778125
10 0.6463109375 0.1482484375 0.6384578125 0.14295156250000002 0.6283578125 0.15833906250000002 0.6212718749999999 0.153559375 0.610421875 0.16909687499999998 0.607740625 0.1675609375 0.6006796875 0.17789375000000002 0.6183609375 0.1898234375 0.6463109375 0.1482484375
12 0.565271875 0.1359921875 0.615615625 0.0602546875 0.5842031249999999 0.038935937500000004 0.5331078125000001 0.1146890625 0.565271875 0.1359921875
2 0.47657343750000003 0.2166359375 0.44967499999999994 0.25662656250000004 0.486534375 0.2810484375 0.5130125 0.241215625 0.47657343750000003 0.2166359375
10 0.54055 0.1447 0.548803125 0.1325296875 0.52975 0.11980468749999999 0.5216140625000001 0.13186562500000001 0.54055 0.1447
11 0.303871875 0.194459375 0.317146875 0.17471562499999999 0.3026421875 0.164803125 0.289309375 0.1845703125 0.303871875 0.194459375
1 0.48768124999999996 0.110365625 0.50081875 0.0906546875 0.43942031249999997 0.048915625000000004 0.42612812499999997 0.06873749999999999 0.48768124999999996 0.110365625
13 0.39091718750000004 0.0830078125 0.37301875 0.1102765625 0.4015890625 0.129546875 0.41615 0.107753125 0.4051609375 0.1004078125 0.408653125 0.0950953125 0.39091718750000004 0.0830078125
8 0.5190015625 0.21420781249999998 0.52056875 0.211653125 0.3957125 0.1286875 0.3528703125 0.19137656249999999 0.40825781250000004 0.2287359375 0.4370453125 0.18588906249999998 0.51495625 0.2385953125 0.527959375 0.218828125 0.5211984375000001 0.21405 0.5205421875 0.21513906249999998 0.5190015625 0.21420781249999998
7 0.419103125 0.10680624999999999 0.40164687499999996 0.13269375 0.44727812499999997 0.1628078125 0.4792734375 0.1151921875 0.4596890625 0.10179374999999999 0.4609078125 0.0995921875 0.42459687500000004 0.0753671875 0.40824375 0.0991515625 0.419103125 0.10680624999999999
0 0.2341453125 0 0 0.347134375 0 0.7658546875 0.347134375 1 0.7658546875 1 1 0.652865625 1 0.2341453125 0.652865625 0 0.2341453125 0
1 0.4694671875 0.30610468750000003 0.483071875 0.2859359375 0.31906249999999997 0.1759921875 0.3059109375 0.1953265625 0.4694671875 0.30610468750000003
6 0.5188390625 0.1721953125 0.5015562499999999 0.198371875 0.529690625 0.2165609375 0.5469953125 0.19131718749999999 0.5380578125000001 0.1850171875 0.540540625 0.1809203125 0.5273296875 0.172140625 0.5244640625 0.17625 0.5188390625 0.1721953125
10 0.4799421875 0.1818328125 0.496521875 0.1573453125 0.4681515625 0.1383984375 0.45170000000000005 0.1626 0.4799421875 0.1818328125
10 0.610471875 0.1633359375 0.6173062500000001 0.1533796875 0.6042828124999999 0.1445953125 0.5972765625 0.1547109375 0.610471875 0.1633359375
10 0.40704062499999993 0.090840625 0.41179531249999995 0.0835328125 0.3970515625 0.073778125 0.392153125 0.0810515625 0.40704062499999993 0.090840625
10 0.4144609375 0.07942656249999999 0.430003125 0.0566 0.4169296875 0.047790624999999996 0.401415625 0.0707296875 0.4144609375 0.07942656249999999
13 0.5009125 0.19570625 0.527434375 0.15610625 0.5083593750000001 0.143484375 0.48185625 0.1825078125 0.5009125 0.19570625
10 0.6282375 0.15523437499999998 0.6372453124999999 0.1418796875 0.61361875 0.1259421875 0.6046078125000001 0.139203125 0.6282375 0.15523437499999998
4 0.6498890625 0.14321875 0.6776671875 0.1018 0.64766875 0.0817921875 0.6199796875 0.12236406250000001 0.6498890625 0.14321875
1 0.4040125 0.0640015625 0.41558593750000006 0.0469578125 0.3926078125 0.03168125 0.381284375 0.0482375 0.4040125 0.0640015625
7 0.5048984375 0.7329640625 0.48174687499999996 0.7672875 0.5613609375 0.8196249999999999 0.5801890625 0.7912375 0.51728125 0.7483234375000001 0.520540625 0.743653125 0.5048984375 0.7329640625
10 0.4548984375 0.7043390625 0.46455156249999996 0.71085 0.47717968749999995 0.6921265625 0.4676234375 0.685871875 0.4548984375 0.7043390625
13 0.4427546875 0.790165625 0.4610984375 0.7631328125 0.43366718750000005 0.7443140625 0.4154625 0.7709703125 0.4427546875 0.790165625
10 0.561346875 0.8260031250000001 0.543096875 0.8537593749999999 0.549403125 0.8577546875 0.56573125 0.833690625 0.5780546875 0.8421328125 0.579996875 0.8389749999999999 0.561346875 0.8260031250000001
4 0.5062984375 0.677228125 0.53406875 0.6353484375 0.506921875 0.6165828125 0.4786125 0.658553125 0.5062984375 0.677228125
8 0.11604218749999999 0.5436140625 0.058496875000000004 0.6281343749999999 0.114015625 0.6653953125000001 0.15723125 0.6005281250000001 0.23545312499999999 0.6529109375 0.2494890625 0.6323015625 0.11604218749999999 0.5436140625
10 0.3309171875 0.5778984375 0.3377703125 0.5677390625000001 0.324790625 0.5589859374999999 0.3180890625 0.5688046875 0.3309171875 0.5778984375
10 0.25048125 0.5694359375 0.25449062499999997 0.563490625 0.23412187499999998 0.549965625 0.230265625 0.5558 0.25048125 0.5694359375
6 0.23945937499999997 0.5871140625 0.2225 0.6119343749999999 0.2503078125 0.630690625 0.2672703125 0.6062000000000001 0.25815 0.5995671875 0.26100625 0.5954953125 0.24767812500000003 0.5866703125 0.24489999999999998 0.5907890625000001 0.23945937499999997 0.5871140625
10 0.4911359375 0.7999640625 0.5019250000000001 0.784078125 0.47992187499999994 0.7689359375 0.469075 0.7848953125 0.4911359375 0.7999640625
10 0.4062328125 0.65866875 0.4268609375 0.6283203125 0.4162703125 0.6211765625 0.3958546875 0.6514421875 0.4062328125 0.65866875
6 0.41701249999999995 0.7233984375 0.3933734375 0.75789375 0.41287031250000006 0.77085625 0.43297968750000004 0.7419421875000001 0.4266265625 0.737234375 0.429915625 0.7323609375 0.41701249999999995 0.7233984375
12 0.41989375000000007 0.6154015625 0.4517734375 0.6369046875000001 0.5027828125 0.559853125 0.4713546875 0.5391078125 0.41989375000000007 0.6154015625
10 0.4807984375 0.8155421875 0.4895015625 0.8025296875000001 0.46738749999999996 0.787609375 0.458465625 0.8008390625 0.4807984375 0.8155421875
2 0.41350156250000003 0.892596875 0.45227500000000004 0.8337484375 0.4112765625 0.8060937499999999 0.37153749999999997 0.864415625 0.41350156250000003 0.892596875
4 0.3706671875 0.5573890625 0.398128125 0.5164015625 0.368184375 0.496075 0.34028593749999997 0.5371609375 0.3706671875 0.5573890625
10 0.34155625 0.5678734375000001 0.33093125 0.583321875 0.3283921875 0.581778125 0.3213890625 0.5921624999999999 0.339078125 0.6042234375 0.36695781250000004 0.5623375 0.3592375 0.5572609374999999 0.34890468750000003 0.5726578124999999 0.34155625 0.5678734375000001
13 0.1113671875 0.4984046875 0.0938625 0.5244734375 0.12190000000000001 0.54349375 0.1362625 0.5223140625 0.1249734375 0.5148421875 0.1283015625 0.5099453125 0.1113671875 0.4984046875
2 0.1165796875 0.6667453125 0.1535359375 0.691671875 0.1950953125 0.6296609375 0.15869375 0.60510625 0.1165796875 0.6667453125
2 0.07089999999999999 0.604096875 0.1128015625 0.5411796875 0.06860000000000001 0.5119312500000001 0.026582812500000004 0.5738265625000001 0.07089999999999999 0.604096875
2 0.19683124999999999 0.6303765625 0.155109375 0.693225 0.1917828125 0.7177734375 0.23360937499999998 0.6555671875 0.19683124999999999 0.6303765625
10 0.14192031249999998 0.522190625 0.1517125 0.50744375 0.13868750000000002 0.49921718750000005 0.128996875 0.5135796874999999 0.14192031249999998 0.522190625
13 0.221334375 0.609275 0.247090625 0.570946875 0.228959375 0.5585859375 0.20274999999999999 0.5964750000000001 0.221334375 0.609275
2 0.7004234375 0.26958125 0.6940890625 0.26568749999999997 0.6220015625 0.3725625 0.65160625 0.3927203125 0.6933359375 0.3302625 0.670615625 0.3141734375 0.7004234375 0.26958125
10 0.8247484375 0.3582578125 0.8392703125000001 0.3367015625 0.82346875 0.3258703125 0.80911875 0.34739375 0.8247484375 0.3582578125
10 0.127234375 0.505171875 0.1321453125 0.498178125 0.11743125000000001 0.48834218749999997 0.1127359375 0.4953046875 0.127234375 0.505171875
10 0.13485 0.4937484375 0.15053125 0.4706359375 0.1372640625 0.46221249999999997 0.1217953125 0.48514843750000003 0.13485 0.4937484375