0 0.18146562500000002 0 0 0.389153125 0 0.8185343749999999 0.389153125 1 0.8185343749999999 1 1 0.610846875 1 0.18146562500000002 0.610846875 0 0.18146562500000002 0
2 0.6252140625 0.6185015625 0.7119515625 0.6587390625 0.7281609375 0.6235125 0.7410484375 0.629521875 0.784078125 0.5375609375 0.6638531249999999 0.48134531249999996 0.6402281249999999 0.531728125 0.6611640624999999 0.54135625 0.6252140625 0.6185015625
1 0.30908437499999997 0.539328125 0.279440625 0.525428125 0.22076250000000003 0.6511921875 0.2505875 0.6649890625 0.30908437499999997 0.539328125
2 0.38832656249999997 0.57630625 0.3126171875 0.5412312499999999 0.25401406249999997 0.6664796875000001 0.32968281250000003 0.70183125 0.38832656249999997 0.57630625
2 0.40682343750000005 0.17184531249999999 0.33673593749999997 0.322290625 0.44095625 0.3713078125 0.5112703125 0.2206671875 0.40682343750000005 0.17184531249999999
2 0.654925 0.5449375 0.5774781250000001 0.5088984375 0.523703125 0.6240734375 0.6012296874999999 0.6603390625000001 0.654925 0.5449375
13 0.514990625 0.2222453125 0.48761875000000005 0.28082656250000004 0.55249375 0.3111875 0.580053125 0.252665625 0.514990625 0.2222453125
1 0.49999843750000006 0.62834375 0.39206875 0.5781046875 0.35638125 0.65445625 0.4640734375 0.7047359375 0.49999843750000006 0.62834375
7 0.516615625 0.629621875 0.5735734375 0.5071453125 0.4461859375 0.4475734375 0.3888609375 0.5700875 0.516615625 0.629621875
13 0.6617031250000001 0.3686171875 0.6179890625 0.3482609375 0.5775984375000001 0.4348734375 0.621278125 0.455046875 0.6617031250000001 0.3686171875
1 0.7037078125 0.66133125 0.622953125 0.623628125 0.603603125 0.6649734375 0.6844859375000001 0.7023078125 0.7037078125 0.66133125
1 0.40312187499999996 0.17020156250000001 0.3772875 0.15826562500000002 0.35938125 0.1966640625 0.344259375 0.1897234375 0.2952203125 0.29505625 0.31070625 0.3023875 0.22227812500000002 0.49235468750000005 0.2611609375 0.5104875 0.3440640625 0.3322 0.3303328125 0.325796875 0.40312187499999996 0.17020156250000001
3 0.5645546875 0.3233921875 0.48503281249999997 0.2862015625 0.44465000000000005 0.372803125 0.5240218750000001 0.40981562499999996 0.5645546875 0.3233921875
8 0.3888609375 0.5700875 0.4485578125 0.4423421875 0.6362640625 0.5299625 0.6600984375000001 0.479559375 0.34805312499999996 0.3341453125 0.2648640625 0.51211875 0.3888609375 0.5700875
1 0.49085625000000005 0.694615625 0.5514234375 0.7228015625 0.5621 0.6998734375 0.579184375 0.70765 0.59883125 0.665484375 0.5212984374999999 0.6293656249999999 0.49085625000000005 0.694615625
6 0.614284375 0.3466328125 0.568453125 0.3250140625 0.5278703124999999 0.41163437500000005 0.5739671875 0.4332140625 0.614284375 0.3466328125