10 0.6240890625 0.9400140625000001 0.64081875 0.9394296875 0.639909375 0.9129265625 0.6231859375 0.9134921874999999 0.6240890625 0.9400140625000001
8 0.33641875 0.3890546875 0.33785625 0.4332359375 0.3254734375 0.4336234375 0.3262546875 0.45675156250000004 0.356390625 0.45562031249999996 0.3541328125 0.389975 0.35390156250000004 0.39001874999999997 0.35371874999999997 0.3848625 0.354046875 0.3848515625 0.3448765625 0.12518281250000002 0.36760468749999997 0.124209375 0.36355781249999997 0.0106703125 0.363375 0.010890625 0.3612796875 0.010875 0.3612 0.0111078125 0.329075 0.0121296875 0.3328078125 0.12302968750000001 0.33343124999999996 0.1230828125 0.333815625 0.13507031249999998 0.3340640625 0.1350296875 0.334265625 0.14034531249999999 0.3340359375 0.140353125 0.3427734375 0.3888125 0.33641875 0.3890546875
3 0.32797343749999996 0.50571875 0.328409375 0.51900625 0.3230796875 0.5191390625000001 0.3239796875 0.5459640625 0.346996875 0.545178125 0.34563125 0.5051359375 0.32797343749999996 0.50571875
10 0.30365312499999997 0.46845781249999996 0.308659375 0.46828281250000003 0.30746093750000003 0.4332359375 0.3024265625 0.433321875 0.30365312499999997 0.46845781249999996
10 0.314946875 0.1259765625 0.3092765625 0.12615625 0.309646875 0.1362765625 0.3103546875 0.1362875 0.31070000000000003 0.146565625 0.3156453125 0.146446875 0.314946875 0.1259765625
10 0.33754375 0.276159375 0.32182343750000003 0.276709375 0.32011406249999996 0.2289140625 0.3134546875 0.22916875 0.31739375000000003 0.3419453125 0.32182656249999997 0.3418625 0.3215 0.332028125 0.3394640625 0.33142187500000003 0.33754375 0.276159375
10 0.314921875 0.015696875 0.3145828125 0.0061703125 0.309453125 0.00635 0.30979531250000003 0.016084375 0.314921875 0.015696875
2 0.3665734375 0.3848296875 0.3769484375 0.38444687499999997 0.3746984375 0.32095625 0.35295156250000004 0.32172968750000003 0.3551828125 0.3847953125 0.36349062499999996 0.3844875 0.3635640625 0.38467656250000004 0.36654375 0.3845734375 0.3665734375 0.3848296875
1 0.3799328125 0.38682343750000003 0.3901734375 0.3864953125 0.38525624999999997 0.24570468750000002 0.37501562499999996 0.2460890625 0.3799328125 0.38682343750000003
1 0.385071875 0.5463328125 0.395709375 0.545978125 0.3926125 0.456846875 0.3819265625 0.45718437500000003 0.385071875 0.5463328125
10 0.2874375 0.0324953125 0.2954796875 0.0322515625 0.294725 0.010659375 0.28668125 0.0110484375 0.2874375 0.0324953125
2 0.36601875 0.460434375 0.3451921875 0.46111250000000004 0.3453265625 0.4645984375 0.3322265625 0.4650234375 0.3326515625 0.477721875 0.3270171875 0.47788281250000003 0.327890625 0.5031749999999999 0.346671875 0.5024734375000001 0.34816875 0.5451484375 0.3822515625 0.543896875 0.37924375 0.4596359375 0.3692078125 0.4599796875 0.3691484375 0.46019531249999995 0.3661078125 0.46021718749999996 0.36601875 0.460434375
10 0.32595625 0.2009359375 0.33490000000000003 0.20060625 0.3344859375 0.1892203125 0.3255984375 0.18952968750000002 0.32595625 0.2009359375
1 0.358984375 0.4504265625 0.3695890625 0.45007343750000006 0.3676703125 0.3946859375 0.3570640625 0.39500156249999996 0.357340625 0.40267187499999996 0.358984375 0.4504265625
1 0.3524359375 0.24163593749999998 0.38530000000000003 0.24051406250000001 0.3815109375 0.131728125 0.3486140625 0.132771875 0.3524359375 0.24163593749999998
13 0.33483593749999996 0.2034890625 0.3262953125 0.20383125 0.3272015625 0.2293984375 0.3215359375 0.22955312499999997 0.323071875 0.2735546875 0.3372421875 0.273103125 0.33483593749999996 0.2034890625
1 0.3241234375 0.4275609375 0.3349109375 0.4271296875 0.33366093750000003 0.3911203125 0.322909375 0.3916203125 0.3241234375 0.4275609375
1 0.33926875 0.3346671875 0.3230625 0.33523593749999997 0.32374375 0.354540625 0.32264375 0.35459843750000003 0.323784375 0.385796875 0.340915625 0.38477656250000003 0.33926875 0.3346671875
1 0.32096874999999997 0.5409625 0.3224625 0.5409265624999999 0.321790625 0.52170625 0.3096 0.5222046875 0.3105265625 0.548971875 0.3212203125 0.5486156249999999 0.32096874999999997 0.5409625
1 0.365621875 0.0043875 0.36564687500000004 0.0051015625 0.36616875000000004 0.0051078125 0.3703875 0.1269546875 0.38104375 0.1263921875 0.3767609375 0.0039984375 0.365621875 0.0043875
13 0.3117296875 0.5162015625 0.32676875 0.51566875 0.3239109375 0.4358515625 0.3090140625 0.43630312499999996 0.3117296875 0.5162015625
1 0.2987078125 0.1243078125 0.2991765625 0.1384375 0.304646875 0.1382 0.3002140625 0.0111859375 0.3062796875 0.01098125 0.306125 0.006465625 0.2915921875 0.0069734375000000005 0.29162499999999997 0.007948437499999999 0.2958859375 0.0076921875 0.29681718749999997 0.03509375 0.28750468749999997 0.0354390625 0.2906171875 0.1246109375 0.2987078125 0.1243078125
10 0.292021875 0.1372296875 0.29780625 0.1370625 0.2974671875 0.1271421875 0.2916515625 0.127290625 0.292021875 0.1372296875
10 0.3242234375 0.18675625 0.324303125 0.1867390625 0.3241328125 0.18070625 0.311921875 0.181140625 0.3134828125 0.22625625 0.3256046875 0.22580781249999998 0.3242234375 0.18675625
6 0.3170390625 0.1493265625 0.3111046875 0.1494609375 0.3120625 0.17863281250000002 0.32495625 0.17849062499999999 0.325225 0.1868375 0.334659375 0.186478125 0.334384375 0.17839531250000001 0.3353171875 0.1783265625 0.3342640625 0.14811875000000002 0.3332984375 0.1481890625 0.333034375 0.1403734375 0.316746875 0.14097500000000002 0.3170390625 0.1493265625
10 0.330815625 0.46232656250000004 0.3438625 0.46185468749999997 0.34376562499999996 0.4590875 0.326196875 0.4596671875 0.32675312500000003 0.47511875000000003 0.3312734375 0.4750140625 0.330815625 0.46232656250000004
7 0.332821875 0.135109375 0.328840625 0.0197234375 0.30336093750000004 0.0206390625 0.3073328125 0.1363046875 0.3084203125 0.136246875 0.307975 0.1234890625 0.3161484375 0.12313281250000001 0.3165859375 0.1356765625 0.332821875 0.135109375
2 0.3528875 0.31910625000000004 0.3746421875 0.3183828125 0.372190625 0.24868437499999999 0.3504625 0.24945937499999998 0.3528875 0.31910625000000004
1 0.31906249999999997 0.3491640625 0.314496875 0.349340625 0.31427499999999997 0.3425421875 0.2980671875 0.34314374999999997 0.3009625 0.426 0.32171249999999996 0.4252546875 0.31906249999999997 0.3491640625
10 0.3719890625 0.4522921875 0.39289843750000003 0.45149999999999996 0.3927125 0.44537343749999997 0.3718 0.446275 0.3719890625 0.4522921875
1 0.3716859375 0.4433953125 0.3923828125 0.44263125 0.390590625 0.3917203125 0.36988906250000003 0.39242187500000003 0.3716859375 0.4433953125
7 0.3286296875 0.9190109375000001 0.360446875 0.9179609375 0.35757343750000004 0.833903125 0.325675 0.835125 0.3286296875 0.9190109375000001
13 0.350325 1 0.3497375 0.9841703125000001 0.3281515625 0.9850203125 0.32868906249999996 1 0.350325 1
2 0.33958125 0.9244187500000001 0.3371078125 0.92459375 0.33693125 0.9245281249999999 0.33683593749999996 0.9244921875 0.3387859375 0.9813124999999999 0.36235 0.9806437499999999 0.3604421875 0.9239750000000001 0.3397921875 0.924746875 0.33958125 0.9244187500000001
10 0.4004796875 1 0.3995421875 0.9728468749999999 0.3769546875 0.973546875 0.3778578125 1 0.4004796875 1
0 0.49127187499999997 0 0.20147187500000002 0.0101203125 0.2360390625 1 0.508728125 1 0.798528125 0.9898796875 0.7639609375 0 0.49127187499999997 0
10 0.34023906249999997 0.8316421875 0.35552968749999997 0.8311046875000001 0.3548921875 0.81229375 0.339575 0.81276875 0.34023906249999997 0.8316421875
3 0.327975 0.7416031249999999 0.353553125 0.740771875 0.352384375 0.7067875 0.3212484375 0.7078562500000001 0.32363125 0.7763421875 0.3291546875 0.7760609374999999 0.327975 0.7416031249999999
10 0.31896874999999997 0.933265625 0.32396250000000004 0.933075 0.3235484375 0.9223140624999999 0.31858906249999996 0.9224875000000001 0.31896874999999997 0.933265625
8 0.375509375 1 0.372109375 0.90275625 0.39424375 0.901959375 0.39427500000000004 0.9021375 0.39704375000000003 0.9020046875000001 0.3932765625 0.794815625 0.389675 0.794921875 0.38951875 0.7952859375 0.3556 0.7963843749999999 0.355915625 0.8054484375 0.355990625 0.8054296875 0.35623125 0.8123156249999999 0.3560625 0.8122859375000001 0.35678125 0.8337515625 0.3584953125 0.8337109375 0.3613953125 0.9178671875 0.36166875 0.9178578125 0.3618671875 0.92381875 0.361596875 0.923846875 0.364278125 1 0.375509375 1
10 0.311071875 0.7898609375000001 0.319240625 0.7895390625 0.3187953125 0.7765828124999999 0.3106109375 0.7769046875 0.311071875 0.7898609375000001
2 0.3921734375 0.7899921875 0.3892140625 0.7054484375000001 0.352534375 0.7067281249999999 0.355384375 0.7909734375 0.38918125 0.7897421875 0.3894984375 0.7900859375 0.3921734375 0.7899921875
10 0.36311875 1 0.3625234375 0.9831796875000001 0.35125625 0.9835593749999999 0.35180625 1 0.36311875 1
10 0.3541578125 0.793503125 0.34075 0.793971875 0.34104999999999996 0.80256875 0.3390671875 0.8025859375 0.339178125 0.8059921875 0.3545734375 0.8054375 0.3541578125 0.793503125
2 0.39723593749999997 0.9070031249999999 0.3944390625 0.9071015625 0.39438125 0.9073 0.3746390625 0.9079 0.3768265625 0.9710171875 0.3994328125 0.9701562499999999 0.39723593749999997 0.9070031249999999
1 0.41369999999999996 1 0.41296718749999994 0.979246875 0.412703125 0.97925625 0.411921875 0.9566437499999999 0.41217812499999995 0.9566546875 0.41087656250000004 0.9193578125 0.41062031250000003 0.9193671875 0.4095484375 0.8886578125 0.4098046875 0.8886484375 0.4069484375 0.8070828125 0.40668437500000004 0.8070734375 0.4056484375 0.7765578125 0.40590624999999997 0.7765484375 0.40482031249999995 0.745715625 0.4044890625 0.7457953125000001 0.4044484375 0.7452984375 0.392903125 0.745690625 0.39399687499999997 0.777575 0.394528125 0.7775734375 0.39487031250000004 0.7885078125 0.39584687500000004 0.7884921874999999 0.3965078125 0.807015625 0.3960109375 0.8070125000000001 0.3989046875 0.8896390625 0.39936875 0.8896062499999999 0.40043125 0.91909375 0.399925 0.9191125 0.4012765625 0.9573515625000001 0.40174062499999996 0.9573515625000001 0.4025078125 0.9790453125 0.40201875 0.9790625000000001 0.4027421875 1 0.41369999999999996 1
11 0.39253593750000004 0.7426578125 0.40433906249999996 0.7422125 0.403053125 0.7049703125 0.391240625 0.705396875 0.39253593750000004 0.7426578125
1 0.30869843750000003 0.7221828125 0.3085265625 0.7222140625 0.309078125 0.7382953125 0.3092609375 0.7382890625 0.310534375 0.77381875 0.320746875 0.7734078125 0.319690625 0.7425921875 0.32111093749999997 0.7425234374999999 0.32045625 0.7233203125000001 0.3190453125 0.723425 0.3184546875 0.7079890625 0.3082609375 0.708275 0.30869843750000003 0.7221828125
13 0.3393703125 0.7910859375 0.353815625 0.7906171875 0.352209375 0.7441328125 0.3296 0.7448328125 0.33151875 0.7997953125 0.33964375 0.7996171875 0.3393703125 0.7910859375
1 0.31468124999999997 0.8111843750000001 0.3144328125 0.8111921875 0.3149921875 0.8274796875 0.3152328125 0.8274546875000001 0.3169203125 0.87491875 0.316665625 0.874928125 0.3177421875 0.9059609375000001 0.31797343749999996 0.9059531249999999 0.31849531249999996 0.9195421874999999 0.3248046875 0.919321875 0.3254328125 0.9378296875000001 0.32432343750000003 0.9379015624999999 0.32444687499999997 0.941415625 0.324171875 0.941453125 0.32525468750000003 0.972484375 0.3255015625 0.9724765625 0.32584843750000003 0.9819984375 0.3360125 0.9816078125000001 0.3357171875 0.9726109375 0.3362328125 0.9725484375000001 0.3350984375 0.940625 0.33461093750000004 0.9406625 0.3340578125 0.9251984375 0.3260875 0.9255718749999999 0.3253578125 0.9041390625 0.3258421875 0.904146875 0.32470937499999997 0.8720328125 0.3242140625 0.87205 0.3226984375 0.829009375 0.33969062499999997 0.828434375 0.3387484375 0.8026156249999999 0.3301984375 0.8029671875 0.3293390625 0.7793046875 0.3202171875 0.7797671875 0.320675 0.7923984374999999 0.3140453125 0.7926390624999999 0.31468124999999997 0.8111843750000001
2 0.6865812499999999 0.9172140625 0.6752140625 0.9175890624999999 0.6752343749999999 0.9181453125000001 0.653915625 0.9189015625 0.655871875 0.975509375 0.6885718749999999 0.9744093749999999 0.6865812499999999 0.9172140625
11 0.6712484375 0.7746796875 0.68264375 0.774346875 0.681278125 0.7355031249999999 0.6698734375 0.7358828125 0.6712484375 0.7746796875
10 0.623209375 0.9428578125 0.6228828125 0.9428468750000001 0.621875 0.913725 0.6162203125 0.9139015625000001 0.6175843750000001 0.9529390624999999 0.623534375 0.95273125 0.623209375 0.9428578125
10 0.603846875 0.33518593750000003 0.5913406250000001 0.3355625 0.5910109375 0.325365625 0.5851359375 0.3255703125 0.5862859375 0.3592375 0.6046375 0.3585640625 0.603846875 0.33518593750000003
10 0.6093984375 0.07620625 0.59785 0.0766953125 0.59830625 0.09008125 0.598478125 0.0900765625 0.5991296875 0.10826406250000001 0.610559375 0.1079015625 0.6093984375 0.07620625
10 0.6163171875 0.26309062499999997 0.6166140625 0.2630375 0.6158875 0.241859375 0.58225625 0.24298437499999997 0.583715625 0.2851328125 0.5864578125000001 0.285090625 0.5864484375 0.284840625 0.6170421875 0.2838734375 0.6163171875 0.26309062499999997
10 0.59248125 0.332740625 0.6033984375 0.332403125 0.6031265625 0.324609375 0.5922109375 0.32496875 0.59248125 0.332740625
3 0.5861500000000001 0.1086984375 0.5981640625 0.1083171875 0.5971093749999999 0.076628125 0.57886875 0.077265625 0.5803109375 0.1193046875 0.5864874999999999 0.1190890625 0.5861500000000001 0.1086984375
2 0.64505 0.15076406250000002 0.6468703125 0.15075 0.6442421875 0.0749828125 0.61019375 0.0761828125 0.6128734375 0.1515515625 0.622140625 0.15120625000000001 0.6221578125 0.15142187499999998 0.6449765625 0.1506140625 0.64505 0.15076406250000002
2 0.662884375 0.2544359375 0.6514875 0.254834375 0.651503125 0.2553859375 0.6302625 0.25616249999999996 0.6321656250000001 0.31275 0.6648562499999999 0.3116078125 0.662884375 0.2544359375
10 0.6113671875 0.1459625 0.5961000000000001 0.1465671875 0.5959 0.1401265625 0.5885687500000001 0.1403640625 0.5890187499999999 0.152584375 0.611571875 0.151815625 0.6113671875 0.1459625
13 0.586109375 0.321903125 0.606728125 0.3212078125 0.6057703125 0.2898546875 0.5850328124999999 0.29075625 0.586109375 0.321903125
11 0.64753125 0.1118953125 0.6589375000000001 0.111553125 0.657571875 0.0722421875 0.646175 0.072565625 0.64753125 0.1118953125
7 0.6119859375 0.15706562500000001 0.5892703125 0.157778125 0.5897953125 0.17235781249999998 0.572796875 0.172903125 0.5751203125 0.24021875 0.6159671875 0.23920625 0.6135796874999999 0.1713078125 0.6124578125 0.17134375 0.6119859375 0.15706562500000001
10 0.5712125 0.135546875 0.5770359375 0.135365625 0.5765859375 0.12219843749999999 0.570753125 0.12237968749999999 0.5712125 0.135546875
13 0.5973796874999999 0.1433609375 0.6110046875 0.14292031249999998 0.6099390625 0.11126406250000001 0.587790625 0.1121265625 0.5887156250000001 0.137246875 0.597159375 0.1370421875 0.5973796874999999 0.1433609375
1 0.6590265625 0.1147171875 0.64796875 0.11509218750000001 0.6490859375 0.14639375 0.64969375 0.1463734375 0.6498578125 0.150796875 0.66029375 0.150471875 0.6590265625 0.1147171875
1 0.5864921875 0.1228203125 0.5778984375 0.123084375 0.5784374999999999 0.1382875 0.571596875 0.13847343750000002 0.5727359375 0.1693765625 0.588059375 0.1688046875 0.5864921875 0.1228203125
2 0.6334187499999999 0.3367203125 0.6329906249999999 0.33674218749999996 0.6337359375 0.35751875 0.63384375 0.357515625 0.6345578125 0.37898125 0.6671921875 0.37785625 0.6649796875 0.31459375 0.6326796875 0.315575 0.6334187499999999 0.3367203125
6 0.608440625 0.32478281249999996 0.6044562499999999 0.3249046875 0.6047671875 0.33380624999999997 0.60500625 0.3337953125 0.6058140625 0.3578203125 0.6176796875 0.35740625000000004 0.6176999999999999 0.35776093750000004 0.6210625000000001 0.357659375 0.6202124999999999 0.3330890625 0.619271875 0.3331390625 0.61894375 0.32425468749999997 0.6084343750000001 0.324621875 0.608440625 0.32478281249999996
10 0.617634375 0.28904843750000003 0.6074875 0.289421875 0.6080421874999999 0.30626875 0.607809375 0.3062765625 0.6083359374999999 0.3217828125 0.6186703125 0.3214765625 0.617634375 0.28904843750000003
8 0.6513296875 0.250375 0.6627156249999999 0.25010468750000003 0.6594109375 0.15523437499999998 0.6454 0.1557203125 0.64531875 0.1559203125 0.6130109375 0.15709062499999998 0.6135171875000001 0.1712703125 0.6144578125 0.17123125 0.6213890625 0.357925 0.6325875 0.35763124999999996 0.6297578125000001 0.2763328125 0.629425 0.27632500000000004 0.6286125 0.2508828125 0.6513203125 0.25010625000000003 0.6513296875 0.250375
10 0.6219859375000001 0.8072156250000001 0.619175 0.8073312500000001 0.6180546875 0.7742984374999999 0.6171921874999999 0.774328125 0.618909375 0.8235078124999999 0.622553125 0.823453125 0.6219859375000001 0.8072156250000001
2 0.655953125 0.97850625 0.656534375 0.9948390625 0.6892609375000001 0.9936953125000001 0.6886875 0.977384375 0.655953125 0.97850625
10 0.617515625 0.823678125 0.6176609375 0.8236734374999999 0.6160203125 0.77445625 0.5994609375 0.7748296875 0.6012562499999999 0.8264374999999999 0.6176015625 0.8258906250000001 0.617515625 0.823678125
6 0.6429890625 0.9953109375 0.6427171875 0.988253125 0.6436578125 0.9882125 0.6427375 0.9621999999999999 0.6276796874999999 0.9631578125000001 0.6289125 0.9958031249999999 0.6429890625 0.9953109375
3 0.5993593749999999 0.77218125 0.6218078125 0.7712203125 0.6207374999999999 0.7394015625 0.598246875 0.7401140625 0.5993593749999999 0.77218125
10 0.6276265624999999 0.9607749999999999 0.6415484375 0.9603249999999999 0.6410171874999999 0.9446734375 0.6270578125 0.9451609375000001 0.6276265624999999 0.9607749999999999
7 0.5991234375000001 0.911546875 0.6389140624999999 0.9103187500000001 0.6359046875 0.8282546875 0.5962562499999999 0.8294593750000001 0.5991234375000001 0.911546875
8 0.6864140625 0.912821875 0.6831109375 0.8179796874999999 0.66908125 0.8184875 0.6690390625 0.8186828125 0.6367609375 0.8197921875 0.6399296875 0.9103031250000001 0.640984375 0.9102828125 0.6440140624999999 0.995275 0.6554140625 0.994878125 0.6527578125 0.9184265625 0.6524953124999999 0.9184546875 0.6523265625 0.9136218749999999 0.6750453125 0.9128421875000001 0.6750578125 0.9132 0.6864140625 0.912821875
13 0.6335703125000001 0.7744921875 0.6194375 0.774765625 0.6204484375 0.8041671875 0.6232562500000001 0.8040640625 0.6239265625 0.8231546875 0.6352328125 0.822790625 0.6335703125000001 0.7744921875
10 0.5959015625 0.8264484375000001 0.5999328125 0.8263640625 0.5996640625 0.818209375 0.5956078125000001 0.8183703124999999 0.5959015625 0.8264484375000001
1 0.6827515625 0.7774687499999999 0.6716562500000001 0.7778015625 0.6727765625 0.809175 0.6733828125 0.8091359375 0.6735609375 0.81354375 0.68396875 0.8132140625 0.6827515625 0.7774687499999999
2 0.668746875 0.813553125 0.6704828125 0.813534375 0.66785625 0.7377296875 0.621496875 0.7394140625000001 0.6226234374999999 0.771228125 0.635065625 0.7708015625 0.63665 0.8145625000000001 0.6687031250000001 0.8133828125000001 0.668746875 0.813553125
1 0.600603125 0.9531953124999999 0.6161046875 0.9526359375 0.6147750000000001 0.9137968750000001 0.5992437500000001 0.914490625 0.600603125 0.9531953124999999