10 0.6451828125 0.2239890625 0.64195 0.22407499999999997 0.64195 0.244546875 0.645125 0.2446734375 0.6451828125 0.2239890625
6 0.6618625 0.7617265625 0.652596875 0.7618328125 0.65264375 0.78028125 0.6619390625 0.7801953125 0.6618625 0.7617265625
10 0.6548578125 0.740046875 0.652665625 0.7400890625 0.652684375 0.760453125 0.6548953125 0.7604765625 0.6548578125 0.740046875
10 0.639153125 0.723103125 0.6248515625 0.723078125 0.624840625 0.727040625 0.639153125 0.7270921875 0.639153125 0.723103125
13 0.6653484375 0.975009375 0.6530046875 0.9750343750000001 0.6529703125 0.99369375 0.6653718750000001 0.99369375 0.6653484375 0.975009375
2 0.6861906249999999 0.9615015625 0.66681875 0.9615171874999999 0.666771875 0.973146875 0.6701328125 0.973146875 0.6701484375 0.975134375 0.6668375 0.9752453125 0.666834375 0.9949375 0.6862015625 0.9951125 0.6862265625 0.9897453125 0.6853687500000001 0.9897703124999999 0.6853687500000001 0.966815625 0.6861906249999999 0.966815625 0.6861906249999999 0.9615015625
10 0.636271875 0.981225 0.6219703125 0.9812 0.621959375 0.985159375 0.636271875 0.9852124999999999 0.636271875 0.981225
10 0.662103125 0.8591921875 0.6595109375 0.8591703125000001 0.6595015625 0.8660484374999999 0.66209375 0.8660921874999999 0.662103125 0.8591921875
2 0.64090625 0.6108828125 0.6409390625 0.6126890625 0.6417796874999999 0.612578125 0.6417953125 0.63043125 0.64090625 0.63043125 0.6408406249999999 0.6486140625 0.6416984375 0.648578125 0.6416796875 0.6538765625 0.661878125 0.6541359375 0.661878125 0.6429109375000001 0.6587640625 0.6430578125 0.6587765625 0.61089375 0.64090625 0.6108828125
8 0.688159375 0.6616328125 0.6890734375 0.6615484375 0.68909375 0.656671875 0.6689125 0.6567000000000001 0.668925 0.6433578125 0.6627875000000001 0.6433296875 0.662734375 0.7152890625 0.668884375 0.71535 0.668828125 0.7015781249999999 0.689078125 0.7016390625 0.68909375 0.6961 0.688121875 0.6961 0.688159375 0.6616328125
8 0.685371875 0.9198953124999999 0.6862515625000001 0.919834375 0.6862109375000001 0.9144671875 0.666028125 0.914496875 0.6660421875 0.9011531250000001 0.660015625 0.9010890625 0.6598499999999999 0.9730859374999999 0.6660015625 0.973146875 0.6659453125 0.9593734375 0.6861953125 0.9594359375 0.68616875 0.9542187500000001 0.68534375 0.9541578124999999 0.685371875 0.9198953124999999
12 0.639165625 0.7437765625 0.624815625 0.743815625 0.6247984375 0.7851140625 0.639115625 0.7852265625 0.639165625 0.7437765625
2 0.689028125 0.7033375000000001 0.66965625 0.7033515625 0.6696078125 0.7149859375000001 0.67296875 0.7149859375000001 0.672984375 0.71696875 0.6696734375 0.71708125 0.6696703125 0.7367765625 0.6890390625 0.7369515625 0.6890625 0.73158125 0.6882046875000001 0.731609375 0.6882046875000001 0.7086546874999999 0.689028125 0.7086546874999999 0.689028125 0.7033375000000001
11 0.6402484375 0.6331390625 0.629621875 0.6331765625 0.629671875 0.647015625 0.6401828125 0.6470921875 0.6402484375 0.6331390625
5 0.6458640625000001 1 0.64585 0.9764890625 0.6484484375 0.9764390625000001 0.6484703125 0.9568312499999999 0.6349140625 0.9568046875 0.6349140625 0.9778437500000001 0.6377515625 0.9777671874999999 0.6377515625 0.9867890625 0.6220046875 0.9870015625 0.6219625 1 0.6458640625000001 1
10 0.6484390624999999 1 0.6484625 0.9913578125000001 0.6466609375 0.991378125 0.6466609375 1 0.6484390624999999 1
13 0.668671875 0.851796875 0.6630265625 0.8517765624999999 0.6629796875 0.8631515625 0.6686984375 0.8632375 0.668671875 0.851796875
2 0.6889109375 0.8549218749999999 0.688125 0.854978125 0.6881125 0.8320375 0.68895 0.8320375 0.68895 0.8230484375 0.6694921875000001 0.8230203125 0.6695453125 0.8661109375 0.6889375 0.8661109375 0.6889109375 0.8549218749999999
10 0.65200625 0.974696875 0.6498125 0.9747406249999999 0.6498328124999999 0.9951046874999999 0.65204375 0.9951265625 0.65200625 0.974696875
7 0.6377546875 0.953921875 0.659015625 0.9526859375000001 0.6589859375 0.945078125 0.6598921875 0.9450359374999999 0.6599484375 0.9145749999999999 0.646478125 0.9146609375000001 0.6464484374999999 0.921178125 0.638259375 0.921178125 0.63823125 0.9067999999999999 0.6268671875 0.906821875 0.626771875 0.92036875 0.6276859375 0.92036875 0.6276859375 0.9433734375 0.6268578125000001 0.9433734375 0.6268765625 0.946909375 0.6377265624999999 0.946953125 0.6377546875 0.953921875
13 0.6686593750000001 0.6262 0.66295 0.626175 0.6629390625 0.625075 0.6617609375 0.62515 0.6617828125 0.6199874999999999 0.6596656249999999 0.6200125 0.6597125 0.640921875 0.6686359375 0.640921875 0.6686593750000001 0.6262
10 0.636371875 0.9500187499999999 0.6349234375 0.9499375000000001 0.6349328125 0.955346875 0.6363218749999999 0.9553390625 0.636371875 0.9500187499999999
4 0.6363859374999999 0.6917390625000001 0.6248421875 0.6917640625 0.6248640625 0.7198609375 0.636396875 0.7198859375 0.6363859374999999 0.6917390625000001
10 0.6391078125 0.6917765625000001 0.6377359375 0.6918624999999999 0.63770625 0.6970609375000001 0.63915625 0.6970609375000001 0.6391078125 0.6917765625000001
13 0.668634375 0.613853125 0.6629906250000001 0.6138328125 0.6629421875 0.6252078125 0.6686640625 0.62529375 0.668634375 0.613853125
13 0.6681390625 0.7170421874999999 0.6557937500000001 0.7170671875 0.6557609375 0.7357265625 0.6681609374999999 0.7357265625 0.6681390625 0.7170421874999999
2 0.6890234375000001 0.6449734375 0.6881921875 0.6450609375 0.6881734374999999 0.622090625 0.68904375 0.6219578125 0.6890234375000001 0.610959375 0.669590625 0.610959375 0.6695671875 0.6539453125 0.68900625 0.654009375 0.6890234375000001 0.6449734375
13 0.6681546875000001 0.741253125 0.6558109375 0.741278125 0.655778125 0.7599421875 0.6681796875 0.7599421875 0.6681546875000001 0.741253125
4 0.6335234375 0.94999375 0.6219796875 0.9500187499999999 0.622003125 0.978115625 0.633534375 0.978140625 0.6335234375 0.94999375
10 0.64856875 0.8153609375 0.641746875 0.8153609375 0.6417796874999999 0.8205875 0.6486 0.820659375 0.64856875 0.8153609375
2 0.68623125 0.9031109374999999 0.6854 0.9031968750000001 0.6853796875 0.8802265625000001 0.68625 0.88009375 0.68623125 0.8690984374999999 0.666796875 0.8690984374999999 0.6667765625000001 0.91208125 0.686215625 0.9121453125000001 0.68623125 0.9031109374999999
10 0.6548671875000001 0.7165296875 0.652665625 0.7165515625000001 0.6526359375 0.7369796875 0.6548765624999999 0.7369578125 0.6548671875000001 0.7165296875
5 0.6405640625 0.778003125 0.6512609375 0.77810625 0.6512374999999999 0.7583968750000001 0.648696875 0.75831875 0.648675 0.718546875 0.6512718750000001 0.7184921875 0.6512953125000001 0.6988875 0.6377375 0.6988624999999999 0.6377375 0.7199015625 0.640575 0.7198218749999999 0.640575 0.728846875 0.62336875 0.728796875 0.6233578125 0.722659375 0.6137921875 0.7227125 0.6137703125 0.7857234375 0.6233906250000001 0.7857484375 0.6233796875000001 0.74354375 0.64063125 0.74346875 0.6405640625 0.778003125
13 0.665815625 0.8721328125 0.6601734375 0.8721125000000001 0.6601234375 0.8834875 0.66584375 0.8835734375 0.665815625 0.8721328125
2 0.64170625 0.8230124999999999 0.64170625 0.8267859375000001 0.64170625 0.8283515625 0.6409359375 0.8283828124999999 0.6409640624999999 0.8464812500000001 0.6418140625000001 0.8465421875000001 0.6418109375000001 0.8644328124999999 0.6409921875 0.8644875000000001 0.6409921875 0.8661609374999999 0.658796875 0.8659890625 0.6587703125 0.834059375 0.6618999999999999 0.8340875000000001 0.6619265624999999 0.8229234375000001 0.64170625 0.8230124999999999
10 0.6512796875 0.73310625 0.649478125 0.733128125 0.649478125 0.7437375 0.6512515624999999 0.7437375 0.6512796875 0.73310625
13 0.6550203125 0.138740625 0.6550312500000001 0.1202921875 0.650053125 0.1202921875 0.65001875 0.13881875 0.6550203125 0.138740625
10 0.6451421875000001 0.24762499999999998 0.6419484375 0.247646875 0.6419859375 0.2683328125 0.6450953125 0.2683328125 0.6451421875000001 0.24762499999999998
11 0.6248984375 0.39334375 0.6249703125 0.374553125 0.617659375 0.37482187499999997 0.617675 0.3930890625 0.6248984375 0.39334375
12 0.6273578125 0.2401234375 0.6273171875 0.199046875 0.6129671875 0.199046875 0.6129859375 0.2403015625 0.6273578125 0.2401234375
8 0.6817968750000001 0.2037828125 0.6818609375 0.16190625 0.68264375 0.16190625 0.682634375 0.1565828125 0.6584546875 0.15685625 0.6584875 0.140625 0.6518109375 0.14055 0.6518234374999999 0.22264843750000002 0.658490625 0.2225203125 0.6585046875 0.2092171875 0.6826171875 0.2090671875 0.6826765625 0.20376093750000002 0.6817968750000001 0.2037828125
10 0.658525 0.393196875 0.6585046875 0.3867234375 0.6558640625 0.3867875 0.6558453125 0.3931765625 0.658525 0.393196875
2 0.682646875 0.25308125000000004 0.682646875 0.24768906249999997 0.6591875 0.247703125 0.65915 0.268046875 0.6626375 0.268025 0.6626375 0.269753125 0.6591765625 0.2697265625 0.6592125 0.281446875 0.6826046875 0.2814828125 0.6826484374999999 0.27615781250000004 0.68183125 0.27621875 0.6817624999999999 0.253121875 0.682646875 0.25308125000000004
10 0.62738125 0.261884375 0.62734375 0.2568359375 0.6205265625 0.2568578125 0.6204984375 0.26178124999999997 0.62738125 0.261884375
10 0.6407 0.2471234375 0.6376875 0.2471453125 0.6377640625 0.2733234375 0.6407093749999999 0.2733671875 0.6407 0.2471234375
3 0.6440234375 0.11982656249999998 0.643996875 0.0995625 0.6260859375 0.0995125 0.6261593750000001 0.1198203125 0.6440234375 0.11982656249999998
10 0.642578125 0.2975375 0.642559375 0.3045234375 0.6511203125 0.304465625 0.6512109374999999 0.291353125 0.6419578125000001 0.2913984375 0.642015625 0.29749375 0.642578125 0.2975375
10 0.6199140625 0.2619203125 0.6198828125 0.25676875 0.6129453125000001 0.2570984375 0.6129953125000001 0.261884375 0.6199140625 0.2619203125
3 0.6447796875 0.3728078125 0.6446984375 0.3930390625 0.6551578124999999 0.3932078125 0.6551218750000001 0.38508593750000003 0.659221875 0.385128125 0.659240625 0.37260624999999997 0.6447796875 0.3728078125
10 0.6585421874999999 0.13896250000000002 0.658525 0.13285156250000002 0.655878125 0.1328828125 0.655859375 0.13903749999999998 0.6585421874999999 0.13896250000000002
7 0.6172171875 0.1729609375 0.617196875 0.1857828125 0.616471875 0.18582656250000001 0.6165203125 0.19573281250000002 0.6418 0.1957578125 0.6418296875 0.18636250000000001 0.651740625 0.186284375 0.6517906250000001 0.1565578125 0.6425765625000001 0.1566125 0.642634375 0.17273750000000002 0.6417671875 0.17292812500000002 0.6418515625000001 0.1655140625 0.625765625 0.16549375 0.6257078125 0.1614671875 0.6182375 0.1615203125 0.6182562500000001 0.16021875000000002 0.6177625 0.16025625 0.6177421875 0.15981406250000002 0.616434375 0.1597109375 0.616434375 0.17293750000000002 0.6172171875 0.1729609375
2 0.6826484374999999 0.11021406250000002 0.6826484374999999 0.09919687499999999 0.65921875 0.09919687499999999 0.659253125 0.1214640625 0.6558546875 0.1215640625 0.6559125 0.1310234375 0.6591390625 0.1310734375 0.6590812500000001 0.1536453125 0.6827062500000001 0.1536453125 0.682771875 0.1442140625 0.6818140625 0.14418906250000002 0.681825 0.1101890625 0.6826484374999999 0.11021406250000002
6 0.6419203125 0.22299687499999998 0.6510390625 0.2227921875 0.6510390625 0.20259999999999997 0.6419015625 0.20251718749999997 0.6419203125 0.22299687499999998
8 0.681746875 0.33035156250000003 0.6818125 0.2886484375 0.6826203125 0.2885375 0.6826203125 0.283090625 0.65846875 0.2832734375 0.658484375 0.2697625 0.651846875 0.269615625 0.651846875 0.3519234375 0.658534375 0.3518875 0.6584015625 0.3357265625 0.6826515625 0.335578125 0.6826703125 0.330390625 0.681746875 0.33035156250000003
5 0.6287140625000001 0.198971875 0.628796875 0.2404734375 0.61155 0.24052812499999998 0.6115859375 0.2211515625 0.6003437500000001 0.2213671875 0.6003734374999999 0.26249375 0.6115640625000001 0.26244375 0.6115453125 0.25515937499999997 0.6287828125 0.255009375 0.6287828125 0.2650015625 0.6270359375 0.26490468749999996 0.6270140625 0.2712328125 0.6256625 0.27127500000000004 0.62568125 0.2838859375 0.6270140625 0.283821875 0.6270453125000001 0.2935125 0.64064375 0.29339218749999996 0.6407546875000001 0.27518750000000003 0.6369140625 0.27516875 0.636903125 0.2173078125 0.6406015625 0.217325 0.6406640625 0.19908125000000002 0.6287140625000001 0.198971875
10 0.625725 0.33209218749999997 0.61774375 0.332125 0.617765625 0.3359046875 0.6256796875 0.33592656249999997 0.625725 0.33209218749999997
10 0.6585203125 0.3594296875 0.6585 0.3533140625 0.655859375 0.3534 0.655840625 0.35938593750000003 0.6585203125 0.3594296875
3 0.64461875 0.0991828125 0.644790625 0.119396875 0.6591875 0.1196515625 0.6591578124999999 0.10716875 0.6551437499999999 0.10719062500000001 0.6550874999999999 0.0993515625 0.64461875 0.0991828125
2 0.6826828125 0.3479640625 0.6826015625 0.33885312500000003 0.65909375 0.3387640625 0.65921875 0.3609015625 0.6557984375 0.3609015625 0.655775 0.3711015625 0.659265625 0.3710234375 0.659225 0.3932140625 0.6827359375000001 0.3932765625 0.68275625 0.38206562499999996 0.681809375 0.38206562499999996 0.6818187499999999 0.348025 0.6826828125 0.3479640625
10 0.6419921875 0.20079375000000002 0.6511546874999999 0.2009671875 0.651165625 0.187878125 0.6425875 0.1878609375 0.6426062499999999 0.19480312500000002 0.64195 0.1948515625 0.6419921875 0.20079375000000002
2 0.6244953125 0.3730984375 0.6244671875 0.37133125 0.6440375 0.3713359375 0.6440109374999999 0.35181874999999996 0.651115625 0.3518765625 0.6512359375 0.33766093750000004 0.641903125 0.33746718750000004 0.641875 0.329703125 0.626359375 0.33004687499999996 0.626334375 0.3374359375 0.617778125 0.33763125 0.6177875 0.34280937499999997 0.6185984375 0.3426796875 0.61864375 0.3658109375 0.617796875 0.36576718750000003 0.61771875 0.373265625 0.6244953125 0.3730984375
7 0.6173328125 0.30651562499999996 0.6174390625 0.3194234375 0.6164375 0.31950625 0.61649375 0.3325875 0.6177234375 0.3325875 0.61774375 0.332125 0.6183062500000001 0.33213906249999997 0.6182765625 0.33090312499999996 0.6257515625 0.33090312499999996 0.625675 0.32700625 0.641815625 0.3270484375 0.6417875000000001 0.3196359375 0.6425875 0.3197 0.6425609375 0.3356765625 0.6517015625 0.33573906249999996 0.6518734375 0.30593906249999997 0.6419203125 0.3059171875 0.6419015625 0.2966734375 0.6165140625000001 0.296759375 0.6164468750000001 0.3064296875 0.6173328125 0.30651562499999996
10 0.62585625 0.15633593750000002 0.61778125 0.15633593750000002 0.6177625 0.16025625 0.6258109375 0.16016875 0.62585625 0.15633593750000002
4 0.6256671875 0.29357812499999997 0.625684375 0.264721875 0.613015625 0.26494375 0.6129828125000001 0.29368906250000004 0.6256671875 0.29357812499999997
13 0.6550421875 0.37222343750000003 0.655128125 0.35366875000000003 0.6501046875000001 0.3537109375 0.650065625 0.3720515625 0.6550421875 0.37222343750000003
11 0.6249578125 0.1179390625 0.6250296875 0.0991515625 0.6177234375 0.0991625 0.6177343750000001 0.11768749999999999 0.6249578125 0.1179390625
10 0.6585296875 0.105846875 0.6585109375 0.0992875 0.65585 0.099415625 0.65585 0.1058265625 0.6585296875 0.105846875
13 0.6446578125 0.3719328125 0.649834375 0.3721875 0.6497390625 0.35312343749999997 0.6446765625 0.353378125 0.6446578125 0.3719328125
2 0.6826390625000001 0.21634375 0.6826203125 0.21071875 0.659196875 0.2109125 0.65924375 0.2228171875 0.6626953125 0.22264843750000002 0.662665625 0.22405312500000002 0.659196875 0.2241390625 0.659225 0.244590625 0.6827156249999999 0.2446515625 0.6827156249999999 0.23917656250000002 0.681790625 0.23921874999999998 0.6818109375 0.2164265625 0.6826390625000001 0.21634375
13 0.6446828124999999 0.13915312500000002 0.6498625 0.13918906250000002 0.6497953125 0.120271875 0.6447421875 0.1203578125 0.6446828124999999 0.13915312500000002
3 0.643971875 0.3931328125 0.64394375 0.37286874999999997 0.6260328125 0.37281875000000003 0.626109375 0.3931265625 0.643971875 0.3931328125
2 0.6262953125 0.1549375 0.6263296875 0.16245156249999998 0.641896875 0.16250625000000002 0.6419125 0.1549125 0.65115 0.1549609375 0.6511296875 0.14049687500000002 0.64404375 0.14058593749999998 0.6440828125 0.12098125 0.624596875 0.12104843750000001 0.6245671875000001 0.11900625000000001 0.6177921875 0.11928281249999999 0.6177484375 0.1265515625 0.61860625 0.1264234375 0.618615625 0.1495109375 0.6177671874999999 0.1494890625 0.6177578125000001 0.1550484375 0.6262953125 0.1549375
10 0.6406968749999999 0.2189921875 0.63775625 0.21909218749999998 0.637778125 0.24524218750000001 0.640678125 0.24535 0.6406968749999999 0.2189921875
13 0.6584749999999999 0.2685484375 0.6585328125000001 0.24843125000000002 0.6459828125 0.24914843750000001 0.6460046875 0.26780624999999997 0.6584749999999999 0.2685484375
13 0.6584421875 0.2435234375 0.6583953124999999 0.22420468750000003 0.64590625 0.2245875 0.645865625 0.24346562500000002 0.6584421875 0.2435234375
6 0.6419296875 0.29000625 0.6509875 0.2898984375 0.650978125 0.2745609375 0.6512249999999999 0.27458125 0.651178125 0.26970625 0.6419109375 0.26961875 0.6419296875 0.29000625
13 0.661775 0.851921875 0.662965625 0.8518796875 0.662946875 0.85100625 0.668696875 0.8509015625 0.668678125 0.8360546875000001 0.6596875 0.836096875 0.659678125 0.8569531250000001 0.661775 0.8569921875000001 0.661775 0.851921875
10 0.6457328125 0.9146078125000001 0.6389125 0.9146078125000001 0.6389453125 0.919834375 0.645765625 0.9199093749999999 0.6457328125 0.9146078125000001
10 0.6512640625 0.7454562499999999 0.6495 0.745478125 0.6495 0.7566859375 0.6512546875 0.7566203125000001 0.6512640625 0.7454562499999999
10 0.65920625 0.8690765624999999 0.6566109375 0.8690562500000001 0.656603125 0.8759343749999999 0.659196875 0.8759781249999999 0.65920625 0.8690765624999999
10 0.64845625 0.9782875000000001 0.6466828125 0.9783312499999999 0.6466546875 0.9895984375 0.6484171875 0.9895984375 0.64845625 0.9782875000000001
7 0.640621875 0.6957484375 0.6618828125 0.6945125 0.661853125 0.6869109375 0.662759375 0.6868671875000001 0.6628171875 0.6564062500000001 0.649346875 0.6564890625 0.6493171875 0.663009375 0.641128125 0.663009375 0.6411 0.648628125 0.6297359375 0.6486500000000001 0.6296390625 0.6622 0.6305546875 0.6622 0.6305546875 0.6852046875 0.6297265624999999 0.6852046875 0.62974375 0.688740625 0.6405953125 0.688784375 0.640621875 0.6957484375
10 0.6485828125 0.6563640625 0.6417640625 0.6563640625 0.6417953125 0.661590625 0.6486171875 0.661665625 0.6485828125 0.6563640625
10 0.6512796875 0.72021875 0.6495062500000001 0.7202625 0.649478125 0.73153125 0.6512421875000001 0.73153125 0.6512796875 0.72021875
8 0.6881828125 0.7808578125000001 0.6890078125 0.7808390625 0.689021875 0.77543125 0.6688390625 0.7754624999999999 0.6688531249999999 0.7621171875 0.6627156249999999 0.7620875 0.6626609375 0.8340515625 0.6688125 0.8341125 0.66875625 0.820340625 0.68900625 0.8204015625000001 0.688978125 0.8151859375000001 0.6881546875 0.8151234374999999 0.6881828125 0.7808578125000001
7 0.35650468750000003 0.953921875 0.377765625 0.9526859375000001 0.3777359375 0.945078125 0.3786421875 0.9450359374999999 0.3786984375 0.9145749999999999 0.365228125 0.9146609375000001 0.36519843750000003 0.921178125 0.35700937499999996 0.921178125 0.35698124999999997 0.9067999999999999 0.3456171875 0.906821875 0.345521875 0.92036875 0.3464359375 0.92036875 0.3464359375 0.9433734375 0.3456078125 0.9433734375 0.3456265625 0.946909375 0.35647656250000004 0.946953125 0.35650468750000003 0.953921875
10 0.3673328125 0.6563640625 0.3605140625 0.6563640625 0.3605453125 0.661590625 0.3673671875 0.661665625 0.3673328125 0.6563640625
5 0.3646140625 1 0.3646 0.9764890625 0.36719843750000003 0.9764390625000001 0.3672203125 0.9568312499999999 0.3536640625 0.9568046875 0.3536640625 0.9778437500000001 0.3565015625 0.9777671874999999 0.3565015625 0.9867890625 0.3392953125 0.9867390625000001 0.3392828125 0.9806062499999999 0.32971875 0.98065625 0.32971249999999996 1 0.3646140625 1
10 0.355021875 0.981225 0.3407203125 0.9812 0.340709375 0.985159375 0.355021875 0.9852124999999999 0.355021875 0.981225
2 0.40494062499999994 0.9615015625 0.38556875 0.9615171874999999 0.385521875 0.973146875 0.3888828125 0.973146875 0.3888984375 0.975134375 0.3855875 0.9752453125 0.385584375 0.9949375 0.4049515625 0.9951125 0.4049765625 0.9897453125 0.40411875 0.9897703124999999 0.40411875 0.966815625 0.40494062499999994 0.966815625 0.40494062499999994 0.9615015625
0 0.21875 0 0.21875 1 0.78125 1 0.78125 0 0.21875 0
4 0.3551359375 0.6917390625000001 0.3435921875 0.6917640625 0.34361406250000004 0.7198609375 0.35514687500000003 0.7198859375 0.3551359375 0.6917390625000001
10 0.357903125 0.723103125 0.3436015625 0.723078125 0.343590625 0.727040625 0.357903125 0.7270921875 0.357903125 0.723103125
10 0.38087343749999997 0.61089375 0.37827968749999996 0.6108734375 0.3782703125 0.6177515625 0.3808625 0.6177937499999999 0.38087343749999997 0.61089375
8 0.40412187499999996 0.9198953124999999 0.4050015625 0.919834375 0.4049609375 0.9144671875 0.384778125 0.914496875 0.3847921875 0.9011531250000001 0.378765625 0.9010890625 0.3786 0.9730859374999999 0.38475156250000003 0.973146875 0.3846953125 0.9593734375 0.40494531250000004 0.9594359375 0.40491875000000005 0.9542187500000001 0.40409375000000003 0.9541578124999999 0.40412187499999996 0.9198953124999999
2 0.35690625 0.8690515624999999 0.3569390625 0.8708578125 0.357778125 0.870746875 0.35779375 0.8886 0.35690625 0.8886 0.35684062499999997 0.9067828125 0.35769687499999997 0.906746875 0.35767812499999996 0.9120453124999999 0.377878125 0.912303125 0.377878125 0.9010781250000001 0.3747640625 0.9012249999999999 0.37467968749999997 0.8690921875000001 0.35690625 0.8690515624999999
13 0.387384375 0.613853125 0.381740625 0.6138328125 0.3816921875 0.6252078125 0.3874140625 0.62529375 0.387384375 0.613853125
10 0.3700296875 0.73310625 0.368228125 0.733128125 0.368228125 0.7437375 0.3700015625 0.7437375 0.3700296875 0.73310625
10 0.3736078125 0.740046875 0.37141562499999997 0.7400890625 0.371434375 0.760453125 0.3736453125 0.7604765625 0.3736078125 0.740046875
13 0.387409375 0.6262 0.38170000000000004 0.626175 0.3816890625 0.625075 0.3805109375 0.62515 0.3805328125 0.6199874999999999 0.37841562500000003 0.6200125 0.37846250000000003 0.640921875 0.3873859375 0.640921875 0.387409375 0.6262
11 0.3589984375 0.6331390625 0.348371875 0.6331765625 0.348421875 0.647015625 0.35893281250000003 0.6470921875 0.3589984375 0.6331390625
13 0.38742187499999997 0.851796875 0.38177656249999997 0.8517765624999999 0.38172968749999997 0.8631515625 0.3874484375 0.8632375 0.38742187499999997 0.851796875
11 0.3589859375 0.8298703125 0.34836093749999997 0.82990625 0.348409375 0.8437468750000001 0.3589203125 0.84381875 0.3589859375 0.8298703125
6 0.380553125 0.69646875 0.3712875 0.6965734375 0.371334375 0.7150203125 0.38062968750000004 0.7149359375000001 0.380553125 0.69646875
13 0.3840984375 0.975009375 0.3717546875 0.9750343750000001 0.37172031250000004 0.99369375 0.384121875 0.99369375 0.3840984375 0.975009375
10 0.3578578125 0.6917765625000001 0.3564859375 0.6918624999999999 0.35645625000000003 0.6970609375000001 0.35790625 0.6970609375000001 0.3578578125 0.6917765625000001
2 0.35965625 0.6108828125 0.3596890625 0.6126890625 0.36052968750000003 0.612578125 0.3605453125 0.63043125 0.35965625 0.63043125 0.359590625 0.6486140625 0.3604484375 0.648578125 0.36042968750000004 0.6538765625 0.380628125 0.6541359375 0.380628125 0.6429109375000001 0.3775140625 0.6430578125 0.3775265625 0.61089375 0.35965625 0.6108828125
10 0.36720625 0.9782875000000001 0.36543281250000004 0.9783312499999999 0.3654046875 0.9895984375 0.3671671875 0.9895984375 0.36720625 0.9782875000000001
10 0.36448281250000003 0.9146078125000001 0.3576625 0.9146078125000001 0.35769531250000003 0.919834375 0.364515625 0.9199093749999999 0.36448281250000003 0.9146078125000001
10 0.36731875 0.8153609375 0.360496875 0.8153609375 0.36052968750000003 0.8205875 0.36735 0.820659375 0.36731875 0.8153609375
13 0.3737703125 0.138740625 0.37378125 0.1202921875 0.368803125 0.1202921875 0.36876875 0.13881875 0.3737703125 0.138740625
10 0.36389218749999996 0.24762499999999998 0.3606984375 0.247646875 0.3607359375 0.2683328125 0.36384531249999996 0.2683328125 0.36389218749999996 0.24762499999999998
10 0.3639328125 0.2239890625 0.3607 0.22407499999999997 0.3607 0.244546875 0.363875 0.2446734375 0.3639328125 0.2239890625
11 0.3436484375 0.39334375 0.3437203125 0.374553125 0.336409375 0.37482187499999997 0.33642500000000003 0.3930890625 0.3436484375 0.39334375
12 0.3461078125 0.2401234375 0.3460671875 0.199046875 0.3317171875 0.199046875 0.3317359375 0.2403015625 0.3461078125 0.2401234375
8 0.400546875 0.2037828125 0.40061093750000004 0.16190625 0.40139375 0.16190625 0.401384375 0.1565828125 0.3772046875 0.15685625 0.3772375 0.140625 0.37056093749999997 0.14055 0.3705734375 0.22264843750000002 0.377240625 0.2225203125 0.3772546875 0.2092171875 0.4013671875 0.2090671875 0.40142656250000003 0.20376093750000002 0.400546875 0.2037828125
10 0.37727499999999997 0.393196875 0.3772546875 0.3867234375 0.37461406249999996 0.3867875 0.3745953125 0.3931765625 0.37727499999999997 0.393196875
2 0.401396875 0.25308125000000004 0.401396875 0.24768906249999997 0.3779375 0.247703125 0.3779 0.268046875 0.3813875 0.268025 0.3813875 0.269753125 0.3779265625 0.2697265625 0.3779625 0.281446875 0.40135468750000003 0.2814828125 0.4013984375 0.27615781250000004 0.40058125 0.27621875 0.40051249999999994 0.253121875 0.401396875 0.25308125000000004
10 0.34613125 0.261884375 0.34609375 0.2568359375 0.3392765625 0.2568578125 0.3392484375 0.26178124999999997 0.34613125 0.261884375
10 0.35945 0.2471234375 0.3564375 0.2471453125 0.3565140625 0.2733234375 0.359459375 0.2733671875 0.35945 0.2471234375
3 0.3627734375 0.11982656249999998 0.36274687499999997 0.0995625 0.34483593749999997 0.0995125 0.34490937499999996 0.1198203125 0.3627734375 0.11982656249999998
10 0.361328125 0.2975375 0.361309375 0.3045234375 0.3698703125 0.304465625 0.36996093750000003 0.291353125 0.3607078125 0.2913984375 0.360765625 0.29749375 0.361328125 0.2975375
10 0.33866406250000003 0.2619203125 0.3386328125 0.25676875 0.3316953125 0.2570984375 0.3317453125 0.261884375 0.33866406250000003 0.2619203125
3 0.3635296875 0.3728078125 0.3634484375 0.3930390625 0.3739078125 0.3932078125 0.37387187499999996 0.38508593750000003 0.37797187499999996 0.385128125 0.37799062499999997 0.37260624999999997 0.3635296875 0.3728078125
10 0.37729218750000004 0.13896250000000002 0.37727499999999997 0.13285156250000002 0.374628125 0.1328828125 0.374609375 0.13903749999999998 0.37729218750000004 0.13896250000000002
7 0.3359671875 0.1729609375 0.335946875 0.1857828125 0.335221875 0.18582656250000001 0.3352703125 0.19573281250000002 0.36055000000000004 0.1957578125 0.36057968749999997 0.18636250000000001 0.370490625 0.186284375 0.37054062499999996 0.1565578125 0.3613265625 0.1566125 0.361384375 0.17273750000000002 0.3605171875 0.17292812500000002 0.3606015625 0.1655140625 0.344515625 0.16549375 0.3444578125 0.1614671875 0.3369875 0.1615203125 0.33700625 0.16021875000000002 0.3365125 0.16025625 0.3364921875 0.15981406250000002 0.335184375 0.1597109375 0.335184375 0.17293750000000002 0.3359671875 0.1729609375
2 0.4013984375 0.11021406250000002 0.4013984375 0.09919687499999999 0.37796875 0.09919687499999999 0.378003125 0.1214640625 0.37460468750000003 0.1215640625 0.3746625 0.1310234375 0.3778890625 0.1310734375 0.37783125 0.1536453125 0.40145625 0.1536453125 0.401521875 0.1442140625 0.4005640625 0.14418906250000002 0.400575 0.1101890625 0.4013984375 0.11021406250000002
6 0.36067031250000003 0.22299687499999998 0.3697890625 0.2227921875 0.3697890625 0.20259999999999997 0.3606515625 0.20251718749999997 0.36067031250000003 0.22299687499999998
8 0.400496875 0.33035156250000003 0.40056250000000004 0.2886484375 0.4013703125 0.2885375 0.4013703125 0.283090625 0.37721875 0.2832734375 0.377234375 0.2697625 0.370596875 0.269615625 0.370596875 0.3519234375 0.377284375 0.3518875 0.37715156250000004 0.3357265625 0.4014015625 0.335578125 0.4014203125 0.330390625 0.400496875 0.33035156250000003
5 0.3474640625 0.198971875 0.34754687500000003 0.2404734375 0.3303 0.24052812499999998 0.3303359375 0.2211515625 0.31909375 0.2213671875 0.3191234375 0.26249375 0.3303140625 0.26244375 0.3302953125 0.25515937499999997 0.3475328125 0.255009375 0.3475328125 0.2650015625 0.3457859375 0.26490468749999996 0.34576406249999997 0.2712328125 0.3444125 0.27127500000000004 0.34443125 0.2838859375 0.34576406249999997 0.283821875 0.3457953125 0.2935125 0.35939375 0.29339218749999996 0.3595046875 0.27518750000000003 0.3556640625 0.27516875 0.355653125 0.2173078125 0.3593515625 0.217325 0.3594140625 0.19908125000000002 0.3474640625 0.198971875
10 0.344475 0.33209218749999997 0.33649375 0.332125 0.336515625 0.3359046875 0.3444296875 0.33592656249999997 0.344475 0.33209218749999997
10 0.3772703125 0.3594296875 0.37725 0.3533140625 0.374609375 0.3534 0.374590625 0.35938593750000003 0.3772703125 0.3594296875
3 0.36336875 0.0991828125 0.363540625 0.119396875 0.3779375 0.1196515625 0.3779078125 0.10716875 0.37389375 0.10719062500000001 0.3738375 0.0993515625 0.36336875 0.0991828125
2 0.40143281249999996 0.3479640625 0.40135156250000004 0.33885312500000003 0.37784375 0.3387640625 0.37796875 0.3609015625 0.3745484375 0.3609015625 0.374525 0.3711015625 0.378015625 0.3710234375 0.377975 0.3932140625 0.40148593750000006 0.3932765625 0.40150625 0.38206562499999996 0.400559375 0.38206562499999996 0.40056875 0.348025 0.40143281249999996 0.3479640625
10 0.3607421875 0.20079375000000002 0.3699046875 0.2009671875 0.369915625 0.187878125 0.3613375 0.1878609375 0.36135625 0.19480312500000002 0.3607 0.1948515625 0.3607421875 0.20079375000000002
2 0.3432453125 0.3730984375 0.34321718749999997 0.37133125 0.3627875 0.3713359375 0.3627609375 0.35181874999999996 0.369865625 0.3518765625 0.3699859375 0.33766093750000004 0.360653125 0.33746718750000004 0.36062500000000003 0.329703125 0.345109375 0.33004687499999996 0.345084375 0.3374359375 0.33652812499999996 0.33763125 0.3365375 0.34280937499999997 0.3373484375 0.3426796875 0.33739375 0.3658109375 0.33654687499999997 0.36576718750000003 0.33646875 0.373265625 0.3432453125 0.3730984375
7 0.3360828125 0.30651562499999996 0.3361890625 0.3194234375 0.3351875 0.31950625 0.33524375 0.3325875 0.33647343749999997 0.3325875 0.33649375 0.332125 0.33705625 0.33213906249999997 0.3370265625 0.33090312499999996 0.34450156249999997 0.33090312499999996 0.344425 0.32700625 0.360565625 0.3270484375 0.3605375 0.3196359375 0.3613375 0.3197 0.3613109375 0.3356765625 0.3704515625 0.33573906249999996 0.37062343750000004 0.30593906249999997 0.36067031250000003 0.3059171875 0.3606515625 0.2966734375 0.33526406249999996 0.296759375 0.335196875 0.3064296875 0.3360828125 0.30651562499999996
10 0.34460625 0.15633593750000002 0.33653125 0.15633593750000002 0.3365125 0.16025625 0.3445609375 0.16016875 0.34460625 0.15633593750000002
4 0.3444171875 0.29357812499999997 0.34443437499999996 0.264721875 0.331765625 0.26494375 0.3317328125 0.29368906250000004 0.3444171875 0.29357812499999997
13 0.3737921875 0.37222343750000003 0.373878125 0.35366875000000003 0.3688546875 0.3537109375 0.368815625 0.3720515625 0.3737921875 0.37222343750000003
11 0.34370781250000004 0.1179390625 0.3437796875 0.0991515625 0.33647343749999997 0.0991625 0.336484375 0.11768749999999999 0.34370781250000004 0.1179390625
13 0.3634078125 0.3719328125 0.368584375 0.3721875 0.3684890625 0.35312343749999997 0.3634265625 0.353378125 0.3634078125 0.3719328125
2 0.4013890625 0.21634375 0.4013703125 0.21071875 0.377946875 0.2109125 0.37799375 0.2228171875 0.3814453125 0.22264843750000002 0.381415625 0.22405312500000002 0.377946875 0.2241390625 0.377975 0.244590625 0.401465625 0.2446515625 0.401465625 0.23917656250000002 0.400540625 0.23921874999999998 0.4005609375 0.2164265625 0.4013890625 0.21634375
13 0.36343281250000004 0.13915312500000002 0.3686125 0.13918906250000002 0.3685453125 0.120271875 0.3634921875 0.1203578125 0.36343281250000004 0.13915312500000002
3 0.36272187499999997 0.3931328125 0.36269375 0.37286874999999997 0.3447828125 0.37281875000000003 0.344859375 0.3931265625 0.36272187499999997 0.3931328125
2 0.34504531250000003 0.1549375 0.3450796875 0.16245156249999998 0.360646875 0.16250625000000002 0.3606625 0.1549125 0.3699 0.1549609375 0.3698796875 0.14049687500000002 0.36279374999999997 0.14058593749999998 0.3628328125 0.12098125 0.343346875 0.12104843750000001 0.3433171875 0.11900625000000001 0.3365421875 0.11928281249999999 0.3364984375 0.1265515625 0.33735624999999997 0.1264234375 0.337365625 0.1495109375 0.33651718750000004 0.1494890625 0.3365078125 0.1550484375 0.34504531250000003 0.1549375
10 0.359446875 0.2189921875 0.35650624999999997 0.21909218749999998 0.356528125 0.24524218750000001 0.359428125 0.24535 0.359446875 0.2189921875
13 0.37722500000000003 0.2685484375 0.3772828125 0.24843125000000002 0.3647328125 0.24914843750000001 0.3647546875 0.26780624999999997 0.37722500000000003 0.2685484375
13 0.3771921875 0.2435234375 0.3771453125 0.22420468750000003 0.36465625 0.2245875 0.364615625 0.24346562500000002 0.3771921875 0.2435234375
6 0.3606796875 0.29000625 0.3697375 0.2898984375 0.369728125 0.2745609375 0.369975 0.27458125 0.369928125 0.26970625 0.3606609375 0.26961875 0.3606796875 0.29000625
5 0.35931406250000003 0.778003125 0.37001093749999997 0.77810625 0.3699875 0.7583968750000001 0.367446875 0.75831875 0.367425 0.718546875 0.370021875 0.7184921875 0.3700453125 0.6988875 0.35648749999999996 0.6988624999999999 0.35648749999999996 0.7199015625 0.359325 0.7198218749999999 0.359325 0.728846875 0.34211874999999997 0.728796875 0.3421078125 0.722659375 0.3325421875 0.7227125 0.33252031249999997 0.7857234375 0.342140625 0.7857484375 0.3421296875 0.74354375 0.35938125 0.74346875 0.35931406250000003 0.778003125
8 0.4069328125 0.7808578125000001 0.4077578125 0.7808390625 0.407771875 0.77543125 0.38758906249999997 0.7754624999999999 0.387603125 0.7621171875 0.38146562500000003 0.7620875 0.3814109375 0.8340515625 0.3875625 0.8341125 0.38750625 0.820340625 0.40775625 0.8204015625000001 0.40772812500000005 0.8151859375000001 0.4069046875 0.8151234374999999 0.4069328125 0.7808578125000001
11 0.356225 0.891540625 0.3456 0.8915765625000001 0.34565 0.9054171875 0.356159375 0.9054921874999999 0.356225 0.891540625
6 0.377753125 0.9544656249999999 0.36848593749999997 0.9545734375 0.36853437499999997 0.9730203124999999 0.3778296875 0.9729359375 0.377753125 0.9544656249999999
12 0.357915625 0.7437765625 0.343565625 0.743815625 0.3435484375 0.7851140625 0.35786562499999997 0.7852265625 0.357915625 0.7437765625
2 0.36045625000000003 0.8230124999999999 0.36045625000000003 0.8267859375000001 0.36045625000000003 0.8283515625 0.3596859375 0.8283828124999999 0.35971406250000004 0.8464812500000001 0.3605640625 0.8465421875000001 0.36056093749999996 0.8644328124999999 0.35974218750000003 0.8644875000000001 0.35974218750000003 0.8661609374999999 0.377546875 0.8659890625 0.3775203125 0.834059375 0.38065000000000004 0.8340875000000001 0.38067656250000004 0.8229234375000001 0.36045625000000003 0.8230124999999999
13 0.384565625 0.8721328125 0.3789234375 0.8721125000000001 0.3788734375 0.8834875 0.38459374999999996 0.8835734375 0.384565625 0.8721328125
4 0.3522734375 0.94999375 0.3407296875 0.9500187499999999 0.340753125 0.978115625 0.352284375 0.978140625 0.3522734375 0.94999375
2 0.40766093750000004 0.8549218749999999 0.406875 0.854978125 0.4068625 0.8320375 0.4077 0.8320375 0.4077 0.8230484375 0.3882421875 0.8230203125 0.3882953125 0.8661109375 0.40768750000000004 0.8661109375 0.40766093750000004 0.8549218749999999
8 0.406909375 0.6616328125 0.4078234375 0.6615484375 0.40784374999999995 0.656671875 0.3876625 0.6567000000000001 0.387675 0.6433578125 0.3815375 0.6433296875 0.381484375 0.7152890625 0.38763437500000003 0.71535 0.387578125 0.7015781249999999 0.407828125 0.7016390625 0.40784374999999995 0.6961 0.40687187500000005 0.6961 0.406909375 0.6616328125
13 0.3869046875 0.741253125 0.37456093749999997 0.741278125 0.374528125 0.7599421875 0.3869296875 0.7599421875 0.3869046875 0.741253125
2 0.40777343750000006 0.6449734375 0.4069421875 0.6450609375 0.4069234375 0.622090625 0.40779375 0.6219578125 0.40777343750000006 0.610959375 0.388340625 0.610959375 0.3883171875 0.6539453125 0.40775625 0.654009375 0.40777343750000006 0.6449734375
10 0.3700296875 0.72021875 0.36825625 0.7202625 0.368228125 0.73153125 0.36999218749999996 0.73153125 0.3700296875 0.72021875
10 0.3736171875 0.7165296875 0.37141562499999997 0.7165515625000001 0.37138593750000004 0.7369796875 0.37362656250000004 0.7369578125 0.3736171875 0.7165296875
7 0.348421875 0.8281015625 0.35981718749999997 0.8281015625 0.3598515625 0.813784375 0.368065625 0.8136546875 0.36801875 0.8202265625 0.381353125 0.8203015625000001 0.38144999999999996 0.7899578125 0.38060312500000004 0.7899875 0.3805234375 0.7823953125 0.371771875 0.7824203125 0.3717828125 0.781090625 0.3593015625 0.781140625 0.359278125 0.7881453125 0.34837656250000004 0.7881453125 0.3483984375 0.7916203125 0.349234375 0.791671875 0.3492578125 0.8146296875000001 0.34838749999999996 0.8146015625 0.348421875 0.8281015625
2 0.4077125 0.740046875 0.3883546875 0.739953125 0.3883546875 0.760690625 0.3917046875 0.7606296875 0.3917046875 0.76198125 0.388328125 0.76198125 0.38821875 0.7737890625 0.407765625 0.773696875 0.40773906249999997 0.768328125 0.4068890625 0.768296875 0.4069015625 0.7453531250000001 0.4077265625 0.7453203125 0.4077125 0.740046875
10 0.3671890625 1 0.3672125 0.9913578125000001 0.3654109375 0.991378125 0.3654109375 1 0.3671890625 1
2 0.407778125 0.7033375000000001 0.38840625 0.7033515625 0.3883578125 0.7149859375000001 0.39171875 0.7149859375000001 0.391734375 0.71696875 0.3884234375 0.71708125 0.3884203125 0.7367765625 0.4077890625 0.7369515625 0.4078125 0.73158125 0.4069546875 0.731609375 0.4069546875 0.7086546874999999 0.407778125 0.7086546874999999 0.407778125 0.7033375000000001
13 0.3845921875 0.8843765625 0.378884375 0.8843500000000001 0.3788734375 0.8832515624999999 0.3776953125 0.8833296875000001 0.3777171875 0.8781671875000001 0.3756 0.8781921875 0.375646875 0.8991015625 0.3845703125 0.8991015625 0.3845921875 0.8843765625
10 0.3772796875 0.105846875 0.3772609375 0.0992875 0.3746 0.099415625 0.3746 0.1058265625 0.3772796875 0.105846875
13 0.380525 0.851921875 0.381715625 0.8518796875 0.381696875 0.85100625 0.387446875 0.8509015625 0.387428125 0.8360546875000001 0.3784375 0.836096875 0.378428125 0.8569531250000001 0.380525 0.8569921875000001 0.380525 0.851921875
6 0.3806125 0.7617265625 0.371346875 0.7618328125 0.37139375 0.78028125 0.3806890625 0.7801953125 0.3806125 0.7617265625
10 0.37075625 0.974696875 0.3685625 0.9747406249999999 0.3685828125 0.9951046874999999 0.37079375 0.9951265625 0.37075625 0.974696875
7 0.359371875 0.6957484375 0.3806328125 0.6945125 0.38060312500000004 0.6869109375 0.381509375 0.6868671875000001 0.3815671875 0.6564062500000001 0.368096875 0.6564890625 0.3680671875 0.663009375 0.359878125 0.663009375 0.35985 0.648628125 0.3484859375 0.6486500000000001 0.3483890625 0.6622 0.3493046875 0.6622 0.3493046875 0.6852046875 0.34847656250000003 0.6852046875 0.34849375 0.688740625 0.3593453125 0.688784375 0.359371875 0.6957484375
10 0.355121875 0.9500187499999999 0.3536734375 0.9499375000000001 0.3536828125 0.955346875 0.35507187500000004 0.9553390625 0.355121875 0.9500187499999999
10 0.37795625 0.8690765624999999 0.3753609375 0.8690562500000001 0.375353125 0.8759343749999999 0.377946875 0.8759781249999999 0.37795625 0.8690765624999999
13 0.3868890625 0.7170421874999999 0.37454375 0.7170671875 0.37451093750000003 0.7357265625 0.3869109375 0.7357265625 0.3868890625 0.7170421874999999
10 0.3700140625 0.7454562499999999 0.36825 0.745478125 0.36825 0.7566859375 0.3700046875 0.7566203125000001 0.3700140625 0.7454562499999999
2 0.40498124999999996 0.9031109374999999 0.40415 0.9031968750000001 0.40412968749999995 0.8802265625000001 0.40499999999999997 0.88009375 0.40498124999999996 0.8690984374999999 0.385546875 0.8690984374999999 0.3855265625 0.91208125 0.404965625 0.9121453125000001 0.40498124999999996 0.9031109374999999
10 0.380853125 0.8591921875 0.3782609375 0.8591703125000001 0.37825156249999997 0.8660484374999999 0.38084375000000004 0.8660921874999999 0.380853125 0.8591921875
6 0.659003125 0.9544656249999999 0.6497359375 0.9545734375 0.6497843750000001 0.9730203124999999 0.6590796875 0.9729359375 0.659003125 0.9544656249999999
11 0.637475 0.891540625 0.62685 0.8915765625000001 0.6269 0.9054171875 0.6374093750000001 0.9054921874999999 0.637475 0.891540625
2 0.6889624999999999 0.740046875 0.6696046875 0.739953125 0.6696046875 0.760690625 0.6729546875 0.7606296875 0.6729546875 0.76198125 0.6695781249999999 0.76198125 0.66946875 0.7737890625 0.689015625 0.773696875 0.6889890624999999 0.768328125 0.6881390625 0.768296875 0.6881515625 0.7453531250000001 0.6889765625 0.7453203125 0.6889624999999999 0.740046875
7 0.629671875 0.8281015625 0.6410671875 0.8281015625 0.6411015625 0.813784375 0.6493156250000001 0.8136546875 0.64926875 0.8202265625 0.662603125 0.8203015625000001 0.6627 0.7899578125 0.661853125 0.7899875 0.6617734375000001 0.7823953125 0.6530218750000001 0.7824203125 0.6530328125 0.781090625 0.6405515625 0.781140625 0.640528125 0.7881453125 0.6296265625 0.7881453125 0.6296484375 0.7916203125 0.630484375 0.791671875 0.6305078125 0.8146296875000001 0.6296375000000001 0.8146015625 0.629671875 0.8281015625
11 0.6402359375 0.8298703125 0.6296109375000001 0.82990625 0.629659375 0.8437468750000001 0.6401703125 0.84381875 0.6402359375 0.8298703125
13 0.6658421875 0.8843765625 0.6601343749999999 0.8843500000000001 0.6601234375 0.8832515624999999 0.6589453125 0.8833296875000001 0.6589671874999999 0.8781671875000001 0.65685 0.8781921875 0.6568968749999999 0.8991015625 0.6658203125 0.8991015625 0.6658421875 0.8843765625
10 0.6621234375 0.61089375 0.6595296875 0.6108734375 0.6595203125 0.6177515625 0.6621125 0.6177937499999999 0.6621234375 0.61089375
2 0.63815625 0.8690515624999999 0.6381890625 0.8708578125 0.6390281250000001 0.870746875 0.63904375 0.8886 0.63815625 0.8886 0.638090625 0.9067828125 0.638946875 0.906746875 0.638928125 0.9120453124999999 0.659128125 0.912303125 0.659128125 0.9010781250000001 0.6560140624999999 0.9012249999999999 0.6559296875 0.8690921875000001 0.63815625 0.8690515624999999
6 0.6618031249999999 0.69646875 0.6525375 0.6965734375 0.652584375 0.7150203125 0.6618796875 0.7149359375000001 0.6618031249999999 0.69646875