0 0.4956476625 0 0.1476857046875 0.0060733687500000005 0 0.41183651093750007 0 0.5043523375000001 0.0060733687500000005 0.8523142953124999 0.41183651093750007 1 0.5043523375000001 1 0.8523142953124999 0.9939266312499999 1 0.5881634890624999 1 0.4956476625 0.9939266312499999 0.1476857046875 0.5881634890624999 0 0.4956476625 0
1 0.19294734375 0.4383281640625 0.15955204375 0.438981646875 0.1601303515625 0.46926679531250004 0.1934297609375 0.46875799218749997 0.19294734375 0.4383281640625
1 0.7351423359375 0.3225051015625 0.6796511296875 0.3234352078125 0.6801792359375 0.3537486421875 0.7357831109374999 0.3528196359375 0.7351423359375 0.3225051015625
10 0.7137772640625 0.5090028171875 0.7042185546875 0.5091702031249999 0.7044832296875 0.5224407249999999 0.71400390625 0.5222362171875 0.7137772640625 0.5090028171875
10 0.66259239375 0.5231547109375 0.662245240625 0.5098092750000001 0.6519028578125 0.5102019 0.6520985687499999 0.523300996875 0.66259239375 0.5231547109375
8 0.25655305781250004 0.52893099375 0.2622132203125 0.5287846187499999 0.262063471875 0.5241524875 0.3150983984375 0.52322793125 0.3151104109375 0.527763371875 0.324012609375 0.5275632203125 0.3233692125 0.496639153125 0.3202989953125 0.4966457234375 0.3195725390625 0.453130803125 0.34024840312500004 0.45310552812499993 0.3394621671875 0.419919640625 0.3045358734375 0.42043490625 0.3046035828125 0.42622440156249997 0.22772966874999997 0.42761422812500005 0.2284823625 0.464090184375 0.25554895625 0.46361078125 0.25655305781250004 0.52893099375
5 0.8048202468750001 0.43353874843750007 0.8334259968750001 0.43313402031250003 0.8330053890625001 0.40677389062499997 0.9117643671875 0.4053718046875 0.9111719640624999 0.3730878546875 0.8483859609375 0.37418294531249996 0.8481477265624999 0.3658604953125 0.8035406296875 0.3668146375 0.8048202468750001 0.43353874843750007
13 0.3363100421875 0.35453925625 0.305645146875 0.354977684375 0.3067365765625 0.4174996359375 0.33739739062499996 0.4168668390625 0.3363100421875 0.35453925625
1 0.1996622828125 0.5661606109374999 0.3244018375 0.563918525 0.323916759375 0.536173115625 0.325100325 0.53612834375 0.3250647625 0.533594628125 0.19914604687499998 0.535883090625 0.1996622828125 0.5661606109374999
2 0.22467427343750002 0.369656771875 0.15835830312500002 0.3707607 0.159447234375 0.4331570328125 0.1628405453125 0.433011990625 0.1627194984375 0.4283786671875 0.192087653125 0.427893934375 0.1921301046875 0.4324188390625 0.1969979578125 0.4323615375 0.19759158125 0.46458274531250005 0.22632098437499998 0.46404843125 0.22467427343750002 0.369656771875
3 0.6518049312499999 0.5068390390624999 0.6644761781249999 0.50665388125 0.6647653578125 0.526010775 0.6843181406250001 0.5255351640625 0.6828397546875 0.45517703593750003 0.6509272625 0.45595950937499996 0.6518049312499999 0.5068390390624999
13 0.7133103140625 0.4809015203125 0.684238625 0.4814625640625 0.6846264078125001 0.5064190015625 0.713703175 0.5058348640625 0.7133103140625 0.4809015203125
10 0.8442646999999999 0.454503234375 0.8762312281250001 0.45382356562500004 0.8760372437499999 0.43849032499999996 0.8440484874999999 0.4389523921875 0.8442646999999999 0.454503234375
10 0.8591977890625 0.29699785156249997 0.851338746875 0.29706388281249996 0.8525904203125 0.36801291875 0.8604055484375 0.367925915625 0.8591977890625 0.29699785156249997
10 0.20845451406249998 0.33042121875 0.209163684375 0.3669162515625 0.22462896250000003 0.3666838609375 0.22374246250000002 0.318587934375 0.1916008171875 0.31918224687499996 0.1919435265625 0.33084499843750004 0.20845451406249998 0.33042121875
10 0.8763815984375001 0.40926098125 0.83528985 0.4099814765625 0.83575885625 0.43292392187499995 0.8767700703125 0.432328753125 0.8763815984375001 0.40926098125
13 0.7127866296875001 0.45460530312499997 0.683913903125 0.45497604531249997 0.6841977296875 0.48026378125 0.713249828125 0.4795875265625 0.7127866296875001 0.45460530312499997
10 0.87870919375 0.4092435109375 0.8791347828125 0.4322915375 0.9122332765625 0.43180937343750003 0.9117278875 0.40866080312499997 0.87870919375 0.4092435109375
1 0.87894333125 0.6071311109375 0.6536967796875001 0.6110371953125 0.6542261500000001 0.641141578125 0.8794680250000001 0.6372437703125 0.87894333125 0.6071311109375
2 0.7236696031250001 0.6038150078125 0.7380183859375 0.6034339765625 0.7367660578125 0.5247477984375 0.7023562859375 0.5255890734374999 0.7020704921875 0.5092380515625 0.6861420078125 0.50941824375 0.6864860140625 0.52573724375 0.6521894828125 0.5264501328125 0.653656509375 0.6050032812499999 0.671018871875 0.6047347390625 0.6709169015625001 0.6001449390625 0.7235640484375 0.5991573921875 0.7236696031250001 0.6038150078125
2 0.747356071875 0.35863975625 0.727146184375 0.35883296875 0.72718751875 0.3635254078125 0.692060028125 0.36411376875 0.6918345390625 0.359648615625 0.683283175 0.35979854375000003 0.684884821875 0.45218511875 0.7149804171875 0.4515793875 0.7155677953125 0.48596492187500007 0.738028065625 0.48548669687499996 0.7370951984375 0.4407160765625 0.748841209375 0.4405100875 0.747356071875 0.35863975625
3 0.6509206437499999 0.452601615625 0.682654228125 0.4519086625 0.6810468875 0.359820978125 0.6493225546875 0.3603742984375 0.6509206437499999 0.452601615625
6 0.834862575 0.48320434375000004 0.834812325 0.48384950312499997 0.8426304015625 0.483726990625 0.8418434375 0.43897123125000004 0.8104214546874999 0.43956642500000004 0.8113326750000001 0.48350110312499994 0.834862575 0.48320434375000004
7 0.340350659375 0.453107828125 0.34260456562499997 0.45309180624999995 0.3428317515625 0.46357350625000004 0.3814803578125 0.4626671359375 0.3806273765625 0.4163476140625 0.3394698640625 0.41690616406250003 0.340350659375 0.453107828125
13 0.874855971875 0.45701271875 0.8443558796874999 0.45766077968749996 0.8454150609375001 0.5199880875 0.875894334375 0.5193241343749999 0.874855971875 0.45701271875
10 0.7887343390625 0.4845459671875 0.8092226 0.484222946875 0.8083972609375 0.4396776953125 0.798978290625 0.4399408375 0.79898445625 0.44302587187500003 0.788001265625 0.443100459375 0.7887343390625 0.4845459671875
7 0.740377621875 0.4884103609375 0.7866702828125 0.4876540203125 0.785793284375 0.43948173749999997 0.8004972203125 0.439344703125 0.7990152421875 0.357630159375 0.7831699953125 0.3580202265625 0.78326985 0.36254274531249997 0.76364461875 0.3628839078125 0.7634912640625 0.358257115625 0.7515353609375001 0.3586012078125 0.75313425625 0.44039655 0.764410690625 0.4400096734375 0.7644693640625 0.44339815312499997 0.739597584375 0.4437086671875 0.740377621875 0.4884103609375
2 0.21051151250000003 0.525109653125 0.2456415734375 0.524409159375 0.2457219078125 0.529030990625 0.2545056859375 0.5288775265625001 0.2533301859375 0.466700765625 0.19802092031250002 0.4676655 0.1989842546875 0.529991178125 0.21058934375 0.5296241562499999 0.21051151250000003 0.525109653125
11 0.3828151421875 0.5415013828124999 0.363796403125 0.5417340609375 0.3642556125 0.566211009375 0.3832746265625 0.565950165625 0.3828151421875 0.5415013828124999
12 0.90997149375 0.2959952015625 0.8612020906250001 0.2968909796875 0.8626077421874999 0.36808395312500003 0.910962053125 0.366948965625 0.90997149375 0.2959952015625
1 0.32794545468749997 0.5062960796875 0.328441253125 0.5361637703125 0.382815140625 0.5351695249999999 0.38221965 0.5052056890625 0.32794545468749997 0.5062960796875
1 0.745165984375 0.316067 0.7456833171875 0.352582 0.79897225 0.351768184375 0.7983316359375 0.3150254078125 0.745165984375 0.316067
10 0.28713703437500004 0.35018008125 0.2874224875 0.3618037015625 0.30373975625 0.3614507515625 0.3036039046875 0.349978021875 0.28713703437500004 0.35018008125
2 0.8349051578125 0.597303025 0.870074590625 0.5966268390625 0.8701545218750001 0.6012634875 0.8788164265624999 0.60108395625 0.8774653296875 0.5223402125 0.8454669203125 0.5229384406250001 0.8458205624999999 0.539628421875 0.8435332578124999 0.5397270671875 0.843219690625 0.522945253125 0.8247859015625 0.5232428484375 0.8261237250000001 0.60218295625 0.8349709390625 0.6019328625 0.8349051578125 0.597303025
13 0.1618309109375 0.3678942859375 0.20694302343749998 0.36690945625000004 0.20628024531250003 0.333347821875 0.1898832546875 0.3337964640625 0.189687971875 0.3242276 0.1612075796875 0.3246031296875 0.1618309109375 0.3678942859375
8 0.8153230421875 0.6021809734375 0.82415331875 0.60188148125 0.822557834375 0.5202869140625 0.8433013578124999 0.5198838734375 0.8427468593749999 0.48671914687499995 0.7156017828125 0.488863875 0.7161355359375 0.5222089453125001 0.74101648125 0.5215991421874999 0.74249440625 0.60348015 0.750922840625 0.6032705140625 0.7509370296875 0.5986082625 0.81524323125 0.5975942515625 0.8153230421875 0.6021809734375
4 0.8022115640624999 0.298010684375 0.8033852015624999 0.360617428125 0.8480799359375 0.3598930546875 0.847016075 0.29714003437500003 0.8022115640624999 0.298010684375
2 0.3404664859375 0.45597837031250005 0.32283512187499996 0.45628701562499996 0.3237437140625 0.5000827265625001 0.3290500828125 0.5000586593749999 0.32890189375 0.49556843281249996 0.3583179515625 0.4951576703125 0.3583708859375 0.4994436234375 0.38214829687499996 0.499097278125 0.3815138375 0.4659283890625 0.34072073125 0.46659130312499997 0.3404664859375 0.45597837031250005
10 0.737861996875 0.352841340625 0.7436842312499999 0.3526608390625 0.7429186249999999 0.3160604640625 0.74224821875 0.31606587343750003 0.7422655812500001 0.3223774453125 0.737386515625 0.322429003125 0.737861996875 0.352841340625
7 0.28643894375 0.3173139359375 0.2258817578125 0.3183705703125 0.22778295312500002 0.42437956562499995 0.240631525 0.4240361375 0.2407399953125 0.42741115 0.3045064125 0.4261807203125 0.30371843906249996 0.3644742359375 0.28525245 0.3648648671875 0.284939715625 0.3525030203125 0.2870013984375 0.3524669171875 0.28643894375 0.3173139359375
11 0.67754313125 0.3234478015625 0.6485473234375 0.323818640625 0.6492219859375 0.35419539375000003 0.67816710625 0.3536897125 0.67754313125 0.3234478015625