10 0.8244873875 0.23937170624999998 0.82212984375 0.22600182968750002 0.7863484609375 0.23253906875000002 0.78865368125 0.2456146328125 0.8244873875 0.23937170624999998
10 0.7252128453125 0.4550873203125 0.7561510453125 0.448947346875 0.7412872578124999 0.362824525 0.7089009359375 0.3689925875 0.7252128453125 0.4550873203125
8 0.825446615625 0.5166808374999999 0.8207652078125 0.4854956640625 0.6589347953125 0.5125010765625 0.6813770875 0.639376296875 0.7642046578125 0.6245743874999999 0.7475949921875 0.529058715625 0.825446615625 0.5166808374999999
10 0.361925815625 0.32075701875 0.3595886390625 0.307507303125 0.3238519796875 0.31419117343749997 0.3260999375 0.3272022015625 0.361925815625 0.32075701875
10 0.8867586031249999 0.3489987921875 0.866527334375 0.352785421875 0.8864450109374999 0.46575026875000003 0.9067138546875 0.4621759703125 0.8867586031249999 0.3489987921875
6 0.8129387984375 0.4432123234375 0.8054467484375 0.44460164999999996 0.805121109375 0.44275449218749996 0.7835152140625 0.44711215937500004 0.7908320578125 0.4894077484375 0.8127126140625001 0.48598584999999994 0.8123350796875 0.48428707187500003 0.81983366875 0.483112534375 0.8129387984375 0.4432123234375
9 0.64186973125 0.43130785781250003 0.6276422140625 0.43381698437500005 0.624318275 0.417603715625 0.5945060953125 0.422860284375 0.60154546875 0.46542696875 0.6473934421875 0.457344296875 0.64186973125 0.43130785781250003
2 0.121629903125 0.5429982265625 0.1214390203125 0.5428387 0.148575025 0.6958586125 0.207582846875 0.6845985781249999 0.19088343125 0.5907636046875 0.14569568593749999 0.5982578375000001 0.13581130937500002 0.5401609421875 0.121629903125 0.5429982265625
10 0.27862565781250004 0.44433748125 0.2674466203125 0.4456517421875 0.28000770625000004 0.51556935625 0.25956816250000003 0.51982746875 0.2697627953125 0.5789629640625 0.3077041328125 0.572273328125 0.30083295625 0.5319857046875 0.29450750625 0.5331007421875 0.27862565781250004 0.44433748125
2 0.76858431875 0.6240107765625 0.8185049718749999 0.6143811734375 0.8018893296874999 0.5201486046875 0.751266525 0.529075690625 0.76858431875 0.6240107765625
10 0.16664945 0.5120397703124999 0.1791675609375 0.5096138703124999 0.17630057187499998 0.49247017031249996 0.1635360609375 0.49483116718750003 0.16664945 0.5120397703124999
2 0.35259128125 0.6653596609375 0.40829728281250005 0.6555374796875 0.39726563125 0.5951792328125001 0.34212190468750003 0.6049067203125 0.35259128125 0.6653596609375
10 0.8470928390625 0.4358471671875 0.8449088843749999 0.42346188749999997 0.8159944640625 0.429129378125 0.818048725 0.44077752812500004 0.8470928390625 0.4358471671875
7 0.7312687203125 0.49985800312500006 0.7135243234375 0.4031935671875 0.6411431359375 0.41529814375 0.6589347953125 0.5125010765625 0.7312687203125 0.49985800312500006
7 0.257101003125 0.520136653125 0.22560882656249998 0.5253004265625 0.2270436953125 0.534199728125 0.18730450781250002 0.5411959171875 0.1969424203125 0.5949077953125 0.2682131109375 0.58175786875 0.257101003125 0.520136653125
0 0.4562552859375 0 0.0872607609375 0.0650643125 0 0.44303219687500006 0 0.5437447140625 0.0650643125 0.9127392390625 0.44303219687500006 1 0.5437447140625 1 0.9127392390625 0.9349356875 1 0.5569678031249999 1 0.4562552859375 0.9349356875 0.0872607609375 0.5569678031249999 0 0.4562552859375 0
13 0.1863811875 0.5597817578125001 0.1696528859375 0.56273181875 0.16691480625 0.547203840625 0.1389463875 0.5521355906250001 0.1469323296875 0.596659109375 0.19120745 0.5886655328125 0.1863811875 0.5597817578125001
13 0.85881723125 0.5098195515625 0.8453201546875 0.4387814171875 0.8150885609375 0.444340453125 0.8278015734374999 0.5164339484375 0.85881723125 0.5098195515625
3 0.5707636375 0.5211991890625 0.6077157953125 0.51484885625 0.6023981265625 0.48591256875 0.5657987671875 0.49173498281250005 0.5707636375 0.5211991890625
13 0.3655150609375 0.598274040625 0.3964922671875 0.5920484593750001 0.3836135515625 0.5198044578125 0.3527665328125 0.5252438625 0.3655150609375 0.598274040625
10 0.42384745625000003 0.5474303546875 0.444308040625 0.543602053125 0.42442758593749996 0.43085106093750003 0.40415721875 0.43442500781250004 0.42384745625000003 0.5474303546875
11 0.6074750953125 0.6560191468750001 0.6396291203125 0.6504821921875 0.633310940625 0.6178431234375 0.601659671875 0.6235570859374999 0.6074750953125 0.6560191468750001
10 0.8148231484374999 0.381094125 0.8185698718750001 0.3735963484375 0.8143804234375001 0.350289384375 0.7742953578125 0.357693215625 0.7793691171875 0.3874567765625 0.8148231484374999 0.381094125
1 0.6779744484375 0.6443556796875 0.672013109375 0.610552996875 0.6680811640625001 0.6112472328125 0.636144740625 0.6167654687499999 0.6416136265625 0.6504368203124999 0.6779744484375 0.6443556796875
10 0.35236896562500003 0.4625282828125 0.3562503890625 0.4548290828125 0.35177108281249997 0.43152736249999996 0.311560684375 0.43914760937499997 0.316700971875 0.468817484375 0.35236896562500003 0.4625282828125
3 0.6087963078125 0.61439965 0.6046449296875 0.5909972406249999 0.6023513046875 0.591617496875 0.5937352296875 0.54272461875 0.596087159375 0.5423102546874999 0.5922242359375 0.520124221875 0.5713889140624999 0.5236655578125 0.587815725 0.6183548546875001 0.6066042421875 0.61478838125 0.6087963078125 0.61439965
6 0.3275242421875 0.5706913359375 0.3507801359375 0.5665911234375 0.3500740453125 0.5629466937500001 0.35679674375000003 0.5618544140624999 0.35007074375 0.5232856921875 0.3420111828125 0.5243964671875 0.3411344234375 0.5198659328125 0.3215624265625 0.523262753125 0.3224170421875 0.5278892 0.32043016875 0.528201825 0.3275242421875 0.5706913359375
10 0.1709358 0.55977269375 0.18507010937499999 0.557118571875 0.1818383046875 0.538790578125 0.1386281265625 0.5465681796874999 0.13903505625 0.5495149328125 0.1680056984375 0.5437706203125 0.1709358 0.55977269375
5 0.371032571875 0.3724283640625 0.362332925 0.32178590625000003 0.326150540625 0.328344421875 0.3339837328125 0.3732031078125 0.342470209375 0.3717434890625 0.3573941609375 0.455723359375 0.3529665546875 0.46426022656250004 0.30803734375 0.472343334375 0.3160536828125 0.5199094859375 0.3475844515625 0.514092334375 0.3455511390625 0.502596553125 0.38737102968750003 0.495068859375 0.3973514078125 0.552270659375 0.42295153750000003 0.54737265 0.4030234140625 0.433411159375 0.4243395328125 0.42941956406250004 0.41285760624999995 0.3650173171875 0.4075195546875 0.3660508171875 0.4065453296875 0.360532415625 0.4174225296875 0.358330634375 0.40680171249999997 0.29924908906250003 0.363795475 0.306546190625 0.3742960265625 0.3655165828125 0.38573452812500003 0.3636063515625 0.38673997031249996 0.369677184375 0.371032571875 0.3724283640625
2 0.8767843187500001 0.6046303234375 0.85881723125 0.5098195515625 0.8046032406249999 0.51992365 0.8211252546875001 0.6147215203124999 0.8767843187500001 0.6046303234375
10 0.7325047703124999 0.49709492343750006 0.7704865125 0.4903969765625 0.76359410625 0.450444415625 0.7255720015625 0.4566920546875 0.7325047703124999 0.49709492343750006
10 0.6474994671875 0.475653025 0.6450744703125 0.4609846953125 0.6307615953125 0.4632800796875 0.6335385359375 0.47902870468750003 0.6474994671875 0.475653025
10 0.7899261656250001 0.4870385578125 0.783304903125 0.4468423078125 0.76781825625 0.44968614531249995 0.7753276234375 0.489612765625 0.7899261656250001 0.4870385578125
2 0.350235890625 0.665226396875 0.33963391249999997 0.605069978125 0.29041130000000004 0.614294665625 0.3006928078125 0.6736859468749999 0.350235890625 0.665226396875
1 0.14409008437499998 0.700094215625 0.115179840625 0.536658221875 0.13963945625000002 0.5323452093750001 0.14069795624999998 0.538352921875 0.1884460640625 0.5307570390625 0.18866433437500002 0.5335832625 0.2207582109375 0.527528890625 0.2194272859375 0.5192004156250001 0.2730996984375 0.5095389578125 0.2623491375 0.44776869062499997 0.2443769765625 0.4505775109375 0.2491928203125 0.478151946875 0.178329659375 0.4915996171875 0.18216456406249998 0.51284428125 0.1654025796875 0.5152942609375 0.1615928640625 0.49521160625 0.128393915625 0.501065375 0.1308485828125 0.5165359390625001 0.091531165625 0.5230874859375 0.12306038906250001 0.70324109375 0.14409008437499998 0.700094215625
10 0.629000434375 0.43083034531250003 0.6418230406250001 0.4284122015625 0.6392099109375 0.4142600953125 0.626555746875 0.41633065937499997 0.629000434375 0.43083034531250003
13 0.6324157953125 0.48116207031249997 0.6295028125 0.4649330296875 0.6022969703125 0.47063897812500005 0.6102013093750001 0.5148838734375001 0.6532602109375001 0.5067474187500001 0.6489611453124999 0.4784279515625 0.6324157953125 0.48116207031249997
12 0.929055328125 0.5851327703125 0.9079898249999999 0.4683044484375 0.8608458125 0.476944228125 0.8804444968749999 0.593374575 0.929055328125 0.5851327703125
10 0.77323019375 0.357792078125 0.747837996875 0.3621158953125 0.7618255281249999 0.4408442703125 0.7777415109375 0.43803701406249995 0.7692663328125 0.3890547890625 0.77852425 0.387497453125 0.77323019375 0.357792078125
10 0.30664652812500004 0.470720115625 0.3157702625 0.4688479640625 0.31071005625 0.4394355140625 0.2853996171875 0.44362746875000003 0.29943255625 0.522687046875 0.315429571875 0.520001128125 0.30664652812500004 0.470720115625
11 0.14442646875 0.7383888765625 0.17697113125 0.7321948296875 0.171019621875 0.6984745953125 0.13875629375 0.7044016484375 0.14442646875 0.7383888765625
5 0.7966327 0.29153649531250003 0.805184634375 0.2901545296875 0.8196243093750001 0.3742454953125 0.8157294937499999 0.3823777828125 0.7706313984375 0.390511703125 0.7786782953125 0.43817471093749993 0.8103869578125 0.43238580156250006 0.8084175171875 0.4204188734375 0.8495448546875 0.41349460625 0.8599231406250001 0.47119558437500003 0.8855169765625 0.465970590625 0.865247290625 0.35135615625 0.886446965625 0.3477161265625 0.8753976390625 0.283530815625 0.8694507046875 0.28461778125000003 0.8683554499999999 0.2784011328125 0.8796365640625 0.27633910625 0.8692952578125 0.2176861078125 0.826370865625 0.2251704828125 0.8369892671875 0.283804065625 0.8482366328125 0.28195073437499996 0.8495194906249999 0.288313325 0.8335880359375001 0.291250109375 0.8245899781249999 0.24064299218750002 0.78896191875 0.246939809375 0.7966327 0.29153649531250003
1 0.209093546875 0.6916343625 0.20509730468749998 0.6923570515625 0.20467084375 0.6903631406249999 0.17520595625 0.6951017453125 0.1756905296875 0.6980872687499999 0.1731724140625 0.6985129765625 0.1792128796875 0.731535334375 0.18139007812500002 0.731079028125 0.1814728 0.7319015296875 0.41691480781249995 0.6902404359375 0.411967359375 0.662326121875 0.22565543125 0.6949063359375 0.2100806453125 0.6972359171875 0.209093546875 0.6916343625
10 0.3198798625 0.5380315312499999 0.31824569999999996 0.5287590843750001 0.305157271875 0.530876921875 0.312380621875 0.5710630390625 0.32566673281249997 0.5689988593749999 0.32379372812499996 0.5602261171875 0.3255730671875 0.5600066953125 0.322163503125 0.5377184640625 0.3198798625 0.5380315312499999
10 0.5655659515625 0.49040957812499997 0.60194100625 0.48243305937500003 0.594759709375 0.4384112171875 0.5574490828124999 0.4458141390625 0.5655659515625 0.49040957812499997
10 0.38481199843749997 0.5171417421875 0.3826856765625 0.5046110125000001 0.35298053125 0.5099596421875 0.3552818546875 0.522128271875 0.38481199843749997 0.5171417421875
8 0.2130488671875 0.688942628125 0.295717021875 0.6744005796875 0.284357025 0.6110816515625 0.36321199375 0.59717786875 0.357673328125 0.5657675203125 0.27862945156249996 0.5797046625 0.1969424203125 0.5949077953125 0.2130488671875 0.688942628125
12 0.41867312968750003 0.675636678125 0.46610098750000006 0.66617724375 0.44535459531250005 0.5496198359375 0.39783436875 0.557451140625 0.41867312968750003 0.675636678125
2 0.6088645703125 0.6145693546875 0.6704337328125 0.6040369578125 0.653744040625 0.510152915625 0.5923358546874999 0.5200297203125 0.6088645703125 0.6145693546875