10 0.6878765625 0.040475 0.6921515625 0.040471875000000004 0.6921609375 0.0323546875 0.6879015625 0.032314062500000004 0.6878765625 0.040475
10 0.4016890625 0.7057390625 0.3762375 0.705646875 0.3762640625 0.7263468750000001 0.37611249999999996 0.7263468750000001 0.3760890625 0.7539640624999999 0.40442343750000004 0.753996875 0.4044203125 0.70550625 0.40170312499999994 0.7054734375 0.4016890625 0.7057390625
13 0.41001562500000005 0.6678515625 0.38880781249999996 0.6677875 0.38876875 0.7002015625 0.40165937500000004 0.7000765624999999 0.40166874999999996 0.70060625 0.410059375 0.7005859375 0.41001562500000005 0.6678515625
10 0.3963375 0.8440609374999999 0.3757828125 0.84405 0.3757578125 0.8505687500000001 0.3910328125 0.8505874999999999 0.391025 0.8568171875000001 0.3983453125 0.85678125 0.39835625 0.8438421875 0.39635625 0.8438609375 0.3963375 0.8440609374999999
2 0.362240625 0.68250625 0.3404671875 0.6824703125 0.3404515625 0.739321875 0.34326406249999997 0.739303125 0.3433203125 0.7391421874999999 0.362209375 0.7391234375 0.362240625 0.68250625
6 0.37499375 0.6571171875 0.3758734375 0.6570734375 0.37585 0.6652734375 0.38748593750000004 0.66529375 0.387490625 0.6650296875 0.39023281249999997 0.6650796875 0.39020156250000004 0.6257234375 0.37499375 0.6257515625 0.37499375 0.6571171875
2 0.3744484375 0.844028125 0.343390625 0.844028125 0.34333125 0.8438531250000001 0.34045000000000003 0.8438968750000001 0.34042812499999997 0.8943671875 0.3744484375 0.89428125 0.3744484375 0.844028125
7 0.37493125 0.8387734375000001 0.39648125 0.83871875 0.3964890625 0.8389703125000001 0.3981828125 0.8388984374999999 0.3981828125 0.8242765625 0.40443125 0.8243124999999999 0.404390625 0.7569265625 0.374946875 0.756640625 0.37493125 0.8387734375000001
1 0.4072609375 0.8304562499999999 0.4007875 0.8304015625 0.4007875 0.8677203125 0.40796406249999995 0.86775625 0.40795624999999996 0.8587890625 0.4164171875 0.8587718750000001 0.416384375 0.7081999999999999 0.4072359375 0.708146875 0.4072609375 0.8304562499999999
8 0.3432078125 0.8387125 0.3746109375 0.8388453124999999 0.37469375 0.6256734374999999 0.3634828125 0.6256984375 0.3636875 0.7444546875 0.3432 0.7444328125 0.34314374999999997 0.744271875 0.340465625 0.7442109375 0.3404484375 0.8389171875000001 0.3431515625 0.8389171875000001 0.3432078125 0.8387125
10 0.375978125 0.700340625 0.3875078125 0.7004312500000001 0.38749218750000003 0.6684 0.3760890625 0.668346875 0.375978125 0.700340625
10 0.41640156250000004 0.8617343749999999 0.40926406249999997 0.8617343749999999 0.40925781250000004 0.8680578125 0.41390312500000004 0.8680890625 0.4138890625 0.87253125 0.41641562499999996 0.8725953125 0.41640156250000004 0.8617343749999999
1 0.397959375 0.8907703124999999 0.3771921875 0.890753125 0.377190625 0.9004109375 0.3394125 0.9004468749999999 0.33940156250000003 0.9220312500000001 0.41263125 0.9220171875000001 0.41266875000000003 0.8991703125000001 0.3979796875 0.8991484375000001 0.397959375 0.8907703124999999
2 0.36215312499999996 0.6162093750000001 0.34046875 0.6162421874999999 0.340440625 0.6794859375 0.3622859375 0.679521875 0.36224218750000003 0.6255765625 0.3621390625 0.6255765625 0.36215312499999996 0.6162093750000001
13 0.398121875 0.8599015624999999 0.38964375 0.8598390625000001 0.38964375 0.8538828125 0.375921875 0.8538781249999999 0.37591718749999997 0.8852546875 0.3981296875 0.8852546875 0.398121875 0.8599015624999999
10 0.39121562499999996 0.6650968749999999 0.4031375 0.6651140625 0.40307343749999996 0.6257234375 0.39121562499999996 0.62566875 0.39121562499999996 0.6650968749999999
1 0.32751874999999997 0.888184375 0.33818125 0.888234375 0.33818125 0.85409375 0.3376859375 0.8540578125 0.3376859375 0.6143109375 0.327496875 0.6142421875 0.327496875 0.6323218749999999 0.327240625 0.6323218749999999 0.327234375 0.6632453125 0.32751406250000004 0.6632453125 0.32751562500000003 0.69550625 0.3272515625 0.69550625 0.32725312500000003 0.7265906249999999 0.32751874999999997 0.7265906249999999 0.32751562500000003 0.7571203125 0.32723749999999996 0.7571453125 0.327246875 0.826046875 0.3275171875 0.826046875 0.3275265625 0.8546359375 0.32725468750000003 0.8546171875 0.32723125 0.8854906250000001 0.32749375000000003 0.8854734375 0.32751874999999997 0.888184375
11 0.4052734375 0.6614296875 0.4163546875 0.6615078125 0.4163546875 0.6241109375 0.405290625 0.6240328125 0.4052734375 0.6614296875
10 0.4111671875 0.6991562499999999 0.41590625000000003 0.6991921875 0.4158640625 0.665678125 0.411203125 0.6656859374999999 0.4111671875 0.6991562499999999
10 0.40078593749999997 0.8930281250000001 0.4020734375 0.8930281250000001 0.4020734375 0.8955203125000001 0.4105765625 0.8955859374999999 0.4105765625 0.8930281250000001 0.41155156249999997 0.8930921875 0.41154999999999997 0.873128125 0.4008140625 0.873128125 0.40078593749999997 0.8930281250000001
2 0.36137031249999996 0.019340625 0.34047499999999997 0.01926875 0.3404828125 0.07615625000000001 0.343271875 0.0761734375 0.34333749999999996 0.0759765625 0.361378125 0.07599375 0.36137031249999996 0.019340625
2 0.3404671875 0 0.34046875 0.016325 0.3614109375 0.0162859375 0.36138906249999997 0 0.3404671875 0
10 0.40020468749999993 0.048606250000000004 0.397553125 0.0485890625 0.397553125 0.048835937499999996 0.375115625 0.048746875 0.375146875 0.0908140625 0.40022812500000005 0.0908671875 0.40020468749999993 0.048606250000000004
13 0.4077078125 0.04294375 0.4077078125 0.0118046875 0.3871328125 0.0118046875 0.38698125 0.0433015625 0.4077078125 0.04294375
10 0.37510781249999997 0.0434984375 0.3854953125 0.0435171875 0.3854953125 0.0111453125 0.3751625 0.0110734375 0.37510781249999997 0.0434984375
10 0.3966640625 0.1809484375 0.3763609375 0.1809140625 0.376353125 0.186734375 0.39160625 0.186734375 0.3916234375 0.193178125 0.39895 0.19316093750000002 0.398934375 0.1807515625 0.39676093749999997 0.18071718750000001 0.3966640625 0.1809484375
8 0.3625234375 0 0.3624796875 0.076453125 0.3627984375 0.0764109375 0.362759375 0.0813 0.34323281250000004 0.08127187500000001 0.343184375 0.08111093750000001 0.3404609375 0.0810734375 0.340471875 0.17580625 0.3437484375 0.1758234375 0.34381249999999997 0.1756125 0.374103125 0.17551875 0.373975 0 0.3625234375 0
6 0.3749875 0 0.375003125 0.0079828125 0.3895140625 0.008179687500000001 0.3895109375 0 0.3749875 0
10 0.4103078125 0.2139046875 0.4169890625 0.21382500000000002 0.41701718750000005 0.1985546875 0.4103296875 0.19859374999999999 0.4103078125 0.2139046875
10 0.39080781249999996 0.00853125 0.40115937500000004 0.008540625 0.40116406250000003 0.0020328125 0.390815625 0.0019640624999999997 0.39080781249999996 0.00853125
1 0.40302812499999996 0.16755625000000002 0.4024109375 0.1675453125 0.4024015625 0.22999375 0.3996796875 0.22995625 0.3996921875 0.249284375 0.4007953125 0.24926718750000001 0.40077968750000004 0.25885156249999997 0.4077109375 0.25884843750000003 0.40749375 0.21382812499999998 0.40899062500000005 0.2138515625 0.40898124999999996 0.1956609375 0.41699062500000006 0.19568593750000002 0.41699843750000004 0.091246875 0.41010468749999995 0.091296875 0.41014062500000004 0.051253125 0.40302187500000003 0.051260937500000006 0.40302812499999996 0.16755625000000002
2 0.375040625 0.1809390625 0.3439703125 0.180928125 0.3438890625 0.18073125 0.34101875000000004 0.1807234375 0.3410265625 0.2565484375 0.3750265625 0.2565015625 0.375040625 0.1809390625
3 0.37506093749999997 0.25644374999999997 0.3980578125 0.2565734375 0.3980375 0.2248515625 0.37504375 0.22484687499999997 0.37506093749999997 0.25644374999999997
13 0.398678125 0.1962875 0.390209375 0.1962515625 0.3902171875 0.1898765625 0.37659375 0.1898390625 0.3765765625 0.2213734375 0.398678125 0.2213546875 0.398678125 0.1962875
11 0.327603125 0.258834375 0.338996875 0.25886875 0.3390140625 0.21949843750000003 0.32758750000000003 0.219428125 0.327603125 0.258834375
7 0.4002078125 0.1611765625 0.4002359375 0.0933671875 0.37401875 0.0933828125 0.37413124999999997 0.17527500000000001 0.37517187500000004 0.17523906250000001 0.37517187500000004 0.1756328125 0.39689375 0.1756375 0.3969421875 0.1757984375 0.39884375 0.175815625 0.39883281249999997 0.16119375 0.4002078125 0.1611765625
1 0.32725468750000003 0 0.32725468750000003 0.0000828125 0.327528125 0.00010156250000000001 0.327521875 0.0324046875 0.3272671875 0.0324046875 0.32725781249999997 0.0634359375 0.327546875 0.0634359375 0.3275296875 0.09394375 0.32728125 0.09394375 0.3272703125 0.16294843750000002 0.3275265625 0.16294843750000002 0.32753437500000004 0.18512656249999998 0.3272703125 0.18514375 0.327275 0.21641249999999998 0.3386453125 0.21621406250000003 0.33860625 0.184628125 0.3383046875 0.1846140625 0.33828749999999996 0.1816265625 0.3377609375 0.1815796875 0.337746875 0.1635828125 0.338196875 0.1635765625 0.3382390625 0.0933171875 0.33774375 0.0933171875 0.33773749999999997 0.0638984375 0.3381859375 0.06388437500000001 0.33821875 0.031928125 0.337740625 0.0319140625 0.337746875 0.000728125 0.338203125 0.0006890625 0.3382046875 0 0.32725468750000003 0
10 0.651290625 0.1549515625 0.6678 0.1549328125 0.6677906250000001 0.128453125 0.651290625 0.12841875 0.651290625 0.1549515625
0 0.21875 0 0.21875 1 0.78125 1 0.78125 0 0.21875 0
13 0.651546875 0.25694218750000003 0.672265625 0.25687187499999997 0.672265625 0.225728125 0.6514984375 0.2254640625 0.651546875 0.25694218750000003
10 0.6642984375000001 0.03831875 0.6688609375000001 0.03831875 0.668821875 0.015715625 0.6643140625 0.015732812500000002 0.6642984375000001 0.03831875
6 0.6502 0.17784375 0.6502 0.20372812499999998 0.6510828125 0.2036984375 0.651096875 0.21184375000000003 0.66505625 0.21184375000000003 0.6651671875 0.17781093750000002 0.6502 0.17784375
7 0.6919296875 0.0434265625 0.6539265624999999 0.0436484375 0.65391875 0.057485937499999994 0.65024375 0.0575875 0.650165625 0.1257921875 0.6919296875 0.1256140625 0.6919296875 0.0434265625
10 0.6966328125000001 0.6656953125 0.6923578125 0.6656921875 0.6923375 0.7003874999999999 0.6937140625 0.7003921875 0.6937140625 0.7005874999999999 0.6966203125 0.7005921875000001 0.6966328125000001 0.6656953125
13 0.679271875 0.8599515625 0.6708109375 0.859878125 0.6708031250000001 0.8538609375 0.6571 0.8538609375 0.657090625 0.8851281249999999 0.6792875 0.8852015625 0.679271875 0.8599515625
1 0.696375 0.8277984375 0.6809921875 0.8276328124999999 0.6809875 0.86971875 0.6891296875 0.8697078125000001 0.6891125 0.8587609374999999 0.6964515625 0.8588437499999999 0.696375 0.8277984375
2 0.6433953125 0.68250625 0.6097875 0.6824703125 0.6097718750000001 0.7396765624999999 0.6211921874999999 0.7396890625 0.621190625 0.7391421874999999 0.6434515625 0.739103125 0.6433953125 0.68250625
10 0.696453125 0.70555625 0.6937203125 0.7054671875 0.6937203125 0.7057 0.6573 0.705646875 0.657259375 0.753925 0.696453125 0.7539609375 0.696453125 0.70555625
3 0.69270625 0.8731640625000001 0.6808546875 0.873128125 0.68083125 0.88871875 0.6688468750000001 0.8886828124999999 0.6687734375 0.9196234375 0.69270625 0.9196421875 0.69270625 0.8731640625000001
7 0.6570437499999999 0.7634078125 0.6567000000000001 0.763478125 0.6566671875 0.83873125 0.6793828125 0.83875625 0.6793750000000001 0.823578125 0.6962171875000001 0.82381875 0.6962125 0.7574859375 0.657059375 0.7565578125 0.6570437499999999 0.7634078125
8 0.624403125 0.8387421875 0.65571875 0.8384328125 0.655878125 0.6257015625 0.64464375 0.62565625 0.6448828125 0.74441875 0.6211625 0.7444609375 0.6211625 0.74410625 0.6097890625 0.7440171875 0.6097890625 0.8389640625 0.6243218749999999 0.8389203125 0.624403125 0.8387421875
11 0.68645625 0.661328125 0.6975078124999999 0.6612578124999999 0.6974843749999999 0.6239390625000001 0.68645625 0.6238859375 0.68645625 0.661328125
1 0.6087578125 0.8882421875000001 0.618615625 0.8882203125 0.618625 0.885734375 0.6192671875 0.8857125 0.6192671875 0.8543875 0.61864375 0.854409375 0.618634375 0.8435234375 0.6087578125 0.8434593749999999 0.6087578125 0.8882421875000001
6 0.6692671875 0.6264140625 0.669303125 0.6191640625 0.6691984375 0.6191390625000001 0.6691984375 0.6182375 0.65999375 0.6181875 0.66000625 0.6263890625 0.6580265625 0.6264140625 0.6578890625 0.626028125 0.6561625 0.62605625 0.6561281250000001 0.6569078125 0.657003125 0.6569078125 0.6570406249999999 0.6652296875 0.671390625 0.6650828125 0.671340625 0.62566875 0.6704656250000001 0.62569375 0.6704656250000001 0.6263890625 0.6692671875 0.6264140625
10 0.6904281250000001 0.8701984375 0.6967156250000001 0.870378125 0.6967078124999999 0.8617374999999999 0.6904281250000001 0.861703125 0.6904281250000001 0.8701984375
10 0.672378125 0.6650609375000001 0.684275 0.6651140625 0.684259375 0.6257406249999999 0.672378125 0.6256875 0.672378125 0.6650609375000001
10 0.6795203125 0.844078125 0.6569546875000001 0.844025 0.656946875 0.8505578125 0.672209375 0.8505578125 0.6722171875 0.8567734375 0.679528125 0.8568265625 0.6795203125 0.844078125
13 0.6701312500000001 0.6684359375 0.670115625 0.7001625 0.6907953124999999 0.69984375 0.6907953124999999 0.6682921875 0.6701312500000001 0.6684359375
10 0.65729375 0.7003625 0.6686296875 0.7004484375 0.6686453125 0.6683859375 0.6572671875 0.668346875 0.65729375 0.7003625
2 0.6216296875 0.9196390624999999 0.6557296874999999 0.9196234375 0.65571875 0.9071562500000001 0.6564609375 0.9071562500000001 0.6564609375 0.9196171874999999 0.66791875 0.9196312499999999 0.667878125 0.8886859375 0.6556375 0.8887078125000001 0.6556421875 0.8438390625000001 0.6245359374999999 0.8440421875 0.6245 0.8438921875000001 0.6216062499999999 0.8438968750000001 0.6216296875 0.9196390624999999
2 0.6433 0.6162421874999999 0.609803125 0.6162093750000001 0.609803125 0.6794687500000001 0.6434265625 0.6795578124999999 0.6433890625 0.62565625 0.6432921875 0.6256515625 0.6433 0.6162421874999999
8 0.6161703125 0.1299046875 0.6161703125 0.1294109375 0.6389359375 0.1295109375 0.6389203125 0.15502968749999999 0.6386859375 0.15502968749999999 0.6386093749999999 0.2227125 0.650115625 0.22262343750000002 0.65021875 0.057496875 0.6529859375 0.05744375 0.6530296875 0.0436453125 0.6527624999999999 0.0436453125 0.6527515625 0.0384625 0.6529281250000001 0.03844375 0.6529281250000001 0.035303125000000005 0.6047953125000001 0.034865625 0.6047796875 0.1299046875 0.6161703125 0.1299046875
10 0.6512718750000001 0.175790625 0.665178125 0.17589531249999998 0.6651609374999999 0.160184375 0.65131875 0.160184375 0.6512718750000001 0.175790625
2 0.604784375 0.1945359375 0.604784375 0.25779843750000003 0.6075265625 0.25779843750000003 0.607534375 0.25758437500000003 0.6374984375 0.2576015625 0.6375078125 0.194428125 0.604784375 0.1945359375
1 0.6083062499999999 0 0.6082890625 0.03028125 0.6187218750000001 0.0303484375 0.6187218750000001 0.025946875 0.6194625 0.02595 0.61945 0 0.6083062499999999 0
13 0.6543921874999999 0 0.6543984375 0.0381609375 0.6629078125000001 0.0381609375 0.6629328125 0.0127859375 0.6685984375 0.012767187499999999 0.6685984375 0 0.6543921874999999 0
2 0.6217921875 0 0.6217953125 0.030115625 0.6234984375 0.030115625 0.6235890625 0.029910937500000002 0.65294375 0.030140624999999997 0.6529671875 0 0.6217921875 0
10 0.6653890625 0.2148390625 0.6513796875 0.2148390625 0.6513609375 0.22244375 0.6735390625 0.22244375 0.6735484375 0.21843906249999998 0.6653984375 0.218396875 0.6653890625 0.2148390625
2 0.6375078125 0.1915375 0.6374984375 0.13466875 0.6047921875 0.1343828125 0.604784375 0.19152031249999998 0.6375078125 0.1915375
1 0.6763796875 0.16712968749999998 0.691978125 0.16696875 0.6919140625 0.12913125 0.6763453125 0.128865625 0.6763796875 0.16712968749999998
10 0.6700468749999999 0 0.6700515625000001 0.0384796875 0.6702281250000001 0.03869375 0.6702203124999999 0.040621875 0.686553125 0.0406390625 0.6865593750000001 0 0.6700468749999999 0
10 0.650028125 0.22523125 0.6386406250000001 0.2251765625 0.6386890625 0.25758437500000003 0.650053125 0.257565625 0.650028125 0.22523125
10 0.6748937500000001 0.128403125 0.66911875 0.128403125 0.6691078125 0.157740625 0.668796875 0.157740625 0.6687859375 0.1676125 0.67490625 0.1676125 0.6748937500000001 0.128403125