1 0.295378009375 0.9358005453124999 0.2887735890625 0.9643865937499999 0.304337628125 0.9679798359375 0.3108511625 0.9394610015625 0.295378009375 0.9358005453124999
6 0.2588972328125 0.8212776921874999 0.2751050296875 0.825090115625 0.2769363921875 0.8171228828125001 0.27802646875 0.8173745468750001 0.2843525140625 0.7899734328125 0.2670224296875 0.78597246875 0.266605096875 0.787794025 0.26466396875 0.78734588125 0.259953709375 0.8077065828125001 0.26189448125000003 0.80819794375 0.2588972328125 0.8212776921874999
10 0.6192490078125 0.3574946625 0.62379224375 0.3585355328125 0.6313564421875 0.325931146875 0.6267469250000001 0.3248300734375 0.6192490078125 0.3574946625
11 0.609420375 0.39788611875 0.6201832921875 0.40045111406249995 0.6286125046875 0.364016584375 0.617832840625 0.3614477234375 0.609420375 0.39788611875
1 0.7373251078124999 0.19138294843749998 0.7377996421875 0.1915293859375 0.6838683296875 0.4251315640625 0.69378078125 0.42749059218749996 0.6978478265625 0.4098742859375 0.6980975093749999 0.4099319296875 0.7050598578125 0.3798024640625 0.7047873390625 0.3797395484375 0.7120429484375 0.3483051046875 0.71230024375 0.34836450625 0.7192911843750001 0.31807647031249997 0.7190323671875001 0.3180167171875 0.725903096875 0.28827020625 0.7261797171875 0.2883084125 0.7416700625 0.22117068281250002 0.7414066781249999 0.2211098765625 0.7478286828125 0.193251440625 0.748089371875 0.19333086875 0.7550572203125 0.1632539875 0.7547975828125 0.163211684375 0.7553830515625 0.1605646046875 0.7450050781249999 0.1581173453125 0.7373251078124999 0.19138294843749998
10 0.6227239609375 0.39930257812500003 0.63426555625 0.40202329218750005 0.6431349546875 0.3636057078125 0.631522503125 0.360907121875 0.6227239609375 0.39930257812500003
13 0.6871341375 0.1800119359375 0.70050326875 0.183103253125 0.7075660265625 0.15253192499999998 0.68592283125 0.1475352 0.6802272312500001 0.17224028281249998 0.688474003125 0.17420834375 0.6871341375 0.1800119359375
2 0.6958454296875 0.361007325 0.6745680953125001 0.3560581828125 0.66247566875 0.408630721875 0.66257615 0.4086539203125 0.6604552906250001 0.4177778640625 0.6815912765625 0.422623815625 0.6958454296875 0.361007325
11 0.6073557203125 0.7698247484375 0.6188713265625 0.772449659375 0.6272706640625 0.7361445390625 0.61574861875 0.7334988984375 0.6073557203125 0.7698247484375
1 0.5316740156249999 0.7283495624999999 0.531500921875 0.7283352578125 0.5278706609375 0.744011021875 0.5280487890625001 0.7440521453125 0.520084921875 0.77870025625 0.5300552390625 0.7809475625 0.5370112546875 0.7509080406249999 0.5384009062499999 0.7512096234375 0.5427383531250001 0.73249153125 0.54134823125 0.732226721875 0.5447727812500001 0.71716415 0.53485306875 0.7148018421875 0.5316740156249999 0.7283495624999999
13 0.5434673390625 0.8028429953125 0.5575434703125 0.806129609375 0.5680217296875 0.7608127359375 0.546001209375 0.7556374921875 0.53362995625 0.8092232796875001 0.541524334375 0.811154884375 0.5434673390625 0.8028429953125
7 0.499983503125 0.9236288703125 0.5309882578125 0.9308494218750001 0.5499689453125 0.8489128687499999 0.518842496875 0.841837409375 0.499983503125 0.9236288703125
2 0.50916251875 0.93168614375 0.5067278734375 0.9312154671874999 0.50657505 0.93110641875 0.5064924890625 0.9310472687500001 0.49366795156250004 0.9864366890625 0.5166042796875 0.9918891109375 0.5294290375 0.936658496875 0.5092818234375 0.9320584609375 0.50916251875 0.93168614375
10 0.553155925 1 0.554547603125 0.9939844546875 0.532548396875 0.9888141328125 0.52995585 1 0.553155925 1
10 0.5338102546875 0.8422413390625 0.5487203421875 0.8456803953125 0.5529710890625 0.827344790625 0.538053746875 0.8238399140625001 0.5338102546875 0.8422413390625
3 0.54526934375 0.7520977609374999 0.5701903749999999 0.757913775 0.5778565109375 0.724784490625 0.547504534375 0.7177579421875 0.5320814484375 0.7845279374999999 0.5374909671875 0.78568541875 0.54526934375 0.7520977609374999
10 0.486963196875 0.9348981437500001 0.49183739062500004 0.9360058 0.49422024843749995 0.9255039140625 0.489386459375 0.9243879453125 0.486963196875 0.9348981437500001
8 0.527535584375 1 0.5461902078125 0.9191809921875 0.5677762546875 0.9241404703124999 0.5677586703124999 0.924320825 0.5704691093750001 0.9249096953124999 0.5945736796875 0.82039714375 0.591065596875 0.8195679968749999 0.5908222046875 0.8198790296875 0.5577738531249999 0.81216101875 0.5557334765624999 0.820998859375 0.5558104203124999 0.8209989828124999 0.5542603671874999 0.8277130015624999 0.5541040265625 0.827640025 0.5492435718750001 0.8485609890625 0.5509094859375 0.8489648390625 0.5319306625 0.931004453125 0.53219556875 0.9310656109375 0.530846334375 0.9368750578125 0.530577209375 0.93683216875 0.5160129609374999 1 0.527535584375 1
10 0.5164497453125 0.7943347937499999 0.524424828125 0.7961391046874999 0.5273487203125 0.7835090671875 0.5193584140625 0.7817012421875 0.5164497453125 0.7943347937499999
1 0.5144198890625 0.81586595625 0.51417781875 0.81581006875 0.510502684375 0.831687146875 0.510741009375 0.8317245296875001 0.5000858140625 0.8780092187499999 0.49983765468749997 0.8779519265625 0.4928464828125 0.9082062328125 0.49307180625 0.9082582531250001 0.490056975 0.92151835625 0.49620768593750003 0.9229383609375 0.49202664843750005 0.9409789609375 0.490936803125 0.9407610265624999 0.49014560781250005 0.9441880687499999 0.4898698078125 0.944153259375 0.4828850765625 0.97440745 0.483125625 0.9744629843749999 0.480995965625 0.9837500671875 0.490913696875 0.9860028734374999 0.4929584 0.977236590625 0.49347217343749994 0.9773103031250001 0.5006396843750001 0.9461810515625 0.5001585875 0.9460908281249999 0.5036271734375 0.9310111624999999 0.49583056406250003 0.9293089921875 0.5006729796875 0.9084175406250001 0.5011393156249999 0.9085508593749999 0.5083573203125 0.8772376265625 0.5078747031249999 0.87712620625 0.5175474875 0.8351593125000001 0.5341109578125 0.8390009296875001 0.5398847171875001 0.8138183796874999 0.53153276875 0.8119447015624999 0.5368287390625001 0.788866415625 0.5278976625 0.7869520453125001 0.5250693656250001 0.7992722078125001 0.51860479375 0.7977877609374999 0.5144198890625 0.81586595625
2 0.594756021875 0.8154536484375001 0.613778565625 0.733023228125 0.5780176625 0.7247671734375001 0.5589646984375001 0.80687786875 0.591929446875 0.8144370656250001 0.5921465375 0.8148512015625 0.594756021875 0.8154536484375001
10 0.5148212812499999 1 0.5161149765624999 0.9943835999999999 0.5051336390625 0.9918339265625 0.5032354765625 1 0.5148212812499999 1
10 0.5571266234375 0.80900484375 0.544054840625 0.805986984375 0.5421195578125 0.8143696125 0.540199515625 0.8138718125000001 0.5394249609374999 0.8171920484375 0.554440215625 0.820640953125 0.5571266234375 0.80900484375
2 0.569359228125 0.929786584375 0.5666340359375 0.9291574234375 0.5665273281250001 0.9293348421875001 0.54730203125 0.9248049265624999 0.533078571875 0.9863370984375001 0.5551368171875 0.9913558796874999 0.569359228125 0.929786584375
1 0.5664298984375 1 0.5706989546875 0.9815377734374999 0.57094441875 0.9816136875 0.5793393109375 0.9452514140625 0.5790896296875 0.9451937703125 0.586001953125 0.9152532046875 0.5862516359375001 0.9153108484375 0.6046035437499999 0.8357852703124999 0.6043519890625 0.83570795 0.6112493046874999 0.8059643703124999 0.6114989875 0.8060220140625001 0.6184318171875 0.7759578953124999 0.618090546875 0.775949665625 0.6181783125 0.775458378125 0.6069252765625001 0.7728491859375 0.5997318875000001 0.8039307687499999 0.6002441328125 0.8040666703125 0.5977453171875 0.8147165781249999 0.5986926328125 0.8149545265624999 0.5945366562500001 0.8330185515625 0.5940570859375 0.8328869875 0.57546651875 0.9134463125 0.575924075 0.9135343078125 0.5693167109374999 0.9422928671875 0.568824959375 0.9421793375 0.56023111875 0.9794658578125001 0.5606812953125 0.979585825 0.555977596875 1 0.5664298984375 1
10 0.6714815609375 0.3072889109375 0.6716292390625 0.3073230046875 0.6778645921875001 0.280418915625 0.65026380625 0.274013096875 0.6393588343750001 0.3212616140625 0.6419989984375001 0.32190481875 0.642072453125 0.321649165625 0.66685095625 0.3274643453125 0.6714815609375 0.3072889109375
13 0.653415953125 0.329951178125 0.6408275953125 0.3271732140625 0.6409376140624999 0.32665499374999996 0.6327574703125001 0.32478730625 0.6254364671875 0.3566925421875 0.6460863140625001 0.3615256828125 0.653415953125 0.329951178125
3 0.1883804453125 0.9113114890625 0.21140028593750002 0.916666128125 0.22053188437500001 0.8771961796875001 0.19743744375 0.8718243171875001 0.1883804453125 0.9113114890625
13 0.25548420312500003 0.8583298859375 0.2547469859375 0.8581404421875 0.25845505625 0.8419678875000001 0.23824824375000003 0.8372370296874999 0.2312528390625 0.8676763765625 0.25217074375 0.8726820515625 0.25548420312500003 0.8583298859375
8 0.2647120984375 0.9257508937500001 0.31105161875 0.7255116484374999 0.299919334375 0.7228309109375 0.252214540625 0.9300673734375 0.24973481406250003 0.9295141265625 0.2498236296875 0.929059965625 0.233040221875 0.9251916250000001 0.22734765 0.9500641828124999 0.2444321546875 0.9539827937500001 0.24453912031249997 0.9535472546875001 0.24666820781249998 0.9540981265624999 0.24654378124999998 0.954637075 0.28740185937499996 0.96406990625 0.2946298265625 0.9326579453124999 0.2647120984375 0.9257508937500001
10 0.26665934375 0.7838151875 0.2833052546875 0.7877303609374999 0.29021898125 0.7578254 0.2735359359375 0.7539946625 0.26665934375 0.7838151875
10 0.3389959265625 0.317818925 0.3539020234375 0.32135167343750004 0.3644340703125 0.2756976328125 0.3681044625 0.27663641562499997 0.385251490625 0.20218388125 0.38160439375 0.201359521875 0.396886765625 0.13523375937499998 0.38690895625 0.13294944375 0.37524090625 0.1835240515625 0.37026505625 0.1824121703125 0.3389959265625 0.317818925
8 0.3711951875 0.28079449843750004 0.3738697875 0.2813927359375 0.373949440625 0.2812283140625 0.3911833828125 0.28515256093749997 0.3801623078125 0.332855353125 0.3912449453125 0.33543162187500003 0.4207947265625 0.20743745625 0.40847899375 0.20483308125000002 0.40836195000000003 0.20534005937500002 0.392363890625 0.2016818953125 0.3923176515625 0.2014515265625 0.38963965625 0.2008332625 0.3711951875 0.28079449843750004
10 0.393597125 0.1964790890625 0.3966681421875 0.1972426125 0.4008332515625 0.1792015421875 0.390258528125 0.17673130937499998 0.386046103125 0.1947967359375 0.3934671078125 0.196688009375 0.393597125 0.1964790890625
10 0.361699134375 0.32643434843749997 0.380479184375 0.3307187484375 0.390058234375 0.28922733125 0.3712783 0.28494937187499997 0.361699134375 0.32643434843749997
10 0.355993575 0.3250032609375 0.3603082078125 0.325999371875 0.370356721875 0.2825092078125 0.3660386953125 0.2814930703125 0.355993575 0.3250032609375
10 0.38370055937499997 0.3727984640625 0.3673770453125 0.36908440625 0.3687982140625 0.3629981078125 0.36055729687500004 0.36103941562499997 0.3670513390625 0.33305649531250003 0.3580315046875 0.3309917421875 0.3581448046875 0.3304662609375 0.355889821875 0.329891134375 0.3377340421875 0.408567184375 0.34006667031250004 0.4091602359375 0.340150540625 0.4089775453125 0.369762484375 0.41586852500000004 0.3698196234375 0.4160100046875 0.373557246875 0.4168729015625 0.38370055937499997 0.3727984640625
10 0.40945658125 0.200730659375 0.409611871875 0.2007665109375 0.41396608125 0.181906359375 0.4021465625 0.179305896875 0.3979611765625 0.19750425 0.409585225 0.20017344062500003 0.40945658125 0.200730659375
2 0.7092949296875 0.30270251875 0.7065502953125 0.3020881125 0.7064592843749999 0.302232271875 0.6880501296875 0.2980014265625 0.675283584375 0.353160490625 0.6964908859375 0.35809346406250003 0.7092949296875 0.30270251875
1 0.709734640625 0.1374776671875 0.7465526 0.1459408796875 0.751418684375 0.124912171875 0.68006270625 0.10845277812500001 0.6748867390625 0.130705653125 0.6891944 0.13403128749999998 0.6873295234375 0.1421992515625 0.707560584375 0.14688759843750002 0.709734640625 0.1374776671875
10 0.6712114640625 0.1617880359375 0.666692240625 0.16071261875 0.6677052171875 0.15638744843750002 0.665257821875 0.155756675 0.66282834375 0.1663424109375 0.6697829109375 0.1679479984375 0.6712114640625 0.1617880359375
10 0.6475060015625 0.3612248328125 0.658604915625 0.36384174062499997 0.6659100375 0.33269294375 0.654696240625 0.3300110265625 0.6475060015625 0.3612248328125
8 0.65036503125 0.4057353375 0.6612942562499999 0.408232890625 0.687809159375 0.2924743109375 0.7077666453125 0.297104309375 0.7077852499999999 0.2972737765625 0.7103810265625 0.2979355984375 0.7317020453125 0.20566052968749998 0.7290682015625001 0.205052459375 0.7289673484375 0.205239246875 0.698398959375 0.19804567343749999 0.65036503125 0.4057353375
1 0.6793887625 0.1640222921875 0.67240421875 0.1623729 0.670394653125 0.1711120171875 0.6621467015625 0.1692254671875 0.628307371875 0.315945575 0.637209384375 0.3180552890625 0.6646986484374999 0.198875071875 0.6709938703125 0.2003845640625 0.6793887625 0.1640222921875
7 0.6771096875 0.19300236875000001 0.6754431796875 0.19269139062500001 0.6721539734374999 0.20693850781249998 0.6660737671875 0.20549789999999998 0.6509548140625 0.27116587812500004 0.6795796000000001 0.278067890625 0.6980706875 0.19804365156249998 0.6770607109375 0.1932492421875 0.6771096875 0.19300236875000001
2 0.7300034625 0.200202609375 0.7328207078125 0.2008081203125 0.7441953734375 0.1516362796875 0.7110276671875 0.144067109375 0.6997231734375 0.19303225 0.7299849765624999 0.2000187375 0.7300034625 0.200202609375
6 0.658146478125 0.3668901828125 0.6468133375 0.364252875 0.64674936875 0.364509115625 0.6440887109375 0.3638435390625 0.63526593125 0.40219812031249996 0.65009029375 0.4055917296875 0.6571460250000001 0.375030003125 0.6562790421875 0.3748747453125 0.658146478125 0.3668901828125
10 0.699918678125 0.186364715625 0.68503939375 0.18291031875 0.6864483796874999 0.1768420546875 0.679307603125 0.175230359375 0.676386290625 0.187835334375 0.6783392484374999 0.1882669671875 0.6784025078125 0.1880763109375 0.69842791875 0.1927107671875 0.699918678125 0.186364715625
13 0.5016878218749999 1 0.5035085421875001 0.992031228125 0.4824373125 0.987265975 0.4795112203125 1 0.5016878218749999 1
10 0.684389421875 0.13664553125 0.6761189937500001 0.1346688015625 0.6755436109375 0.13716105625 0.6746080125 0.13687930937499998 0.670118596875 0.1563320453125 0.6805793734375001 0.15874710625 0.685083303125 0.13936346875 0.6838288015625 0.13907384375 0.684389421875 0.13664553125
13 0.369533396875 0.3661344984375 0.3824623 0.36917389375 0.3896098640625 0.33842971093749996 0.36834528906249997 0.33355727968750004 0.36264629375 0.3582423375 0.3708876828125 0.3601642546875 0.369533396875 0.3661344984375
2 0.4413135265625 0.118734415625 0.406636503125 0.110617946875 0.3919398234375 0.17421374375 0.4154513890625 0.1799737609375 0.410626415625 0.200949421875 0.42171456718749994 0.20343235 0.4413135265625 0.118734415625
10 0.3894644953125 0.1280968171875 0.38910269531249997 0.1296986734375 0.3961646578125 0.13129056875 0.39653113281249996 0.12977959375 0.39806002500000004 0.13015180937499998 0.402754703125 0.109851653125 0.3925862390625 0.107504078125 0.387916390625 0.12777308437499998 0.3894644953125 0.1280968171875
10 0.44069258125 0.1387402953125 0.44041361874999996 0.1386983421875 0.430613025 0.18105907968749999 0.430906859375 0.181126915625 0.42161286562500006 0.221383625 0.4213528796875 0.2213011515625 0.40865921250000004 0.27610981562500003 0.4089671015625 0.276158446875 0.40281293281249997 0.3028150796875 0.40255259062500004 0.30277582187499996 0.39553647812500003 0.3329922984375 0.39583183593750004 0.333039640625 0.37563850468750004 0.42039542812499997 0.40608559062499994 0.42729480000000003 0.47562850624999997 0.1260713390625 0.44522523593749996 0.11901691249999999 0.44069258125 0.1387402953125
13 0.22585526093750002 0.9201733031250001 0.25066030625 0.9264291874999999 0.2616404125 0.8785148843749999 0.23674501406249998 0.8728587328125 0.22585526093750002 0.9201733031250001
7 0.3273593890625 0.8681435578125001 0.2817269234375 0.8573374640625 0.265964565625 0.9252574921875001 0.31177763281250004 0.9359481265625 0.3273593890625 0.8681435578125001
10 0.28229655781249996 0.8549465125 0.2925065890625 0.8573918812500001 0.30692841249999997 0.794924103125 0.29667925781250004 0.7925579 0.28229655781249996 0.8549465125
10 0.2706690515625 0.8442072078124999 0.260028503125 0.84180676875 0.2528511453125 0.8730411890625 0.2635135859375 0.875520446875 0.2706690515625 0.8442072078124999
2 0.274986740625 0.7515794328125 0.2907982390625 0.7552121640625 0.3084256328125 0.6786719953125 0.27730329375 0.6714675953125 0.259721953125 0.7477249359375 0.27503384375 0.75133373125 0.274986740625 0.7515794328125
10 0.2961099921875 0.8520916265625 0.29896775625 0.852736959375 0.3003863515625 0.8466131859375 0.2975274125 0.8460076703125001 0.2961099921875 0.8520916265625
2 0.219892009375 0.94785060625 0.2197911328125 0.9482875500000001 0.22620429375 0.9497376765625001 0.2319446390625 0.924949915625 0.223612253125 0.9230262328125001 0.2335689 0.880052065625 0.2215967765625 0.8775013625 0.2118884921875 0.9196220234375 0.18777213125 0.9140366828125 0.1818090703125 0.9396918890625001 0.21739489218750002 0.9479075234375 0.21751053125 0.9474066375 0.219892009375 0.94785060625
2 0.3075018234375 0.7922181140625 0.3311442296875 0.797730915625 0.345937234375 0.7335095015624999 0.3122241515625 0.72569094375 0.2973629703125 0.7900617890625 0.307469015625 0.792394953125 0.3075018234375 0.7922181140625
0 0.326786065625 0 0.1134828921875 0.9239175484375 0.44303219374999997 1 0.673213934375 1 0.8865171078125 0.0760824515625 0.5569678062500001 0 0.326786065625 0
10 0.227494803125 0.8759108 0.23412332187499998 0.8775325203125 0.23540401718749998 0.8720199515625 0.2287559359375 0.8704482390624999 0.227494803125 0.8759108
10 0.23873397968750001 0.834084240625 0.27121611093750003 0.8415111703125 0.27436589843750003 0.827833215625 0.24186783906249998 0.8204058156249999 0.23873397968750001 0.834084240625