0 0.4825396171875 0 0.1845568734375 0.020836982812499998 0.2530266234375 1 0.5174603828125 1 0.8154431265625 0.9791630171874999 0.7469733765625 0 0.4825396171875 0
10 0.41384558125000004 0.7393256265625 0.41614043437500003 0.7431811875000001 0.43390921718750003 0.6946265484375 0.41079718906249996 0.6962019734375 0.41384558125000004 0.7393256265625
1 0.6064725734375 0.5509015296875 0.625313159375 0.499082925 0.585967428125 0.4258162578125 0.5806680453124999 0.348665175 0.5394075875000001 0.3516584625 0.545354 0.436696121875 0.6064725734375 0.5509015296875
8 0.43733045 0.359134715625 0.45048779375 0.54798788125 0.45240490156249996 0.54753899375 0.5435586703124999 0.722036746875 0.5877546687499999 0.6016746562499999 0.513591196875 0.46295543749999996 0.50604235 0.3543299125 0.43733045 0.359134715625
1 0.6051170859375 0.5548572828125 0.5432194546875 0.4390977453125 0.5370974078125 0.35172759375 0.50840984375 0.3538260359375 0.5157982156250001 0.4608510453125 0.5892906375 0.5979255671875 0.6051170859375 0.5548572828125
1 0.538736459375 0.1586773734375 0.5519146390625 0.3458797515625 0.5803384031250001 0.34368228125 0.567336159375 0.156599171875 0.538736459375 0.1586773734375
2 0.43806439218750004 0.1658188609375 0.45138094687499997 0.35287216093749996 0.5496098546875 0.3459140453125 0.5365380359375 0.1589783359375 0.43806439218750004 0.1658188609375
3 0.392352615625 0.21473295625 0.3961810953125 0.26818359687500004 0.4428219359375 0.264519609375 0.4359826203125 0.1659064796875 0.374683596875 0.17007701718749998 0.377932865625 0.215849359375 0.392352615625 0.21473295625
10 0.3816155375 0.26920838593749996 0.39375482968750003 0.26860856875 0.39048245000000004 0.21975063437500003 0.3781419015625 0.2205634484375 0.3816155375 0.26920838593749996
13 0.381949134375 0.27444944531250004 0.3878106765625 0.35735501875 0.44906666875 0.35292748125 0.443255125 0.27031131249999996 0.381949134375 0.27444944531250004
2 0.47357670937499996 0.59495731875 0.41815876718749995 0.74695740625 0.48718443437500003 0.8762871484374999 0.5421848484375 0.7258199203125 0.47357670937499996 0.59495731875
7 0.40000603281249997 0.36170083750000004 0.40706650624999996 0.46376789062499996 0.44417216249999997 0.46120923593749996 0.43733045 0.359134715625 0.40000603281249997 0.36170083750000004
10 0.39529571875 0.4647993046875 0.40484025625 0.46391730000000003 0.39765360625 0.3614345984375 0.3879444359375 0.3621573859375 0.39529571875 0.4647993046875
6 0.45048779375 0.54798788125 0.4462842734375 0.4894651078125 0.4437324203125 0.4897516265625 0.44205735781250005 0.46649149999999995 0.40747712343750003 0.46894560937499996 0.4131935578125 0.5509184078125 0.45048779375 0.54798788125
13 0.40096904375 0.556772909375 0.4105199 0.6912733734375001 0.43571783125 0.689602209375 0.47165929999999995 0.5912132 0.4516595984375 0.5531202046875 0.40096904375 0.556772909375