13 0.3806109375 0.8145906249999999 0.393028125 0.8728515625 0.412140625 0.8687890625 0.3997234375 0.8104984375000001 0.3806109375 0.8145906249999999
3 0.58485 0.3325984375 0.595434375 0.38249374999999997 0.6287921875 0.3751296875 0.618175 0.32546718750000003 0.58485 0.3325984375
10 0.5826953125000001 0.2984203125 0.59418125 0.295990625 0.5915296875 0.283684375 0.576159375 0.28690625000000003 0.5851984375 0.3294421875 0.589121875 0.32880937499999996 0.5826953125000001 0.2984203125
10 0.5558562499999999 0.33806250000000004 0.56416875 0.3363359375 0.5545484375 0.2911625 0.546278125 0.292996875 0.5558562499999999 0.33806250000000004
8 0.650959375 0.2675109375 0.6260296875 0.15039843749999998 0.591209375 0.1578359375 0.6095531249999999 0.2438734375 0.5106609375 0.2654984375 0.5172140625 0.2962453125 0.650959375 0.2675109375
12 0.504196875 0.35836718749999996 0.5182453125 0.42469999999999997 0.572971875 0.4130671875 0.5588578125 0.3467625 0.504196875 0.35836718749999996
13 0.5190109374999999 0.299184375 0.5281421875000001 0.3420015625 0.554234375 0.33645468749999996 0.54510625 0.2933671875 0.5190109374999999 0.299184375
10 0.528603125 0.160178125 0.5345640625 0.1590484375 0.5292265625 0.133746875 0.523234375 0.1350203125 0.528603125 0.160178125
13 0.6175953125 0.3227859375 0.6090359375000001 0.2825171875 0.5933578125000001 0.28581249999999997 0.5960828125 0.298634375 0.584565625 0.3010421875 0.5903921875 0.32837031250000004 0.6175953125 0.3227859375
1 0.495515625 0.317353125 0.5009187500000001 0.31615000000000004 0.501175 0.31735156249999996 0.51144375 0.31516875 0.5112109375 0.31396250000000003 0.5164500000000001 0.312903125 0.5079890625 0.272515625 0.49386718749999997 0.2754078125 0.4770875 0.19634218750000001 0.589753125 0.172340625 0.584734375 0.1486078125 0.628409375 0.13937968750000002 0.6679828125 0.32555625 0.68063125 0.3228671875 0.63559375 0.11108906249999999 0.5305578125 0.1334671875 0.5365109375 0.161471875 0.5291484375 0.1629828125 0.529303125 0.16371093750000001 0.4656953125 0.1771765625 0.495515625 0.317353125
2 0.6102875 0.2822140625 0.6301640625 0.3748703125 0.6718421875 0.365975 0.6521828125 0.2733828125 0.6102875 0.2822140625
10 0.542903125 0.192490625 0.5556578125 0.2526828125 0.5765421875000001 0.248240625 0.56376875 0.188490625 0.542903125 0.192490625
7 0.5962515625 0.181678125 0.5664281250000001 0.1879140625 0.5796828125 0.25039218750000003 0.6095531249999999 0.2438734375 0.5962515625 0.181678125
10 0.49654687500000005 0.322715625 0.50286875 0.35239375 0.5185906250000001 0.3490859375 0.5123453125 0.3192921875 0.49654687500000005 0.322715625
2 0.496196875 0.264984375 0.52048125 0.25982343750000003 0.5077375 0.1999640625 0.4834203125 0.2050671875 0.496196875 0.264984375
6 0.5678156249999999 0.3415546875 0.580559375 0.3387953125 0.5793265625 0.3330625 0.5843984375 0.33201718750000003 0.5747890625000001 0.28674218749999997 0.56980625 0.2877421875 0.5692578125 0.2852375 0.5553296875 0.28816875 0.56555625 0.336021875 0.5665843749999999 0.3358046875 0.5678156249999999 0.3415546875
2 0.51036875 0.1994671875 0.5230609375 0.2589375 0.5542234374999999 0.2524640625 0.5414859375 0.19279375 0.51036875 0.1994671875
11 0.667471875 0.32890312499999996 0.67425625 0.36089375 0.688203125 0.3580265625 0.6813765625 0.325925 0.667471875 0.32890312499999996
10 0.51433125 0.31636875 0.5211125 0.3485015625 0.526209375 0.3474171875 0.5193703125 0.3152390625 0.51433125 0.31636875
2 0.6807265625000001 0.690296875 0.6955421875 0.760009375 0.7198796875 0.7548296875 0.7050546875 0.685134375 0.6807265625000001 0.690296875
8 0.7331796875000001 0.8343515625 0.7108328125 0.8391015625 0.683128125 0.70835 0.6690609375000001 0.711275 0.7182593749999999 0.9423046875000001 0.7544890625 0.9346046875 0.7331796875000001 0.8343515625
1 0.7385546875 0.8376468750000001 0.758090625 0.929328125 0.761403125 0.9286640625 0.766915625 0.9544359375000001 0.7790515625000001 0.95185625 0.720728125 0.6773828125 0.713509375 0.6790078125 0.7137234375 0.67994375 0.7087859375 0.6810375 0.74195 0.8368656250000001 0.7385546875 0.8376468750000001
13 0.6581671874999999 0.7606234374999999 0.67055625 0.8188187499999999 0.6896796875 0.8147546875 0.677253125 0.756453125 0.6581671874999999 0.7606234374999999
2 0.6962515625 0.763296875 0.71101875 0.8327843749999999 0.735396875 0.8278234375 0.7205390625 0.7581125 0.6962515625 0.763296875
10 0.6478875000000001 0.8263812500000001 0.6538953125 0.8251703125000001 0.6479359375 0.7970046875000001 0.641875 0.7980953125 0.6478875000000001 0.8263812500000001
10 0.64388125 0.6980015625 0.6470875 0.7132515625 0.66858125 0.7086921875 0.6653374999999999 0.693525 0.64388125 0.6980015625
13 0.7228609374999999 0.9638 0.719528125 0.948184375 0.7039015625 0.9515062500000001 0.7066078124999999 0.9642406250000001 0.69505 0.9667312499999999 0.6956562500000001 0.9695828125 0.7228609374999999 0.9638
10 0.6323375 0.6609406250000001 0.6384640625 0.690021875 0.6526984375 0.687078125 0.64655 0.6579015625 0.6323375 0.6609406250000001
10 0.6470765625 0.7670125 0.65415 0.76543125 0.6513875 0.75255625 0.6329890625 0.756515625 0.64064375 0.7924265625 0.6519421875 0.7901796875 0.6470765625 0.7670125
10 0.6917703125 0.9514625000000001 0.6943875 0.9639374999999999 0.7047546875 0.961809375 0.7020390625 0.949203125 0.6917703125 0.9514625000000001
1 0.662040625 0.79926875 0.650253125 0.8017593749999999 0.655778125 0.8277531249999999 0.6484078125 0.829215625 0.6746015625 0.9519921874999999 0.6865187500000001 0.9495984375000001 0.6651421875 0.8490296875000001 0.672215625 0.847484375 0.662040625 0.79926875
10 0.6757703125 0.957878125 0.6790546875000001 0.9731109375000001 0.6909578125 0.9705812500000001 0.6877234375 0.9553 0.6757703125 0.957878125
10 0.6711875 0.8214937499999999 0.677321875 0.85085 0.6966609375 0.8467390625 0.690421875 0.8176390625 0.6711875 0.8214937499999999
7 0.7182593749999999 0.9423046875000001 0.6990937500000001 0.8521171875 0.66944375 0.858475 0.6740875 0.8804343749999999 0.676453125 0.8799828125 0.6909859375 0.9484625 0.7182593749999999 0.9423046875000001
10 0.6666593749999999 0.6926171875 0.6699296875 0.7080031250000001 0.6825187500000001 0.7054218750000001 0.6791578125 0.689840625 0.6666593749999999 0.6926171875
10 0.6525046875 0.7743171875 0.657403125 0.7972078125000001 0.66429375 0.7958109375 0.6593703125 0.772765625 0.6525046875 0.7743171875
6 0.6539875 0.7456031249999999 0.6565937500000001 0.7577515625 0.676840625 0.7535000000000001 0.6744656250000001 0.7424515625 0.67566875 0.7421390625 0.6690609375000001 0.711275 0.6476578125 0.7159328125 0.6479250000000001 0.717078125 0.6460453125 0.7175328125 0.6521078124999999 0.74605625 0.6539875 0.7456031249999999
11 0.2965484375 0.11043125000000001 0.31055781250000003 0.10739687499999999 0.301928125 0.066609375 0.28788125 0.06957656250000001 0.2965484375 0.11043125000000001
8 0.3216921875 0.1699234375 0.2644546875 0.18231250000000002 0.28475625 0.2777921875 0.2860109375 0.2775515625 0.31326875 0.405896875 0.32725312500000003 0.40295 0.3042625 0.2951765625 0.34640468750000003 0.2863515625 0.3216921875 0.1699234375
10 0.24470625 0.1829609375 0.24423124999999998 0.18072656250000002 0.24531874999999997 0.1804953125 0.243165625 0.17036875 0.232875 0.1726046875 0.235496875 0.1849484375 0.24470625 0.1829609375
10 0.2298515625 0.1806921875 0.2221359375 0.144503125 0.21171250000000003 0.146771875 0.21256406249999998 0.15071874999999998 0.206534375 0.15213125 0.213334375 0.184121875 0.2298515625 0.1806921875
1 0.3224578125 0.16319062499999998 0.3111609375 0.1104671875 0.298453125 0.113221875 0.299740625 0.11928125 0.29805468749999997 0.1196390625 0.3079859375 0.1662109375 0.3224578125 0.16319062499999998
13 0.24385625000000002 0.16726093749999998 0.24660937500000002 0.180209375 0.2622953125 0.1769078125 0.2537046875 0.13655781250000001 0.226421875 0.14229375 0.232259375 0.1697578125 0.24385625000000002 0.16726093749999998
13 0.301765625 0.41147656250000003 0.31082187499999997 0.454225 0.33699375 0.448728125 0.32786875000000004 0.405928125 0.301765625 0.41147656250000003
10 0.25125156249999997 0.3616421875 0.25337031250000003 0.37153125 0.2767015625 0.36659687500000004 0.274590625 0.3566421875 0.25125156249999997 0.3616421875
10 0.305590625 0.45796562500000004 0.3101421875 0.45699843749999997 0.30050468750000003 0.4117296875 0.29598125 0.41275625 0.305590625 0.45796562500000004
3 0.19629375 0.0934234375 0.206875 0.14316562500000002 0.25313125 0.13349687500000001 0.2425109375 0.0830359375 0.19629375 0.0934234375
2 0.2636421875 0.1765703125 0.3054703125 0.1678296875 0.2856328125 0.0744265625 0.243978125 0.0833984375 0.2636421875 0.1765703125
10 0.2461921875 0.3297921875 0.25113125 0.35302968749999997 0.25660781250000003 0.35186562499999996 0.251675 0.3286640625 0.2461921875 0.3297921875
10 0.26370312500000004 0.30826875 0.2721296875 0.347996875 0.29862968749999996 0.3423953125 0.290171875 0.30277031249999997 0.26370312500000004 0.30826875
1 0.252325 0.32555625 0.25776875 0.3510859375 0.27071093749999997 0.3483359375 0.2576171875 0.286771875 0.23824843750000002 0.2910359375 0.245928125 0.3269328125 0.252325 0.32555625
2 0.3068515625 0.300503125 0.3216796875 0.37032656249999996 0.3623984375 0.36164843750000003 0.34754687500000003 0.291684375 0.3068515625 0.300503125
2 0.322221875 0.3733015625 0.3387078125 0.45086562499999994 0.3795359375 0.4421875 0.3630484375 0.3646859375 0.322221875 0.3733015625
6 0.3121265625 0.40612343749999996 0.30305624999999997 0.3633578125 0.28116875 0.36805 0.28162031249999997 0.3702609375 0.27973125 0.37069843750000003 0.2858515625 0.399490625 0.28771562500000003 0.39909374999999997 0.29021718750000003 0.41078906249999997 0.3121265625 0.40612343749999996
10 0.2771640625 0.3494765625 0.28051875000000004 0.3652546875 0.30247812500000004 0.360571875 0.29915156249999997 0.3448578125 0.2771640625 0.3494765625
7 0.2581921875 0.2837140625 0.262275 0.302878125 0.28883281250000004 0.29700625 0.2644546875 0.18231250000000002 0.21727500000000002 0.192165625 0.2376546875 0.28794375 0.2581921875 0.2837140625
6 0.3678234375 0.771675 0.37391874999999997 0.8002953125 0.37645 0.7997640625 0.3790703125 0.8119578125 0.39930625000000003 0.8075921875000001 0.396934375 0.7965265625 0.39811718749999997 0.7962765625 0.3878546875 0.7474093749999999 0.3662609375 0.7517046875 0.3703828125 0.77113125 0.3678234375 0.771675
10 0.3695515625 0.8211328124999999 0.37655781250000003 0.8194437499999999 0.373809375 0.8064203125 0.35545312500000004 0.810321875 0.363084375 0.8463234375 0.374434375 0.844109375 0.3695515625 0.8211328124999999
2 0.44210000000000005 0.735840625 0.4031234375 0.744125 0.43078281250000006 0.8740218750000001 0.4376390625 0.872565625 0.4407875 0.8873749999999999 0.47287656250000004 0.8805687499999999 0.44210000000000005 0.735840625
1 0.5003437500000001 1 0.4983171875 0.9904234375 0.48609375000000005 0.9928625 0.48667343750000003 0.9955999999999999 0.485228125 0.9958921875 0.4861 1 0.5003437500000001 1
10 0.393775 0.8760359375 0.39990156250000003 0.9048624999999999 0.41917031250000003 0.900865625 0.41294062499999995 0.8717640624999999 0.393775 0.8760359375
10 0.37489531249999997 0.8281578125 0.37975625 0.8510265625000001 0.3867703125 0.8496421875 0.3818859375 0.826740625 0.37489531249999997 0.8281578125
0 0.4474484375 0 0.120940625 0.0694015625 0.31874531250000004 1 0.5525515624999999 1 0.879059375 0.9305984374999999 0.6812546875 0 0.4474484375 0
7 0.423609375 1 0.440978125 0.9962937500000001 0.42174531249999997 0.9058999999999999 0.3797171875 0.9144953125 0.3978921875 1 0.423609375 1
8 0.473628125 0.8840890625 0.43325781250000006 0.8928578125 0.405621875 0.76244375 0.391596875 0.7652890625000001 0.42174531249999997 0.9058999999999999 0.4368234375 0.9768703125 0.43811718749999995 0.9765953125 0.4422328125 0.9961609375 0.4950828125 0.9850234375 0.473628125 0.8840890625
10 0.35476874999999997 0.7147734375 0.3609234375 0.7439 0.37515624999999997 0.7408781249999999 0.3689609375 0.7117281249999999 0.35476874999999997 0.7147734375
10 0.38909375 0.7464999999999999 0.3923921875 0.7620171874999999 0.4049578125 0.7594875 0.401678125 0.7438796875 0.38909375 0.7464999999999999
1 0.39885000000000004 0.9072859375 0.387359375 0.8524203124999999 0.372659375 0.8556234375 0.378178125 0.8815890625 0.37294375 0.8827015625 0.378975 0.911475 0.39885000000000004 0.9072859375
10 0.36646875 0.8542624999999999 0.371971875 0.8801546874999999 0.3764015625 0.8792125000000001 0.3708796875 0.8533250000000001 0.36646875 0.8542624999999999