0 0 0 0 1 1 1 1 0 0 0
8 0.555634375 0.7877140625 0.5770609375 0.7877703125 0.5772484375 0.73881875 0.5761375 0.738765625 0.5761546875 0.62850625 0.48901874999999995 0.62749375 0.48923125 0.3427765625 0.45405937500000004 0.342471875 0.45400156249999996 0.38318125 0.4570046875 0.3835234375 0.4567421875 0.7231765625000001 0.45325468750000003 0.7230328125 0.453175 0.78734375 0.47502500000000003 0.7875421874999999 0.474984375 0.7818984375 0.5555125000000001 0.7815859374999999 0.555634375 0.7877140625
7 0.4889640625 0.6271921875 0.5252625 0.62749375 0.5250468749999999 0.5872328125 0.5281578125 0.5872328125 0.527996875 0.62294375 0.5733718750000001 0.6228046875000001 0.5730703125 0.5900234375 0.6070421875 0.5901421874999999 0.6069359375000001 0.5944671875 0.63299375 0.5944671875 0.6327796875 0.5832437500000001 0.6289203125 0.5832437500000001 0.6287359375 0.544778125 0.6328640625 0.5447031250000001 0.6326875000000001 0.5042734375 0.5924859375 0.504090625 0.592646875 0.5103078125 0.49282343749999996 0.5103484375 0.4927171875 0.5392359375 0.48971406249999994 0.5393109375 0.4889640625 0.6271921875
2 0.5921984375 0.3916765625 0.493065625 0.39216093750000003 0.4928421875 0.4885859375 0.5108046875000001 0.4888375 0.5107140625000001 0.510259375 0.5924 0.50980625 0.592259375 0.48181250000000003 0.587603125 0.48206875 0.5877640625 0.4057578125 0.5922796875 0.4057875 0.5921984375 0.3916765625
1 0.440603125 0.7578515625 0.4401515625 0.736559375 0.3936984375 0.736559375 0.3939546875 0.7874234375 0.449909375 0.7871140624999999 0.44962656250000005 0.7571828125 0.440603125 0.7578515625
2 0.5923609375 0.261403125 0.49007500000000004 0.26100625 0.48927031249999997 0.34811562500000004 0.49282343749999996 0.34811562500000004 0.49351874999999995 0.387859375 0.5924 0.38734375 0.5923609375 0.36265625 0.58790625 0.3620578125 0.5874625 0.28603125 0.5921984375 0.28614687499999997 0.5923609375 0.261403125
10 0.3422125 0.78968125 0.390159375 0.7901171875 0.39085468749999996 0.7368328125 0.34198125 0.7367250000000001 0.3422125 0.78968125
10 0.6171796875 0.7382531250000001 0.6324671875 0.7385140625 0.63200625 0.70104375 0.6169015625000001 0.70078125 0.6171796875 0.7382531250000001
10 0.6169859375 0.62131875 0.6319921875000001 0.6212140625 0.632140625 0.5988374999999999 0.617096875 0.5987828125 0.6169859375 0.62131875
2 0.44011875 0.7277328125 0.453034375 0.7279640625 0.452396875 0.596028125 0.342321875 0.5952703125000001 0.341946875 0.7277328125 0.39861875 0.7278109374999999 0.3986734375 0.7214421875 0.44011875 0.7218218750000001 0.44011875 0.7277328125
1 0.579125 0.7389249999999999 0.6143203125000001 0.7381078125 0.614575 0.6965250000000001 0.6330421875 0.696434375 0.6325921875 0.6254625 0.6147046875 0.6256437499999999 0.614640625 0.598528125 0.57931875 0.5986203125 0.579125 0.7389249999999999
10 0.413690625 0.5913062499999999 0.4532328125 0.5914109375 0.453678125 0.5249609375000001 0.41346718750000006 0.5251171875 0.413690625 0.5913062499999999
10 0.382953125 0.44785312499999996 0.34216250000000004 0.44776249999999995 0.34196875000000004 0.5420265625 0.3650671875 0.5421171874999999 0.36513125 0.5212796875000001 0.382953125 0.5212796875000001 0.382953125 0.44785312499999996
13 0.368284375 0.54639375 0.341840625 0.5464859375 0.3417109375 0.5913421875 0.41042500000000004 0.590978125 0.41061875 0.5253765625 0.368284375 0.525103125 0.368284375 0.54639375
13 0.3864140625 0.5210625 0.4536390625 0.52098125 0.4535234375 0.455096875 0.38632343750000003 0.45484375000000005 0.3864140625 0.5210625
6 0.442209375 0.3747890625 0.40489375 0.374515625 0.403734375 0.4506734375 0.45682343750000004 0.45113906249999997 0.456884375 0.3834375 0.442209375 0.3835234375 0.442209375 0.3747890625