1 0.43478593749999994 0.316646875 0.446225 0.319953125 0.45356874999999997 0.296065625 0.46236249999999995 0.298853125 0.49346562499999996 0.1972640625 0.47123593750000003 0.1902671875 0.516465625 0.042329687500000004 0.5074046875 0.039559375 0.45836718750000005 0.200096875 0.4694296875 0.203478125 0.43478593749999994 0.316646875
6 0.41441249999999996 0.1093359375 0.40594062500000005 0.13704531250000002 0.40859218750000004 0.13780625 0.40816093750000004 0.139215625 0.4268015625 0.1449140625 0.43608437499999997 0.114759375 0.43498906249999997 0.11447343750000001 0.4382796875 0.103503125 0.42069999999999996 0.098128125 0.41700468749999997 0.1100796875 0.41441249999999996 0.1093359375
2 0.47816562500000004 0.0306140625 0.455134375 0.106296875 0.48005156250000003 0.1139140625 0.5031953125 0.0382671875 0.47816562500000004 0.0306140625
13 0.4512625 0.0222703125 0.4384125 0.0642984375 0.4640984375 0.071959375 0.47681562499999997 0.030253125 0.4512625 0.0222703125
5 0.47757812499999996 0.7228671875 0.4553828125 0.7950109375000001 0.5127484375 0.8127187499999999 0.534865625 0.740378125 0.47757812499999996 0.7228671875
10 0.5629046875 0.74285625 0.55750625 0.760425 0.5696749999999999 0.7641890625000001 0.5750453125 0.74656875 0.5629046875 0.74285625
4 0.47028437500000003 0.8058296875 0.453553125 0.860553125 0.482578125 0.8694265624999999 0.49925312499999996 0.8146859375 0.47028437500000003 0.8058296875
8 0.5425171875 1 0.5695328125 0.9114921875 0.528371875 0.89914375 0.5689437500000001 0.76661875 0.5551703125 0.7623578125 0.5055359375 0.925315625 0.5042125000000001 0.9249109375 0.4812140625 1 0.5425171875 1
7 0.4812140625 1 0.5099171874999999 0.9063234375 0.470278125 0.8932343749999999 0.437575 1 0.4688890625 1 0.469825 0.9969125 0.48034687500000006 1 0.4812140625 1
13 0.521646875 0.8004796875 0.5042421874999999 0.8574078125 0.5229828125 0.8631375 0.540434375 0.8060578125 0.521646875 0.8004796875
2 0.5764015625 0.74699375 0.5532421875 0.8226749999999999 0.593040625 0.8348515624999999 0.6161875 0.7589875 0.5764015625 0.74699375
1 0.4688609375 0.8936296875 0.45753125 0.890053125 0.45386875 0.9020328125000001 0.4432875 0.898796875 0.429803125 0.9428109375 0.4516703125 0.9494359375 0.4688609375 0.8936296875
10 0.540421875 0.7360171875 0.5350828125 0.7534796874999999 0.5561921875 0.7599781250000001 0.5615296875 0.7425171875000001 0.540421875 0.7360171875
10 0.4469265625 0.88596875 0.4438625 0.8960515625 0.4534765625 0.8991140625 0.4565625 0.8889484375000001 0.4469265625 0.88596875
6 0.5310984375000001 0.7569109375 0.5224359375 0.7850546875 0.5251546874999999 0.78584375 0.5216453125 0.7973203125 0.541521875 0.80323125 0.54466875 0.793059375 0.545734375 0.7934671875 0.5551703125 0.7623578125 0.5342546875 0.7559640625 0.5337203125000001 0.7577109375 0.5310984375000001 0.7569109375
10 0.5096437500000001 0.8621343749999999 0.49915312500000003 0.896759375 0.511675 0.9006109375 0.5223015625 0.8659156250000001 0.5096437500000001 0.8621343749999999
11 0.7798093749999999 0.14284531250000002 0.79353125 0.146984375 0.805759375 0.10712656250000001 0.792034375 0.1029109375 0.7798093749999999 0.14284531250000002
8 0.77295625 0.20706875 0.716890625 0.19015625 0.68835625 0.2835078125 0.6895718750000001 0.28390468750000003 0.6511859375 0.409371875 0.6648484375 0.41357499999999997 0.6969875 0.3081671875 0.7381265625 0.32088125 0.77295625 0.20706875
10 0.6993015625 0.1811484375 0.6999703125 0.17896406250000002 0.7010328125 0.1792890625 0.704059375 0.16938906250000002 0.6939765625 0.1663546875 0.690284375 0.178421875 0.6993015625 0.1811484375
10 0.6874109374999999 0.1719625 0.6982062499999999 0.1365703125 0.6879906250000001 0.1335015625 0.6868218749999999 0.13736718750000002 0.6808640625 0.13567968749999998 0.6713015625 0.1669546875 0.6874109374999999 0.1719625
1 0.776890625 0.2015515625 0.7925718749999999 0.1499625 0.7801203125 0.1462109375 0.778309375 0.152134375 0.776659375 0.1516296875 0.7627703125 0.197178125 0.776890625 0.2015515625
13 0.706171875 0.1670046875 0.7023015625 0.1796640625 0.7176218750000001 0.1843828125 0.72966875 0.1449265625 0.7030265625000001 0.1367171875 0.69481875 0.16356718750000002 0.706171875 0.1670046875
13 0.6384218749999999 0.408675 0.6256171875 0.45045624999999995 0.6511734375 0.45833593749999996 0.6639406250000001 0.416478125 0.6384218749999999 0.408675
10 0.6184015625 0.3406 0.6154609375 0.3502765625 0.6382578125 0.357271875 0.6412375 0.3475421875 0.6184015625 0.3406
10 0.619228125 0.451190625 0.623678125 0.45255156249999995 0.637196875 0.4082859375 0.6327421875 0.406990625 0.619228125 0.451190625
3 0.7003671875 0.079365625 0.68550625 0.1280015625 0.730653125 0.141971875 0.745828125 0.0926875 0.7003671875 0.079365625
2 0.7189609375 0.1847390625 0.759784375 0.1973734375 0.7877171875 0.10606249999999999 0.7469359375 0.093715625 0.7189609375 0.1847390625
10 0.6294171875 0.31029062500000004 0.622471875 0.333009375 0.6278234375 0.3346453125 0.634759375 0.3119609375 0.6294171875 0.31029062500000004
10 0.655165625 0.2999546875 0.6432765625 0.3387875 0.66916875 0.3467359375 0.680984375 0.307978125 0.655165625 0.2999546875
1 0.6368359375 0.30955937499999997 0.6292171875 0.334528125 0.641871875 0.33839687500000004 0.660265625 0.278203125 0.641259375 0.2725421875 0.6305703125 0.3076609375 0.6368359375 0.30955937499999997
2 0.6966703125 0.31408125 0.6757890625 0.382340625 0.715609375 0.394490625 0.7365390625 0.3260984375 0.6966703125 0.31408125
2 0.6748203125 0.38520468750000003 0.6516359375 0.4610359375 0.691553125 0.473240625 0.71470625 0.3974625 0.6748203125 0.38520468750000003
6 0.6500765625 0.40901718750000005 0.662878125 0.367215625 0.6414609375 0.360709375 0.6407828125 0.3628609375 0.6389203125 0.362328125 0.6303140625 0.3904765625 0.6321375 0.391034375 0.6286546875 0.402475 0.6500765625 0.40901718750000005
10 0.6469640625 0.3425234375 0.642246875 0.3579484375 0.6637234375000001 0.3644984375 0.66843125 0.3491421875 0.6469640625 0.3425234375
7 0.662253125 0.27580781249999997 0.65653125 0.294546875 0.68260625 0.3022875 0.716890625 0.19015625 0.6708484375 0.1759 0.6422390625000001 0.26955 0.662253125 0.27580781249999997
10 0.50325 0.8107218749999999 0.4797296875 0.8875437500000001 0.4890203125 0.8903109375 0.5124859374999999 0.8134734375000001 0.50325 0.8107218749999999
2 0.552296875 0.825803125 0.5313515625 0.894209375 0.5711984375 0.9061890625 0.5921000000000001 0.83784375 0.552296875 0.825803125
10 0.4517875 0.8663765625 0.448265625 0.8778453125000001 0.47854062500000005 0.8870609375 0.4820421875 0.8755453125000001 0.4517875 0.8663765625
10 0.2319375 0.808896875 0.2444265625 0.812715625 0.2550234375 0.77805625 0.2425890625 0.77405625 0.2319375 0.808896875
1 0.182740625 0.8655453124999999 0.1677375 0.9145328125000001 0.1807578125 0.9184609375000001 0.20422656250000001 0.8416171875 0.1685765625 0.8308312499999999 0.16010625 0.8586265624999999 0.182740625 0.8655453124999999
7 0.2154671875 0.912959375 0.24404374999999998 0.8187265625 0.1904296875 0.802103125 0.1867 0.8142421875 0.176115625 0.8110062499999999 0.1728625 0.8215890625 0.2114953125 0.8335578124999999 0.185859375 0.917359375 0.1989296875 0.92135625 0.2010140625 0.9145984374999999 0.2007609375 0.9145203125 0.2024609375 0.9089609375000001 0.2154671875 0.912959375
10 0.273303125 0.6479375 0.2679375 0.6654859375 0.2890859375 0.671965625 0.294409375 0.6544609375 0.273303125 0.6479375
6 0.2637484375 0.66968125 0.2552734375 0.69728125 0.25770468750000003 0.698025 0.254259375 0.7094109375000001 0.274303125 0.7155390625 0.2777375 0.7043062499999999 0.2788203125 0.7046375 0.287965625 0.674515625 0.267128125 0.6681453125 0.2664640625 0.67043125 0.2637484375 0.66968125
10 0.2126859375 0.7994875 0.22196406249999998 0.8022046875 0.24537031250000002 0.725534375 0.23612031249999998 0.7228375 0.2126859375 0.7994875
1 0.3399609375 0.66359375 0.2532078125 0.94739375 0.26555 0.9511671875 0.3522703125 0.667490625 0.3399609375 0.66359375
4 0.20315937499999998 0.717921875 0.186415625 0.772684375 0.215403125 0.78178125 0.23219531249999997 0.7266828125 0.20315937499999998 0.717921875
5 0.188396875 0.70735 0.24559999999999998 0.7248390625 0.267765625 0.6523421875000001 0.2104671875 0.63516875 0.188396875 0.70735
0 0.35876406250000004 0 0.084853125 0.8959234374999999 0.42527499999999996 1 0.6412359375000001 1 0.9151468749999999 0.1040765625 0.574725 0 0.35876406250000004 0
8 0.21548906250000002 0.9129484375000001 0.2552375 0.9250281250000001 0.28755000000000003 0.8192359375 0.261175 0.811303125 0.30178125 0.6786765625 0.287965625 0.674515625 0.21548906250000002 0.9129484375000001
1 0.339203125 0.3295640625 0.33079843750000004 0.357053125 0.4120828125 0.38214375 0.42055 0.3545265625 0.339203125 0.3295640625
7 0.4489546875 0.254503125 0.46205468749999995 0.21183281250000002 0.4511984375 0.2082734375 0.45657031249999996 0.19053124999999999 0.430315625 0.18250468749999998 0.4117453125 0.243246875 0.4489546875 0.254503125
8 0.42168906249999993 0.3440390625 0.4489546875 0.254503125 0.4117453125 0.243246875 0.4633265625 0.0745703125 0.44957343749999995 0.070365625 0.4155015625 0.1820203125 0.41085781250000003 0.18060156249999998 0.3925484375 0.24049062499999999 0.3971328125 0.24189218750000002 0.37084843749999996 0.32849531249999997 0.42168906249999993 0.3440390625
10 0.295778125 0.6548296875 0.29041875 0.67245625 0.30256875 0.6761046875 0.30794375 0.65861875 0.295778125 0.6548296875
10 0.17970625 0.7981734375 0.17670468749999999 0.808128125 0.1863734375 0.8110468750000001 0.18941875 0.8011687500000001 0.17970625 0.7981734375
10 0.1846390625 0.7783453125 0.18120468750000002 0.789696875 0.21145156250000002 0.799034375 0.2149640625 0.7874671875 0.1846390625 0.7783453125
10 0.1852125 0.9201546875 0.183409375 0.9260546875 0.193478125 0.9291328125 0.19535 0.92300625 0.1852125 0.9201546875
10 0.20228281250000002 0.9148203125000001 0.19995000000000002 0.9223343749999999 0.2124921875 0.92624375 0.2147859375 0.9186921874999999 0.20228281250000002 0.9148203125000001
10 0.40513125 0.17933749999999998 0.3982640625 0.2017203125 0.4027671875 0.20304843749999998 0.4094796875 0.1806671875 0.40513125 0.17933749999999998
2 0.3533390625 0.23152187500000002 0.32772968750000003 0.3153921875 0.3683375 0.3277359375 0.3938921875 0.244115625 0.3533390625 0.23152187500000002
10 0.4073203125 0.1419359375 0.3975609375 0.1736125 0.41511250000000005 0.17897812500000002 0.424790625 0.14744531249999998 0.4073203125 0.1419359375
2 0.45416875 0.1093828125 0.433415625 0.177425 0.458325 0.18495625 0.4791 0.11700625 0.45416875 0.1093828125
11 0.3241953125 0.3217359375 0.31488125 0.35245000000000004 0.329628125 0.3568078125 0.3389984375 0.3261625 0.3241953125 0.3217359375
10 0.45394843749999997 0.2991796875 0.44762031249999995 0.3200421875 0.45521093749999997 0.32241875000000003 0.46157812500000006 0.30151249999999996 0.45394843749999997 0.2991796875
10 0.4366 0.06648593750000001 0.4273828125 0.096775 0.4390953125 0.10035625 0.4483703125 0.06988124999999999 0.4366 0.06648593750000001
10 0.23508281250000002 0.771953125 0.2244625 0.8065906249999999 0.23061250000000003 0.8084703125000001 0.2412375 0.773625 0.23508281250000002 0.771953125
2 0.2852375 0.7377421875 0.264415625 0.805875 0.2893171875 0.8135468749999999 0.31010312500000003 0.7453984375 0.2852375 0.7377421875
2 0.3092890625 0.6590015625000001 0.2861546875 0.734753125 0.3110921875 0.742315625 0.3342796875 0.6664703125 0.3092890625 0.6590015625000001
13 0.254521875 0.7124609375000001 0.23712343749999998 0.7693359375 0.255821875 0.775096875 0.2731875 0.7181078125 0.254521875 0.7124609375000001
13 0.39131875 0.240134375 0.4018453125 0.20585312500000003 0.3961015625 0.20419843750000002 0.4038828125 0.17875000000000002 0.391825 0.175265625 0.373465625 0.234878125 0.39131875 0.240134375
3 0.3540890625 0.22933125 0.3723609375 0.234559375 0.39292343750000003 0.16748125 0.37460312500000004 0.16188125 0.3540890625 0.22933125
10 0.4333390625 0.32136875 0.425409375 0.3473078125 0.44584375 0.35365 0.45374687500000005 0.32781875 0.4333390625 0.32136875