13 0.663575 0.9065171875000001 0.6516171875000001 0.8735734374999999 0.6392515624999999 0.8780734375 0.6511140625 0.9106953125 0.663575 0.9065171875000001
6 0.40434374999999995 0.1173359375 0.4026375 0.1125890625 0.38220156250000004 0.056703125 0.358334375 0.0653859375 0.37824843750000003 0.121203125 0.3874328125 0.1177875 0.38946562500000004 0.12334062500000001 0.40434374999999995 0.1173359375
3 0.618584375 0.7693765625 0.6081140625 0.74136875 0.5919375 0.747375 0.602025 0.7752109375 0.618584375 0.7693765625
10 0.580971875 0.6970625 0.5625921875000001 0.646690625 0.5562359375 0.6491984375000001 0.574609375 0.6996140625 0.580971875 0.6970625
11 0.5881640625 1 0.5944125 0.997725 0.5762109375 0.9474281250000001 0.5584515624999999 0.9534046875 0.5753625 1 0.5881640625 1
10 0.4844046875 0.1328125 0.4631421875 0.0743921875 0.4501125 0.07949375 0.47157499999999997 0.137125 0.4844046875 0.1328125
10 0.357596875 0.06956875 0.34617343749999996 0.0735515625 0.35225625 0.090690625 0.3638 0.0859671875 0.357596875 0.06956875
3 0.40490000000000004 0.184353125 0.38291718750000003 0.12395937500000001 0.3624984375 0.13282031249999998 0.384290625 0.19190000000000002 0.40490000000000004 0.184353125
1 0.7553062500000001 0.9220515625000001 0.73284375 0.8602515625 0.74680625 0.8553640625 0.6763359375 0.6614640625 0.5826359375 0.6955218750000001 0.584490625 0.7008515625 0.5740000000000001 0.704646875 0.554240625 0.6498015625 0.49101249999999996 0.6729609375 0.512978125 0.73321875 0.48206875 0.7443890625 0.488671875 0.76198125 0.55686875 0.9498765625000001 0.5746265625 0.943103125 0.574271875 0.9421531249999999 0.574884375 0.9418156249999999 0.5592625 0.89900625 0.5585921875000001 0.89925 0.5556890625 0.8912156250000001 0.5529375 0.8922171875 0.5454625 0.871853125 0.5463859375 0.8716578125 0.5095 0.7702015624999999 0.508653125 0.7704890625 0.5044328124999999 0.7592078124999999 0.5708265625 0.735203125 0.5741031249999999 0.743284375 0.6178609374999999 0.7271484375 0.6185906250000001 0.7290640625 0.6387984375 0.7216375 0.6382171875 0.7198609375 0.6740203124999999 0.7067796875 0.7046390625 0.79101875 0.6974796875 0.7937921875 0.745396875 0.9255640625 0.7553062500000001 0.9220515625000001
7 0.572934375 0.7546999999999999 0.57003125 0.7467843750000001 0.5401796875 0.7576031249999999 0.5678015624999999 0.8341031250000001 0.6153046875 0.8166375 0.5897546874999999 0.7483640625 0.572934375 0.7546999999999999
0 0.41183593749999997 0 0.0647015625 0.126346875 0.382684375 1 0.5881640625 1 0.9352984375 0.873653125 0.617315625 0 0.41183593749999997 0
13 0.7389546874999999 0.9205406249999999 0.72060625 0.87045 0.6973281250000001 0.8792078125 0.7150859374999999 0.9290843750000001 0.7389546874999999 0.9205406249999999
12 0.5041078125 0.1336703125 0.47886875 0.14257031250000002 0.5332421875 0.2921390625 0.5580765624999999 0.2829765625 0.5041078125 0.1336703125
13 0.4540375 0.1364859375 0.4351375 0.0848671875 0.41053281249999996 0.0938234375 0.42971250000000005 0.14559375000000002 0.4540375 0.1364859375
3 0.647753125 0.916728125 0.66769375 0.9710531250000001 0.6881703124999999 0.9635999999999999 0.6685640625 0.9096062500000001 0.647753125 0.916728125
10 0.7693609375 0.9171312500000001 0.74856875 0.85976875 0.7364015625 0.864196875 0.7571546875 0.921596875 0.7693609375 0.9171312500000001
2 0.559728125 0.8894343750000001 0.5986 0.9962015624999999 0.648925 0.977884375 0.60980625 0.871590625 0.559728125 0.8894343750000001
5 0.49214062500000005 0.218890625 0.5008828125 0.21573125 0.480865625 0.16052968750000002 0.43429375 0.177359375 0.413625 0.121009375 0.390503125 0.12963750000000002 0.4136109375 0.192815625 0.4364796875 0.25563125000000003 0.4176515625 0.2620609375 0.434690625 0.309490625 0.4580609375 0.30083906250000003 0.4639703125 0.3172609375 0.4784171875 0.312503125 0.4499328125 0.23424375 0.46581875000000006 0.22899843749999998 0.47676093750000004 0.22449375 0.4792703125 0.2313875 0.47088906250000007 0.2345171875 0.49686874999999997 0.305540625 0.5294828125000001 0.2938109375 0.5035937500000001 0.2232140625 0.4948125 0.22614687500000002 0.49214062500000005 0.218890625
7 0.6542687500000001 0.7245203124999999 0.6800265624999999 0.79490625 0.691421875 0.7904734375 0.689715625 0.7857921875 0.697009375 0.7830578125 0.6732 0.7182296874999999 0.6542687500000001 0.7245203124999999
13 0.6137718750000001 0.8706968749999999 0.63100625 0.918253125 0.651209375 0.9106343750000001 0.6418625 0.8853046875 0.6400812499999999 0.8858828125 0.632271875 0.86439375 0.6137718750000001 0.8706968749999999
6 0.6987859375000001 0.8931749999999999 0.6789203125000001 0.8373437499999999 0.650740625 0.847959375 0.652234375 0.8520312499999999 0.646875 0.8541421874999999 0.6657359375 0.9063328125 0.6730640625000001 0.9027625 0.674978125 0.9083890625000001 0.689696875 0.902146875 0.688559375 0.89776875 0.6987859375000001 0.8931749999999999
13 0.34626250000000003 0.0781703125 0.3259859375 0.0860546875 0.343909375 0.135015625 0.3767515625 0.12180781249999999 0.3646125 0.0890671875 0.3518296875 0.09346875 0.34626250000000003 0.0781703125
11 0.2903828125 0.162728125 0.2731578125 0.16899843750000001 0.2916375 0.2199859375 0.30915 0.213434375 0.2903828125 0.162728125
8 0.433709375 0.0813265625 0.40480312500000004 0.002559375 0.393328125 0.0067359375 0.394571875 0.01009375 0.30933125 0.041575 0.3079609375 0.037807812499999996 0.2536484375 0.057575 0.2683046875 0.09830781250000001 0.3955546875 0.051389062500000006 0.41061718750000004 0.0927859375 0.42099062500000006 0.0897390625 0.41954375 0.0859125 0.433709375 0.0813265625
10 0.3940984375 0.055625 0.38337187500000003 0.060098437500000004 0.40259999999999996 0.1122203125 0.413303125 0.1085890625 0.3940984375 0.055625
10 0.650146875 0.8698265624999999 0.6446046875 0.8543062499999999 0.6336640625000001 0.8581921875 0.639159375 0.8737046875000001 0.650146875 0.8698265624999999
10 0.714746875 0.9457078125 0.7174890625 0.9529296875 0.7632734375 0.9362656250000001 0.760575 0.9292031250000001 0.714746875 0.9457078125
2 0.36515624999999996 0.19821093750000002 0.3241890625 0.08657343749999999 0.2736875 0.1049625 0.314934375 0.21674218750000002 0.36515624999999996 0.19821093750000002
3 0.6309359375 0.92294375 0.650621875 0.9772671875000001 0.665721875 0.971771875 0.6461578125 0.9176671875 0.6309359375 0.92294375
2 0.6082859375 0.7411125000000001 0.6196625 0.772571875 0.603365625 0.7785375 0.6150078125 0.8096984375 0.6749609375000001 0.787396875 0.6522921875 0.725503125 0.6082859375 0.7411125000000001
10 0.4634703125 0.3174375 0.458015625 0.3025703125 0.43532656249999996 0.310828125 0.44081562500000004 0.3257828125 0.4634703125 0.3174375
10 0.48006093749999995 0.1584125 0.474925 0.1443 0.42922031250000003 0.16105624999999998 0.43435625 0.17516875 0.48006093749999995 0.1584125
8 0.616265625 0.8189265625000001 0.567803125 0.8348421874999999 0.5386484375 0.7572062500000001 0.5123968750000001 0.7667625 0.55401875 0.8845124999999999 0.680928125 0.8360609374999999 0.6946734375 0.874240625 0.7187640625 0.8655703125 0.6913671875 0.79044375 0.616265625 0.8189265625000001
10 0.42114062499999994 0.2521234375 0.4147546875 0.25455 0.41703124999999996 0.26068125000000003 0.4351328125 0.25409375 0.413121875 0.19349375 0.40135156250000004 0.19787656250000002 0.42114062499999994 0.2521234375
3 0.3608609375 0.1329515625 0.34540625 0.138721875 0.366515625 0.1974390625 0.382171875 0.19203281249999998 0.3608609375 0.1329515625
10 0.4657125 0.23035 0.45140624999999995 0.23555625 0.4790671875 0.3117 0.49346875 0.306459375 0.4657125 0.23035