0 0 0 0 0.9997125 1 1 0.9996937499999999 0 0 0
10 0.22172031250000002 0.36095781250000003 0.273753125 0.3607828125 0.27364062499999997 0.31989375 0.221621875 0.31989375 0.22172031250000002 0.36095781250000003
5 0.6363390625 0.19903125 0.63644375 0.316596875 0.639040625 0.316596875 0.6391453125 0.334671875 0.5341953125 0.33442343750000003 0.53024375 0.3290109375 0.529921875 0.1992015625 0.25468125 0.1991109375 0.254621875 0.234671875 0.4789078125 0.234496875 0.4789078125 0.21834375 0.485803125 0.21824375 0.485734375 0.39082343750000004 0.7623265625 0.3910734375 0.7623328125 0.33482500000000004 0.7527234375 0.33482500000000004 0.7527671875 0.31653125000000004 0.7622921875 0.3166453125 0.7627046875 0.19883125 0.708015625 0.1988125 0.708515625 0.33485312500000003 0.6713796875 0.3349671875 0.672059375 0.1988578125 0.6363390625 0.19903125
10 0.3505125 0.3277734375 0.3354921875 0.327959375 0.3354921875 0.34836093749999997 0.3252828125 0.34845625 0.3251515625 0.36121875000000003 0.3505125 0.360940625 0.3505125 0.3277734375
13 0.6458781250000001 0.5219296875 0.6923171875 0.5221171874999999 0.6923171875 0.43109374999999994 0.64594375 0.43090624999999994 0.6458781250000001 0.5219296875
8 0.5266828125 0.4535484375 0.511971875 0.453625 0.5120828125 0.47031718749999996 0.4507671875 0.47039375000000005 0.4509875 0.40517812500000006 0.374753125 0.40493125 0.37463281249999997 0.46930781250000003 0.363321875 0.46961875 0.36326875 0.6706234375 0.377815625 0.670778125 0.37748593750000003 0.6638671875 0.4762375 0.6641781250000001 0.4761265625 0.6706234375 0.49599843750000006 0.6706234375 0.4961640625 0.6052515625 0.5066484375 0.6049421875000001 0.5060453125000001 0.5270703125 0.4905640625 0.5276140625 0.49023593749999994 0.5216359374999999 0.6422328125 0.5217125 0.6424515625 0.47109218750000004 0.5265203125 0.4708609375 0.5266828125 0.4535484375
10 0.70674375 0.5268671875 0.6971265625 0.5268671875 0.6972578125 0.5996296875 0.6984921875000001 0.599803125 0.6985750000000001 0.6054062499999999 0.7066890625 0.6053859375 0.70674375 0.5268671875
2 0.2908984375 0.45568749999999997 0.2595421875 0.45494375 0.25960937500000003 0.6702515625000001 0.286484375 0.6710890625 0.2860890625 0.663821875 0.3314078125 0.663728125 0.3314078125 0.6714625 0.357690625 0.6707156249999999 0.3578234375 0.4698515625 0.3217265625 0.469478125 0.321790625 0.39457343749999996 0.3175765625 0.3944796875 0.31724687500000004 0.3997890625 0.295509375 0.4001625 0.29544375 0.3946640625 0.2907015625 0.3946640625 0.2908984375 0.45568749999999997
2 0.589825 0.6707890625 0.6090828125 0.6707890625 0.6092203125 0.52705625 0.525490625 0.527440625 0.525490625 0.5996953125 0.5212546875 0.5996953125 0.5208468749999999 0.6705953124999999 0.5451578125000001 0.6711734375 0.5450234375 0.6636390624999999 0.5896874999999999 0.6636390624999999 0.589825 0.6707890625
10 0.6780781250000001 0.316528125 0.7013906249999999 0.316528125 0.701275 0.25901718749999997 0.6782734375 0.25890625 0.6780781250000001 0.316528125
12 0.25457968750000004 0.2346421875 0.25468125 0.1991109375 0.17982343750000002 0.1991109375 0.17982343750000002 0.2343578125 0.25457968750000004 0.2346421875
10 0.5266375 0.448896875 0.5264390624999999 0.4020359375 0.5114875 0.40175625000000004 0.5118171874999999 0.448990625 0.5266375 0.448896875
7 0.36590781250000004 0.3991453125 0.37479375 0.3988890625 0.374753125 0.40493125 0.4776828125 0.405153125 0.4776828125 0.2815125 0.45159374999999996 0.2817078125 0.4518671875 0.246546875 0.3286640625 0.24673906250000002 0.32816875 0.323196875 0.35383906249999997 0.322428125 0.353521875 0.36110625 0.3660890625 0.3610421875 0.36590781250000004 0.3991453125
10 0.6460109375 0.4020265625 0.6458781250000001 0.4264359375 0.6954140625 0.42652812500000004 0.6952140625000001 0.5220234375 0.706678125 0.5221171874999999 0.706678125 0.401840625 0.6460109375 0.4020265625
3 0.25565625000000003 0.4548015625 0.2349390625 0.45528593749999996 0.234825 0.4536765625 0.2039796875 0.45335468749999996 0.20386875 0.595496875 0.255996875 0.5951875 0.25565625000000003 0.4548015625
10 0.5095125 0.605146875 0.51915625 0.6052578125 0.5187593749999999 0.5275578125 0.5092749999999999 0.5275578125 0.5095125 0.605146875
10 0.284496875 0.39508437500000004 0.2818640625 0.3953171875 0.28191875 0.396015625 0.235259375 0.3958625 0.2353703125 0.43755156250000005 0.23569843750000002 0.43770781249999996 0.2357046875 0.44659375 0.2877375 0.44648125 0.2874609375 0.4159703125 0.2845515625 0.4159703125 0.284496875 0.39508437500000004
10 0.5301437499999999 0.466496875 0.5690734375 0.46584531250000005 0.568940625 0.401840625 0.5301437499999999 0.4021203125 0.5301437499999999 0.466496875
9 0.45405468750000005 0.4617265625 0.5086906250000001 0.46156406250000004 0.5083484375 0.4100484375 0.45428125 0.41020781250000005 0.45405468750000005 0.4617265625
10 0.6784125000000001 0.2519203125 0.7014750000000001 0.2516734375 0.7014171874999999 0.198740625 0.6784703125 0.198740625 0.6784125000000001 0.2519203125
6 0.57243125 0.46584531250000005 0.64215 0.46606718750000004 0.6423875 0.40189531250000005 0.631240625 0.40234218750000006 0.6311625000000001 0.39999375000000004 0.62958125 0.3998828125 0.6297406249999999 0.3950765625 0.5969359375 0.3954125 0.5970140625 0.399771875 0.5955125 0.3998828125 0.59535625 0.40223125 0.5725890625 0.40189531250000005 0.57243125 0.46584531250000005
10 0.477709375 0.2764375 0.4776421875 0.24644062500000002 0.45478593749999996 0.24625312500000002 0.45471874999999995 0.276253125 0.477709375 0.2764375
10 0.20382656250000003 0.6705046875 0.2274453125 0.6706375 0.227584375 0.5998015624999999 0.20382656250000003 0.5995328125 0.20382656250000003 0.6705046875
12 0.5499015625 0.316240625 0.6301515625 0.316796875 0.6301515625 0.1999578125 0.5500984375 0.1999578125 0.5499015625 0.316240625
13 0.3627078125 0.36569375000000004 0.325525 0.36583125 0.3247671875 0.46510625 0.3716234375 0.4644375 0.371340625 0.40352812499999996 0.36251875 0.40352812499999996 0.3627078125 0.36569375000000004
11 0.3173484375 0.38606093750000003 0.3216609375 0.385978125 0.322225 0.33847187500000003 0.2819484375 0.338246875 0.2818359375 0.38589843749999997 0.2953796875 0.38589843749999997 0.2953796875 0.394271875 0.29583593750000003 0.394271875 0.295721875 0.39571875 0.3174625 0.3955609375 0.3173484375 0.38606093750000003
2 0.6984921875000001 0.599803125 0.6936546875 0.599803125 0.6940359375 0.5266859375 0.6128390625 0.52681875 0.613028125 0.6706375 0.6307671874999999 0.6711734375 0.6306734374999999 0.6632609375 0.675634375 0.6631265625 0.675634375 0.6706375 0.6984921875000001 0.6706375 0.6984921875000001 0.599803125