10 0.48143281250000003 0.6552718750000001 0.488153125 0.6564640625 0.488896875 0.6360078125 0.48530625 0.6353765625000001 0.486965625 0.593921875 0.4838671875 0.5931578125 0.48143281250000003 0.6552718750000001
3 0.43396875 0.256534375 0.470234375 0.25651250000000003 0.470234375 0.21636093750000002 0.45085 0.21638281250000002 0.45085 0.2058625 0.4340078125 0.205840625 0.43396875 0.256534375
6 0.49727499999999997 0.864496875 0.49848125000000004 0.8648546874999999 0.49994375 0.8269703125 0.49879843749999997 0.8268093750000001 0.499146875 0.8169625 0.4785859375 0.8128500000000001 0.478203125 0.8232593749999999 0.47071406250000003 0.8218875000000001 0.4706140625 0.8246781249999999 0.4671609375 0.82369375 0.466146875 0.850053125 0.46956406250000005 0.8513171875 0.469334375 0.8579015625 0.4858828125 0.8613015624999999 0.485359375 0.8726203124999999 0.49688125000000005 0.874928125 0.49727499999999997 0.864496875
8 0.5097031249999999 1 0.509678125 0.9452468749999999 0.5152953124999999 0.8016921874999999 0.5593375 0.8102921875 0.56493125 0.66725 0.5464249999999999 0.6636609375 0.5061203125 0.6561359375 0.5001078125 0.7950828125 0.5011734375 0.7954421875000001 0.495309375 0.9479875 0.4953453125 1 0.5097031249999999 1
1 0.54030625 0.2087390625 0.5540406250000001 0.20860625000000002 0.554059375 0.15306718749999998 0.540425 0.152984375 0.54030625 0.2087390625
1 0.513953125 0.9573140625000001 0.5553859375 0.957228125 0.5553484375 0.9510500000000001 0.5605 0.82011875 0.519246875 0.8119765624999999 0.5139796875 0.947625 0.513953125 0.9573140625000001
10 0.46093906249999994 0.6403703125 0.46559375000000003 0.6413984375 0.4643703125 0.6717953125 0.47431093750000003 0.6737656249999999 0.4748953125 0.6598499999999999 0.4746140625 0.6597390625 0.47489375 0.6539421875 0.47959218750000004 0.6547953125 0.482096875 0.5932062499999999 0.462946875 0.5894546875 0.46093906249999994 0.6403703125
7 0.46934062499999996 0.7885390625 0.47951249999999995 0.7907171875000001 0.478884375 0.806528125 0.49932968750000006 0.8103890625 0.5048328125 0.6836671875 0.5038671875 0.6836125 0.5046328124999999 0.66535625 0.4760171875 0.6599578125 0.47533906249999996 0.6776703125 0.45324375000000006 0.6730859375 0.44877500000000003 0.7855875 0.45755468749999995 0.78745 0.45689531250000004 0.8025625 0.46866250000000004 0.8047765625000001 0.46934062499999996 0.7885390625
10 0.48457343750000004 0.864528125 0.4687046875 0.8614015625 0.46709531249999997 0.9054 0.48271718750000003 0.9086062500000001 0.48457343750000004 0.864528125
10 0.47050625 0.8183921875 0.4767953125 0.819628125 0.4778234375 0.79391875 0.4707328125 0.7924109374999999 0.4701671875 0.8050484375 0.47094375 0.8052703125 0.47050625 0.8183921875
0 0.21875 0 0.21875 1 0.78125 1 0.78125 0 0.21875 0
10 0.45582500000000004 0.7905125 0.4484609375 0.7889609375 0.44795937500000005 0.8013484375000001 0.4553328125 0.8027203125 0.45582500000000004 0.7905125
10 0.5703078125000001 0.563259375 0.555303125 0.560371875 0.5533609375 0.61053125 0.56831875 0.6135234374999999 0.5703078125000001 0.563259375
10 0.4937765625 1 0.4937765625 0.9999265625 0.4739484375 0.9999703125 0.47398749999999995 0.9107015625000001 0.4666046875 0.9092828125000001 0.46537656250000003 0.9421062499999999 0.4653875 1 0.4937765625 1
2 0.5537359375 1 0.5537484375 0.966878125 0.5112109375 0.966878125 0.5112234375 1 0.5537359375 1
2 0.5526921875 0.5629906250000001 0.509846875 0.55468125 0.506275 0.6495875 0.5489390625 0.6583812499999999 0.5526921875 0.5629906250000001
10 0.49633281250000005 0.87853125 0.48566875 0.8764609374999999 0.48428125 0.9125890625 0.4950046875 0.9126109375 0.49633281250000005 0.87853125
1 0.5684640625 0.6173421875 0.5542515625 0.61456875 0.55268125 0.6590390625 0.5664765625 0.6617984375 0.5684640625 0.6173421875
13 0.4935015625 0.9164687499999999 0.47570625 0.9164937500000001 0.47569531249999997 0.99596875 0.493490625 0.99596875 0.4935015625 0.9164687499999999
10 0.45318437500000003 0.6694609375 0.46278125000000003 0.67139375 0.4638671875 0.6445078125 0.4603859375 0.643809375 0.46039531250000004 0.6426624999999999 0.454209375 0.6414953125 0.45318437500000003 0.6694609375
2 0.536684375 0.1532359375 0.5343421875 0.1532359375 0.53425 0.1534828125 0.490365625 0.1531875 0.490325 0.2164515625 0.4712109375 0.2165625 0.4712015625 0.256534375 0.5366640625 0.256603125 0.536684375 0.1532359375
3 0.508965625 0.5544828125000001 0.46459687499999996 0.5456828125000001 0.46315 0.5856796875 0.50710625 0.59424375 0.508965625 0.5544828125000001
8 0.49155 0 0.4915421875 0.0046328125 0.4911609375 0.004696875 0.49113125 0.0222390625 0.4900640625 0.0221703125 0.4902375 0.14451875 0.49042812500000005 0.144540625 0.4903765625 0.14700156250000002 0.5344734375 0.1467984375 0.5345453124999999 0.1470203125 0.5527484375 0.14708749999999998 0.552753125 0 0.49155 0
1 0.457828125 0.1281109375 0.4305875 0.1282859375 0.4304546875 0.183475 0.45777343750000005 0.18348124999999998 0.457828125 0.1281109375
13 0.45278124999999997 0.2122234375 0.488384375 0.21229218749999998 0.48836562499999997 0.1563828125 0.459953125 0.1564265625 0.459903125 0.18837187500000002 0.4528 0.188328125 0.45278124999999997 0.2122234375
13 0.4898234375 0.6562812499999999 0.5040171875 0.6593656250000001 0.5064328125 0.598553125 0.48861875 0.594659375 0.487128125 0.6320203125 0.4906625 0.63279375 0.4898234375 0.6562812499999999
11 0.554078125 0.21285156249999998 0.5392328125 0.2128125 0.539209375 0.2587625 0.5540812500000001 0.2587875 0.554078125 0.21285156249999998
10 0.4667734375 0.1273828125 0.45963281250000004 0.1274265625 0.459621875 0.15269375000000002 0.46667500000000006 0.1526515625 0.4667734375 0.1273828125
7 0.46838125 0.1445765625 0.48898125 0.14451875 0.48895625000000004 0.1292890625 0.490159375 0.129353125 0.49000625 0.004696875 0.4381765625 0.0043671874999999995 0.43820312499999997 0.1236109375 0.46839375 0.12345781250000001 0.46838125 0.1445765625
10 0.45105000000000006 0.18785625 0.4303265625 0.18785625 0.43035625 0.20235625000000002 0.45103125000000005 0.20237656249999997 0.45105000000000006 0.18785625