2 0.23417609062500003 0.6623478453125 0.26775700625 0.7457309484375 0.330050915625 0.7204648046875 0.296236165625 0.6377153718749999 0.23417609062500003 0.6623478453125
8 0.6769251015625 0.42818235156249995 0.7100337140625 0.5125630640625001 0.667345346875 0.5314234046874999 0.685951771875 0.577474125 0.7518582015625 0.5530730234375001 0.6602933703125 0.32963368437499996 0.681550325 0.321316546875 0.6645464453125001 0.2790931875 0.6228763671875 0.29602454843750003 0.6769251015625 0.42818235156249995
5 0.1477083234375 0.5419416046875 0.1042013875 0.55960599375 0.11423523437500001 0.5836848875 0.120028246875 0.5813442234374999 0.12808570625 0.5865361171875 0.1489856421875 0.638337396875 0.17740301875 0.626873015625 0.16899363437499998 0.6057928687499999 0.1711387265625 0.596328825 0.23388574687500002 0.5708547187499999 0.218457946875 0.53270278125 0.1929526203125 0.5429313484375 0.18495689843750002 0.5377077453125 0.15593096875 0.46554471406250003 0.12229055 0.47919539218749996 0.1477083234375 0.5419416046875
13 0.191252746875 0.48447506249999994 0.2074809703125 0.5248664140625 0.2444315921875 0.5097963125 0.22840287187500002 0.4694862625 0.191252746875 0.48447506249999994
13 0.7152045625000001 0.451160128125 0.7416325140625 0.440617028125 0.7271259328124999 0.405082603125 0.71312175625 0.4109700625 0.7143352468749999 0.41406694218749995 0.702404075 0.4188682359375 0.7152045625000001 0.451160128125
7 0.2992453 0.5724177781249999 0.326757090625 0.6398699640625 0.389174821875 0.61417704375 0.37791418593750004 0.5862954984375001 0.34517246562500004 0.599637803125 0.3293063546875 0.560272646875 0.2992453 0.5724177781249999
10 0.2640909453125 0.576650846875 0.2728621328125 0.5986271640624999 0.281522428125 0.5948173078125001 0.27078069843749997 0.568295584375 0.2417830875 0.5799715671875 0.2437065296875 0.5848097140624999 0.2640909453125 0.576650846875
10 0.6989997921875 0.2311265609375 0.6915211265625001 0.2345914421875 0.723873246875 0.31491731875 0.7315583578125 0.31141205312500003 0.6989997921875 0.2311265609375
1 0.37073696875 0.6302033609375 0.40136297968749995 0.7057362171875 0.39419116875000004 0.70871036875 0.39347528593750003 0.7068747109375 0.3420367671875 0.7274475921875 0.3428381484375 0.7293597140625 0.334610515625 0.7327612578125 0.33277811874999996 0.7279874328125 0.3039414125 0.7396918968749999 0.3164798625 0.7710272406249999 0.42510699687500003 0.7268329687499999 0.40365831874999997 0.673672915625 0.4010864890625 0.674769621875 0.38097893437499997 0.6260843328125001 0.37073696875 0.6302033609375
8 0.2656268140625 0.4891463890625 0.30434140625 0.47373600624999995 0.29235700625 0.444109096875 0.2328920015625 0.46807409375000003 0.33611709843750004 0.723625346875 0.3932757859375 0.7006111609375 0.36270576875 0.6251511375 0.326936275 0.6398386375 0.2656268140625 0.4891463890625
13 0.6949744875 0.26647092968749997 0.667227328125 0.27789289687499996 0.683929603125 0.31882958281249996 0.7117891765625 0.30828634843749997 0.6949744875 0.26647092968749997
10 0.17023409375 0.6059281671875001 0.17406146875 0.615435496875 0.2030390578125 0.6038442609375 0.1965745703125 0.587877865625 0.172153615625 0.59778598125 0.17023409375 0.6059281671875001
10 0.11992802656249998 0.582889434375 0.11465650000000001 0.5849626984375 0.13805438750000001 0.642771609375 0.14787246406250001 0.6388234296874999 0.12726434375 0.5876424546875 0.11992802656249998 0.582889434375
4 0.10195740625000001 0.5535503359375 0.140962590625 0.5377921890625 0.1348878765625 0.5225907828125 0.1390384109375 0.520913725 0.1283232125 0.49463976875000004 0.1241766671875 0.4960805921875 0.1180919265625 0.48102258593749997 0.079009875 0.496670415625 0.10195740625000001 0.5535503359375
0 0.4028095625 0 0.0230122953125 0.1534484625 0 0.4825396125 0 0.5971904375 0.1534484625 0.9769877046875 0.4825396125 1 0.5971904375 1 0.9769877046875 0.8465515375000001 1 0.5174603875 1 0.4028095625 0.8465515375000001 0.0230122953125 0.5174603875 0 0.4028095625 0
13 0.280502315625 0.5988779140625 0.27199906406249996 0.6023682609375001 0.2630650203125 0.5803241671875 0.2449623671875 0.587637015625 0.2680978046875 0.6450328640625 0.29445737968749996 0.63432521875 0.280502315625 0.5988779140625
6 0.2623427125 0.5568306140625 0.2503030609375 0.5270306796875001 0.25396440625 0.52562954375 0.2494866140625 0.514515115625 0.222699290625 0.5250456156250001 0.243281259375 0.5754134093750001 0.2712276265625 0.5640993515625 0.2675155296875 0.5547802078124999 0.2623427125 0.5568306140625
7 0.6502052578125 0.47493078437499997 0.6458229265625001 0.47674200000000005 0.666944875 0.5290866515625 0.709504303125 0.5122942296875 0.675710859375 0.42890409687500003 0.6381316421875 0.445347759375 0.6502052578125 0.47493078437499997
10 0.3580757984375 0.5555555109375 0.363390615625 0.5687443187500001 0.394225346875 0.5562867703125 0.38903262031249997 0.5433007234375 0.3580757984375 0.5555555109375
1 0.4360921234375 0.6597389406249999 0.3955788703125 0.5595986296875 0.36239948437499997 0.5729056296875 0.354489421875 0.55326381875 0.3571392203125 0.552194490625 0.29446190781250003 0.39709609375 0.1719702890625 0.44656889843750003 0.1783178296875 0.46234855625 0.1976726140625 0.4544889078125 0.20438156875 0.4711255515625 0.294640909375 0.4345639125 0.343474665625 0.55553224375 0.3351211703125 0.5589641421875 0.34766159218750003 0.5902040796875 0.38011468125 0.5769575 0.3972388109375 0.6193427671875 0.38579825625 0.6240045078125 0.4048513359375 0.6723811140625 0.4360921234375 0.6597389406249999
12 0.1530509921875 0.45814610624999996 0.13131224375 0.404340809375 0.054085175 0.4352054671875 0.07621925625 0.4896962625 0.1530509921875 0.45814610624999996
10 0.762669240625 0.3734254890625 0.79275895 0.36138573749999997 0.79744689375 0.3724067859375 0.8006840875 0.3710010515625 0.7879490234375 0.33943110781249997 0.7544209828125 0.35304265468749996 0.762669240625 0.3734254890625
3 0.20617310781249998 0.5924899109374999 0.2210947515625 0.6293236421875 0.2538395578125 0.616631575 0.23856507031250002 0.5795350890625001 0.20617310781249998 0.5924899109374999
2 0.6246354515625 0.412656365625 0.6421304015625 0.4057239265625 0.6537013625 0.4343194828125 0.6708627609375 0.426848403125 0.628030209375 0.3215055078125 0.5937407859375 0.3356120234375 0.6246354515625 0.412656365625
10 0.19655709375 0.45854754218749993 0.17965092656249998 0.4655493453125 0.18530496406250002 0.479643709375 0.202216296875 0.4725232265625 0.19655709375 0.45854754218749993
3 0.7670203250000001 0.4029274328125 0.734432153125 0.415843471875 0.7450303953125 0.4424460078125 0.777876003125 0.4293427828125 0.7670203250000001 0.4029274328125
13 0.7186352453125 0.383530009375 0.7003353578125 0.390863525 0.7090997765625 0.412555865625 0.7272105828125001 0.40526081718749996 0.7186352453125 0.383530009375
10 0.69830499375 0.3918774890625 0.6896422765625 0.39518438906250003 0.6973277437500001 0.4143421671875 0.7060041515625 0.41110827499999997 0.69830499375 0.3918774890625
11 0.815110134375 0.528979690625 0.78709358125 0.5401102796874999 0.799329915625 0.5710846078125 0.82754180625 0.5597812859375 0.815110134375 0.528979690625
10 0.799516921875 0.26391346250000003 0.7574624375 0.2812126546875 0.7674705281249999 0.306085434375 0.80967648125 0.2893528765625 0.799516921875 0.26391346250000003
10 0.8207197390625 0.3167367953125 0.81256435 0.320135559375 0.8285933078125 0.359635840625 0.8368169640625001 0.35640318125000003 0.8207197390625 0.3167367953125
7 0.59215099375 0.3320502609375 0.6311533546875 0.31604130625 0.6228721375 0.29595063593750004 0.620275303125 0.2970017375 0.6150493109374999 0.2841778265625 0.579164115625 0.2990639890625 0.59215099375 0.3320502609375
3 0.2549673859375 0.6193183546875 0.22252115312499998 0.6327580703125 0.23317565 0.6591609203125001 0.2657972078125 0.6457898515625 0.2549673859375 0.6193183546875
2 0.779022490625 0.43230027499999996 0.717620471875 0.45791542031250004 0.7528352828125 0.5456183343750001 0.814817453125 0.520554375 0.779022490625 0.43230027499999996
1 0.688744665625 0.24051845312500003 0.6544294078124999 0.2543224296875 0.644674371875 0.22990747968749997 0.5370098640625 0.27321517812499996 0.603385471875 0.43756127031250003 0.6063806125 0.4365035625 0.6137983203124999 0.45489861718749997 0.583268665625 0.46686844687500006 0.6281832359374999 0.5778280703124999 0.6616124906249999 0.564262871875 0.6834591296875 0.6184516296875 0.693135125 0.6141833828125 0.7975036656250001 0.5723603234375 0.7846971421875 0.5410955125 0.7841751546875 0.5413252859375 0.7836579484375 0.540209928125 0.7599167015625 0.549872671875 0.7603919218749999 0.5510508796875 0.7559233609375 0.552818475 0.757872725 0.5576443359375001 0.7465977171875 0.562312953125 0.74604476875 0.5607455640625 0.6897175078125 0.583427875 0.6903018265624999 0.584905046875 0.684092578125 0.5876207140624999 0.637152909375 0.47121593749999996 0.641488784375 0.46885952656249996 0.6103271453125 0.392026765625 0.6113740953125 0.391547065625 0.5970026421875 0.35607377812499996 0.595989034375 0.3563678515625 0.5705767093749999 0.293543703125 0.6173503796875 0.2747231234375 0.6225452296875 0.2873428015625 0.6957000375 0.257864640625 0.688744665625 0.24051845312500003
5 0.730872209375 0.21876976875 0.700113515625 0.2310807015625 0.7331762828125 0.31197315625 0.7019483156249999 0.3251487734375 0.7181873624999999 0.3656317296875 0.7885957125 0.337574821875 0.8018446046875001 0.37053242656249996 0.8276596953125 0.35997309843749997 0.8111197109375 0.3190227 0.8203713078125 0.315402990625 0.8101691531249999 0.2906623078125 0.76709998125 0.308203809375 0.7476162984375 0.2604972359375 0.751965125 0.2587619921875 0.7580571578125 0.2740069 0.7971164828124999 0.2579001171875 0.7741137874999999 0.201204296875 0.7352164890624999 0.21689793750000003 0.7412369328125 0.2321362734375 0.7369868078125 0.23413999218749998 0.730872209375 0.21876976875
2 0.269275809375 0.49132655312500007 0.2990348625 0.564496303125 0.3353755140625 0.550376590625 0.3056270875 0.4764949109375 0.269275809375 0.49132655312500007
10 0.6052344203125 0.44082162656249996 0.5772967078125 0.4521911109375 0.581942534375 0.46341126875 0.6099143515625001 0.45206923125 0.6052344203125 0.44082162656249996
6 0.693303146875 0.3215745109375 0.6621131734375 0.33335563125 0.682341153125 0.3829170796875 0.6845960671875 0.381984603125 0.688509759375 0.391444715625 0.7175363765625 0.37995871875 0.7116934453125 0.36677370625 0.7148770796874999 0.36573074375000003 0.703811078125 0.33959045468750004 0.7011783031250001 0.3398339578125 0.693303146875 0.3215745109375
10 0.1722668390625 0.45847797031250004 0.1564786578125 0.4648578078125 0.1853360515625 0.5368774843749999 0.192782675 0.54139700625 0.2037216484375 0.5372108109375 0.1722668390625 0.45847797031250004
3 0.7513118046875 0.36345895625 0.7186203984375 0.3765745296875 0.73304413125 0.412912946875 0.7658416031249999 0.399333328125 0.7513118046875 0.36345895625
10 0.15401780625 0.45805081562499994 0.1691159890625 0.45188430312500005 0.1474445140625 0.39765453906250003 0.1322829703125 0.40425675625 0.15401780625 0.45805081562499994
10 0.6789231375 0.21593439062500003 0.6470484859375001 0.22865911093750002 0.65567144375 0.250000103125 0.6875906328125 0.23735524687499998 0.6789231375 0.21593439062500003
11 0.27348306718750004 0.7520755203125 0.285745940625 0.782558315625 0.313917446875 0.77127253125 0.30142045156249997 0.7407107125 0.27348306718750004 0.7520755203125
3 0.64031713125 0.4062988390625 0.6248959515625 0.413030134375 0.6364448281249999 0.4414487203125 0.6519147109375 0.43527530625 0.64031713125 0.4062988390625