10 0.7695833875 0.2341880671875 0.7606821140625 0.23356668906250003 0.75901549375 0.2562907234375 0.7679602609375 0.2569831921875 0.7695833875 0.2341880671875
0 0.38915266875 0 0.0217634 0.1713164296875 0 0.4825387265625 0 0.61084733125 0.1713164296875 0.9782366 0.4825387265625 1 0.61084733125 1 0.9782366 0.8286835703125 1 0.5174612734374999 1 0.38915266875 0.8286835703125 0.0217634 0.5174612734374999 0 0.38915266875 0
10 0.20687511406249998 0.6630191828124999 0.20056376562499997 0.6626020828125 0.19924892656249998 0.6812519828125 0.205534984375 0.6816481203125 0.20687511406249998 0.6630191828124999
10 0.7185984109375 0.1512557625 0.7037458078125 0.1502166359375 0.703184628125 0.1582450640625 0.718040165625 0.1592535140625 0.7185984109375 0.1512557625
5 0.3713079 0.56891126875 0.32896818906249997 0.5657146828124999 0.32143312968750004 0.6721803953125 0.36388042187499997 0.6751492390625 0.3713079 0.56891126875
3 0.6036298625 0.143739340625 0.5796653046875 0.1420632921875 0.5743832984374999 0.2185664390625 0.5984898640625 0.2201107546875 0.6036298625 0.143739340625
10 0.25460801875 0.11593063749999999 0.25242491718750004 0.11577801875 0.252448803125 0.1154410390625 0.23498510781249998 0.1142816390625 0.23481020937500002 0.11679407500000001 0.233869025 0.11672781562500001 0.23253094062500002 0.1361005796875 0.2531281671875 0.13749868125 0.25460801875 0.11593063749999999
7 0.25264005156249997 0.1954553703125 0.304272 0.19900999531250002 0.308126596875 0.14517450625 0.295362084375 0.1444650515625 0.2951128703125 0.1486741046875 0.2557458171875 0.145796409375 0.25264005156249997 0.1954553703125
11 0.584456615625 0.29682078125 0.5665532859375 0.295480203125 0.5648322859375 0.3198363890625 0.5827380015625 0.321089653125 0.584456615625 0.29682078125
2 0.31573724062499997 0.7459991359375 0.27559662500000004 0.7431373531250001 0.2705458328125 0.8169345734375 0.3106464390625 0.8197512218749999 0.31573724062499997 0.7459991359375
1 0.2315303046875 0.11421171249999999 0.2035015671875 0.11235681718749999 0.201994253125 0.13390663593750002 0.23004937343749998 0.13592163125 0.2315303046875 0.11421171249999999
10 0.36373588125 0.7242152390625 0.3534251578125 0.7234477015625 0.35182238906249996 0.746035071875 0.3621602234375 0.74673135 0.36373588125 0.7242152390625
3 0.18336357812499998 0.6321233921875 0.161101375 0.63059311875 0.155601728125 0.7092286578125 0.1781902203125 0.7108671078125 0.18336357812499998 0.6321233921875
10 0.6571234640625 0.699819884375 0.6205989 0.6972666109375 0.6180072546875001 0.7349141703125001 0.654468575 0.737786571875 0.6571234640625 0.699819884375
1 0.27308726562499996 0.636160934375 0.274619734375 0.6150976296875 0.2675911078125 0.6146064078125 0.2689633421875 0.594981528125 0.2431357796875 0.5931294515625 0.2403348640625 0.6336520046875 0.27308726562499996 0.636160934375
10 0.292982028125 0.69064530625 0.27267039843749996 0.689386425 0.27103383281250004 0.712622271875 0.29139250781250003 0.7140781671875 0.292982028125 0.69064530625
1 0.2493475359375 0.2756667140625 0.211756253125 0.273010896875 0.210290490625 0.295137853125 0.3906285859375 0.3076334875 0.39154626875 0.2945649921875 0.39084786875 0.2944906859375 0.39151749687500004 0.2855376046875 0.30224121875 0.2793243171875 0.3026713921875 0.273174103125 0.24978666718750003 0.269546803125 0.2493475359375 0.2756667140625
13 0.32885004375000004 0.6814865343750001 0.2954456109375 0.6791506265625 0.29301547656250004 0.7139058109375 0.326509203125 0.716248353125 0.32885004375000004 0.6814865343750001
10 0.3479878578125 0.14306342968750002 0.3613117953125 0.1439447515625 0.3604161859375 0.156742625 0.367888565625 0.1572131171875 0.3701772359375 0.12395139531249999 0.3494618421875 0.1225032296875 0.3479878578125 0.14306342968750002
6 0.398198503125 0.1665037296875 0.3870436109375 0.16575227343750001 0.38736590937500004 0.161145371875 0.37110186875 0.1599817 0.3707786234375 0.1645976640625 0.363674671875 0.16410018906249998 0.3609842234375 0.20293340468749999 0.3955232203125 0.20544710781250003 0.398198503125 0.1665037296875
6 0.571283415625 0.6814359640625 0.5696567328125 0.7047706453125 0.5729715015625 0.705002415625 0.5723101296875 0.71444644375 0.5984150109375 0.7163312609375 0.5989675531249999 0.7071862421875 0.6003022578125 0.70727933125 0.6021029578125 0.682180853125 0.5747008265625 0.6802647859375 0.5746038484375 0.6816650937500001 0.571283415625 0.6814359640625
10 0.5759438140625 0.662632809375 0.5748521765625 0.6778978046875 0.6007426125 0.6797257343750001 0.6018079968750001 0.664500565625 0.5759438140625 0.662632809375
7 0.68347510625 0.7439196953125 0.6161178421875 0.7394656734375 0.6122794890625001 0.7939090656250001 0.6795976234375 0.7985416703125 0.68347510625 0.7439196953125
10 0.346092990625 0.1222553 0.3300192125 0.12121496406250001 0.32925280468749996 0.13217511875000001 0.3453896625 0.1331325953125 0.346092990625 0.1222553
1 0.6864966328125 0.70207710625 0.658816059375 0.700092615625 0.6559698625 0.739560490625 0.68370624375 0.7414724078125 0.6864966328125 0.70207710625
1 0.200656246875 0.792667903125 0.20089303281249998 0.7896300875 0.1740134640625 0.7877255015625 0.17381765 0.790747659375 0.167810153125 0.7903388609374999 0.16621325 0.8131976156249999 0.2015183578125 0.8156868140625001 0.20314509374999998 0.7928107 0.200656246875 0.792667903125
11 0.1663397609375 0.7881505609375 0.1477007125 0.786847903125 0.14591080781250002 0.8118327328125 0.1646563421875 0.813101253125 0.1663397609375 0.7881505609375
2 0.623066265625 0.22377548749999998 0.5741939031250001 0.22030465000000002 0.5693262375 0.28993225312500004 0.618320759375 0.293358196875 0.623066265625 0.22377548749999998
13 0.226182090625 0.1937265765625 0.2492798578125 0.1952999515625 0.2512590578125 0.1669942984375 0.2438777125 0.1663899828125 0.245308 0.1454846640625 0.2296678140625 0.1443093765625 0.226182090625 0.1937265765625
10 0.4202837875 0.1617169109375 0.4036130359375 0.16044635937500001 0.401835734375 0.1862235375 0.41846944375 0.1873148234375 0.4202837875 0.1617169109375
10 0.3955098078125 0.20803595625 0.3866057984375 0.20741240625000001 0.3850289046875 0.23028079531249998 0.3939550375 0.230785415625 0.3955098078125 0.20803595625
10 0.21048485 0.6895531015625 0.20614791562499998 0.689225596875 0.204527478125 0.7125108171875 0.20886791875 0.7127866890625 0.21048485 0.6895531015625
1 0.3408865671875 0.15659140625 0.3423433984375 0.13530304375 0.3274447328125 0.1342612609375 0.3284092140625 0.1209381984375 0.2576997328125 0.1161647015625 0.2561909 0.13774453749999999 0.295472753125 0.1404912828125 0.29539843593750004 0.1415482859375 0.308774475 0.14244151562500001 0.3088462296875 0.141427084375 0.31420109687500003 0.141800575 0.313311453125 0.154533603125 0.3408865671875 0.15659140625
10 0.27647813593750004 0.595025371875 0.27056295 0.5946407640625 0.2692437109375 0.6125306968750001 0.27520864375 0.6129110703125 0.27647813593750004 0.595025371875
1 0.5558078015625 0.8613137656250001 0.5541497468750001 0.8844406749999999 0.5840425875 0.886584871875 0.5858706890625001 0.8604323046875001 0.5590902234375 0.8585590859375 0.5588601515625 0.8615558421875 0.5558078015625 0.8613137656250001
8 0.6026750375 0.5705953234375001 0.5997827734375 0.6123121234375 0.6069917 0.6127796125 0.5880912453125 0.883059125 0.6733861703125 0.8889532265625 0.6795976234375 0.7985416703125 0.612264484375 0.7938953734374999 0.627857359375 0.5723207218749999 0.6026750375 0.5705953234375001
13 0.7359850734375 0.1918209875 0.702553909375 0.18954236875 0.700130790625 0.22419428749999998 0.7335777140624999 0.226484521875 0.7359850734375 0.1918209875
4 0.3234473890625 0.5963596984375 0.2913385828125 0.5941144140625 0.287575078125 0.64794190625 0.3196916546875 0.6500818500000001 0.3234473890625 0.5963596984375
3 0.5719070046875 0.7149757812499999 0.5432626046875 0.71288386875 0.5391170125 0.77368565 0.56761453125 0.7754736640625 0.5719070046875 0.7149757812499999
12 0.5776472 0.565160190625 0.539505803125 0.56245229375 0.5325637734375 0.6617195 0.5707109515625 0.6643436703125001 0.5776472 0.565160190625
8 0.212575028125 0.70840648125 0.20519617031249998 0.8123788203125001 0.26742987500000004 0.8166411265625 0.272632034375 0.7404251984375 0.35039715625 0.7459548890625001 0.3522113015625 0.720389825 0.25660113125 0.71402165625 0.25677233125 0.7115678390625 0.212575028125 0.70840648125
2 0.361979565625 0.7492499203125 0.317569965625 0.7461065296875 0.3124041015625 0.819919478125 0.356916059375 0.8229496265625 0.361979565625 0.7492499203125
13 0.5693452234375 0.775554503125 0.592323034375 0.7770665812499999 0.594297053125 0.7487202421875 0.586970525 0.7482076 0.588479065625 0.7273037203125 0.5727840890625 0.72626604375 0.5693452234375 0.775554503125
10 0.25411312656249996 0.1459664046875 0.24702942499999997 0.1456232703125 0.245615934375 0.16430193125 0.252799475 0.16475195 0.25411312656249996 0.1459664046875
2 0.2491626765625 0.19766996406249998 0.2001815609375 0.19423949375 0.19533761875 0.2637663859375 0.2443688703125 0.2671527890625 0.2491626765625 0.19766996406249998
10 0.5789446703125 0.59388950625 0.598356790625 0.5952454421875 0.5995624 0.5766533734375 0.5973693046874999 0.5764571421875 0.59806045 0.566563053125 0.581030315625 0.5653721593750001 0.5789446703125 0.59388950625
2 0.7625451359375 0.33004346406249996 0.7674865468750001 0.25937981250000003 0.6929589296875001 0.2542489484375 0.6920893859375 0.2666812421875 0.6835920171875001 0.266090471875 0.6795168625 0.324263021875 0.7625451359375 0.33004346406249996
2 0.3078118515625 0.265353275 0.3087670046875 0.265419915625 0.30835067656250004 0.2716774609375 0.39033014062500004 0.2774418296875 0.393393303125 0.23333341718749998 0.3189478046875 0.22821598125000003 0.3181289859375 0.2405315234375 0.30950759375 0.2399003171875 0.3078118515625 0.265353275
10 0.356208875 0.1502636859375 0.34304400468749996 0.149342671875 0.34215929375 0.1619975421875 0.3552674484375 0.1628708703125 0.356208875 0.1502636859375
8 0.3084735265625 0.22478695312500002 0.383273890625 0.23009233906249998 0.3850919765625 0.2046133640625 0.25264005156249997 0.1954553703125 0.24790542656249998 0.2611091171875 0.305698028125 0.265223521875 0.3084735265625 0.22478695312500002
11 0.5543921765625 0.859065446875 0.5351136078125001 0.8577592953125001 0.5333521140624999 0.882753290625 0.5526431406250001 0.8840639765624999 0.5543921765625 0.859065446875
13 0.17980011093749998 0.71086635625 0.20290923125 0.71235685625 0.2048908890625 0.6840379890625 0.19758004843750002 0.6834628609375 0.19904423437500002 0.662519321875 0.1833141234375 0.6612325296875 0.17980011093749998 0.71086635625
2 0.208658390625 0.7152618296875 0.15547199218750002 0.711597628125 0.1506199734375 0.7809851921875001 0.203881034375 0.7846542296875 0.208658390625 0.7152618296875
10 0.3269013375 0.1632835046875 0.3100882109375 0.162106928125 0.30772471874999996 0.19718618593749998 0.3244610390625 0.1982572078125 0.3269013375 0.1632835046875
10 0.7007114328124999 0.1895360671875 0.684175253125 0.1883803390625 0.6816798515625 0.223272846875 0.6983841671875 0.224363965625 0.7007114328124999 0.1895360671875
10 0.36663124687500004 0.68253836875 0.35638413125 0.6818221999999999 0.35362165624999997 0.7209889828125 0.3638666953125 0.7217043953125 0.36663124687500004 0.68253836875
6 0.35423771406250004 0.6766683109375 0.33772100781250003 0.675413853125 0.3373922625 0.6804358046875 0.33065945937499996 0.6799652468749999 0.3281761515625 0.716743375 0.3341460578125 0.717223146875 0.3339623390625 0.719239728125 0.3522113015625 0.720389825 0.354925053125 0.6815991890624999 0.353898728125 0.6815278078125 0.35423771406250004 0.6766683109375
7 0.683939278125 0.1496083734375 0.63187625625 0.145968571875 0.6265736000000001 0.22207620156250002 0.6784344421874999 0.2256706328125 0.683939278125 0.1496083734375
10 0.5902647890625 0.7251400734375 0.588812359375 0.745909175 0.5958658015625 0.7464388234375 0.5978139078125 0.7185804 0.57345951875 0.7168447687499999 0.5729374140625 0.723929175 0.5902647890625 0.7251400734375
10 0.2879226171875 0.593902246875 0.28119275 0.5934010125 0.277289525 0.6495279984375 0.28404621875 0.64996845 0.2879226171875 0.593902246875
10 0.6876240484375 0.6919244109375 0.6727512234375 0.6909602265625 0.67217521875 0.6986869671875 0.687059921875 0.69970250625 0.6876240484375 0.6919244109375
13 0.3619366984375 0.16566746875 0.3284660015625 0.1633262546875 0.326079503125 0.197993853125 0.35947532187500003 0.2004148078125 0.3619366984375 0.16566746875
8 0.677496209375 0.3241260265625 0.6825151296875 0.2508557046875 0.7573107546875 0.25623226250000003 0.759160146875 0.23086109531250001 0.6784344421874999 0.2256706328125 0.6377233062500001 0.22281283749999997 0.6375593140625 0.2251564046875 0.6263444171875 0.22429845468749998 0.61959343125 0.320078515625 0.677496209375 0.3241260265625
2 0.6741787046875001 0.6414770046875 0.6250819 0.6382384046875 0.621069084375 0.6949992140625 0.6702224578125 0.698470040625 0.6741787046875001 0.6414770046875
10 0.735194046875 0.1700636734375 0.7344113375 0.1828485546875 0.7418784984375 0.18340768125 0.7442054984375 0.1501246375 0.72355741875 0.1486433578125 0.7220131296875001 0.169141521875 0.735194046875 0.1700636734375
13 0.600197146875 0.21987149687500002 0.6232384453125001 0.22151602812500001 0.62520485 0.1930646265625 0.6179308140625001 0.19252405781249998 0.6194192562499999 0.1715881734375 0.6036973031249999 0.17048894375 0.600197146875 0.21987149687500002
10 0.6281125828125 0.1721961796875 0.62101976875 0.1717004078125 0.6196664015625 0.19040447968750002 0.6268490671875 0.1909376578125 0.6281125828125 0.1721961796875
10 0.7302498843749999 0.176430984375 0.7171296609375 0.1755132875 0.7161835875 0.1881881515625 0.7293255296875001 0.18907848124999999 0.7302498843749999 0.176430984375
2 0.5921483640625 0.7794427125000001 0.538929703125 0.7760383671875 0.533677109375 0.8520278296875 0.586854846875 0.8552926484375 0.5921483640625 0.7794427125000001
7 0.2068982375 0.68704135 0.21396246562500001 0.687483215625 0.212575028125 0.70840648125 0.26768121875 0.712368496875 0.2733765875 0.6383896640625 0.21057668125 0.633896584375 0.2068982375 0.68704135
1 0.68315785 0.185577384375 0.714590815625 0.18807403125 0.7164146375 0.1613872859375 0.701518046875 0.1603462578125 0.7021820765625 0.1508561671875 0.6856959671875 0.1495564078125 0.68315785 0.185577384375
6 0.7614746265625 0.18721385937499999 0.74505576875 0.1860879 0.7447298906250001 0.1906723359375 0.737727771875 0.190234265625 0.7351958703125 0.2269488515625 0.74154724375 0.22735935624999998 0.741397090625 0.22950337968749998 0.76940241875 0.2316777921875 0.77229256875 0.19264801250000002 0.761149296875 0.19185493125 0.7614746265625 0.18721385937499999
13 0.6050594640625 0.61498399375 0.5804546546875 0.6132289390625 0.5771427515625 0.6605824515625 0.601701146875 0.662245365625 0.6050594640625 0.61498399375
10 0.3221450171875 0.655002959375 0.27706618125000004 0.6517923515625 0.2759029921875 0.66898541875 0.3209888421875 0.6720927609375 0.3221450171875 0.655002959375
10 0.59721969375 0.5998168015625 0.57868476875 0.5984897250000001 0.5780493375 0.6076751203125 0.5965336640625 0.6090119984375 0.59721969375 0.5998168015625
11 0.210379346875 0.2707014234375 0.1924652296875 0.2694486296875 0.190771078125 0.29366644218750004 0.2087257046875 0.29486931250000004 0.210379346875 0.2707014234375
1 0.584280190625 0.321161846875 0.6159980953125 0.32346355937500004 0.6176314921875 0.301367046875 0.6160617515625 0.30125425625 0.6162541421875 0.298638840625 0.589419690625 0.29674597343750003 0.589261190625 0.2993490328125 0.5858471265625 0.299092878125 0.584280190625 0.321161846875
2 0.6788092859375 0.5758959109374999 0.6296738375 0.5724598265624999 0.62539425 0.6334327046875 0.6745368359375 0.636991315625 0.6788092859375 0.5758959109374999
10 0.20438081874999997 0.654146725 0.20610863125 0.6300528625 0.1887254140625 0.6287111171875 0.188385203125 0.6342039015625 0.18584558125 0.6340261640625 0.18453477812500002 0.6527586609375 0.20438081874999997 0.654146725
10 0.60879618125 0.14361975625 0.6061868046875001 0.1434366171875 0.6049022500000001 0.1618224125 0.6257244 0.1632776890625 0.6272140828125 0.1416567859375 0.6090266 0.14040561093749998 0.60879618125 0.14361975625
3 0.22803899843750003 0.1438258828125 0.2239776734375 0.143568121875 0.22424038125 0.1393769125 0.2114564390625 0.13861100625 0.211149065625 0.14254375 0.20381665781249997 0.142118325 0.200334659375 0.1923458046875 0.22454519374999998 0.1940761078125 0.22803899843750003 0.1438258828125
10 0.7943483125 0.1878422109375 0.777647153125 0.186609975 0.77584115 0.2124143296875 0.792563565625 0.2135849328125 0.7943483125 0.1878422109375