13 0.4867842390625 0.23463881875 0.5150834109375 0.24043886875 0.5254761 0.1867765859375 0.497213028125 0.181192071875 0.4867842390625 0.23463881875
0 0.31067608281250003 0 0.12851285625 0.9371485625 0.4518554734375 1 0.6893239171875 1 0.8714871437499999 0.0628514375 0.5481445265625 0 0.31067608281250003 0
2 0.4689961359375 0.962839409375 0.48290317812500005 0.891359396875 0.485331465625 0.8917725140625 0.4882669421875 0.87667079375 0.4555434546875 0.869908871875 0.43568739375 0.97205945 0.46852853124999994 0.9784208359375001 0.4714290796875 0.9634332984375 0.4689961359375 0.962839409375
2 0.5477063796875 0.25937879218750004 0.5617396875 0.1876750109375 0.5642213625 0.1881574 0.5664442875 0.17672144218750002 0.5305593171874999 0.1693959265625 0.5058927703125 0.2968020125 0.5417778859375 0.3037009671875 0.550292903125 0.259813115625 0.5477063796875 0.25937879218750004
3 0.48677692187500005 0.234815671875 0.4758467890625 0.2908088578125 0.5042058046875 0.29634198437500003 0.5150792828124999 0.2405256125 0.48677692187500005 0.234815671875
10 0.5005479515625 0.163740584375 0.49790244531249994 0.177497934375 0.5262261828125 0.183024203125 0.528909003125 0.1691404 0.5005479515625 0.163740584375
9 0.46022823593749995 0.1521658078125 0.44991322812499995 0.20534656718750002 0.48927855468750003 0.2128153609375 0.49951658906249996 0.1598504421875 0.46022823593749995 0.1521658078125
13 0.388241409375 0.9182059515625 0.377819859375 0.9715745203124999 0.412338153125 0.9782253015625001 0.42260578281249994 0.925009865625 0.388241409375 0.9182059515625
7 0.5500635390624999 0.0505814265625 0.554041609375 0.0301160328125 0.524483240625 0.02413648125 0.5211208109375 0.041148076562500004 0.4832642515625 0.033713103125 0.46098074218749996 0.1483518203125 0.5303653296874999 0.16168919375 0.551768890625 0.0507012109375 0.5500635390624999 0.0505814265625
1 0.485120884375 1 0.537837821875 0.7288669140625 0.5212426109375 0.7256061140625001 0.46790899062499997 1 0.485120884375 1
10 0.305199353125 0.9093575859374999 0.2976192578125 0.9477478218750001 0.334356534375 0.9549795546875 0.3417345984375 0.9166296359375 0.305199353125 0.9093575859374999
8 0.5659492 0.16881133125 0.564878575 0.1742045734375 0.5819956984375 0.17753180625 0.58603405625 0.157108375 0.5834907703125001 0.1565662578125 0.605267684375 0.044296271875 0.6079010593749999 0.0444977578125 0.61081476875 0.029450701562499997 0.5762723171874999 0.02280955 0.5795297453125 0.00610066875 0.561153378125 0.002528665625 0.5303967734375 0.16172395625 0.5659492 0.16881133125
3 0.44911313125 0.209143346875 0.43481520468749996 0.2829127125 0.47415038281250005 0.290643059375 0.48849009218750006 0.21666692968749998 0.44911313125 0.209143346875
11 0.437528390625 0.7093655515624999 0.42732027031250003 0.7617425640625 0.45102047812499996 0.7664146796875 0.4612160328125 0.7140941203125 0.437528390625 0.7093655515624999
7 0.40157325000000005 0.76067264375 0.39984804218750003 0.7694579953125 0.402351878125 0.7700147281249999 0.396428540625 0.8005613546875001 0.393892415625 0.800097034375 0.38917981562500004 0.8243003218749999 0.3714200671875 0.8207415296875 0.36776996562500003 0.839748965625 0.377587940625 0.8416319187499999 0.37377075 0.8614743765625 0.43259517656249996 0.8727590624999999 0.4368966796875 0.8505642343750001 0.43883002343750005 0.8509113859375 0.454169175 0.7710156375 0.40157325000000005 0.76067264375
8 0.4895047234375 0.8570862109374999 0.5113999765624999 0.7445431640625 0.513838796875 0.74509044375 0.5178572390625 0.7250642609375 0.4629184171875 0.71445845625 0.45199275625 0.770428634375 0.45425825625 0.7709422234375001 0.433116475 0.8808127499999999 0.3623942703125 0.8668476765625 0.354436846875 0.90765405625 0.42510480156249997 0.921390515625 0.4150656796875 0.972152921875 0.42877098125 0.9743537640625 0.429494953125 0.9707029546875001 0.434088234375 0.9715735140625 0.4545650859375 0.8659016921875 0.4890872453125 0.8723606234375 0.491984403125 0.857652575 0.4895047234375 0.8570862109374999
9 0.41246269375000005 0.7046349390625 0.40159028125 0.7604785781250001 0.42477403125 0.765129890625 0.4356339078125 0.7091214578125 0.41246269375000005 0.7046349390625
1 0.39243387812499997 0.7007528749999999 0.3778356140625 0.7756497109375 0.33069867343750003 0.7664076296875 0.3233666546875 0.8039228749999999 0.3873129671875 0.8161920125 0.409129590625 0.703955215625 0.39243387812499997 0.7007528749999999
10 0.3669936734375 0.8433577703124999 0.3632142640625 0.8630468062500001 0.37135286875 0.8646845015625001 0.37515076875000003 0.8450149781249999 0.3669936734375 0.8433577703124999
2 0.347922596875 0.910196859375 0.34857615000000003 0.9066708437500001 0.3528311375 0.9073737734374999 0.369728340625 0.820477953125 0.3629944859375 0.8192454281250001 0.361912240625 0.8248130953125001 0.3298193796875 0.818557365625 0.33090263750000004 0.8128370874999999 0.322017459375 0.8110685984374999 0.30434138437499997 0.9018894796874999 0.33515692812500003 0.9077313828125 0.33985785156250004 0.8834653390625 0.34152784999999997 0.8837342421875001 0.336818025 0.9080542671874999 0.347922596875 0.910196859375
6 0.3646137484375 0.9726605656249999 0.365330140625 0.9690815031250001 0.3679863671875 0.969542109375 0.37834199687500003 0.9166764531249999 0.3464790609375 0.9102123296875 0.33549009218750003 0.9669421984375 0.3646137484375 0.9726605656249999
1 0.5617770421875 0.30748176250000003 0.5862374546875 0.1819632125 0.5846981265625 0.1817181171875 0.5839045921875 0.18553845625 0.5687396921875 0.18264959375 0.5449948953125 0.304445671875 0.5617770421875 0.30748176250000003
11 0.5715398734375 0.274698528125 0.5652693625 0.308194028125 0.5785406828124999 0.310948803125 0.5850603078125001 0.2775065015625 0.5715398734375 0.274698528125
10 0.379867284375 0.916535209375 0.3695250625 0.9698969125 0.37622164687500004 0.971263859375 0.3866091171875 0.9179396015625001 0.379867284375 0.916535209375
13 0.3662791984375 0.9731084531249999 0.364350321875 0.9829907203125 0.386992165625 0.9873918500000001 0.388898215625 0.977651584375 0.3662791984375 0.9731084531249999
1 0.602107103125 0.1810463140625 0.63407140625 0.01670249375 0.6172901828125 0.0134405546875 0.5853289578124999 0.17795688125 0.602107103125 0.1810463140625
10 0.5291570921875001 0 0.525171734375 0.0206681921875 0.55328759375 0.026060142187500003 0.5575627937500001 0.0035911953125 0.5390769 0 0.5291570921875001 0