6 0.541204709375 0.839905128125 0.5411189640625 0.8435415624999999 0.5269943734375 0.8425368984375 0.52415555625 0.8967047499999999 0.5593720265625 0.898536284375 0.5621170859375 0.8444855625000001 0.5574523625000001 0.84428646875 0.5576461687500001 0.84058841875 0.541204709375 0.839905128125
10 0.5179095015625 0.9338146515625001 0.509528815625 0.9333754375 0.5090043843750001 0.94371059375 0.51736578125 0.9441894765625 0.5179095015625 0.9338146515625001
1 0.45118783906250004 0 0.44609124375000003 0.098636390625 0.4592435265625 0.09941485781250001 0.46444143281250005 0 0.45118783906250004 0
2 0.46801735625 0.12570069374999998 0.4658242921875 0.1670691734375 0.46345601406250003 0.167027984375 0.46265621562500003 0.183214559375 0.49358876562500004 0.184835665625 0.49799486093749995 0.1028820734375 0.4669642609375 0.10128086249999999 0.4656893078125 0.1256084140625 0.46801735625 0.12570069374999998
7 0.5439121359375 0.118652121875 0.5449490421875 0.09886677499999999 0.579852525 0.0998933265625 0.58484214375 0.0037602156249999996 0.5208846031250001 0.00040834218749999997 0.5145970296875 0.11715802812500001 0.5439121359375 0.118652121875
1 0.594644565625 0.17023419374999998 0.6032933859375 0.0047272046875 0.5901551656249999 0.004038659375 0.5815294734374999 0.16940291406250002 0.594644565625 0.17023419374999998
2 0.4644398015625 0.19330767499999998 0.4622557328125 0.234504515625 0.45998072968750003 0.2343852875 0.458097021875 0.2683879890625 0.48915309375 0.26968230000000004 0.49351196406250003 0.1877043265625 0.462487903125 0.18633659062500002 0.4621383609375 0.193215225 0.4644398015625 0.19330767499999998
9 0.5786125484375 0.16944093124999998 0.5795010375 0.152875665625 0.5790096874999999 0.1528467859375 0.5803015015625 0.1278989546875 0.5808413859375 0.1279272484375 0.5821367515625 0.1038073 0.54605858125 0.102057340625 0.5425673640625 0.16756909375 0.5786125484375 0.16944093124999998
1 0.463785396875 0.10625725156250002 0.45060589218749997 0.10566980937499999 0.442153046875 0.267258246875 0.4553396875 0.2677991234375 0.463785396875 0.10625725156250002
6 0.5093075703125 0.22244580468750003 0.5246138218749999 0.2234138234375 0.5231206109375 0.25190597187499997 0.5393863421875 0.2526582859375 0.54072041875 0.2272025953125 0.5380788890625 0.2270313015625 0.5389319343750001 0.21135133125 0.5401849015625 0.211416996875 0.5421032828125 0.1745434265625 0.5408328234375 0.17448310312499998 0.5413188718749999 0.1654774484375 0.513716121875 0.16474745625 0.51312235625 0.1757189171875 0.51179565 0.1756869390625 0.5093075703125 0.22244580468750003
0 0.2445679171875 0 0.192967465625 0.9845952796875 0.48690704374999993 1 0.7554320828125001 1 0.807032534375 0.0154047203125 0.5130929562500001 0 0.2445679171875 0
12 0.514423709375 0.12028605625 0.5122397656250001 0.1609431015625 0.5401002078125 0.1623687828125 0.5400006890625 0.164267740625 0.5414751328125 0.16428712031249998 0.5436722296875 0.12185645781250001 0.514423709375 0.12028605625
8 0.4697443203125 0 0.46530358281249995 0.08406566875 0.46297965625000004 0.0840440140625 0.462410503125 0.0949041109375 0.501166959375 0.0966614375 0.4947136796875 0.2215886578125 0.5089160421875001 0.222602090625 0.5208846031250001 0.00040834218749999997 0.5130929703125 0 0.4697443203125 0
10 0.5784371046875 0.223034884375 0.5808605046875 0.17679365625000001 0.54371859375 0.174681278125 0.5411915984375 0.2207496609375 0.5784371046875 0.223034884375
13 0.5203037921875 0.270693675 0.5226286390625 0.227377859375 0.494396559375 0.2258184828125 0.492115775 0.2693384453125 0.5203037921875 0.270693675
7 0.51442074375 1 0.5171664421875 0.947754240625 0.5072744359375 0.9472827625000001 0.5081665078125 0.92984305 0.46620165 0.9276547171875 0.46260212031250003 0.9987262328125001 0.48690704062499995 1 0.51442074375 1
5 0.553508528125 0.7915202515625 0.5369843296875 0.7906542546875001 0.53452605 0.835889153125 0.5713898296875 0.837725659375 0.5783411515625 0.7034444984375 0.558152846875 0.7028715125 0.553508528125 0.7915202515625
10 0.5364673671875 0.790666278125 0.5253025453125 0.7898808796875 0.5228371375 0.835192071875 0.534127265625 0.83591519375 0.5364673671875 0.790666278125
10 0.4898017015625 0.7631127875 0.48143195937499994 0.762405028125 0.48073531875000003 0.7756977234375 0.4891191265625 0.7761370999999999 0.4898017015625 0.7631127875
2 0.5788565171875 1 0.5803444921875001 0.972547828125 0.5827642609375 0.9725917171875 0.584452178125 0.9403843546875 0.560261475 0.93778193125 0.5570864609374999 1 0.5788565171875 1
11 0.4280761125 0.8065293203125 0.43065900468749996 0.7566477 0.4176288453125 0.7558975375 0.4150736453125 0.8058478890625 0.4280761125 0.8065293203125
3 0.505526196875 0.8457255234375 0.5071068859375 0.8180421859375 0.47702069218750004 0.816035159375 0.47554654531249996 0.8438351687500001 0.48179707031249996 0.8440485265625 0.48163916249999994 0.847061578125 0.4765605546875 0.8469378031250001 0.4744027609375 0.8881109859375 0.4903307859375 0.8887986625 0.4926162328125 0.845189759375 0.505526196875 0.8457255234375
10 0.511874134375 0.8908930875 0.5127121640625 0.8760071703125 0.5144223171875 0.8760967953125001 0.5147007218749999 0.870605403125 0.504251284375 0.870231446875 0.5046699718750001 0.8622424109375 0.4938013875 0.8615366874999999 0.492320196875 0.8897994640625001 0.511874134375 0.8908930875
10 0.5149349703125 0.8177702546875001 0.508662328125 0.8174415187499999 0.50756441875 0.83839089375 0.5199979484374999 0.8391207406250001 0.5236793578125 0.7647552453124999 0.5176579343750001 0.764439675 0.5149349703125 0.8177702546875001
10 0.5859966046875 0.8046901562500001 0.5760848171874999 0.8042677093749999 0.5742342875 0.8379060234375 0.584223315625 0.8385265343749999 0.5859966046875 0.8046901562500001
1 0.4147117171875 0.8091115453125 0.40495623125 0.995705140625 0.41824580468750006 0.9964016171875001 0.42806331249999996 0.8095202484374999 0.4147117171875 0.8091115453125
13 0.4915035203125 0.763391296875 0.49064226718750004 0.7798249937499999 0.48089190468750004 0.779636315625 0.4791988359375 0.81194198125 0.51333539375 0.8138092359375 0.5159398390625001 0.7648299796875 0.4915035203125 0.763391296875
8 0.5847405515624999 0.9335682296875 0.5849471140625 0.9296267640625 0.582564446875 0.92950189375 0.5838660578125 0.9046656656250001 0.5868717046875 0.9047559046875 0.5870958875000001 0.8999109984375 0.4288543390625 0.8923814562500001 0.423388746875 0.996671146875 0.4625896375 0.9987255796875001 0.46621511406250005 0.927636646875 0.5847405515624999 0.9335682296875
10 0.5048918578125 0.8585161046875 0.5053610828124999 0.8495627656250001 0.494202290625 0.8489310187499999 0.493746884375 0.857978959375 0.5048918578125 0.8585161046875
10 0.6074589421875001 0.8058822296875 0.587430178125 0.8048325671875001 0.5856621234375 0.83856908125 0.605695875 0.8395235624999999 0.6074589421875001 0.8058822296875
4 0.5509036140625 0.7846792328125 0.5545451453125 0.7145080234375001 0.5293094640625 0.7131854765625001 0.5256279562499999 0.7834328234375 0.5509036140625 0.7846792328125
13 0.58412761875 0.8958234859375 0.586268615625 0.8515076171875 0.5636832968750001 0.850187846875 0.5614219890625 0.8945005406250001 0.58412761875 0.8958234859375
12 0.6076792515625 0.8050222687499999 0.6126908875 0.7052446906250001 0.5813698078125 0.7036032234375 0.5760874515625 0.8035606281250001 0.6076792515625 0.8050222687499999
2 0.47320812031250004 0.8877683062499999 0.47986925625000004 0.7624874187499999 0.43968001875 0.7604531625 0.4399261984375 0.7551885203125 0.4337939890625 0.7548671437500001 0.4303423265625 0.8213557437500001 0.432532196875 0.821606634375 0.429978253125 0.8709358875 0.42768053281249996 0.8709515921875 0.4269189625 0.8854832125 0.47320812031250004 0.8877683062499999
2 0.5540416921875 1 0.5572992671875 0.9387735734374999 0.5209007812500001 0.936866009375 0.5174394609374999 1 0.5540416921875 1
12 0.5070496671875 0.8446303171875 0.5057428921875 0.8702517265624999 0.5147028609375 0.8706242906250001 0.51336044375 0.8962391390625 0.5227525484375 0.8966359140625 0.5256113828125 0.8427429265624999 0.5181506015624999 0.8421266140625001 0.5180115265625 0.8452580015625 0.5070496671875 0.8446303171875
1 0.597467103125 1 0.6054841046874999 0.846997721875 0.5927247046875 0.8462461046875 0.5896476078124999 0.9053786 0.5890031796875 0.9053448281250001 0.5840558765625 1 0.597467103125 1