13 0.391809375 0 0.38732968749999996 0.004210937499999999 0.391203125 0.02515625 0.3936390625 0.022909375000000003 0.39561718749999997 0.033475 0.40617656249999995 0.0233890625 0.401821875 0 0.391809375 0
6 0.33264375 0.0855109375 0.33592187500000004 0.1032359375 0.349509375 0.090196875 0.34620937500000004 0.0728359375 0.33264375 0.0855109375
13 0.3298109375 0.300871875 0.33475 0.300915625 0.3347796875 0.282575 0.32985000000000003 0.282575 0.3298109375 0.300871875
4 0.3729515625 0.151996875 0.383921875 0.151971875 0.383946875 0.12272968749999999 0.3729515625 0.122653125 0.3729515625 0.151996875
2 0.33785468750000003 0 0.3387484375 0.00466875 0.335515625 0.00781875 0.339934375 0.0305265625 0.358375 0.012978124999999998 0.355965625 0 0.33785468750000003 0
10 0.4016671875 0.066275 0.4023625 0.0655734375 0.40204843749999997 0.063996875 0.4086078125 0.0578375 0.408903125 0.05954374999999999 0.4094171875 0.059009374999999996 0.4035640625 0.02801875 0.3958140625 0.035259374999999996 0.397759375 0.0456953125 0.3948796875 0.0484046875 0.397034375 0.05981875 0.39993124999999996 0.05711406249999999 0.4016671875 0.066275
10 0.3274375 0.0884484375 0.32410937500000003 0.07055625 0.32406250000000003 0.08847031250000001 0.3274375 0.0884484375
1 0.3759296875 0.0906421875 0.3722390625 0.07109375 0.36462812499999997 0.0781984375 0.36831875 0.0977078125 0.3759296875 0.0906421875
7 0.36755625 0.057496875 0.37103593749999997 0.054451562499999995 0.373228125 0.0668484375 0.3725890625 0.0673609375 0.3768125 0.08983593749999999 0.3813796875 0.085446875 0.3810265625 0.08376249999999999 0.39230624999999997 0.07315468750000001 0.3926296875 0.07503125000000001 0.3980546875 0.069746875 0.3857453125 0.0049453125 0.36518125 0.024396875000000002 0.36584062500000003 0.02750625 0.362559375 0.0306578125 0.36755625 0.057496875
2 0.325740625 0.1512265625 0.331184375 0.15126875 0.3312234375 0.1272015625 0.325740625 0.12711406249999999 0.325740625 0.1512265625
6 0.34019374999999996 0.1604953125 0.339459375 0.1605171875 0.33949843749999997 0.17529843750000002 0.363075 0.17525625 0.363075 0.158940625 0.3501859375 0.158940625 0.35014687499999997 0.1553390625 0.34013593750000004 0.1554265625 0.34019374999999996 0.1604953125
8 0.3044375 0.2658890625 0.3384796875 0.265671875 0.338540625 0.14919218750000002 0.3319578125 0.1493671875 0.3319578125 0.2055984375 0.3044375 0.20568593750000003 0.3044375 0.20957187500000002 0.3052890625 0.20957187500000002 0.30526875000000003 0.257896875 0.3044375 0.257853125 0.3044375 0.2658890625
2 0.328925 0.2804640625 0.33798125 0.28052968749999996 0.337990625 0.26870625000000004 0.30444375 0.2687484375 0.3044234375 0.2741625 0.3051859375 0.27414218749999997 0.3051953125 0.30845781250000004 0.30444375 0.30854375 0.3044046875 0.3232828125 0.32890625 0.3232828125 0.328925 0.2804640625
12 0.3714984375 0.1871984375 0.3909359375 0.18722343749999998 0.3910078125 0.16986718750000002 0.3714984375 0.16986718750000002 0.3714984375 0.1871984375
5 0.4001359375 0.18706875 0.40016406250000003 0.151334375 0.3919421875 0.1512734375 0.3919421875 0.1551671875 0.3714984375 0.155046875 0.3714296875 0.1287265625 0.36489531249999996 0.1287265625 0.3570015625 0.0870984375 0.34950625 0.0940953125 0.35495625 0.1229296875 0.3549140625 0.1375296875 0.35155156249999997 0.1375296875 0.351525 0.1558125 0.364484375 0.1558125 0.364525 0.18719375 0.3714984375 0.18719375 0.3714984375 0.1698609375 0.39102187499999996 0.1698609375 0.390965625 0.18719375 0.4001359375 0.18706875
3 0.41010468749999995 0.0584359375 0.4131078125 0.0556453125 0.41292656250000004 0.05370625 0.417778125 0.0491921875 0.41812187500000003 0.0508296875 0.421678125 0.047421875 0.41591093749999997 0.0166421875 0.404003125 0.027121875 0.41010468749999995 0.0584359375
10 0.3931640625 0.0253953125 0.3915328125 0.02699375 0.3934578125 0.037559375 0.392925 0.0381578125 0.394565625 0.0468890625 0.3968140625 0.044846875 0.3931640625 0.0253953125
10 0.3289390625 0.1240328125 0.3383546875 0.1240328125 0.33199375 0.09041875 0.3288828125 0.09325781250000001 0.3289390625 0.1240328125
13 0.34006875000000003 0.3014484375 0.329659375 0.3016171875 0.3297734375 0.321409375 0.34006875000000003 0.3213875 0.34006875000000003 0.3014484375
2 0.325740625 0.19044375 0.33119375 0.1903796875 0.331203125 0.1662890625 0.3257890625 0.16633124999999999 0.325740625 0.19044375
13 0.40275937500000003 0 0.40703281249999995 0.022762499999999998 0.41545156250000004 0.014923437500000001 0.4127296875 0 0.40275937500000003 0
10 0.3661171875 0.2800140625 0.3669671875 0.2800140625 0.3669546875 0.277778125 0.351784375 0.2776234375 0.3518265625 0.2997078125 0.357125 0.29961875 0.357125 0.3016109375 0.36698125 0.3015171875 0.3669671875 0.295534375 0.3660890625 0.2955671875 0.3661171875 0.2800140625
2 0.3669546875 0.1903796875 0.363075 0.1903578125 0.3630546875 0.1766828125 0.3399265625 0.176746875 0.34006875000000003 0.21436562499999998 0.3669546875 0.21443125 0.3669453125 0.21074375 0.366115625 0.21076562499999998 0.366125 0.19528125000000002 0.3669546875 0.1953234375 0.3669546875 0.1903796875
13 0.3340546875 0.0695140625 0.341634375 0.0624203125 0.3396796875 0.052193750000000004 0.3321484375 0.059375 0.3340546875 0.0695140625
10 0.33871562499999996 0.2806796875 0.350946875 0.280571875 0.350946875 0.277440625 0.33871562499999996 0.27741875 0.33871562499999996 0.2806796875
7 0.3387671875 0.2742125 0.357153125 0.2742875 0.357175 0.275821875 0.362540625 0.275696875 0.3625171875 0.26575000000000004 0.36695625 0.2658296875 0.3669796875 0.25813281250000003 0.3660984375 0.2580828125 0.366109375 0.23126562499999997 0.3669796875 0.23129375 0.36695625 0.2161078125 0.3385625 0.2160078125 0.33847031250000004 0.265521875 0.33882500000000004 0.26554687499999996 0.3387671875 0.2742125
13 0.33210937500000004 0.14742187499999998 0.3444421875 0.14734687500000002 0.34445312499999997 0.1284796875 0.33197187499999997 0.1285078125 0.33210937500000004 0.14742187499999998
10 0.39873125 0.0690671875 0.401028125 0.066978125 0.3995890625 0.05918125 0.3973 0.061248437499999996 0.39873125 0.0690671875
10 0.3629046875 0.07605625 0.36320625 0.0779296875 0.3726375 0.06903437500000001 0.370359375 0.05676250000000001 0.36705156250000004 0.059739062499999995 0.3658015625 0.0530515625 0.3534453125 0.064584375 0.357040625 0.08335781249999999 0.35818125 0.082221875 0.3579171875 0.08076093749999999 0.3629046875 0.07605625
2 0.3312046875 0.192003125 0.325065625 0.1920453125 0.325009375 0.16620625 0.3044328125 0.1662203125 0.3043984375 0.17181249999999998 0.305159375 0.17177031250000002 0.30517656249999997 0.198559375 0.3044046875 0.1986015625 0.30441406249999997 0.203971875 0.331225 0.203971875 0.3312046875 0.192003125
2 0.3312359375 0.15288593749999999 0.325009375 0.15288593749999999 0.325040625 0.12726874999999999 0.3043828125 0.1271578125 0.30443125000000004 0.13245625 0.305190625 0.13249687500000001 0.30520468749999996 0.159259375 0.3044 0.1592171875 0.30444375 0.16466875 0.3312671875 0.1648125 0.3312359375 0.15288593749999999
2 0.315075 0 0.3237109375 0.0457609375 0.339240625 0.031171874999999998 0.33478906249999996 0.007270312499999999 0.3380109375 0.0043078125 0.33718593750000003 0 0.315075 0
3 0.3409 0.2998734375 0.350871875 0.2998296875 0.350890625 0.28210625 0.3408609375 0.28214843749999996 0.3409 0.2998734375
3 0.340975 0.3214515625 0.35698281249999997 0.3211765625 0.35698281249999997 0.3015140625 0.34095624999999996 0.30155625 0.340975 0.3214515625
10 0.3786484375 0.815621875 0.38580312499999997 0.815621875 0.3858859375 0.7879562499999999 0.378609375 0.7881375 0.3786484375 0.815621875
10 0.366065625 0.77250625 0.36614843750000003 0.7863390625 0.3858859375 0.7866078125 0.38580312499999997 0.77250625 0.366065625 0.77250625
2 0.41465781249999994 0.7362171875 0.4138 0.73618125 0.4138 0.71273125 0.41465781249999994 0.7126953125 0.41467187499999997 0.70603125 0.394940625 0.70598125 0.395034375 0.73973125 0.414625 0.7396734375 0.41465781249999994 0.7362171875
10 0.32206875 0.772828125 0.31330625 0.7726109375 0.3132859375 0.7876875 0.317996875 0.7877734375000001 0.317959375 0.7943578125 0.3221265625 0.7944015624999999 0.32206875 0.772828125
8 0.3662015625 0.7201875 0.3876203125 0.7199578125 0.38751718749999997 0.75071875 0.3942828125 0.7506437499999999 0.3943078125 0.7041968749999999 0.39435 0.6727125 0.3661671875 0.6725578125 0.366134375 0.6788171875 0.36705625 0.6788171875 0.36705625 0.7136984375 0.3662015625 0.7137781249999999 0.3662015625 0.7201875
10 0.404203125 0.7684515625 0.40642500000000004 0.7686437500000001 0.40647968749999996 0.74141875 0.4043734375 0.74129375 0.404203125 0.7684515625
6 0.385584375 0.767371875 0.3875515625 0.7674296875 0.38755937500000004 0.7680921875 0.388 0.768153125 0.3880296875 0.76951875 0.394184375 0.7693640625 0.3941546875 0.7527765625 0.3855546875 0.7530921875 0.385584375 0.767371875
5 0.3786703125 0.83565 0.3819484375 0.835878125 0.38188125 0.8809890625 0.388625 0.8810359375000001 0.388234375 0.8457234375 0.3946921875 0.8456953125 0.394746875 0.8374515625000001 0.39608750000000004 0.8374515625000001 0.39607187499999996 0.8231171875 0.39470937500000003 0.8230921875 0.39489687500000004 0.7729874999999999 0.3865953125 0.772753125 0.38656250000000003 0.8174859375000001 0.3786703125 0.8177140625 0.3786703125 0.83565
8 0.3552015625 0.8809609375 0.354984375 0.8333234375 0.36890625 0.8332234375 0.3688109375 0.8185671875 0.3340359375 0.8185671875 0.3339875 0.8810968750000001 0.33676093749999997 0.8810546875 0.33676093749999997 0.879234375 0.3523734375 0.8791234375 0.3524078125 0.8810359375000001 0.3552015625 0.8809609375
10 0.4146703125 0.64603125 0.414690625 0.6264546875 0.40782656250000004 0.6263687499999999 0.40782656250000004 0.6369343749999999 0.40497812499999997 0.6369765625 0.40495937499999995 0.6462921875000001 0.4146703125 0.64603125
6 0.37646718749999997 0.8377953125 0.376303125 0.8330624999999999 0.3766984375 0.8330624999999999 0.3766984375 0.8322312500000001 0.3773 0.832253125 0.377309375 0.8184875 0.3697890625 0.8183562500000001 0.3699046875 0.837846875 0.37646718749999997 0.8377953125
10 0.3954875 0.8146390625000001 0.4071296875 0.81425625 0.40721406250000003 0.794346875 0.39540000000000003 0.7941578125000001 0.3954875 0.8146390625000001
7 0.41465781249999994 0.6696265625 0.4146828125 0.6585984375 0.41022187499999996 0.6583875 0.41022187499999996 0.6482625 0.4059984375 0.648209375 0.4060015625 0.64934375 0.40378437500000003 0.6493734375 0.40377343750000005 0.6544328125 0.40014843750000006 0.6544328125 0.400190625 0.6640015625 0.40521406249999997 0.66388125 0.405228125 0.6726828125 0.404734375 0.672715625 0.4046765625 0.6650437499999999 0.3943671875 0.6647968750000001 0.3943078125 0.7041968749999999 0.41465781249999994 0.704290625 0.4146828125 0.693265625 0.413875 0.6931578125 0.41392187500000005 0.6696265625 0.41465781249999994 0.6696265625
10 0.3787375 0.8458062500000001 0.3812171875 0.8458609375 0.381140625 0.8375734375 0.37868124999999997 0.8374874999999999 0.3787375 0.8458062500000001
13 0.364875 0.7974390625 0.364875 0.816771875 0.3766734375 0.8170437500000001 0.376625 0.797603125 0.364875 0.7974390625
10 0.3786796875 0.8810218750000001 0.3812375 0.8809781250000001 0.3812171875 0.8489281249999999 0.3786796875 0.84888125 0.3786796875 0.8810218750000001
2 0.366128125 0.6606625 0.366128125 0.6695234375 0.38781875 0.6695078125 0.39372656250000004 0.6694015624999999 0.39372656250000004 0.6631484375000001 0.3960265625 0.663253125 0.3960046875 0.6541890625 0.38786718750000004 0.6540859375 0.38786718750000004 0.62813125 0.3662140625 0.62810625 0.366128125 0.6367765624999999 0.36705156250000004 0.6368984375 0.36705156250000004 0.6604765625 0.366128125 0.6606625
7 0.33035468749999997 0.8183234374999999 0.34809843749999997 0.8185781249999999 0.34812656249999996 0.7727390625 0.34321406250000003 0.7725500000000001 0.343240625 0.7744234375 0.33255 0.7745453125 0.33255 0.7727390625 0.327496875 0.7727999999999999 0.32759062499999997 0.78253125 0.32363906249999996 0.7823562500000001 0.323559375 0.7966515625 0.3258671875 0.7968234375 0.32580468749999997 0.8051609375 0.3301328125 0.8052859375000001 0.330159375 0.79380625 0.3339 0.7937453125 0.333928125 0.7949953125 0.3305515625 0.79493125 0.33035468749999997 0.8183234374999999
13 0.3950609375 0.74105 0.3950125 0.7681359375000001 0.4034578125 0.76808125 0.40350625000000007 0.7416875 0.3950609375 0.74105
13 0.3885796875 0.6293703125000001 0.3886171875 0.6522828125 0.40288593749999996 0.6523265625 0.403003125 0.6292375 0.3885796875 0.6293703125000001
10 0.3133015625 0.794346875 0.3172171875 0.7942609375 0.3172171875 0.789625 0.313321875 0.7893671875 0.3133015625 0.794346875
10 0.41105468749999996 0.6567578125 0.414028125 0.65665 0.4140765625 0.6493187500000001 0.4110875 0.6493921874999999 0.41105468749999996 0.6567578125
10 0.379053125 0.884328125 0.3791890625 0.905553125 0.4074484375 0.9056640625 0.40736718749999995 0.8841390625000001 0.379053125 0.884328125
10 0.325646875 0.8126562500000001 0.32968593749999997 0.8127953124999999 0.3296875 0.80706875 0.325646875 0.8070187499999999 0.325646875 0.8126562500000001
10 0.39540000000000003 0.792821875 0.4071859375 0.7930109375 0.4071296875 0.772721875 0.3954578125 0.772721875 0.39540000000000003 0.792821875
2 0.373503125 0.8792453124999999 0.37357968750000003 0.8810218750000001 0.3766828125 0.8810218750000001 0.3766640625 0.8399171875 0.3688453125 0.8397984375 0.3688296875 0.8350328125 0.3566109375 0.8349109374999999 0.3565921875 0.8810359375000001 0.3629703125 0.8809828124999999 0.3629859375 0.8793593749999999 0.373503125 0.8792453124999999
2 0.362353125 0.7727859375 0.362353125 0.7743156250000001 0.351940625 0.7743156250000001 0.35190156250000004 0.77260625 0.3488453125 0.7726968750000001 0.3489671875 0.8168890624999999 0.364040625 0.8167078125 0.36400156250000004 0.7727859375 0.362353125 0.7727859375
10 0.3966796875 0.6633421875 0.39937812500000003 0.6634171875 0.3993625 0.6539234375 0.396615625 0.6539234375 0.3966796875 0.6633421875
12 0.388540625 0.8487265624999999 0.388625 0.8810359375000001 0.40714531249999997 0.8809437499999999 0.40711718750000003 0.8489484375 0.388540625 0.8487265624999999
8 0.31324375 0 0.31335625 0.0005609375 0.3068734375 0.006779687500000001 0.306453125 0.0050953125 0.30439531249999996 0.00720625 0.30441406249999997 0.01598125 0.305253125 0.01598125 0.30527187499999997 0.0615890625 0.30436562500000003 0.061717187500000006 0.30441406249999997 0.064315625 0.32298593750000004 0.0644234375 0.38572656250000004 0.00490625 0.384809375 0 0.35748437499999997 0 0.360034375 0.013318749999999999 0.32336718750000004 0.0478703125 0.31430156249999996 0 0.31324375 0
10 0.4049390625 0.6355078125 0.4070125 0.6354640625 0.40714843749999996 0.6264968750000001 0.405015625 0.6264546875 0.4049390625 0.6355078125
2 0.384615625 0.7681671875 0.38459374999999996 0.7508874999999999 0.386746875 0.75075625 0.38682500000000003 0.7232937500000001 0.36619531250000004 0.7229109375 0.36624218750000004 0.737596875 0.36703437499999997 0.737596875 0.3671 0.7610953125 0.366209375 0.761059375 0.366228125 0.7682828125000001 0.384615625 0.7681671875
10 0.36463125 0.79111875 0.364615625 0.7957734375000001 0.3767390625 0.7957265625 0.37670625 0.7909640625 0.36463125 0.79111875
2 0.318078125 0.87918125 0.3285625 0.8791062500000001 0.328596875 0.8811265625000001 0.33248125 0.880975 0.33251718750000003 0.8195265624999999 0.32980156250000003 0.8196734375 0.32966875 0.8145109375 0.325675 0.8145031250000001 0.325615625 0.8326265625 0.3138578125 0.8326265625 0.3139578125 0.8810515625 0.31800937500000004 0.880825 0.318078125 0.87918125
13 0.31467812500000003 0.8308953125 0.32479375 0.8309703125000001 0.32469375 0.7990078125 0.3145765625 0.7990828125 0.31467812500000003 0.8308953125
4 0.3961015625 0.8172734374999999 0.3961578125 0.8457671875000001 0.40711718750000003 0.8456374999999999 0.40714531249999997 0.8173984375 0.3961015625 0.8172734374999999
10 0.323553125 0.7740890625 0.323584375 0.78076875 0.32675 0.780625 0.3267671875 0.774196875 0.323553125 0.7740890625
10 0.3501640625 0.1272828125 0.345359375 0.1273140625 0.34531875 0.14915625 0.339978125 0.14906250000000001 0.34001875 0.1539421875 0.35015 0.1538484375 0.3501640625 0.1272828125
10 0.3515875 0.13565624999999998 0.354084375 0.13565624999999998 0.3541515625 0.1258578125 0.3515578125 0.12589999999999998 0.3515875 0.13565624999999998
10 0.36541718749999996 0.126978125 0.37148593750000003 0.1270109375 0.3715125 0.122653125 0.364634375 0.12262187499999999 0.36541718749999996 0.126978125
13 0.3350375 0.3009015625 0.33996875000000004 0.3009265625 0.33996875000000004 0.28257187500000003 0.3350265625 0.28257187500000003 0.3350375 0.3009015625
10 0.3540875 0.12413749999999998 0.3540984375 0.12313750000000001 0.3516609375 0.10982031249999999 0.3387671875 0.12180781249999999 0.33916875 0.1240328125 0.3540875 0.12413749999999998
10 0.33848124999999996 0.120175 0.3512265625 0.1081328125 0.348778125 0.09489062499999999 0.33591875 0.1069328125 0.33848124999999996 0.120175
13 0.3357703125 0.0804625 0.331765625 0.059396875 0.324196875 0.06674375 0.32818125 0.0879828125 0.3357703125 0.0804625
10 0.363303125 0.27563125 0.3669453125 0.275675 0.3669734375 0.2673234375 0.3632359375 0.2674515625 0.363303125 0.27563125
6 0.3427 0.0495515625 0.34080468750000004 0.0514671875 0.3447703125 0.0724921875 0.346725 0.07066093749999999 0.350140625 0.089903125 0.35633906249999997 0.083978125 0.34852656249999997 0.0425390625 0.34245312499999997 0.048125 0.3427 0.0495515625
2 0.327265625 0.0901765625 0.3233859375 0.09000312499999999 0.32331875 0.0672359375 0.30444375 0.0669984375 0.3044046875 0.0706421875 0.30524375 0.0706640625 0.3052625 0.1163125 0.30441406249999997 0.1163125 0.304375 0.12389687499999999 0.32721875 0.12398281250000001 0.327265625 0.0901765625
10 0.6828078125 0.0314640625 0.6827421874999999 0.01464375 0.6554781249999999 0.01464375 0.65544375 0.0317234375 0.6828078125 0.0314640625
10 0.6560703125 0.250196875 0.6560234375 0.2539015625 0.673021875 0.253690625 0.6731234374999999 0.2504484375 0.6737171875 0.2503296875 0.6737171875 0.2308515625 0.65554375 0.2308515625 0.655525 0.2502875 0.6560703125 0.250196875
5 0.6852328125 0.17940625 0.6852328125 0.183034375 0.7142546875 0.1829375 0.714234375 0.110784375 0.6827421874999999 0.1103515625 0.6827421874999999 0.08407187499999999 0.66539375 0.0839734375 0.6653718750000001 0.17940625 0.6852328125 0.17940625
10 0.682784375 0.250921875 0.682784375 0.23078906250000003 0.6750328125 0.231046875 0.6750328125 0.250878125 0.682784375 0.250921875
8 0.6554984375 0.187528125 0.6554421875 0.0765328125 0.65433125 0.0766578125 0.654246875 0.044284375 0.64066875 0.04409375 0.64066875 0.2186296875 0.6155578125 0.2188234375 0.615615625 0.23236875 0.617465625 0.23243437500000003 0.6174375000000001 0.31563281249999997 0.61553125 0.31569375 0.6156734375 0.3357328125 0.65423125 0.33582968750000003 0.6541890625 0.1877171875 0.6554984375 0.187528125
4 0.714275 0.2455265625 0.7141875 0.188996875 0.6853390625 0.1890859375 0.685365625 0.2453 0.714275 0.2455265625
2 0.6174171875 0 0.6174000000000001 0.0234828125 0.6155796875 0.0235890625 0.6156296875 0.03831875 0.6541921875 0.038093749999999996 0.654159375 0 0.6174171875 0
3 0.6778125 0 0.677815625 0.0112078125 0.681959375 0.01109375 0.681959375 0.013740625000000001 0.6994140625 0.013378125 0.699440625 0 0.6778125 0
6 0.682834375 0.22785937500000003 0.6828734375 0.1848796875 0.6555140625 0.1848796875 0.6555140625 0.2279953125 0.682834375 0.22785937500000003
7 0.6974703124999999 0.3071671875 0.6975359375 0.25398125 0.6994625 0.253934375 0.6994625 0.251078125 0.6818906250000001 0.25100781250000004 0.6819546875 0.25385625 0.6544015625 0.2541171875 0.65423125 0.335871875 0.699440625 0.33557187499999996 0.699484375 0.3072140625 0.6974703124999999 0.3071671875
10 0.663903125 0.13704687499999998 0.6638921875 0.1174375 0.6579421875 0.1174375 0.6579531249999999 0.137096875 0.663903125 0.13704687499999998
10 0.6639421875 0.17926875 0.6639140625 0.140159375 0.657915625 0.1400671875 0.6579703125 0.1794234375 0.6639421875 0.17926875
2 0.6174953125 0.148984375 0.6174953125 0.20183749999999998 0.6155859375 0.20183749999999998 0.6155859375 0.21309843750000002 0.6394140625 0.2129078125 0.6395015625 0.12245625 0.6215078125 0.122203125 0.6214234375000001 0.1373390625 0.6155015625 0.13715 0.6154453125 0.14917031249999999 0.6174953125 0.148984375
2 0.651103125 0.8866265625 0.651284375 0.8614453125000001 0.6268875 0.8614953125 0.6269421875 0.8724984375 0.6288703124999999 0.872609375 0.6286671875 0.9259000000000001 0.6271953124999999 0.9261265625 0.62699375 0.9408640625 0.6511234375 0.940453125 0.651153125 0.8896734374999999 0.6444 0.8896734374999999 0.6444203125 0.8865171875 0.651103125 0.8866265625
2 0.6649484375 0.6688921875 0.6648890625 0.5745328125 0.6383171875 0.574815625 0.6381796875 0.60695625 0.640084375 0.6068609375 0.6399484375 0.6604046875 0.6382234375 0.6604046875 0.6382234375 0.6688390625 0.6649484375 0.6688921875
3 0.7171984375 0.6298515625000001 0.717446875 0.5748562500000001 0.6882703125 0.5748562500000001 0.6881296875 0.6301265625 0.7171984375 0.6298515625000001
10 0.6893625 0.9351109375 0.6893734375 0.8957328125 0.6793312499999999 0.8958625 0.6793312499999999 0.9351265625 0.6893625 0.9351109375
1 0.6233578125 0.5746640625 0.6232624999999999 0.67061875 0.6120281249999999 0.6706484374999999 0.6120281249999999 0.9408765625 0.6243609375 0.9409296875000001 0.6243828125 0.66484375 0.6356546875 0.66481875 0.6356078125 0.5746640625 0.6233578125 0.5746640625
13 0.6866921875 0.6552484375 0.686815625 0.5744078125 0.6658828125 0.57471875 0.6660953125 0.6554109375 0.6866921875 0.6552484375
13 0.67765625 0.9347390624999999 0.67765625 0.8963531250000001 0.652965625 0.896628125 0.6526953125 0.93424375 0.67765625 0.9347390624999999
6 0.6894671875 0.892978125 0.6897562500000001 0.8518328125 0.667771875 0.8524234375 0.66765 0.89270625 0.6894671875 0.892978125
10 0.6726156249999999 0.8492609375000001 0.6725953125 0.8485765625000001 0.6829953125 0.8483515625000001 0.6829953125 0.8493078125 0.6893390625 0.84944375 0.6892765625 0.79358125 0.668496875 0.7937171875 0.6685234375 0.8492031250000001 0.6726156249999999 0.8492609375000001
11 0.620709375 0.5993359375 0.620709375 0.5745640625 0.6107984375 0.5744578125 0.6107750000000001 0.5990640625 0.620709375 0.5993359375
10 0.7184468749999999 0.7797468750000001 0.7184703125 0.764878125 0.6917234375 0.7647140625 0.6916984375 0.7798578125 0.7184468749999999 0.7797468750000001
8 0.6394624999999999 0.6745921874999999 0.639503125 0.670146875 0.6269390625 0.6703718750000001 0.6269734375 0.6856421874999999 0.6288421875 0.685803125 0.6287375 0.7687875 0.6267953125 0.7687125 0.6268296875 0.78020625 0.652565625 0.780228125 0.6526515625 0.89290625 0.666275 0.8929703124999999 0.6664734375 0.6744171875 0.6394624999999999 0.6745921874999999
2 0.6510953125000001 0.8588625000000001 0.651209375 0.7832375 0.6271015625 0.7829828125 0.62691875 0.7944125 0.6287453125 0.7940031249999999 0.6287265625 0.8477984375000001 0.626896875 0.8477343749999999 0.6269828125 0.85876875 0.6510953125000001 0.8588625000000001
10 0.6892359375 0.79101875 0.6891515625 0.7744984374999999 0.668403125 0.7746890625 0.6683749999999999 0.7912375 0.6892359375 0.79101875
9 0.7174578125 0.6710390625 0.717384375 0.6321625 0.6884578125 0.6324375 0.6884828125 0.6706562500000001 0.7174578125 0.6710390625
10 0.6871562499999999 0.66855625 0.6871859375 0.658384375 0.6661015625 0.658384375 0.6661875 0.6688171875 0.6871562499999999 0.66855625
7 0.6895203125 0.77204375 0.68954375 0.7595796874999999 0.717734375 0.7597984375 0.7176625 0.6744453125 0.666590625 0.674775 0.6663203125 0.7569 0.66754375 0.756953125 0.66756875 0.7719375 0.6895203125 0.77204375
13 0.6807546875 0.0732140625 0.6808500000000001 0.0347859375 0.6557265625 0.03494375 0.6557265625 0.07310781250000001 0.6807546875 0.0732140625
11 0.7019671875 0 0.7019296875000001 0.0135765625 0.7142890625 0.013468749999999998 0.7142984375 0 0.7019671875 0
13 0.3360953125 0.0801828125 0.343646875 0.0730078125 0.3417171875 0.06294374999999999 0.33413125 0.07006562499999999 0.3360953125 0.0801828125
0 0.21875 0 0.21875 1 0.78125 1 0.78125 0 0.21875 0
10 0.6638203125000001 0.114653125 0.6638499999999999 0.0840859375 0.657959375 0.084146875 0.6579015625 0.11469218750000001 0.6638203125000001 0.114653125
12 0.7142421875 0.1107375 0.71428125 0.0192546875 0.6852375 0.0193375 0.6852 0.11032187499999999 0.7142421875 0.1107375
1 0.7142828125 0.3355828125 0.7142968749999999 0.2511609375 0.7018890625 0.25109375 0.7019046875 0.335546875 0.7142828125 0.3355828125
1 0.6007359375 0 0.600665625 0.335671875 0.613046875 0.335578125 0.613046875 0 0.6007359375 0
2 0.6174609375 0.0549828125 0.6172953125 0.1085703125 0.6155859375 0.10846249999999999 0.615515625 0.1349140625 0.6202609375 0.13470312499999998 0.6202375 0.11975625000000001 0.639334375 0.119490625 0.6393578125 0.0440625 0.615634375 0.04416875 0.615634375 0.0551390625 0.6174609375 0.0549828125
6 0.3531984375 0.06312187500000001 0.36560156250000003 0.051449999999999996 0.36181562500000003 0.031171874999999998 0.3493734375 0.04284375 0.3531984375 0.06312187500000001
1 0.3584984375 0.323296875 0.366928125 0.323296875 0.3669671875 0.303021875 0.3584828125 0.3030515625 0.3584984375 0.323296875