3 0.5961203546875 0.8383402515625 0.5810483859375 0.768221309375 0.5517828625 0.774521759375 0.5664631890625 0.8446919984375001 0.5961203546875 0.8383402515625
10 0.5822169359375 0.7130636515625 0.5777006015625 0.7139182 0.588695275 0.7657492875 0.5826192046875 0.7670967046875 0.588191378125 0.793424446875 0.5988719062500001 0.7907277234375 0.5822169359375 0.7130636515625
1 0.5195789921875 0.860021634375 0.5026201218749999 0.7808902468750001 0.48982678125 0.7837549187499999 0.5067958265625 0.86273878125 0.5195789921875 0.860021634375
13 0.6911687359375 0.821007634375 0.6815517843750001 0.7760640484375 0.6443245546874999 0.7842948234375 0.6537446250000001 0.8283873078124999 0.6911687359375 0.821007634375
8 0.5525521171875 1 0.6036287765624999 0.9891433203125001 0.5847053812499999 0.8998978 0.614913759375 0.8929528609374999 0.61133639375 0.8763781906249999 0.7019993640625 0.8570816234375 0.701135253125 0.8530689062500001 0.6988005546875 0.85351564375 0.6936854109375 0.8291050875 0.6960792296875 0.82847805625 0.6950266984375 0.82357889375 0.544510209375 0.8563564890625001 0.5464106531249999 0.86529736875 0.5487118703125 0.864640503125 0.5573272109375 0.90517249375 0.554940871875 0.9056318031249999 0.557093203125 0.9151565093749999 0.5197446421875 0.9234402312500001 0.523071221875 0.9389628015625 0.5253129296875 0.9383265703125 0.5382999671875 1 0.5525521171875 1
6 0.6198306812500001 0.7805333140624999 0.6203986046875001 0.7836936718749999 0.6100087765625 0.7857439546875 0.6215236078124999 0.8395938234375 0.6528258953125 0.8332486171875001 0.6414551281249999 0.779324996875 0.6365630765625 0.7804335234375 0.6359862421875 0.7771185125 0.634519359375 0.7773568265625 0.6353347640625 0.781193 0.62231563125 0.784190328125 0.62152121875 0.78026503125 0.6198306812500001 0.7805333140624999
7 0.5847460703125 0.8998412281249999 0.6036364187500001 0.9891416968750001 0.643660996875 0.980634209375 0.624575684375 0.8909726359375 0.5847460703125 0.8998412281249999
10 0.6239547046875 0.8877580625 0.6217376671875 0.8775682125 0.61345415 0.8792921874999999 0.6157440375000001 0.8895767734375 0.6239547046875 0.8877580625
2 0.71658543125 0.9361423 0.707681684375 0.8952003765625 0.710112559375 0.8948002890625 0.7031353250000001 0.8626738984375001 0.6636262875 0.8701197484375 0.6852062875 0.9718034859375001 0.7247937546875 0.963388909375 0.7189499234375 0.9358282062500001 0.71658543125 0.9361423
10 0.553134075 0.7324431828125 0.5504347875 0.7199469484375001 0.5422874859375 0.7216579453125 0.5449747234375 0.73424779375 0.553134075 0.7324431828125
11 0.502019025 0.7775963671875 0.49340674062499995 0.737394390625 0.4805240984375 0.7401470578125 0.4890978640625 0.780280546875 0.502019025 0.7775963671875
13 0.551800275 0.7195848218750001 0.5552340890624999 0.7354615875 0.5456574203125 0.7376249640625 0.552773346875 0.770681915625 0.586201403125 0.7628018203125 0.57608836875 0.7148103984375 0.551800275 0.7195848218750001
10 0.618846378125 0.8343483234375 0.60969296875 0.7919387359375001 0.589025975 0.7964115125 0.5981090515624999 0.8389862062500001 0.618846378125 0.8343483234375
2 0.5664631890625 0.8446919984375001 0.5405905390625 0.7221065 0.4952448484375 0.7315677125 0.5080038921875001 0.7914740546875 0.5103545031250001 0.7909744171875001 0.5205276296875 0.8394514578125 0.518124640625 0.8400804359375 0.52250734375 0.8594519093749999 0.5456515203125 0.8548870875000001 0.5444485625000001 0.8493553781250001 0.5664631890625 0.8446919984375001
2 0.6252895203125 0.8791502484375 0.64650068125 0.980030615625 0.6824185671875 0.9723960343750001 0.6609141140625 0.8722776718749999 0.6252895203125 0.8791502484375
10 0.48437298437500004 0.27350105625 0.47440426249999995 0.22614348125 0.454327971875 0.23108812968749998 0.461454553125 0.26436804999999997 0.45062717812499997 0.26690749375 0.4535322953125 0.28005644687500003 0.48437298437500004 0.27350105625
10 0.4360914921875 0.109873053125 0.4451478421875 0.15211158281249998 0.463736759375 0.14824824375 0.454795953125 0.1056289328125 0.4360914921875 0.109873053125
0 0.4474478796875 0 0.1209401421875 0.0694013625 0.3187449890625 1 0.5525521203125 1 0.8790598578125 0.9305986374999999 0.6812550109375 0 0.4474478796875 0
8 0.366031928125 0.1108177109375 0.36832422343750004 0.12109859062499999 0.42016167812500005 0.10915689843750001 0.42170676875 0.11586985000000001 0.4006099953125 0.12068796562499999 0.42379317031249997 0.23309298125 0.4441279984375 0.229793021875 0.42750373281250004 0.15078539375 0.4289090296875 0.15070074218750001 0.43435812656249995 0.1758933296875 0.449363809375 0.172727734375 0.4352171484375 0.1059775265625 0.45398345000000007 0.10208447031250001 0.43316638437500005 0.0030356265625 0.34954393437500003 0.0208101265625 0.36868432812499996 0.1101596796875 0.366031928125 0.1108177109375
7 0.44744788281250003 0 0.43320612187499996 0.0030271796875 0.4542144140625 0.10258488437499999 0.455605328125 0.102552809375 0.47005637031249997 0.17081016875 0.4979034453125 0.16482559531250002 0.483125978125 0.096182359375 0.512167653125 0.0898959453125 0.509360778125 0.0765328234375 0.5069807890625 0.0771121859375 0.49998886562499995 0.0439697734375 0.5022630593749999 0.043486378125 0.493106615625 0 0.44744788281250003 0
10 0.51085031875 0.14725450625 0.513756859375 0.1609287046875 0.5265425671874999 0.1578627828125 0.5236773640625 0.14446573437500002 0.51085031875 0.14725450625
6 0.4527729734375 0.18213065625 0.45138026406250004 0.1825225296875 0.4494438734375 0.1730142234375 0.434513228125 0.1760744140625 0.44571232656250004 0.22940834062499998 0.4766759328125 0.2228300171875 0.47461825781250006 0.21314941250000002 0.475838578125 0.21332931249999998 0.46795695000000004 0.17700069062499998 0.46698010156249997 0.177214715625 0.46556707656249996 0.17075483593750002 0.46838342187500004 0.1702744109375 0.46439685624999993 0.151301153125 0.44701792500000004 0.154995159375 0.4527729734375 0.18213065625
9 0.48588646874999997 0.10004597500000001 0.49818001562500003 0.157612021875 0.5091772875 0.1554134546875 0.5067900890625 0.1442502125 0.5229977625 0.1407348796875 0.5220322203125 0.136290059375 0.51992523125 0.136763471875 0.5140828609375 0.10937497656249999 0.5162470859375 0.1088702296875 0.51309303125 0.09388126249999999 0.48588646874999997 0.10004597500000001
2 0.36553106562500004 0.21326845312499998 0.367294534375 0.2216250453125 0.36964606093749997 0.22109965312500002 0.37828871249999996 0.2618127359375 0.3760174859375 0.26241530625 0.383157425 0.2954048546875 0.43193381249999996 0.2841074234375 0.4147370875 0.20283495 0.36553106562500004 0.21326845312499998
2 0.3619519515625 0.195836346875 0.3655969484375 0.21308991718749998 0.41461115 0.20283615937500002 0.397520290625 0.12063385625 0.3871083203125 0.123008328125 0.386037559375 0.1180459484375 0.347433075 0.1266285734375 0.3532850109375 0.15496389531250002 0.3553062890625 0.15398954375 0.364119521875 0.19535485 0.3619519515625 0.195836346875
13 0.45138224375 0.27733621249999996 0.448547821875 0.264001309375 0.459194303125 0.26163290156249996 0.45279502968749996 0.2317446296875 0.425461021875 0.2382942515625 0.4344785421875 0.28071834687499997 0.45138224375 0.27733621249999996