0 0.3706912078125 0 0 0.205477490625 0 0.6293087921875 0.205477490625 1 0.6293087921875 1 1 0.794522509375 1 0.3706912078125 0.794522509375 0 0.3706912078125 0
6 0.72741738125 0.29160112968749996 0.7291666203125 0.2906315109375 0.7152191609375 0.26508932343749997 0.713353509375 0.2660680890625 0.7122448 0.26423873750000004 0.679929434375 0.281981721875 0.7010210984375 0.3196904625 0.733255865625 0.3019599984375 0.72741738125 0.29160112968749996
5 0.834201471875 0.24067940625 0.8062900734375 0.190325909375 0.7898374265625 0.1992099453125 0.7774906265625 0.176046203125 0.7808866109375 0.174163778125 0.7650662984375 0.14553293750000001 0.7613910421875 0.1479203171875 0.750368359375 0.1273258265625 0.7537937171875 0.1251966625 0.737749021875 0.09696353125 0.73447948125 0.0986615328125 0.722507775 0.0774765375 0.6886778812500001 0.09657711875 0.7372866421875 0.1837056359375 0.6897364390625 0.21027037656249997 0.7363356265625 0.29492733125 0.834201471875 0.24067940625
10 0.7837899312500001 0.3255155640625 0.8044681359375 0.36264599531249997 0.8196974265625 0.3540720625 0.7790307750000001 0.28093308437500003 0.740765534375 0.30280306874999996 0.748663921875 0.316488128125 0.7387121234375 0.3219651984375 0.7503362859375 0.3437930359375 0.7837899312500001 0.3255155640625
10 0.6663481625000001 0.21967244687499998 0.682828221875 0.210051475 0.6612719640625 0.17095669062500002 0.6445547406250001 0.179737275 0.6663481625000001 0.21967244687499998
12 0.6848848234375 0.098842215625 0.6412624734375 0.122792021875 0.686677665625 0.20531299062500002 0.7303546625 0.180871978125 0.6848848234375 0.098842215625
2 0.9051727671875 0.4741204328125 0.9079013078125 0.4779567296875 0.9202680921875 0.4709159140625 0.8501857234375001 0.3441197859375 0.7843637578125 0.380605496875 0.8540104124999999 0.5074019703125 0.86642034375 0.500471225 0.8641686875 0.49722452656250005 0.9051727671875 0.4741204328125
10 0.2876065921875 0.6303745828125 0.2962525265625 0.6254713015625 0.2912656453125 0.6163232546875 0.2825976828125 0.621251253125 0.2876065921875 0.6303745828125
3 0.2777917609375 0.494680478125 0.3075222140625 0.478452515625 0.27871684375 0.4264346875 0.2489346765625 0.4429432125 0.2777917609375 0.494680478125
7 0.6347697375 0.499713971875 0.7379705703125 0.44350746562500004 0.7047551703125 0.3840977390625 0.703178428125 0.385127165625 0.694541453125 0.37043839843750004 0.5939919765624999 0.426116715625 0.5989203640625 0.43517213125 0.6017346359375 0.43377115312500003 0.6298729671875 0.48487245156250003 0.6272547796875 0.486427353125 0.6347697375 0.499713971875
4 0.2202900140625 0.658307909375 0.255400790625 0.639049346875 0.22500706093749998 0.5841692640625 0.1897877359375 0.6033093468749999 0.2202900140625 0.658307909375
4 0.7283728328125 0.0793812953125 0.7597578828125 0.1355341015625 0.77240125625 0.1287312109375 0.7412342875 0.0717858 0.7283728328125 0.0793812953125
10 0.30776186875 0.5064569 0.319458153125 0.5000628703125 0.30890470468750003 0.48107873437500004 0.2973353609375 0.4875631859375 0.30776186875 0.5064569
8 0.791014928125 0.5374777609375 0.7930594656250001 0.5410018359375 0.812548909375 0.530357659375 0.758080584375 0.4318976015625 0.7972032171875 0.4099435984375 0.78183504375 0.3823894953125 0.7421449875 0.40384517343750004 0.64777051875 0.2333377390625 0.62742653125 0.24474143593750003 0.7379705703125 0.44350746562500004 0.67313026875 0.47929539375 0.7274242937500001 0.577357209375 0.736879375 0.5723537750000001 0.73494643125 0.5689375578125 0.791014928125 0.5374777609375
13 0.27756186562499996 0.5492744421875 0.2509339078125 0.5642346468749999 0.2811369125 0.6185933921875 0.3077883328125 0.6038559984375 0.27756186562499996 0.5492744421875
6 0.2459722421875 0.563344075 0.2758383765625 0.5469515765625 0.260492478125 0.519592359375 0.260879225 0.5193779828125 0.2559357828125 0.5105113453125 0.22602346718750002 0.5269526671875 0.2459722421875 0.563344075
3 0.262872565625 0.590316865625 0.240221921875 0.6028383796875 0.2629943796875 0.64403700625 0.270021371875 0.6401740375 0.2696165015625 0.63950164375 0.285321390625 0.63079628125 0.262872565625 0.590316865625
2 0.604483303125 0.295464878125 0.6416847046874999 0.2748438046875 0.6021656015625 0.203707378125 0.527779809375 0.24477395156249998 0.535140521875 0.2581174859375 0.5379759734375 0.25678694687500003 0.562354321875 0.3012436453125 0.5598757515624999 0.3026443359375 0.57541515 0.33111646875 0.6129223625 0.31017045625 0.604483303125 0.295464878125
2 0.6172488046875 0.405909565625 0.6917428140624999 0.365151021875 0.6442731890625 0.27865948125 0.6090580296875 0.298045575 0.6168778578125 0.31215291875 0.5774244890625 0.33399369375 0.583050875 0.34428255 0.5854755140625 0.3432583328125 0.61395111875 0.394462090625 0.6115091687499999 0.3956549 0.6172488046875 0.405909565625
8 0.44209335625 0.7214251046875 0.3758896546875 0.6017455234375 0.343604896875 0.6196984249999999 0.276722859375 0.4988531078125 0.257907603125 0.5092825750000001 0.344778546875 0.6661308218750001 0.3321006921875 0.673126115625 0.37811888125 0.7567188046875 0.3859283015625 0.7526043515625 0.38376745 0.7488285421875001 0.42998140156250003 0.7231920781250001 0.4320585078125 0.7269392765625 0.44209335625 0.7214251046875
12 0.142674121875 0.5412097234375 0.190326415625 0.5146937953124999 0.1560683625 0.45293574999999997 0.1083987671875 0.47929155156250003 0.142674121875 0.5412097234375
3 0.29666766093749997 0.692766965625 0.31451418593749997 0.6826815328125 0.3129582515625 0.67987455 0.32301555937500004 0.674362221875 0.297750046875 0.6285822109375 0.26944696874999996 0.6441333031250001 0.29666766093749997 0.692766965625
11 0.672537834375 0.5677817421875 0.6894789484375 0.5987729671875 0.7232301375 0.580403809375 0.708523571875 0.5540497234374999 0.706588225 0.5550671234375 0.7040364796875 0.5506022374999999 0.672537834375 0.5677817421875
10 0.32522603125 0.67336739375 0.34130521406250003 0.6641383484375 0.3101571625 0.6078845421875 0.2939486703125 0.61680295625 0.32522603125 0.67336739375
13 0.7702711609375 0.381074675 0.8016736718749999 0.36332854531250003 0.7821591890625 0.3282685171875 0.7515097359375 0.3453685484375 0.7702711609375 0.381074675
10 0.237185396875 0.5974667015625 0.25497263281250004 0.5876481640625 0.245137221875 0.569891721875 0.2273731265625 0.5797939015625 0.237185396875 0.5974667015625
3 0.72832228125 0.3093449640625 0.702681675 0.323691771875 0.7430437234375 0.39604918125 0.768726546875 0.38215239218749997 0.72832228125 0.3093449640625
13 0.270063603125 0.7022365421875 0.2937288421875 0.6890186421875 0.2816477375 0.6673333296874999 0.25798788125 0.6803160015625 0.270063603125 0.7022365421875
2 0.2487259203125 0.44286955937499994 0.2496032734375 0.4423832359375 0.23211678125000001 0.41085288281250004 0.22091208281250002 0.4170637484375 0.2229316171875 0.42070708593750006 0.1921781703125 0.4378451109375 0.19019124375000002 0.43406400312500004 0.1783159328125 0.44072162812500004 0.22460667812500001 0.524325809375 0.2758217265625 0.495786778125 0.24897101250000003 0.44733391562499997 0.2507200578125 0.44640906718749995 0.2487259203125 0.44286955937499994
10 0.6782806828125 0.27942627343750004 0.7108653031250001 0.26181451875 0.6842811625 0.2132817796875 0.6517644421875 0.2313060921875 0.6782806828125 0.27942627343750004
2 0.3186193953125 0.7898464015625 0.33206175 0.7826220671875 0.3298596078125 0.778697640625 0.3607007515625 0.7615824640625 0.36291505 0.7653322218749999 0.376417140625 0.7578514640625 0.32999260625 0.6741767375000001 0.2723149171875 0.7064785031249999 0.3186193953125 0.7898464015625
10 0.14555244843749998 0.54664408125 0.156025453125 0.5654798671875 0.16828379375 0.5586849578125 0.157855084375 0.5398710671875 0.14555244843749998 0.54664408125
4 0.77240125625 0.1287312109375 0.7597578828125 0.1355341015625 0.7905857609375 0.1915777140625 0.8039215484375 0.18502164375000002 0.77240125625 0.1287312109375
7 0.295384059375 0.488600146875 0.278580234375 0.49795932187499997 0.343944296875 0.61565683125 0.374213340625 0.5989695375 0.3209659296875 0.5029215578125 0.307395990625 0.5102541296875 0.295384059375 0.488600146875
10 0.18804135 0.523095671875 0.159778 0.5388409078125 0.1701560171875 0.5574988890625 0.1983917640625 0.5418940078125 0.18804135 0.523095671875
10 0.6687446453125 0.5614253078125 0.70255320625 0.5424151562499999 0.671069125 0.4847558515625 0.6543717140624999 0.49360763125 0.6663266421875 0.515516521875 0.648539446875 0.524974165625 0.652705021875 0.5324890609375 0.65545690625 0.5311012265625 0.6674524234375 0.5532573796875 0.6651643375 0.554795446875 0.6687446453125 0.5614253078125
10 0.646908946875 0.5220584484375 0.6623086375 0.5136759 0.65163151875 0.4945137796875 0.6365558765625 0.5031811937499999 0.646908946875 0.5220584484375
11 0.2501624515625 0.43895406562500006 0.277188859375 0.423758703125 0.2610687046875 0.39460626875 0.23402432499999998 0.409707975 0.2501624515625 0.43895406562500006
2 0.8203757671874999 0.5257815578125 0.81845715625 0.522455653125 0.8444011218749999 0.508285484375 0.8463305125 0.5117661984375 0.8519681390624999 0.5086680078125 0.79897365625 0.41284427187499995 0.7616335265624999 0.4336405 0.8149357640625 0.529168590625 0.8203757671874999 0.5257815578125
5 0.17449815625 0.44248770468750004 0.1560982625 0.45293168125000005 0.1904175421875 0.5147808421875 0.1871090203125 0.5166147859375 0.20218479218750002 0.543641384375 0.1577591484375 0.568240125 0.1773071609375 0.6036281453125001 0.2435039421875 0.56702578125 0.17449815625 0.44248770468750004
13 0.2574538484375 0.6793364656249999 0.2810607046875 0.66639031875 0.26886193281250004 0.6444379421875001 0.24537806562500003 0.6574802734375 0.2574538484375 0.6793364656249999
10 0.7445946734375 0.315070725 0.7384469984375001 0.3038059890625 0.7301396859375 0.30787307343750003 0.7363293171875 0.3193843140625 0.7445946734375 0.315070725
13 0.625871346875 0.24162318749999998 0.6638219484375 0.22026525624999999 0.6433996296875 0.1828036171875 0.605312675 0.2039155609375 0.625871346875 0.24162318749999998
10 0.8216245171875001 0.352482203125 0.847200684375 0.3387088484375 0.8068427 0.2660687078125 0.7814357140625 0.2800376953125 0.8216245171875001 0.352482203125