0 0.4737961109375 0 0.1680264859375 0.0321376828125 0.2697529140625 1 0.5262038890625 1 0.8319735140625 0.9678623171874999 0.7302470859375 0 0.4737961109375 0
10 0.5326213937500001 0.46163308281250004 0.535291115625 0.48703379375000005 0.5254435671875 0.487961978125 0.52795753125 0.5120451890625 0.5524016640625 0.50951214375 0.547216421875 0.460028384375 0.5326213937500001 0.46163308281250004
10 0.5206303671875 0.5061003953125 0.501549953125 0.508035128125 0.5062617359375 0.55286475625 0.5253177078125 0.5508618937499999 0.5206303671875 0.5061003953125
2 0.5085068890625 0.284442440625 0.5043821515625 0.2849152453125 0.5048507234375 0.2894332046875 0.4762120078125 0.2924621078125 0.4757937765625 0.2881839515625 0.4429147578125 0.2917072328125 0.4644146625 0.49710224375 0.5080238640625 0.4925878609375 0.499822378125 0.415617246875 0.5222491734375 0.4132632375 0.5085068890625 0.284442440625
2 0.5897799984375001 0.6298454921875 0.646164321875 0.6239004078125 0.643557284375 0.5987821921875 0.6408589953125 0.5990296578125001 0.6341186828125001 0.5350493468749999 0.6368043125 0.5346963765625 0.63549754375 0.5222632984375 0.6237839953125001 0.5236594078125 0.623901646875 0.5249432046875 0.5792314578125 0.5293931390625 0.5897799984375001 0.6298454921875
1 0.47530378124999995 0.2779164234375 0.47579424843749996 0.28258290625 0.5034404593749999 0.2798421390625 0.5029991765624999 0.27549413437500003 0.507628840625 0.275101803125 0.5030987453125 0.2320755625 0.4706499578125 0.23532738593750002 0.4705324984375 0.2343892109375 0.469894790625 0.23458506875000001 0.4709089875 0.24459325625 0.47129125624999996 0.244553078125 0.474741996875 0.2779377625 0.47530378124999995 0.2779164234375
7 0.5778490390625 0.5190355890625 0.6325638375 0.5128716296875 0.63327754375 0.519841459375 0.6484212859375 0.5181209578125 0.6447388875 0.4829208546875 0.6418607328125 0.48329563281250004 0.6364632015625 0.43210596875 0.6393852578125 0.4318349828125 0.63404956875 0.3810693015625 0.5642925937500001 0.3895463921875 0.5778490390625 0.5190355890625
2 0.6524113140625001 0.7471648625 0.6590872703125 0.7465700265625 0.655631975 0.7135456046875001 0.652949225 0.7137914375000001 0.6461853468750001 0.6498858734375 0.6488916625 0.6495652921875 0.646665425 0.628548490625 0.590767984375 0.6343874125 0.6026190703125 0.7476063625 0.6519954859375 0.7432085296875 0.6524113140625001 0.7471648625
4 0.41451121718749995 0.7632641375 0.458887421875 0.7586031515625 0.44901888593750006 0.6635891984375 0.40464300781249996 0.6682532921875 0.41451121718749995 0.7632641375
5 0.4325792609375 0.553949175 0.42861767031250003 0.5154948046875 0.4282540484375 0.5155330234375 0.4267552078125 0.5012725109375 0.39669953593749996 0.5039742984375 0.4097562671875 0.6277971875 0.397386425 0.6290030437499999 0.3998929640625 0.65401713125 0.4138192296875 0.6524622984375 0.41411190624999994 0.653707275 0.43665850468749995 0.6514317984375 0.43692010937500003 0.6500342984375 0.447369415625 0.649210975 0.44599121249999996 0.6364868953125 0.5333602734375 0.6273967328125 0.5257341859375 0.5532847578125 0.437497890625 0.5622853921875001 0.4325792609375 0.553949175
8 0.505423040625 0.2307362078125 0.511382503125 0.28670424843750003 0.513598421875 0.28647134531249996 0.52686944375 0.41279648125 0.5445515921874999 0.41078718593749997 0.5729628953125 0.68125215625 0.592824140625 0.6780915890625 0.5625560078125 0.38774775 0.5966970328125 0.3838247375 0.5798872 0.22299297812500002 0.5677612703125 0.22400823124999997 0.568419146875 0.2302675046875 0.5172825921875 0.2354677796875 0.51666865 0.2296265171875 0.505423040625 0.2307362078125
10 0.42965900156250003 0.5157309999999999 0.43356196406249997 0.5530744765625 0.4375846890625 0.5600468703125 0.46536880468749997 0.5572130515625 0.4606570203125 0.5123834234375 0.42965900156250003 0.5157309999999999
12 0.4534492484375 0.641285165625 0.4655197453125 0.758789028125 0.487283759375 0.756407271875 0.487241878125 0.7554108796875 0.54969799375 0.748997303125 0.5384702140625001 0.6418731515625 0.47511442812500004 0.6485164015625 0.474181665625 0.639178371875 0.4534492484375 0.641285165625
10 0.621490396875 0.3728951265625 0.6330017265625 0.37178735937499996 0.6302974828125001 0.34644683593750003 0.6187962687499999 0.34771065156250003 0.621490396875 0.3728951265625
10 0.49878433125 0.5084342125 0.4616671515625 0.5123526671875 0.466437271875 0.557034765625 0.5035753515625 0.5533450656250001 0.49878433125 0.5084342125
11 0.4418720875 0.2812636984375 0.4726244984375 0.2779560765625 0.46928614062499996 0.24607412812499999 0.4681408859375 0.24619449843750002 0.46652196874999996 0.23047762343749997 0.45904660937499997 0.23129945 0.45891461875 0.2301931234375 0.4408370796875 0.231953321875 0.44094262500000003 0.2332415328125 0.43690859531250004 0.2336655265625 0.4418720875 0.2812636984375
10 0.570527325 0.68186164375 0.5646756671875 0.6258131437500001 0.5436561078125 0.6278935578125 0.5495610796875 0.6840008703125 0.570527325 0.68186164375
6 0.5645402125000001 0.620204390625 0.5534156968749999 0.514840021875 0.5285353265625 0.51734821875 0.5323827203125 0.5544021671875 0.52837174375 0.5548960093749999 0.5335216234375 0.604058265625 0.5376070671875001 0.6038095453125 0.5399670265625 0.6268908671875 0.544675503125 0.6261571781249999 0.54428975625 0.6223076609375 0.5645402125000001 0.620204390625
13 0.5028486 0.42020888593750005 0.5096911984375 0.48384694375 0.5321674953125 0.48135104531249995 0.5295678078125 0.45630275625000005 0.546510965625 0.45469163906250004 0.5425037968749999 0.41638659999999994 0.5028486 0.42020888593750005
13 0.5606200875 0.7518949453125 0.6000554234375 0.7476998484374999 0.5934613109375 0.6849610562499999 0.554137465625 0.68955920625 0.5606200875 0.7518949453125
1 0.622751815625 0.2737278359375 0.5902293953125 0.2771460796875 0.6011531812500001 0.38063050781249996 0.61741568125 0.3787767078125 0.6168304375 0.3735074546875 0.61902175 0.3732048671875 0.6158354296875 0.3428890421875 0.62939485625 0.3415361609375 0.6257136203125 0.3072738875 0.626287025 0.3072136203125 0.622751815625 0.2737278359375