2 0.5813765625 0.0942375 0.5339 0.10715937499999999 0.5485859375000001 0.162134375 0.5961921875 0.1494140625 0.5813765625 0.0942375
10 0.495046875 0.07990312499999999 0.47709062500000005 0.08468125 0.47948124999999997 0.09357499999999999 0.4973921875 0.08881875 0.495046875 0.07990312499999999
10 0.49538125 0.146221875 0.4993203125 0.1610109375 0.52439375 0.1543109375 0.5204453124999999 0.13956875 0.49538125 0.146221875
10 0.5842453125 0.154953125 0.5488796875 0.1644296875 0.5586859375000001 0.20087187499999998 0.5940953125 0.191715625 0.5842453125 0.154953125
2 0.5487328125000001 0.2513921875 0.49730625 0.2654984375 0.517078125 0.3390578125 0.5684234375 0.324834375 0.5487328125000001 0.2513921875
8 0.4906921875 0.0504953125 0.501540625 0.0908828125 0.5085078125 0.0889765625 0.57863125 0.350684375 0.661196875 0.3284875 0.6376359375 0.2409796875 0.572459375 0.258509375 0.5150640625 0.043929687499999995 0.4906921875 0.0504953125
1 0.612753125 0.14752343750000002 0.585934375 0.154659375 0.59609375 0.1929046875 0.622940625 0.18568281250000002 0.612753125 0.14752343750000002
10 0.5292734375 0.2006609375 0.5346609375 0.2207703125 0.541503125 0.21897656250000003 0.5342749999999999 0.1920015625 0.51068125 0.1982875 0.51249375 0.20515781249999998 0.5292734375 0.2006609375
13 0.52590625 0.25513906249999996 0.5481234374999999 0.2490890625 0.5407625 0.22164375 0.5336671875000001 0.22354375 0.528290625 0.20328906249999998 0.5131109375 0.20741874999999999 0.52590625 0.25513906249999996
7 0.62351875 0.1880703125 0.5583812499999999 0.20579062499999998 0.5724765625 0.25851562499999997 0.6376359375 0.2409796875 0.62351875 0.1880703125
3 0.5086062499999999 0.1970265625 0.48084218749999996 0.20437500000000003 0.49671562500000005 0.2632140625 0.52424375 0.2556265625 0.5086062499999999 0.1970265625
10 0.6105140625 0.13755937499999998 0.5961375 0.14148750000000002 0.598109375 0.1489828125 0.6125125 0.14509531250000002 0.6105140625 0.13755937499999998
6 0.497096875 0.16551875 0.5031546875 0.1881125 0.506365625 0.1872515625 0.508815625 0.1963953125 0.5341109375 0.1896796875 0.5316562499999999 0.1808515625 0.5329484375 0.18050625 0.5264796875 0.15618749999999998 0.499946875 0.163296875 0.5003109375 0.1646546875 0.497096875 0.16551875
1 0.5410265625 0.340634375 0.5469875 0.363040625 0.5759515625 0.3553359375 0.569165625 0.3300140625 0.543234375 0.3369625 0.5439921875 0.33986875 0.5410265625 0.340634375
13 0.1431703125 0.3022296875 0.1654625 0.2963015625 0.157984375 0.26875781249999997 0.15095 0.27068593750000003 0.1454609375 0.2502015625 0.130275 0.25422500000000003 0.1431703125 0.3022296875
10 0.1487984375 0.24040468750000002 0.14320468749999998 0.2194375 0.125353125 0.22418437500000002 0.126215625 0.2273046875 0.12386250000000001 0.22791406250000001 0.1286640625 0.24583593750000002 0.1487984375 0.24040468750000002
10 0.22839375 0.2404796875 0.2122390625 0.2449609375 0.22130624999999998 0.278896875 0.2374703125 0.2744515625 0.22839375 0.2404796875
10 0.2518515625 0.2186765625 0.23907656249999998 0.22210000000000002 0.24227812499999998 0.23433437499999998 0.25513906249999996 0.23094375 0.2518515625 0.2186765625
2 0.2735140625 0.29607656250000003 0.23479062499999998 0.3063234375 0.25301874999999996 0.3746890625 0.2919265625 0.3642640625 0.2735140625 0.29607656250000003
7 0.199396875 0.20819843750000003 0.1490125 0.22188750000000002 0.16871875 0.2956859375 0.21873593750000003 0.2819734375 0.199396875 0.20819843750000003
10 0.15393125000000002 0.247975 0.1469953125 0.2496828125 0.15191875 0.26785312499999997 0.15882968749999998 0.2660546875 0.15393125000000002 0.247975
11 0.15326718749999999 0.3801796875 0.13585 0.384878125 0.1420875 0.40807656249999996 0.15951875 0.4033421875 0.15326718749999999 0.3801796875
6 0.2848875 0.21869375 0.269053125 0.2229375 0.27029375 0.2275703125 0.2635296875 0.2293828125 0.273084375 0.2649 0.279165625 0.2632703125 0.279690625 0.265365625 0.2969125 0.2606984375 0.28678906249999997 0.22320781250000002 0.28614375000000003 0.22338125 0.2848875 0.21869375
0 0.4341734375 0 0 0.1163359375 0 0.5658265625000001 0.1163359375 1 0.5658265625000001 1 1 0.8836640625 1 0.4341734375 0.8836640625 0 0.4341734375 0
1 0.1846859375 0.373978125 0.1839703125 0.3711390625 0.1580703125 0.37811249999999996 0.1588421875 0.38090156249999996 0.1554125 0.381853125 0.1610390625 0.40301406249999994 0.1917390625 0.3948828125 0.1860390625 0.373615625 0.1846859375 0.373978125
10 0.2967578125 0.22061875 0.2884296875 0.22279374999999998 0.298471875 0.260415625 0.30679375000000003 0.2581859375 0.2967578125 0.22061875
2 0.314015625 0.2851953125 0.2753078125 0.2955390625 0.2935625 0.36386875 0.3322890625 0.353378125 0.314015625 0.2851953125
3 0.1215265625 0.22901875 0.09836875 0.23531718750000002 0.11812031249999999 0.30903125 0.14160625 0.3028765625 0.1215265625 0.22901875
2 0.1658984375 0.298465625 0.118775 0.311221875 0.13673437500000002 0.37841874999999997 0.1841234375 0.365784375 0.1658984375 0.298465625
1 0.2408859375 0.23472187500000002 0.23395000000000002 0.2090796875 0.21950625 0.21299375 0.2170265625 0.20361250000000003 0.20105 0.207803125 0.21036562499999997 0.2428109375 0.2408859375 0.23472187500000002
13 0.229903125 0.240009375 0.23900312499999998 0.27389687500000004 0.27132812500000003 0.26505625 0.2623140625 0.23138593749999997 0.229903125 0.240009375
10 0.2546125 0.2111796875 0.257909375 0.22349999999999998 0.26513749999999997 0.2215640625 0.2565234375 0.18925625 0.2364703125 0.1946171875 0.2418171875 0.2145453125 0.2546125 0.2111796875
8 0.169284375 0.29783750000000003 0.19406874999999998 0.390475 0.25005937500000003 0.375421875 0.2309234375 0.3045609375 0.303446875 0.285178125 0.2969125 0.2606984375 0.17951875 0.2927765625 0.180109375 0.2949421875 0.169284375 0.29783750000000003
10 0.300025 0.21299843749999997 0.3066703125 0.2380046875 0.3229078125 0.2337328125 0.3161921875 0.208665625 0.300025 0.21299843749999997
10 0.3074359375 0.260578125 0.2992375 0.262728125 0.3050453125 0.28485625 0.3133453125 0.2826328125 0.3074359375 0.260578125
10 0.2327046875 0.1987421875 0.21834375 0.20272968750000003 0.2203890625 0.2103625 0.23476249999999999 0.20641875 0.2327046875 0.1987421875
2 0.3920078125 0.7555671875 0.35337968750000004 0.76600625 0.3653984375 0.8106781249999999 0.404003125 0.800334375 0.3920078125 0.7555671875
11 0.2324015625 0.6838390624999999 0.21499843749999997 0.6886390625 0.22215 0.7150218749999999 0.23956249999999998 0.71035625 0.2324015625 0.6838390624999999
10 0.31879375 0.8769281250000001 0.3069703125 0.8801875000000001 0.3106 0.8938515625000001 0.32246406250000004 0.8906265624999999 0.31879375 0.8769281250000001
10 0.39800625 0.6999531250000001 0.38082343750000003 0.7046359375 0.386459375 0.72566875 0.4037484375 0.720959375 0.39800625 0.6999531250000001
13 0.3040234375 0.7388828125 0.323528125 0.7337359375 0.3207265625 0.7234875 0.335184375 0.7196140625 0.32930468749999997 0.69809375 0.2953578125 0.706953125 0.3040234375 0.7388828125
3 0.2858859375 0.6723984375 0.29481718749999997 0.7049796875000001 0.332959375 0.6948546875 0.3241453125 0.661959375 0.2858859375 0.6723984375
10 0.29790625 0.8581890624999999 0.28316718750000003 0.8621375 0.292965625 0.8988953125 0.30764375 0.8949703124999999 0.29790625 0.8581890624999999
10 0.3357046875 0.7219859375000001 0.322975 0.7253578125 0.3251578125 0.7334125 0.337796875 0.729796875 0.3357046875 0.7219859375000001
13 0.4238140625 0.695053125 0.399934375 0.7014515625 0.4123671875 0.74745 0.43604374999999995 0.7410484375 0.4238140625 0.695053125
11 0.5940140625 0.5869703125 0.5766609375 0.5916578125 0.583709375 0.6180656250000001 0.60111875 0.61348125 0.5940140625 0.5869703125
3 0.6858593749999999 0.565196875 0.6476703125000001 0.5754296875 0.6565890624999999 0.6081265625000001 0.6946953125 0.5978859375 0.6858593749999999 0.565196875
10 0.6545359375 0.8019765624999999 0.6693015625000001 0.7978734375000001 0.6638671875 0.7775937500000001 0.66611875 0.776990625 0.661778125 0.7607859375 0.6447625 0.7653875 0.6545359375 0.8019765624999999
10 0.69733125 0.6250703125 0.6846890625000001 0.6284578125 0.6867609375 0.6363515625 0.69948125 0.6329234375 0.69733125 0.6250703125
1 0.6120828125 0.660253125 0.6139218750000001 0.6597609375 0.6042328125 0.6238640625 0.6025390625 0.624284375 0.6002500000000001 0.615828125 0.5843140625000001 0.620165625 0.5967359375 0.6667859375 0.61274375 0.662628125 0.6120828125 0.660253125
2 0.7984640625 0.6464703125 0.7554031250000001 0.65806875 0.77290625 0.72343125 0.8159750000000001 0.7118828125000001 0.7984640625 0.6464703125
10 0.6804109375 0.7800687500000001 0.6698875 0.7828640625000001 0.6727953125 0.79374375 0.6834156250000001 0.7908984375 0.6804109375 0.7800687500000001
2 0.6460765625 0.5757890625 0.5985796875 0.5884078125000001 0.618103125 0.6613859375 0.6658031249999999 0.64855 0.6460765625 0.5757890625
7 0.7399703125 0.7749203125 0.7113046875 0.6675828125 0.6836734375 0.6750171875000001 0.7124203125 0.7823015625 0.7399703125 0.7749203125
13 0.6657546875 0.6420546875 0.6852515625 0.6367906249999999 0.6824796875 0.626446875 0.696696875 0.6226375 0.6909421874999999 0.6011609375 0.65721875 0.610196875 0.6657546875 0.6420546875
6 0.7302187499999999 0.5949078125 0.7143546875 0.5991359375 0.7156343749999999 0.60385 0.714546875 0.6041421875 0.7235359375 0.6376906250000001 0.7407859375 0.63306875 0.740284375 0.631196875 0.746371875 0.6295124999999999 0.7378750000000001 0.5978640625 0.7314703125 0.5995796875 0.7302187499999999 0.5949078125
10 0.7129609375 0.6045890625 0.6950421875 0.6093375 0.7034515625 0.640859375 0.721384375 0.6360296875 0.7129609375 0.6045890625
10 0.70204375 0.5568515625 0.6897249999999999 0.5601140625000001 0.7005640625 0.6004578125 0.7128734375 0.5971609375 0.70204375 0.5568515625
13 0.7854890625000001 0.59819375 0.76175625 0.604578125 0.7740765625 0.6504265625000001 0.7977890624999999 0.644096875 0.7854890625000001 0.59819375
1 0.6814671875 0.7773218749999999 0.684865625 0.7898468750000001 0.710946875 0.7828296875 0.7011421875 0.74638125 0.66328125 0.7564968750000001 0.66966875 0.7804828125000001 0.6814671875 0.7773218749999999
8 0.6221609375 0.7494234375 0.6215640625 0.7495828125 0.6249515625 0.7621546875 0.7014671875 0.7415203125 0.6836296875000001 0.67496875 0.772484375 0.6508859375 0.7658515625 0.6262640625 0.702440625 0.643325 0.7002265624999999 0.6350359375 0.6664296875 0.6440406249999999 0.66863125 0.6523953125 0.6039328125 0.669334375 0.6020625 0.66996875 0.60131875 0.6702984375 0.6004515625 0.6707171875 0.6038265625 0.683315625 0.6043796875 0.683140625 0.6221609375 0.7494234375
2 0.7537640624999999 0.658596875 0.7150125 0.6690031249999999 0.73234375 0.7343359375 0.7712890625 0.7238390625 0.7537640624999999 0.658596875
10 0.75966875 0.6030609375 0.74235625 0.6075875 0.748040625 0.6286359375 0.7652703125 0.62396875 0.75966875 0.6030609375
1 0.2383765625 0.7128671875 0.22275781249999999 0.7170515625 0.2617734375 0.863165625 0.277478125 0.8589953124999999 0.2383765625 0.7128671875
1 0.300590625 0.8574781249999999 0.30617031250000004 0.877896875 0.3197671875 0.874325 0.32395625 0.8901765625 0.381703125 0.8747812500000001 0.3710859375 0.8347374999999999 0.4551359375 0.812215625 0.45077656250000003 0.79594375 0.3595953125 0.82045625 0.3649171875 0.8403171875 0.300590625 0.8574781249999999
6 0.3682171875 0.6919421875 0.352475 0.6961609375 0.35376875 0.7008875 0.35296875 0.7011015625 0.36193749999999997 0.734575 0.3791078125 0.7300875 0.3785625 0.7281500000000001 0.38475625 0.726378125 0.37629843749999997 0.6948125 0.369484375 0.6965656250000001 0.3682171875 0.6919421875
2 0.4367109375 0.7434375 0.3937765625 0.75513125 0.405765625 0.799875 0.44875468749999997 0.7883843749999999 0.4367109375 0.7434375
8 0.2822 0.8540921875 0.3330046875 0.840290625 0.31505625 0.7735515625 0.4109 0.7478906249999999 0.40428125000000004 0.7231921875 0.34088281249999997 0.74029375 0.33865 0.7319578124999999 0.304621875 0.741075 0.3068265625 0.74930625 0.2577375 0.7627984375 0.2822 0.8540921875
7 0.3330046875 0.840290625 0.35728125 0.8338812499999999 0.3521515625 0.8142343750000001 0.36219843749999997 0.811446875 0.34956718750000004 0.7643046874999999 0.31505625 0.7735515625 0.3330046875 0.840290625
2 0.28459218750000004 0.6726046875 0.23696250000000002 0.6854234375 0.2565265625 0.7582984374999999 0.30402968750000003 0.7455499999999999 0.28459218750000004 0.6726046875
10 0.35141875 0.701503125 0.3333765625 0.7062078125 0.341821875 0.737721875 0.359759375 0.7329828125 0.35141875 0.701503125
12 0.4652578125 0.0535046875 0.4283125 0.0633625 0.45406874999999997 0.15948281250000002 0.49099062499999996 0.14954375 0.4652578125 0.0535046875
13 0.507396875 0.091690625 0.48356093749999995 0.098040625 0.4958484375 0.14389375 0.5196109375 0.1374703125 0.507396875 0.091690625
2 0.564403125 0.030720312500000003 0.5168265625 0.04346875 0.53263125 0.10251406249999999 0.5802546875 0.0898796875 0.564403125 0.030720312500000003
11 0.53895625 0.3389703125 0.5203031250000001 0.344009375 0.526775 0.3682171875 0.5454421875000001 0.36317499999999997 0.53895625 0.3389703125
10 0.4758375 0.080246875 0.49463437499999996 0.075209375 0.48972187500000003 0.0572375 0.48758437499999996 0.0577671875 0.4850171875 0.0481859375 0.4685265625 0.052604687500000004 0.4758375 0.080246875