0 0.2862564125 0 0.1519005546875 0.9559915999999999 0.46503659375 1 0.7137435875 1 0.8480994453124999 0.044008399999999996 0.5349634062499999 0 0.2862564125 0
2 0.5031865890625 0.3538177265625 0.49939219062499995 0.3802436984375 0.5224838953125001 0.3833438640625 0.5261730109375 0.35755475 0.530237284375 0.3580170734375 0.5181201828125 0.44388668906250006 0.5884482515625 0.45387952656249997 0.6105758796874999 0.29700585 0.5088392921875 0.2825988328125 0.4988737796875 0.3532826046875 0.5031865890625 0.3538177265625
8 0.5519533921875001 0.6584853828125 0.579614840625 0.46163027031250004 0.5128680453125 0.4523143125 0.5213427265624999 0.392653771875 0.4980513609375 0.389694378125 0.4538060828125 0.7039433109375001 0.47704800937499997 0.707220796875 0.4851118453125 0.6490914171875 0.5519533921875001 0.6584853828125
6 0.475095078125 0.7209482203124999 0.4769036765625 0.7080793765625 0.45364996562500004 0.7049643328124999 0.45179983281249997 0.718128709375 0.436316790625 0.7165649171874999 0.42704351249999994 0.7825477171874999 0.445616484375 0.7852195140625 0.44428351718750003 0.79443461875 0.46441614375 0.79741555 0.46565327031250003 0.788130171875 0.473909496875 0.7891343015625 0.4831062046875 0.7222255843750001 0.475095078125 0.7209482203124999
2 0.443195971875 0.35500046875 0.42671943125 0.47234940937500003 0.48145824687500005 0.48042271249999996 0.497750340625 0.363005246875 0.443195971875 0.35500046875
10 0.3969776484375 0.7084705687499999 0.4034322890625 0.70947238125 0.41361425625 0.637675084375 0.40716776250000003 0.6366602171875 0.3969776484375 0.7084705687499999
7 0.42528657656249996 0.48253348125000006 0.4044408546875 0.63076868125 0.46301199843749996 0.6387541734375 0.48371945937499994 0.4902565515625 0.42528657656249996 0.48253348125000006
13 0.415781796875 0.6403165171875 0.40683243124999996 0.7048253640625 0.44991312343749995 0.7110977046875 0.4592424125 0.645064396875 0.415781796875 0.6403165171875
2 0.488159384375 0.7162914125000001 0.4778226109375 0.7894933328125 0.545975653125 0.7992893624999999 0.5642716046875 0.6688711328125 0.48720876874999997 0.6570292531249999 0.47894787499999997 0.7148879484374999 0.488159384375 0.7162914125000001
1 0.6315610015625001 0.37316130468750003 0.606625534375 0.369584271875 0.592072803125 0.47244748124999997 0.58479620625 0.47156840625 0.559302621875 0.6533015 0.5753625609374999 0.6555207078125 0.6032952468749999 0.4549168609375 0.6197374359375 0.456830040625 0.6315610015625001 0.37316130468750003
11 0.6178629171875001 0.29109687968750003 0.6077869421875 0.3629595625 0.632424578125 0.36674719375 0.64257849375 0.29427379062500003 0.6178629171875001 0.29109687968750003
13 0.46069320312500006 0.2800909734375 0.45140122343750005 0.345623034375 0.49627444374999996 0.3519958234375 0.5055680609375 0.285823384375 0.46069320312500006 0.2800909734375
10 0.44217143124999997 0.345607090625 0.44840281875 0.3464796984375 0.45860045156250007 0.274380078125 0.452350446875 0.2734827640625 0.44217143124999997 0.345607090625
10 0.39482117968749997 0.4477645234375 0.391680284375 0.47033769999999997 0.40579488281250004 0.472791578125 0.4090415296875 0.44969048125000005 0.39482117968749997 0.4477645234375
1 0.37259242656249997 0.630461371875 0.3616512640625 0.7073462687500001 0.390711415625 0.711618171875 0.400891184375 0.6404091078125 0.39638330625 0.6399933109375 0.4365289328125 0.353590121875 0.425492571875 0.3523499 0.40796160312499996 0.4783803296875 0.3913339890625 0.4762596375 0.369845696875 0.6301447687499999 0.37259242656249997 0.630461371875