7 0.6979 0.1447953125 0.74266875 0.15875937499999998 0.7631296875 0.092103125 0.7181734375 0.07824375 0.6979 0.1447953125
10 0.2792328125 0.8039171875 0.27147031250000003 0.8015625 0.25665625 0.8499671875000001 0.2644328125 0.8523265625 0.2792328125 0.8039171875
1 0.34016875 0.5250421875 0.32994218750000004 0.522009375 0.30936718750000003 0.58928125 0.3195515625 0.5925625 0.34016875 0.5250421875
10 0.27316875 0.7965 0.29311875 0.8026359375000001 0.2930828125 0.8028328124999999 0.294553125 0.8032999999999999 0.2997875 0.7860968749999999 0.27838124999999997 0.779590625 0.27316875 0.7965
13 0.323584375 0.6809734375 0.3100859375 0.6768734375000001 0.29151875 0.737365625 0.3050875 0.7415921875 0.323584375 0.6809734375
7 0.26265625 0.9502828125 0.2850859375 0.8768453125000001 0.2740796875 0.8737046875000001 0.278384375 0.8597093750000001 0.2550640625 0.8520578125 0.228290625 0.9397765625 0.26265625 0.9502828125
1 0.394240625 0.43929999999999997 0.40263593750000004 0.44185937500000005 0.405303125 0.4331125 0.4071203125 0.43366875 0.42270312499999996 0.38270624999999997 0.41253593750000006 0.37956406249999997 0.394240625 0.43929999999999997
13 0.3810328125 0.487996875 0.38661875 0.4897046875 0.3792578125 0.513615625 0.4026109375 0.5209984375000001 0.424759375 0.44847187499999996 0.41669687499999997 0.4460078125 0.40740781249999997 0.4761984375 0.405865625 0.47572656249999995 0.40961406250000004 0.463596875 0.39578281249999997 0.45940312499999997 0.39205 0.471503125 0.3865859375 0.4698328125 0.3810328125 0.487996875
10 0.34394375 0.6056203124999999 0.33259375 0.60213125 0.310684375 0.673740625 0.32583281249999996 0.678409375 0.306265625 0.7424109375 0.3205265625 0.746990625 0.34213125 0.6763734375 0.33614062499999997 0.6745984375 0.353521875 0.6178296875 0.34130937499999997 0.614209375 0.34394375 0.6056203124999999
1 0.287671875 0.8778421875 0.26529375 0.9510890625 0.272815625 0.9533890625 0.2952078125 0.8801640624999999 0.287671875 0.8778421875
1 0.3990890625 0.3754796875 0.3889265625 0.3723140625 0.370675 0.4320125 0.38085625 0.43514375000000005 0.3990890625 0.3754796875
10 0.291390625 0.8076828125000001 0.2804328125 0.8042421875000001 0.26559374999999996 0.8526843749999999 0.2793203125 0.8569453125000001 0.294215625 0.808175 0.2932578125 0.8078078124999999 0.2931625 0.8079609375000001 0.29153281249999996 0.8075203125 0.291390625 0.8076828125000001
1 0.3460171875 0.42830312499999995 0.335809375 0.42519999999999997 0.3097359375 0.510453125 0.31994531249999997 0.5136296875 0.3460171875 0.42830312499999995
10 0.30074375 0.8620421875 0.29436874999999996 0.86001875 0.28967187499999997 0.875346875 0.296046875 0.8773156249999999 0.30074375 0.8620421875
1 0.275225 0.7350625 0.24374687499999997 0.725475 0.207009375 0.8455796875000001 0.23845468749999998 0.8552515625 0.275225 0.7350625
6 0.28792968750000003 0.748246875 0.28688437499999997 0.7479265625 0.2780359375 0.7768328125 0.3006484375 0.7835015624999999 0.3117890625 0.747009375 0.2902921875 0.7404375 0.28792968750000003 0.748246875
2 0.29855468749999997 0.5919109375 0.279984375 0.6526234375 0.3008140625 0.6590359375 0.3194484375 0.5980515625 0.29855468749999997 0.5919109375
7 0.5295671875 0.0774046875 0.49914218750000006 0.0680390625 0.4744921875 0.1484515625 0.5050484375 0.15768125 0.5295671875 0.0774046875
13 0.533528125 0 0.530821875 0.008921875 0.551509375 0.015145312499999999 0.5561234374999999 0 0.533528125 0
2 0.5209734375 0.0687265625 0.52336875 0.069365625 0.5235140625 0.069484375 0.5235921875 0.06955 0.5402484375000001 0.015190625 0.5177484375 0.008151562499999999 0.501103125 0.0623515625 0.5208796875 0.068346875 0.5209734375 0.0687265625
10 0.4810890625 0 0.48004375 0.0034140625 0.501628125 0.01010625 0.504728125 0 0.4810890625 0
10 0.4901453125 0.15623437499999998 0.47551249999999995 0.1517625 0.46999218750000005 0.1697578125 0.48462812499999997 0.17429375 0.4901453125 0.15623437499999998
3 0.47242656250000004 0.2453578125 0.447971875 0.23781875000000002 0.4380140625 0.2703328125 0.46780156249999993 0.279459375 0.48784375 0.21392656250000003 0.482528125 0.2123953125 0.47242656250000004 0.2453578125
10 0.5433421875 0.06707031249999999 0.53855625 0.065625 0.535446875 0.0759359375 0.5401921875 0.0773859375 0.5433421875 0.06707031249999999
10 0.5041218749999999 0.205234375 0.49629218750000004 0.20287812500000002 0.49249375000000006 0.2152734375 0.5003390624999999 0.217634375 0.5041218749999999 0.205234375
1 0.5076484375 0.18389687500000002 0.5078859375 0.1839703125 0.5126609375 0.1683875 0.512425 0.16833437499999998 0.5262828125000001 0.12290625 0.5265265625 0.12297968749999999 0.5356109375 0.0932875 0.535390625 0.09321874999999999 0.539321875 0.0802015625 0.5332859375 0.07835625 0.538715625 0.0606515625 0.5397875 0.0609453125 0.540815625 0.057581249999999994 0.5410874999999999 0.0576359375 0.550165625 0.0279421875 0.5499296874999999 0.0278703125 0.5527031250000001 0.0187546875 0.542965625 0.0158140625 0.5403140625 0.0244171875 0.5398078125 0.0243078125 0.5304859375000001 0.0548609375 0.530959375 0.054984374999999995 0.526446875 0.06978593749999999 0.53410625 0.072028125 0.52781875 0.0925296875 0.5273625 0.09236562499999999 0.517978125 0.1230984375 0.5184515625 0.12324375000000001 0.505875 0.1644328125 0.48962031250000004 0.1594453125 0.48210312499999997 0.1841640625 0.4903046875 0.186615625 0.48341093749999997 0.20926874999999998 0.4921875 0.21180156249999998 0.49586718750000003 0.1997078125 0.5022125 0.20163906250000002 0.5076484375 0.18389687500000002
2 0.4274796875 0.1787046875 0.402753125 0.2596078125 0.4378515625 0.2703375 0.4625859375 0.18975625000000002 0.430228125 0.179915625 0.430040625 0.1794875 0.4274796875 0.1787046875
10 0.52015 0 0.5184109375 0.005696875 0.5291875 0.00900625 0.53195625 0 0.52015 0
10 0.4645671875 0.1877625 0.477396875 0.19168593750000001 0.4799125 0.18345781249999998 0.48179375 0.18408906249999998 0.482796875 0.1808296875 0.468059375 0.1763421875 0.4645671875 0.1877625
2 0.460790625 0.06642187499999999 0.46346406250000005 0.0672390625 0.46358437500000005 0.06707031249999999 0.4824453125 0.07292968749999999 0.5009265625 0.012540625 0.4792734375 0.005995312500000001 0.460790625 0.06642187499999999
1 0.4675640625 0 0.4630640625 0.014703125000000001 0.4628234375 0.0146109375 0.4519125 0.0502984375 0.4521578125 0.05037343749999999 0.44317343749999993 0.079759375 0.44292968750000006 0.079684375 0.41907500000000003 0.15773593749999998 0.4193203125 0.15783125 0.41036406249999996 0.1870203125 0.4101203125 0.1869453125 0.40110625000000005 0.216453125 0.401446875 0.216484375 0.40132500000000004 0.21696875000000002 0.41236875 0.22035624999999998 0.42171250000000005 0.189853125 0.4212109375 0.18968125 0.424446875 0.17923125 0.4235171875 0.178928125 0.42892343750000006 0.1611984375 0.42939375 0.16136250000000002 0.4535578125 0.082296875 0.4531078125 0.08217656250000001 0.4617046875 0.05395 0.46218750000000003 0.054096875 0.4733609375 0.017499999999999998 0.4729203125 0.017349999999999997 0.47821718750000003 0 0.4675640625 0
11 0.41172812499999994 0.22334375 0.40042343750000003 0.219921875 0.38951250000000004 0.255553125 0.400821875 0.2589953125 0.41172812499999994 0.22334375
1 0.48433125 0.269996875 0.484503125 0.2700234375 0.48921875000000004 0.2546390625 0.48904375 0.2545859375 0.49940468750000006 0.22057812499999999 0.489615625 0.21764062499999998 0.48058125 0.247121875 0.479215625 0.24672343749999998 0.4735828125 0.26509375 0.4749515625 0.2654546875 0.470484375 0.28024218749999996 0.48021562500000003 0.283290625 0.48433125 0.269996875
13 0.47776406250000003 0.1948625 0.46395156249999997 0.1906015625 0.4503375 0.23507812499999997 0.47194375 0.2417765625 0.488021875 0.18918437500000002 0.48028125 0.18670625000000002 0.47776406250000003 0.1948625
8 0.5071953125 0 0.4831625 0.07861875 0.46197499999999997 0.072165625 0.46200625000000006 0.0719859375 0.4593421875 0.07120937499999999 0.42800625 0.1737859375 0.4314484375 0.17485781250000001 0.4317125 0.1745640625 0.46414218749999997 0.18456875 0.46679375 0.17589531249999998 0.4667171875 0.1758890625 0.46873125 0.1693 0.46888281249999997 0.169384375 0.47519062500000003 0.148853125 0.4735578125 0.148334375 0.4982125 0.06781875000000001 0.497953125 0.0677390625 0.499703125 0.0620375 0.49996875 0.062098437500000006 0.518934375 0 0.5071953125 0
10 0.7980640625000001 0.14401406249999998 0.7915640625 0.141934375 0.7899015625 0.14734375 0.7964249999999999 0.14937499999999998 0.7980640625000001 0.14401406249999998
10 0.7839343750000001 0.1849546875 0.7520484374999999 0.1752796875 0.747953125 0.1887046875 0.779853125 0.19838125 0.7839343750000001 0.1849546875
1 0.7345234375 0.079534375 0.7431062500000001 0.0514796875 0.7278296875 0.046809375 0.71934375 0.074803125 0.7345234375 0.079534375
6 0.7629265625 0.1963234375 0.747025 0.1913890625 0.7446421875 0.199209375 0.743571875 0.1988828125 0.7353500000000001 0.225775 0.7523578125 0.23097656249999998 0.7529015625000001 0.22918750000000002 0.75480625 0.2297703125 0.7609265625 0.20978750000000002 0.7590250000000001 0.2091625 0.7629265625 0.1963234375
3 0.8395515625 0.11142812499999999 0.8169625 0.10448125 0.8051 0.1432171875 0.8277625000000001 0.1501875 0.8395515625 0.11142812499999999
13 0.768915625 0.15960000000000002 0.7696375 0.15984062500000001 0.7648109375 0.1757140625 0.7846390624999999 0.18184375 0.7937406250000001 0.151965625 0.7732218750000001 0.1455140625 0.768915625 0.15960000000000002
10 0.6344421875 0.6327906249999999 0.62345 0.6294531250000001 0.6211781249999999 0.6368671875 0.6321671875 0.6402265625 0.6344421875 0.6327906249999999
10 0.6324828124999999 0.5955703125 0.6215499999999999 0.5922546875 0.6119687500000001 0.623621875 0.6228671875 0.6267390625 0.6324828124999999 0.5955703125
10 0.632584375 0.6433859375 0.6325171875 0.6433828125 0.630690625 0.649190625 0.6403984375 0.65211875 0.6451609375 0.6365109375 0.6355953125 0.633534375 0.632584375 0.6433859375
13 0.633765625 0.5965984375 0.624571875 0.6265375 0.6443546875 0.6323984375 0.65348125 0.6024578125 0.633765625 0.5965984375
10 0.6258265625 0.6828031250000001 0.6075999999999999 0.6772125 0.5951578125 0.71799375 0.6133921875 0.72353125 0.6258265625 0.6828031250000001
2 0.5530921875 0.700296875 0.5639953125 0.7036296875 0.56415625 0.7031031249999999 0.58455 0.7093390625 0.60116875 0.6549859375 0.5698875 0.645384375 0.5530921875 0.700296875
6 0.6091046875 0.67231875 0.6312640625 0.67885 0.6387390625 0.6546796875 0.6289828125 0.6515171875 0.6315703125 0.6431875 0.6200640625 0.6396625 0.6177078125000001 0.64741875 0.616796875 0.647178125 0.6091046875 0.67231875
2 0.5918046875 0.582984375 0.5892203125 0.5821 0.5707 0.6427031249999999 0.6020218749999999 0.6522796875 0.6204515625 0.5919109375 0.5917671875 0.5832140625 0.5918046875 0.582984375
1 0.6465562499999999 0.6924828125 0.6302390625000001 0.6876078125 0.6185484375 0.7256890625 0.6348906249999999 0.730478125 0.6465562499999999 0.6924828125
13 0.556653125 0.8525765625 0.5701515625 0.8568328125000001 0.5788078125 0.828375 0.5762015625 0.8275484375 0.5816749999999999 0.8095484374999999 0.570853125 0.8061796875 0.556653125 0.8525765625
2 0.558659375 0.8926343749999999 0.5686625000000001 0.8599249999999999 0.5541640625 0.8555078125 0.5670468750000001 0.8134 0.5346375 0.8033265625 0.5116953125 0.8782765625 0.558659375 0.8926343749999999
10 0.6282828125 0.6835734375 0.627228125 0.6832625 0.6144421875 0.7250515625 0.6170375 0.725765625 0.6300296875 0.683778125 0.6283937500000001 0.6832265625 0.6282828125 0.6835734375
11 0.519884375 0.8410265625 0.5202328125 0.839825 0.5132390625000001 0.837725 0.5128812500000001 0.8389218749999999 0.509909375 0.8380140624999999 0.498853125 0.874125 0.5097453125 0.8775499999999999 0.520803125 0.8413265624999999 0.519884375 0.8410265625
3 0.572453125 0.8610390625000001 0.5694375 0.8601171875 0.5593843749999999 0.89285625 0.5782171875000001 0.898596875 0.6041484374999999 0.8138359375 0.5885421875 0.8090078125 0.58790625 0.811090625 0.58775625 0.8110640625000001 0.572453125 0.8610390625000001
8 0.5855406249999999 0.7098390625000001 0.5858171875 0.7099249999999999 0.584353125 0.7147515624999999 0.5625796875 0.708146875 0.5627359375000001 0.7076359375 0.5518984375 0.7042625 0.5240671875 0.79520625 0.5356078125 0.798753125 0.5357171875 0.79858125 0.5377562499999999 0.7992046875 0.537896875 0.799021875 0.568528125 0.808465625 0.5750453125 0.7873953124999999 0.574725 0.787309375 0.5928546875 0.7284671875 0.591984375 0.72825625 0.6221546874999999 0.6292515625 0.611246875 0.625965625 0.5855406249999999 0.7098390625000001
1 0.5217203125000001 0.8374453125000001 0.531084375 0.806790625 0.530446875 0.8066296875000001 0.531696875 0.8024953125 0.5216968750000001 0.799421875 0.511221875 0.833646875 0.5217203125000001 0.8374453125000001
7 0.574809375 0.7872234375 0.5760421874999999 0.7875671875 0.5719859375 0.8007203125 0.6098671875 0.81265 0.6339187500000001 0.7339859375 0.5948328125 0.7222593749999999 0.574809375 0.7872234375
10 0.6092625 0.8153640624999999 0.6054421875 0.814140625 0.6030359375 0.8219578125 0.6069015624999999 0.8231390624999999 0.6092625 0.8153640624999999
10 0.5783359375 0.825046875 0.58103125 0.8258515624999999 0.5713015625 0.857678125 0.5721640625 0.8579421875 0.586559375 0.8107203125 0.583109375 0.8095718749999999 0.5783359375 0.825046875
8 0.7796171875 0.08898906250000001 0.779496875 0.08943593749999999 0.79596875 0.094465625 0.8033828125 0.0700515625 0.7866140625 0.06495 0.7864765625000001 0.065378125 0.784390625 0.0646796875 0.784553125 0.06415 0.7444515625 0.051890625 0.73505 0.082721875 0.7644140625 0.0916984375 0.70421875 0.28821875 0.7151375 0.29166875000000003 0.77718125 0.088265625 0.7796171875 0.08898906250000001
10 0.7525703125 0.233153125 0.7362375 0.2280859375 0.7272546875 0.2574359375 0.7436296875 0.26242187499999997 0.7525703125 0.233153125
13 0.8027875 0.0999734375 0.778478125 0.09200312499999999 0.7641828125 0.139034375 0.7886234375 0.1464125 0.8027875 0.0999734375
8 0.22826718750000002 0.93976875 0.354346875 0.5268296875 0.34358125 0.5233171875 0.2396078125 0.863503125 0.21788593750000002 0.85684375 0.19559375 0.9297796875 0.22826718750000002 0.93976875
10 0.7419328125 0.1611046875 0.73191875 0.157953125 0.7131734375 0.2192625 0.7232328125 0.2223375 0.7419328125 0.1611046875
10 0.7527828125 0.172628125 0.7632296875 0.17576562499999998 0.77256875 0.1451078125 0.7621046875 0.141890625 0.7527828125 0.172628125
2 0.7420140625 0.2647296875 0.7264953125 0.260003125 0.703571875 0.3351265625 0.734115625 0.344484375 0.7569734375 0.26963906249999997 0.74195 0.26497187499999997 0.7420140625 0.2647296875
10 0.7279546875 0.1629890625 0.7251484375 0.1621453125 0.72330625 0.16815625 0.726115625 0.168959375 0.7279546875 0.1629890625
2 0.8052234374999999 0.097284375 0.79229375 0.139459375 0.8040578125 0.1428390625 0.81668125 0.10149843750000001 0.8403484375 0.1087515625 0.8480874999999999 0.083575 0.8131609375 0.072896875 0.8130109375 0.0733890625 0.8106656250000001 0.0727796875 0.810796875 0.0723515625 0.8045015624999999 0.07045625 0.7970453125 0.094784375 0.8052234374999999 0.097284375
2 0.7124140625 0.221921875 0.6892125 0.21477343750000003 0.6699765625 0.27780625 0.7030624999999999 0.2879578125 0.7223765625 0.22477968750000002 0.7124578125000001 0.221746875 0.7124140625 0.221921875
2 0.3801796875 0.441375 0.3479453125 0.4315203125 0.3232671875 0.512140625 0.355596875 0.521953125 0.3801796875 0.441375
1 0.28690625000000003 0.8712203125 0.28935625 0.8720078125 0.29400781249999997 0.8566828125000001 0.2950703125 0.8570078125 0.3092015625 0.8108390625 0.297415625 0.8072171875 0.277765625 0.871378125 0.28614375000000003 0.873715625 0.28690625000000003 0.8712203125
1 0.296503125 0.588834375 0.2866734375 0.585890625 0.245515625 0.7205171874999999 0.2553640625 0.7235453125 0.296503125 0.588834375
10 0.403390625 0.4501734375 0.3987734375 0.44876562499999995 0.39647343749999997 0.4563140625 0.41072499999999995 0.46073125 0.41610781250000006 0.4431859375 0.4064203125 0.4402328125 0.403390625 0.4501734375
10 0.43259687500000005 0.44825312500000003 0.42684531249999996 0.4464578125 0.42103437499999996 0.46535000000000004 0.42683125000000005 0.46714218750000003 0.43259687500000005 0.44825312500000003
2 0.279134375 0.6554625 0.2587203125 0.722090625 0.2795546875 0.7284640625 0.2999328125 0.661828125 0.279134375 0.6554625
1 0.20572343750000002 0.8506937499999999 0.1826171875 0.9258124999999999 0.1929671875 0.9289765624999999 0.2159609375 0.8536625000000001 0.20572343750000002 0.8506937499999999
10 0.3860828125 0.466203125 0.39154374999999997 0.46790937499999996 0.3980109375 0.44678281249999996 0.3898375 0.44435 0.40918124999999994 0.3809796875 0.4010671875 0.37846250000000003 0.357015625 0.522284375 0.367915625 0.5257078125 0.371578125 0.513653125 0.3770046875 0.5154015625 0.3840734375 0.49239218749999997 0.378578125 0.4907125 0.3860828125 0.466203125
1 0.3276234375 0.521578125 0.30788906250000003 0.5155765625 0.288015625 0.5805765625 0.30771875 0.5867312499999999 0.3276234375 0.521578125
1 0.3461640625 0.6085796875 0.3691578125 0.6156609375000001 0.38300625 0.5702515625 0.38959375 0.5723203125 0.40200781250000006 0.53171875 0.37246250000000003 0.5226656249999999 0.3461640625 0.6085796875
1 0.3667375 0.53324375 0.356234375 0.530009375 0.3355 0.5978328125 0.346003125 0.6011562500000001 0.3667375 0.53324375
0 0.35876406250000004 0 0.084853125 0.8959234374999999 0.42527499999999996 1 0.6412359375000001 1 0.9151468749999999 0.1040765625 0.574725 0 0.35876406250000004 0