0 0.4737962734375 0 0.1663988703125 0.032309140624999996 0 0.38915266718749997 0 0.5262037265624999 0.032309140624999996 0.8336011296875 0.38915266718749997 1 0.5262037265624999 1 0.8336011296875 0.967690859375 1 0.6108473328125 1 0.4737962734375 0.967690859375 0.1663988703125 0.6108473328125 0 0.4737962734375 0
1 0.34643933125 0.65399116875 0.3445166921875 0.635354378125 0.265645453125 0.6437404765625 0.26722619375 0.6588439140625 0.250926059375 0.6605286515625 0.252813765625 0.6785009171875 0.2858729578125 0.6750678734375 0.2843257703125 0.66042488125 0.29017585 0.6598064796875 0.2906036875 0.6637988453125 0.3022222921875 0.6625705625 0.3018255203125 0.6586150953125001 0.34643933125 0.65399116875
2 0.2504319546875 0.8121230484374999 0.29032873124999997 0.8079097093750001 0.28553461874999997 0.7617235328125 0.24553756249999997 0.7658228734375 0.2504319546875 0.8121230484374999
2 0.24869147656249999 0.8123062140625 0.243816028125 0.7659062578125 0.1994770421875 0.7703549093750001 0.20438079375 0.81702321875 0.24869147656249999 0.8123062140625
3 0.3797768953125 0.7197197359375 0.40824916875 0.716828640625 0.40246295312499997 0.6616045234375 0.3740861390625 0.6645866812500001 0.3797768953125 0.7197197359375
1 0.39707075000000003 0.8279620890625001 0.39466824843750004 0.8049638671875 0.2052076546875 0.824925553125 0.2076061421875 0.8477512234375 0.39707075000000003 0.8279620890625001
8 0.3599859359375 0.8006715171875 0.3522436375 0.726072646875 0.224147253125 0.7400614828125 0.2268004671875 0.7653023390625 0.28842661875000003 0.75868271875 0.293593546875 0.8076149921875 0.3599859359375 0.8006715171875
1 0.4040645328125 0.6532674484375 0.40157777499999997 0.6294368859375 0.3689038046875 0.6328719859375 0.369467359375 0.63807066875 0.3687271515625 0.6381754749999999 0.37075475 0.6567905234375 0.4040645328125 0.6532674484375
10 0.2830480640625 0.731862415625 0.2781382984375 0.684001721875 0.2553900296875 0.6863932015625 0.260416928125 0.734217140625 0.2830480640625 0.731862415625
10 0.35175415625 0.6916551984375 0.3575520390625 0.6910452140625 0.3556352625 0.6724439156249999 0.3485245703125 0.6731296140625 0.3502610546875 0.6898142 0.3515310875 0.689682334375 0.35175415625 0.6916551984375
13 0.2006477125 0.7680958078125 0.22512523281250002 0.7655452375 0.220130428125 0.7183586375 0.19567301875 0.72092893125 0.2006477125 0.7680958078125
10 0.3506414953125 0.6643122046875 0.36899576875 0.6624112656250001 0.365891315625 0.632884390625 0.347547071875 0.6348710375 0.3506414953125 0.6643122046875
10 0.19404636718749999 0.718830840625 0.21989065624999998 0.71608145 0.219001671875 0.70782430625 0.193159659375 0.7106057906250001 0.19404636718749999 0.718830840625
10 0.2447872921875 0.6885744703125 0.25046945 0.6879760359375 0.2460557921875 0.6457877140625 0.2403700390625 0.6463568875 0.2447872921875 0.6885744703125
13 0.3549973203125 0.722293240625 0.37805255937500004 0.7199052578125 0.3728747671875 0.6706265609375001 0.3571977171875 0.672269109375 0.3594045765625 0.69314691875 0.3519998796875 0.6939455046874999 0.3549973203125 0.722293240625
7 0.2863650734375 0.7312265421874999 0.351930175 0.7242196890625 0.3454280953125 0.662341471875 0.290809503125 0.6680824828125 0.29227248437500003 0.68238105625 0.2812410171875 0.6836331421875 0.2863650734375 0.7312265421874999
11 0.422126565625 0.82521396875 0.4195184125 0.800087221875 0.3961768140625 0.8025864859375 0.3988010875 0.8276379953124999 0.422126565625 0.82521396875
2 0.41639341874999997 0.794702678125 0.408452040625 0.71913689375 0.3552437640625 0.7247890406249999 0.3631728359375 0.800237025 0.41639341874999997 0.794702678125
10 0.250026453125 0.7353405671875 0.25896953749999996 0.7343818140625 0.2548200890625 0.6947510218749999 0.2458577359375 0.6956697578125 0.250026453125 0.7353405671875
7 0.6575730578125001 0.6033394125 0.63240548125 0.6060905859375 0.63196171875 0.6018735671875 0.618784040625 0.603221340625 0.62603018125 0.673578759375 0.66468839375 0.669625746875 0.6575730578125001 0.6033394125
10 0.7234977671875 0.71403413125 0.76156555625 0.710116125 0.759645096875 0.6921475515625 0.7215872437499999 0.696147771875 0.7234977671875 0.71403413125
1 0.5718865656250001 0.7237729171875 0.57295998125 0.72365970625 0.5627171484375 0.6262099937500001 0.5466471484375 0.6279003265624999 0.5572775203125 0.7290443203125 0.5722392734375 0.7274716453125001 0.5718865656250001 0.7237729171875
2 0.7246984234375 0.65499953125 0.7397779765625 0.65341455 0.7357463265625 0.61505068125 0.704610846875 0.6183549687500001 0.709198028125 0.662237896875 0.7252813375 0.6605485984375 0.7246984234375 0.65499953125
10 0.5667262484375 0.6210730171875001 0.5799776203125 0.6196337546875 0.5761944078125001 0.5828408125 0.562921134375 0.5842715859375 0.5667262484375 0.6210730171875001
1 0.7592095859375 0.6877464609375 0.7480741203125 0.5824689109375 0.662198915625 0.591430140625 0.6645926703125 0.614210503125 0.740772665625 0.60623486875 0.7464118390625 0.660580125 0.7313106703125001 0.6621670953125001 0.7341330562499999 0.6903504468749999 0.7592095859375 0.6877464609375
10 0.5814001265625001 0.6000604390625 0.5916844171875 0.598965078125 0.589818509375 0.581611559375 0.5795741640625 0.5827617515625 0.5814001265625001 0.6000604390625
10 0.69452275 0.8398553546875 0.7074135921875 0.8386013984374999 0.69799313125 0.7498363593749999 0.6890082015625 0.7506962953125 0.693653896875 0.7951857828125 0.6900020109375 0.795615503125 0.69452275 0.8398553546875
10 0.6799821703125 0.726130065625 0.69347395625 0.7246632625 0.6902852562499999 0.6946626484375 0.676821484375 0.6960545890625001 0.6799821703125 0.726130065625
6 0.7098090171875 0.6922502203125 0.7096238625 0.6904881265625 0.691800075 0.692360590625 0.695141209375 0.7245631859375 0.7192735171875 0.7219654249999999 0.716036284375 0.69159565 0.7098090171875 0.6922502203125
10 0.6579175546875 0.58719075 0.66502379375 0.58644435625 0.6636901875000001 0.5739387609375 0.6566257640625001 0.574680515625 0.6579175546875 0.58719075
3 0.6599128265624999 0.79006173125 0.6865038546875 0.787267471875 0.6821444015625 0.74611643125 0.6556634484375 0.7489482265625 0.6599128265624999 0.79006173125
2 0.6103246578125 0.847260853125 0.6638681484375 0.8416736437499999 0.6510561390625 0.720037715625 0.6330354625 0.721970084375 0.6378644812500001 0.7684104546875 0.6024070078125 0.7721285203125 0.6103246578125 0.847260853125
9 0.6360561328125 0.7660328234375 0.6313397921874999 0.7220534625 0.5975436203125 0.72565833125 0.6021226078125 0.769599503125 0.6360561328125 0.7660328234375
13 0.678814646875 0.8191003671875 0.6862638234375 0.8183690718750001 0.6832260171875 0.7898232140625 0.660115978125 0.7923545984375 0.66531279375 0.8414852796875 0.6810247781250001 0.8398676406250001 0.678814646875 0.8191003671875
12 0.7344115015625 0.8173877140625001 0.7723303359375 0.8134674859375 0.7619886 0.7144958859375 0.7240552609375001 0.7185248609375 0.7344115015625 0.8173877140625001
2 0.6674872093750001 0.6665259640625 0.707533534375 0.66241339375 0.7029115874999999 0.6184349499999999 0.6629907453125 0.6226629265625 0.6674872093750001 0.6665259640625
10 0.683900121875 0.7448025140625 0.6932628546874999 0.7437498078125 0.691522609375 0.7274393078125 0.6798523078125001 0.7287710609375 0.6813784828125 0.743540453125 0.68369125625 0.7432983109375 0.683900121875 0.7448025140625
11 0.5880862953125 0.8470540796874999 0.6056528671875 0.845208215625 0.6032241359375 0.8196893031249999 0.5855403203125 0.8215166999999999 0.5880862953125 0.8470540796874999
8 0.6485701515625 0.696900571875 0.7282824703124999 0.6882894734375 0.7255165359375 0.66268400625 0.62603018125 0.673578759375 0.6208701453125001 0.6236963125 0.5689169703125 0.6291561859375 0.57878021875 0.72299808125 0.6505387046875 0.7153501640625 0.6485701515625 0.696900571875
10 0.6826405515625 0.8396487359375 0.6897894640625 0.8389291390625001 0.6878147375 0.8203559874999999 0.680714928125 0.8211329609375 0.6826405515625 0.8396487359375
13 0.6553104875 0.7463148296875 0.6798882359375 0.743697209375 0.6749915390625 0.6966218703125 0.6504282953125 0.6991307453125 0.6553104875 0.7463148296875
1 0.5851429453125 0.819355665625 0.6013426390625 0.8176534 0.592198953125 0.729884609375 0.5759054953125 0.7314810859375 0.5851429453125 0.819355665625
1 0.5913841843750001 0.5814779078125001 0.5934459453125001 0.601343290625 0.5808325734374999 0.60274904375 0.5825872750000001 0.6194352296875001 0.6142526546875 0.6160297828125 0.612558603125 0.6001563125 0.6568454109374999 0.59546093125 0.6547874796875 0.5748146265625 0.5913841843750001 0.5814779078125001
10 0.25071935 0.65833584375 0.2653750875 0.656794596875 0.26403721406249997 0.6439025546875 0.2493507125 0.64546910625 0.25071935 0.65833584375
6 0.24420731562500003 0.6958742296875 0.24292199062500003 0.696009309375 0.2425584046875 0.6925520453125 0.22619995468749998 0.6943026875 0.22657655000000002 0.6976987796875 0.2197631125 0.6984162015625001 0.223970615625 0.7380482046875 0.2303526921875 0.7374054812499999 0.2305623640625 0.7393996828125 0.2473218046875 0.737665346875 0.2470854984375 0.7356173484374999 0.248367228125 0.7354530078125 0.24420731562500003 0.6958742296875
11 0.511960803125 0.132589128125 0.52987098125 0.130782809375 0.527002225 0.10348639687500001 0.5091300265625 0.1054035234375 0.511960803125 0.132589128125
3 0.5854974687500001 0.1341715796875 0.6247367125000001 0.130018846875 0.621122725 0.09634945 0.5818032390625001 0.10048200468749999 0.5854974687500001 0.1341715796875
10 0.5661753187499999 0.3026915734375 0.5684943203125 0.3024471640625 0.5667403734375001 0.28576305468749996 0.5492154421875 0.2876490234375 0.5531434296875 0.32531459687500003 0.568371040625 0.32357108437500004 0.5661753187499999 0.3026915734375
10 0.6108815296875 0.16677083125 0.62398235625 0.165373428125 0.623088040625 0.15727930625 0.6100696125 0.15864789375 0.6108815296875 0.16677083125
1 0.531323475 0.14152499375 0.5295842140625 0.1416759703125 0.5286472390625 0.132967165625 0.51222905 0.13475718750000001 0.5172037953124999 0.18274472656250002 0.5336663125000001 0.1811443296875 0.5333847671874999 0.1786942265625 0.5352772156250001 0.1784957234375 0.531323475 0.14152499375
2 0.6823431109375 0.2662534890625 0.72669005625 0.261584425 0.7196268906250001 0.194239728125 0.6752812828125 0.1989576875 0.6823431109375 0.2662534890625
10 0.5724673640625 0.3200401984375 0.583402390625 0.31889140781249997 0.5821277031250001 0.3077235484375 0.5712986703125 0.3088372875 0.5724673640625 0.3200401984375
2 0.5391542703125001 0.18075531875 0.5882746562500001 0.17553991093750002 0.5801718578124999 0.100590190625 0.531286175 0.10562023281249999 0.5391542703125001 0.18075531875
7 0.6017848453125 0.204476303125 0.61339324375 0.3149361375 0.6417595796875 0.311954265625 0.6302389578125001 0.20145778124999997 0.6017848453125 0.204476303125
13 0.6082024703125 0.1563187046875 0.622840084375 0.1547793515625 0.6205162843750001 0.1326660515625 0.5857958187500001 0.136315746875 0.58924275625 0.16911591875 0.609321065625 0.166967253125 0.6082024703125 0.1563187046875
6 0.644483825 0.13918397656249998 0.6433651015625 0.13930192187499998 0.646995959375 0.1738446484375 0.6647548999999999 0.17197814843749998 0.6645533671875 0.17005153125 0.6708280046875 0.16933974375 0.6673875484375 0.1367512015625 0.66079225 0.1374444875 0.6602868609375 0.13263497500000002 0.6439583171875001 0.1343288765625 0.644483825 0.13918397656249998
10 0.6266622453124999 0.173834690625 0.6451308109375 0.1718698125 0.64172704375 0.139498365625 0.623288471875 0.1413841328125 0.6266622453124999 0.173834690625
10 0.6301305609375001 0.13347708281249998 0.64280465 0.13214446562499998 0.6384138484374999 0.0906391734375 0.6257366328125 0.091934128125 0.6301305609375001 0.13347708281249998
13 0.6949214390625 0.1943324390625 0.7193320375 0.191788590625 0.7143644890624999 0.14452505 0.68992455 0.14712073125 0.6949214390625 0.1943324390625
1 0.6118563109374999 0.3152262859375 0.6078732359375 0.2776936375 0.5688973265625 0.28176228124999997 0.571454378125 0.30645143125 0.5836008203125 0.30517447343750004 0.5849984484374999 0.318078865625 0.6118563109374999 0.3152262859375
8 0.5301542890625 0.2813570484375 0.6089555734375 0.2729435015625 0.60174839375 0.20442137656249998 0.6932765875 0.1945360609375 0.6905775578125 0.16917901875000002 0.6252773984375 0.1761094296875 0.6243878625 0.167576184375 0.5895984765625 0.17118512187499998 0.5904651890625 0.179778409375 0.5239134578125 0.186390703125 0.5219673390625 0.1867227890625 0.521181759375 0.18693229218750002 0.5202588546875 0.18720706250000002 0.521622709375 0.2001801828125 0.522197071875 0.20009458593749999 0.5293884078125 0.2683438234375 0.5287742984375 0.26840743749999996 0.5301542890625 0.2813570484375
2 0.640575884375 0.27067731093749997 0.6806827640625001 0.2664016109375 0.6735800953125 0.199222965625 0.63367850625 0.20343923125000002 0.640575884375 0.27067731093749997
10 0.6726135734375001 0.168734528125 0.6903621171875 0.16682007968749998 0.68810050625 0.145294365625 0.6702918828125 0.1470566671875 0.6726135734375001 0.168734528125
6 0.31630171093750004 0.191868059375 0.309329334375 0.1926527375 0.3132127359375 0.22924930937500002 0.3195387265625 0.22854939999999999 0.31976354375 0.2306885875 0.34771896406249997 0.2279667984375 0.3437897515625 0.18902832187500002 0.33267868125 0.1901812234375 0.3321915640625 0.18555435781250001 0.3158251828125 0.18729612812500002 0.31630171093750004 0.191868059375
3 0.153385946875 0.2489200203125 0.1773933515625 0.246253671875 0.169194025 0.1701503890625 0.1453025859375 0.17266048125 0.153385946875 0.2489200203125
10 0.1930899671875 0.21332051718749998 0.20025700156249998 0.21259902656250002 0.1982473203125 0.1939233734375 0.19117525156249998 0.19466673437499998 0.1930899671875 0.21332051718749998
10 0.31223107968749997 0.1852098515625 0.308743628125 0.15202701875 0.28815096093750003 0.1541547859375 0.2901910890625 0.1746100421875 0.30333147031249996 0.1732276375 0.30478086875 0.1859544578125 0.31223107968749997 0.1852098515625
2 0.2763552359375 0.2634694421875 0.2776585078125 0.2758626234375 0.2691869015625 0.27675676718750003 0.27527533437499996 0.334752678125 0.3580470265625 0.32602863125 0.35064180624999997 0.2555797921875 0.2763552359375 0.2634694421875
1 0.21035676250000002 0.3229518859375 0.208790434375 0.32311281875 0.20852555156250002 0.3205049765625 0.1817688625 0.32329956718749997 0.1820654578125 0.3258911640625 0.1786585921875 0.32623170468749996 0.1809480015625 0.34823759375 0.2125856765625 0.3449950796875 0.21035676250000002 0.3229518859375
10 0.259870803125 0.23492188593750002 0.276510996875 0.233095740625 0.2727541703125 0.1983942796875 0.256268 0.2001267421875 0.259870803125 0.23492188593750002
10 0.2877589078125 0.1943780125 0.30085397343750003 0.1929744765625 0.299566965625 0.18035785937499998 0.2864871828125 0.18173231875 0.2877589078125 0.1943780125
13 0.19900783125 0.214978409375 0.1917495203125 0.2157107828125 0.1895783421875 0.1948340953125 0.1739062953125 0.1964807 0.1790348015625 0.24572090000000002 0.2020105640625 0.2433406796875 0.19900783125 0.214978409375
13 0.278200984375 0.2326252546875 0.311536528125 0.229072815625 0.30788858124999996 0.194518671875 0.27457003125 0.19807903437500002 0.278200984375 0.2326252546875
10 0.173587025 0.1877375421875 0.1943466609375 0.18555488281250002 0.19205851875 0.164004728125 0.1739292875 0.165929578125 0.174262215625 0.16913462968749998 0.171660890625 0.1694077234375 0.173587025 0.1877375421875
7 0.2053944890625 0.2433118359375 0.2570895890625 0.2378471296875 0.2493022703125 0.16198424218750002 0.19739931093750002 0.1674399484375 0.2053944890625 0.2433118359375
11 0.1615645046875 0.35030855625 0.17941755312500002 0.348432496875 0.1768949109375 0.3242352234375 0.15903249218749999 0.3260241609375 0.1615645046875 0.35030855625
8 0.3400744671875 0.254246759375 0.337490803125 0.22894178906249998 0.2570895890625 0.2378471296875 0.21650053906250002 0.24210314843749997 0.21674608593750003 0.244438196875 0.20555325624999998 0.24554090624999997 0.2155364953125 0.3410369265625 0.273261784375 0.33497056718749996 0.2654826625 0.26194063125 0.3400744671875 0.254246759375
10 0.26975511874999997 0.167147703125 0.284559890625 0.16556044375 0.283721303125 0.157587128125 0.2689150125 0.1591443703125 0.26975511874999997 0.167147703125
10 0.3507148671875 0.20787724999999999 0.3673857609375 0.2061257609375 0.3646728609375 0.18046571875 0.3480113875 0.1821526390625 0.3507148671875 0.20787724999999999
10 0.3417638640625 0.254010465625 0.350691115625 0.25313742499999997 0.3483323015625 0.2304078375 0.3394584 0.2313402359375 0.3417638640625 0.254010465625
1 0.28333045 0.167945578125 0.2684795125 0.16950613750000001 0.26748492343749997 0.1600446515625 0.25102400625 0.1616268296875 0.25477835937500004 0.19754257656250002 0.2861688875 0.1945416890625 0.28333045 0.167945578125
2 0.16079798437499998 0.32007888906250004 0.20964238750000003 0.31494511875 0.20223503593749997 0.2455952171875 0.15350209374999998 0.25066372812500004 0.16079798437499998 0.32007888906250004