8 0.342890625 0.2425484375 0.3457578125 0.24290625000000002 0.34601875 0.24096406250000002 0.3697796875 0.24447812500000002 0.3850046875 0.136478125 0.378340625 0.1355421875 0.370471875 0.19139843750000002 0.350471875 0.1886078125 0.3494609375 0.1958015625 0.3503484375 0.1958640625 0.3450328125 0.2334703125 0.344215625 0.2334 0.342890625 0.2425484375
13 0.5990390624999999 0.7672359375 0.6016140625 0.74875625 0.58936875 0.7462859374999999 0.5865109375 0.7662 0.5990390624999999 0.7672359375
13 0.595696875 0.7915687499999999 0.5983640625 0.7728796874999999 0.58591875 0.771071875 0.5832765625 0.790209375 0.595696875 0.7915687499999999
6 0.5976296875 0.741375 0.5973875 0.7413203125 0.5967546875 0.7461546875 0.6059203125 0.74753125 0.6087390625 0.7273390625 0.5997546875 0.7261859375 0.5976296875 0.741375
8 0.6530234375 0.03273125 0.6466953125 0.077896875 0.6457796874999999 0.0778984375 0.645465625 0.080478125 0.6638421875 0.08316875 0.7342546875 0.0329625 0.7340296875 0.027976562500000003 0.7069703125 0.0241734375 0.7076421875000001 0.03771875 0.6665234375 0.0668296875 0.6642078125 0.0181640625 0.6631609375 0.0180171875 0.66319375 0.0185875 0.655909375 0.02384375 0.6557265625 0.0221171875 0.6533953125 0.023921875000000002 0.6521921875000001 0.0326140625 0.6530234375 0.03273125
10 0.674165625 0.1701859375 0.6688890625 0.16935 0.66825 0.1741875 0.678296875 0.17550468749999998 0.6820078125 0.1492 0.6772453125 0.1485609375 0.674165625 0.1701859375
10 0.6861546875 0.14834375 0.6835796875 0.1480234375 0.6822515625000001 0.1576890625 0.6847234375 0.1580375 0.6861546875 0.14834375
10 0.7037921875 0.1475859375 0.6969859375 0.14659843749999998 0.6971546875 0.1510203125 0.703159375 0.151896875 0.7037921875 0.1475859375
13 0.6502984374999999 0.3015578125 0.6454046875 0.30087031249999996 0.642865625 0.3190234375 0.6477453125 0.319734375 0.6502984374999999 0.3015578125
5 0.6319375 0.7805640625 0.6292046874999999 0.7997468750000001 0.6403671875 0.8010984375 0.6460625 0.76036875 0.6349734375 0.758859375 0.633978125 0.7660765625 0.6168875 0.763825 0.618278125 0.75393125 0.61999375 0.7542703125 0.620896875 0.74800625 0.622240625 0.748153125 0.623978125 0.7356625 0.6226484375 0.7355390625 0.6239671875 0.7259390625 0.610484375 0.724165625 0.6078406249999999 0.742178125 0.6116406249999999 0.7427312500000001 0.6035984375 0.8000296875 0.5999390625000001 0.7994984374999999 0.5973375 0.81755625 0.6091562500000001 0.819328125 0.61485 0.77821875 0.6319375 0.7805640625
10 0.68514375 0.11692968749999999 0.6707328125 0.12706562500000002 0.671428125 0.140534375 0.6857249999999999 0.130384375 0.68514375 0.11692968749999999
13 0.66471875 0.08563593750000001 0.6657078125 0.107221875 0.6742703125 0.10083125 0.6732359375 0.07941406250000001 0.66471875 0.08563593750000001
10 0.6791625 0.29021718750000003 0.67544375 0.2898234375 0.6743718750000001 0.2979328125 0.6779734375 0.29848281249999997 0.6791625 0.29021718750000003
6 0.6842921875 0.094190625 0.68648125 0.09265 0.6871859375 0.1121796875 0.6941484375 0.10717499999999999 0.6921796875 0.065053125 0.6853875 0.0697390625 0.685434375 0.07118593749999999 0.6832906249999999 0.07281875 0.6842921875 0.094190625
2 0.6637796875 0.086 0.645121875 0.0831390625 0.6445765625 0.0867421875 0.6454046875 0.0868796875 0.6390703125 0.1320875 0.6382296875 0.13196875 0.637134375 0.13947343750000002 0.6597453125 0.14273750000000002 0.6644953124999999 0.1092671875 0.660678125 0.10855624999999999 0.6637796875 0.086
13 0.682596875 0.0843109375 0.67409375 0.0903078125 0.67463125 0.1006 0.6831078125000001 0.0945453125 0.682596875 0.0843109375
6 0.706921875 0.0556453125 0.6929765625 0.065471875 0.6939421875 0.086084375 0.7078484375 0.076253125 0.706921875 0.0556453125
1 0.6741890625 0.3255671875 0.6657828125 0.324415625 0.66298125 0.344465625 0.6713281249999999 0.3456390625 0.6741890625 0.3255671875
13 0.7508765625 0.0303453125 0.7409625 0.0289515625 0.7359390625 0.0324984375 0.7368609375 0.053778124999999996 0.7395859375 0.0518921875 0.7400734375 0.0626296875 0.751934375 0.054112499999999994 0.7508765625 0.0303453125
6 0.6865203125 0.1123828125 0.6856687499999999 0.09473125 0.6704703125 0.1053953125 0.67125 0.1234046875 0.6865203125 0.1123828125
0 0.28625625 0 0.15189999999999998 0.9559921875 0.4650359375 1 0.71374375 1 0.8481 0.0440078125 0.5349640625000001 0 0.28625625 0
13 0.6451609375 0.30083906250000003 0.640278125 0.300153125 0.6376937500000001 0.3182671875 0.642578125 0.31899687499999996 0.6451609375 0.30083906250000003
4 0.7160953125 0.1493921875 0.7052171875 0.1477859375 0.7011328125 0.17684375000000002 0.712 0.178346875 0.7160953125 0.1493921875
2 0.6875328125 0.0214421875 0.6877671875 0.0261890625 0.684128125 0.028859375 0.68534375 0.051960937500000005 0.706046875 0.03715 0.7054671875 0.0239625 0.6875328125 0.0214421875
10 0.74219375 0.09375 0.749546875 0.0885640625 0.7496015625 0.09029374999999999 0.7501859375000001 0.0898375 0.748703125 0.0583328125 0.7400203125 0.064425 0.74049375 0.0750296875 0.737265625 0.07731249999999999 0.7378109375 0.088915625 0.74105625 0.0866390625 0.7415 0.095953125 0.7422859374999999 0.09535468750000001 0.74219375 0.09375
10 0.6615609375 0.10713124999999998 0.66490625 0.10757968749999999 0.6641015625 0.08939843750000001 0.6615609375 0.10713124999999998
1 0.7031625 0.10260625000000001 0.7041015625 0.1224390625 0.712621875 0.11650156250000002 0.7116875 0.0966296875 0.7031625 0.10260625000000001
7 0.7132578125 0.0925625 0.712553125 0.09298125 0.7136078125 0.115825 0.7187421875 0.11211562500000001 0.7186265625 0.1103984375 0.731271875 0.10146250000000001 0.73133125 0.10336562499999999 0.7374390625 0.0988890625 0.73426875 0.033004687500000005 0.711196875 0.0494046875 0.7114171875 0.052575000000000004 0.7077296875 0.055239062500000005 0.7089421875 0.0825125 0.7128125 0.07998125 0.7132578125 0.0925625
2 0.6632625 0.1464828125 0.6578453125 0.1456328125 0.6544890624999999 0.1695109375 0.6598734375 0.17031093749999998 0.6632625 0.1464828125
6 0.6647624999999999 0.1952640625 0.688115625 0.198503125 0.6903875 0.1823453125 0.6776234375 0.18055156249999998 0.6780859375 0.17697968749999998 0.668159375 0.1756734375 0.6675125000000001 0.1807015625 0.66678125 0.1806203125 0.6647624999999999 0.1952640625
8 0.6674484374999999 0.169278125 0.6609046875 0.168534375 0.6530781250000001 0.22421875 0.6258140625 0.22047500000000003 0.6252734375 0.2243234375 0.6261171875 0.2244421875 0.6193703125 0.27229375 0.6185546875 0.272134375 0.6174359375 0.2800921875 0.6511765625 0.284615625 0.6674484374999999 0.169278125
2 0.6502703125 0.28755156249999997 0.61704375 0.282925 0.6162703125 0.28828437500000004 0.617028125 0.2883703125 0.6122609375 0.322353125 0.6115046875 0.3223328125 0.609415625 0.3369234375 0.633678125 0.34033281249999997 0.63965625 0.297934375 0.6486156249999999 0.299259375 0.6502703125 0.28755156249999997
12 0.7165265625 0.197053125 0.6972078125000001 0.1943390625 0.6947953124999999 0.2115015625 0.714040625 0.21423125 0.7165265625 0.197053125
5 0.720040625 0.1787703125 0.7194984375 0.1826265625 0.6992703125 0.1796625 0.702865625 0.15358906249999998 0.69639375 0.1526796875 0.6943703125 0.11035781250000001 0.685975 0.11624375 0.687359375 0.14555625 0.685284375 0.1600078125 0.6819546875 0.1595390625 0.6793843749999999 0.177640625 0.6922171875 0.17944374999999999 0.687890625 0.2105265625 0.694796875 0.211496875 0.6972078125000001 0.1943328125 0.7165421875 0.19705 0.7140734375 0.21420625000000001 0.723171875 0.21535781250000002 0.7281734375 0.179975 0.720040625 0.1787703125
3 0.7543984375 0.0850734375 0.75983125 0.081278125 0.7599437499999999 0.0829484375 0.763940625 0.08006875 0.7625124999999999 0.0487859375 0.7492625 0.05750625 0.750946875 0.0893640625 0.7543078125 0.08701875 0.7543984375 0.0850734375
10 0.7373671875000001 0.06637499999999999 0.73675625 0.0668921875 0.737165625 0.0757671875 0.7396765624999999 0.0740578125 0.73876875 0.0542875 0.73693125 0.055643750000000006 0.7373671875000001 0.06637499999999999
10 0.66914375 0.110165625 0.66566875 0.11254375000000001 0.661440625 0.1430265625 0.670765625 0.1443375 0.66914375 0.110165625
13 0.6347984375 0.3385984375 0.644996875 0.340009375 0.647771875 0.320265625 0.6374390625 0.3189828125 0.6347984375 0.3385984375
2 0.6578015625 0.1851875 0.652434375 0.184475 0.64903125 0.20834687500000001 0.654440625 0.2090421875 0.6578015625 0.1851875
13 0.762296875 0.0470203125 0.761678125 0.0318625 0.7518046875 0.030475000000000002 0.75286875 0.0536109375 0.762296875 0.0470203125
10 0.6776890625 0.3005671875 0.6626890624999999 0.298303125 0.65965625 0.320178125 0.664915625 0.3208265625 0.6646390625 0.32280000000000003 0.6744125000000001 0.324078125 0.6752312500000001 0.3181515625 0.67435625 0.3180625 0.6765484374999999 0.3026640625 0.6773906249999999 0.3027828125 0.6776890625 0.3005671875
2 0.6878968750000001 0.1999125 0.6649859375 0.1967578125 0.659890625 0.2340296875 0.68650625 0.2378359375 0.6870093749999999 0.2341828125 0.6861843750000001 0.2340890625 0.68835 0.21875781249999998 0.689165625 0.21891406249999998 0.689853125 0.21401875 0.6860140625 0.2134578125 0.6878968750000001 0.1999125
13 0.682075 0.07338125 0.6736187499999999 0.0794453125 0.6740953125 0.0897515625 0.6825875 0.08378125 0.682075 0.07338125
10 0.661884375 0.29800468750000003 0.649775 0.29628125 0.6493218749999999 0.299509375 0.6614484375 0.30110625 0.661884375 0.29800468750000003
7 0.668278125 0.29726875 0.6736078125 0.2978921875 0.67496875 0.2880375 0.6793546874999999 0.288734375 0.6804484375000001 0.281115625 0.6795828125 0.28094375 0.6833265625 0.2543890625 0.684184375 0.2545390625 0.6862734374999999 0.239496875 0.6581703125 0.235446875 0.6511875 0.284465625 0.6515359375 0.2845390625 0.6502734375 0.2931125 0.66846875 0.29574687499999996 0.668278125 0.29726875
13 0.6761859375 0.14958906249999998 0.663821875 0.14788125000000002 0.6613249999999999 0.1666296875 0.6735484375 0.16827187500000002 0.6761859375 0.14958906249999998
10 0.7404296875 0.0886390625 0.7378750000000001 0.0903671875 0.7382046875 0.098309375 0.74076875 0.0965609375 0.7404296875 0.0886390625
10 0.71236875 0.0946453125 0.7118203125 0.08217656250000001 0.70813125 0.0846625 0.7078234375 0.0778671875 0.6939828125 0.0875671875 0.6949296875 0.106659375 0.6962171875000001 0.1056921875 0.6961593749999999 0.104209375 0.701753125 0.10024375 0.701790625 0.1021421875 0.71236875 0.0946453125
2 0.6516796874999999 0.18424374999999998 0.6313015625 0.18139375 0.6304890624999999 0.1869265625 0.6312484375 0.18699062500000002 0.6275375000000001 0.213521875 0.6267671874999999 0.21345625 0.6260296875 0.218775 0.6525796875000001 0.22250625 0.6542250000000001 0.2106515625 0.648140625 0.2098390625 0.6516796874999999 0.18424374999999998
2 0.6571296875 0.1456890625 0.6366890625 0.1427046875 0.636 0.1479578125 0.6367453125 0.148103125 0.6330359375 0.1746078125 0.63224375 0.17445312500000001 0.631528125 0.1798578125 0.658071875 0.183734375 0.6597000000000001 0.17191875 0.653534375 0.171053125 0.6571296875 0.1456890625
2 0.6649734375 0.018271875 0.6671578125 0.06478906250000001 0.6845656250000001 0.052503125 0.683484375 0.028215625 0.6870875 0.025729687499999997 0.6868703125 0.0213484375 0.6649734375 0.018271875
3 0.6611796875 0.3026171875 0.6512421875000001 0.3012625 0.6488140625 0.3188203125 0.6586937500000001 0.320165625 0.6611796875 0.3026171875
3 0.6645109375 0.322684375 0.648634375 0.32049531249999996 0.645884375 0.3402 0.661775 0.3421546875 0.6645109375 0.322684375
13 0.577075 0.8942718749999999 0.5796875 0.8759296875 0.5747234375 0.8753109374999999 0.5721453125 0.893578125 0.577075 0.8942718749999999
10 0.6056671875 0.74879375 0.6025875 0.7483609375 0.599659375 0.7688609375000001 0.6028249999999999 0.769284375 0.6056671875 0.74879375
10 0.6023921875 0.772353125 0.5992656249999999 0.7717859375 0.5963296875 0.7922609375 0.59954375 0.7926265625 0.6023921875 0.772353125
11 0.6445765625 0.6467265624999999 0.6471046874999999 0.6286359375 0.6399859375 0.627378125 0.6373 0.6459765625 0.6445765625 0.6467265624999999
12 0.6247609375 0.8214453125000001 0.6304828125 0.7805890625 0.6162265625 0.778765625 0.61055 0.819446875 0.6247609375 0.8214453125000001
8 0.55059375 0.8485265625 0.5498609375 0.8538 0.57384375 0.85689375 0.571553125 0.8729625000000001 0.5781531249999999 0.873965625 0.5895671874999999 0.7926656249999999 0.582946875 0.7918640625 0.58108125 0.8050359374999999 0.5571828125 0.8018281249999999 0.5563859375 0.807075 0.557259375 0.807175 0.55136875 0.8486359374999999 0.55059375 0.8485265625
10 0.608409375 0.6295609375 0.6093171875000001 0.6232375 0.6066671875 0.62284375 0.6057859375 0.62925625 0.608409375 0.6295609375
2 0.5857609375 0.7668296875 0.5886296875 0.7466890625 0.5851734375000001 0.746225 0.5854140625 0.7445140625 0.5888375 0.7450218750000001 0.5904328125 0.7334109375 0.5672734375 0.73011875 0.5664890625 0.7353859375 0.56730625 0.7354390625 0.5641609375 0.758321875 0.5632796875 0.7582390625000001 0.5625281249999999 0.763578125 0.5857609375 0.7668296875
10 0.6253203125 0.76314375 0.6260328125 0.7582734375 0.61923125 0.7572125 0.6185671875 0.7622171875 0.6253203125 0.76314375
10 0.6105421875 0.744440625 0.6076312500000001 0.7439859375 0.6039890625 0.7699765625 0.606975 0.7703734375 0.6105421875 0.744440625
3 0.5979171875 0.918184375 0.6006703124999999 0.8980640624999999 0.58298125 0.8955718750000001 0.5801875 0.9156421874999999 0.5979171875 0.918184375
10 0.60165 0.7117421875 0.5997359375 0.7247140625 0.6089046875 0.7259578125 0.6096953125 0.7199125000000001 0.6091453125 0.7197921875 0.6101359375000001 0.7128765625 0.60165 0.7117421875
10 0.6328609375 0.7639609375 0.633478125 0.7592140625 0.62663125 0.758215625 0.6259453125000001 0.763321875 0.6328609375 0.7639609375
3 0.610003125 0.6233015625 0.6089078125 0.6313500000000001 0.604853125 0.6307375000000001 0.6030921874999999 0.643134375 0.617440625 0.644946875 0.6203359374999999 0.624925 0.610003125 0.6233015625
10 0.5730593749999999 0.8809921875000001 0.573934375 0.8749 0.5712671874999999 0.8746015625 0.5704328125 0.8806546875000001 0.5730593749999999 0.8809921875000001
7 0.61945 0.8340484375000001 0.6207812500000001 0.8242312500000001 0.59575 0.8206890625 0.5944140625000001 0.8299890624999999 0.5845875 0.8286875 0.5804015625 0.8581171875000001 0.5895328125 0.8593453125 0.5917203125 0.84336875 0.59260625 0.8433015625 0.5914906249999999 0.85063125 0.6074171875000001 0.852890625 0.6069140625 0.8568859375000001 0.61431875 0.8578718750000001 0.61411875 0.859159375 0.6146125 0.8591906249999999 0.614571875 0.85963125 0.615853125 0.859915625 0.61769375 0.8468171874999999 0.616921875 0.8466859375 0.6187265625 0.833990625 0.61945 0.8340484375000001
2 0.5650625 0.9138859374999999 0.568128125 0.8918312500000001 0.57150625 0.8922046874999999 0.572765625 0.8828296874999999 0.5695781249999999 0.88233125 0.5727765625 0.8599859375 0.5493812499999999 0.8566984375000001 0.5480046875 0.8660296875 0.5489484375 0.8661875 0.54420625 0.8998546875000001 0.54339375 0.899715625 0.5418609375 0.9106249999999999 0.5650625 0.9138859374999999
6 0.587553125 0.812628125 0.5965906249999999 0.81398125 0.599421875 0.7936984375 0.5903640625000001 0.79263125 0.587553125 0.812628125
8 0.5682406249999999 0.72313125 0.5674812499999999 0.728525 0.5914234375 0.7317046875 0.589528125 0.7450828125 0.59608125 0.7461515624999999 0.6075359375 0.6646453125 0.6009078125 0.6637500000000001 0.598790625 0.6797718749999999 0.57475625 0.67654375 0.574015625 0.681678125 0.574925 0.6818453124999999 0.5690546875 0.723134375 0.5682406249999999 0.72313125
10 0.6859203125 0.13211562500000001 0.6714828125000001 0.1421921875 0.6715718749999999 0.14445 0.6863296875 0.14663125 0.6864796875 0.1456421875 0.6859203125 0.13211562500000001
10 0.63905625 0.6852515625 0.631221875 0.684128125 0.6306437500000001 0.6879187499999999 0.6385515625 0.6889968750000001 0.63905625 0.6852515625
10 0.6037671875 0.662625 0.60461875 0.6567000000000001 0.601971875 0.6562828125 0.601140625 0.6623421875 0.6037671875 0.662625
3 0.5679406250000001 0.8936343750000001 0.5662328125 0.906 0.5702109375 0.9065375 0.569175 0.9143078125 0.57951875 0.9159312500000001 0.5821609375000001 0.895890625 0.5679406250000001 0.8936343750000001
2 0.598528125 0.6766671875 0.601484375 0.654728125 0.604871875 0.6552046875 0.6063140625 0.64510625 0.602846875 0.6446984375 0.605975 0.6227296875 0.5827015624999999 0.6193953125 0.581121875 0.6304937500000001 0.5820593749999999 0.6306265625 0.5773125 0.6643343749999999 0.5764484375000001 0.6642750000000001 0.5752609375 0.6733078124999999 0.598528125 0.6766671875
10 0.5853796874999999 0.8271890624999999 0.5938718749999999 0.8284 0.5948187500000001 0.821521875 0.5954765625 0.8215656250000001 0.5962609375000001 0.815675 0.5872124999999999 0.814228125 0.5853796874999999 0.8271890624999999
2 0.6179703125 0.6465078125 0.61528125 0.6658390625 0.608253125 0.6647937500000001 0.60615625 0.6788531250000001 0.6153703125 0.68034375 0.6143171875 0.6880375 0.6297296875 0.68985625 0.6307828125 0.6825421875 0.639284375 0.6835390625 0.6399953125 0.6784109375 0.6391734375 0.6784265625 0.6423484375 0.6555140625 0.64318125 0.655675 0.6443015625 0.6482609375 0.6375671875 0.6474828125000001 0.63735 0.6492359375000001 0.6179703125 0.6465078125
7 0.6380890625 0.701675 0.6398531249999999 0.6887125000000001 0.6386359374999999 0.6885421875 0.6385515625 0.6889968750000001 0.637996875 0.6889046875 0.637853125 0.6901328125 0.6304515625 0.6890921875 0.629984375 0.6929624999999999 0.6140078124999999 0.6906734375 0.613003125 0.69801875 0.6122203125000001 0.69784375 0.6144703125000001 0.6820265625 0.6054265625 0.6806921874999999 0.601109375 0.710178125 0.6109625000000001 0.7115843749999999 0.6096953125 0.720740625 0.634846875 0.7241890625 0.6362593750000001 0.7146234375 0.63539375 0.7144140625000001 0.6370859375 0.7016171875 0.6380890625 0.701675
10 0.6146125 0.8591906249999999 0.6066312500000001 0.8581562500000001 0.6060531250000001 0.8619468749999999 0.6140484374999999 0.8630703125 0.6146125 0.8591906249999999
4 0.6338843749999999 0.7561828125 0.6379171875 0.7277218750000001 0.625340625 0.726065625 0.6213078125 0.7546390625 0.6338843749999999 0.7561828125
13 0.609509375 0.6631171874999999 0.6121000000000001 0.6449609374999999 0.607196875 0.6440984375000001 0.6045296875 0.662459375 0.609509375 0.6631171874999999
11 0.60615 0.9196953125 0.6087171875 0.9013484375 0.6015984375000001 0.9000937499999999 0.5989125 0.9186890625 0.60615 0.9196953125
10 0.5684296875 0.9141375 0.569321875 0.9077890625 0.5666703125 0.9073968750000001 0.5657765625 0.9138953125 0.5684296875 0.9141375
13 0.6097890625 0.6637500000000001 0.6148390625 0.6642015625 0.6174390625 0.64583125 0.6123484375 0.6448578125 0.6097890625 0.6637500000000001
2 0.5806328125 0.8032609374999999 0.5822421875 0.7914656250000001 0.5788015625 0.7911515625 0.5790265625 0.789765625 0.5824734375 0.7901625 0.5852906250000001 0.76990625 0.5620375 0.7665765625 0.5612765625 0.7719984375 0.5621984375 0.7720859375 0.55900625 0.794653125 0.5581734375 0.7946203125 0.557409375 0.8001921875000001 0.5806328125 0.8032609374999999
13 0.577328125 0.894328125 0.5823437499999999 0.8949453125 0.5850171875 0.8763421875 0.57989375 0.8755859375 0.577328125 0.894328125
3 0.63600625 0.6475453124999999 0.6387562499999999 0.627425 0.62106875 0.6249328125 0.6182765625 0.645003125 0.63600625 0.6475453124999999
2 0.5910265625 0.853603125 0.5899546875 0.861121875 0.5808140625 0.8597875 0.5788203125 0.8741140625 0.58585 0.8750109374999999 0.5830828125 0.8944203125 0.6023890625 0.897065625 0.602134375 0.8990921875 0.60888125 0.8997609375 0.6099359375 0.89256875 0.6090687499999999 0.8925765625000001 0.6122734375000001 0.8697125 0.613109375 0.8698515625000001 0.61389375 0.8643484375 0.6054234375 0.8632703125000001 0.606434375 0.8558234375 0.5910265625 0.853603125
10 0.6066203125 0.7722453125000001 0.6037640625 0.7717359375 0.6000765625 0.797834375 0.6030031250000001 0.79814375 0.6066203125 0.7722453125000001
13 0.39692500000000003 0.0926609375 0.38472968750000003 0.0906640625 0.38210781250000003 0.10939531250000001 0.3943640625 0.1110671875 0.39692500000000003 0.0926609375
5 0.4176109375 0.07176875 0.40566874999999997 0.07009062499999999 0.40297343750000003 0.08926406249999999 0.4085515625 0.0899359375 0.401390625 0.14089374999999998 0.3957953125 0.14010781249999998 0.39314375 0.1593265625 0.40678281250000003 0.16124375 0.41108593750000005 0.130621875 0.40937343750000005 0.13038125 0.4176109375 0.07176875
6 0.394621875 0.13839218749999999 0.38584375 0.13709218750000002 0.3831203125 0.15632656250000002 0.3919453125 0.157653125 0.394621875 0.13839218749999999
2 0.3522984375 0.1817375 0.35145468750000003 0.181728125 0.350728125 0.18695781250000001 0.37001875 0.1896015625 0.3752140625 0.1523609375 0.355953125 0.1497359375 0.35519531249999997 0.15516875000000002 0.35605000000000003 0.15518437499999999 0.3522984375 0.1817375
6 0.40406250000000005 0.07122500000000001 0.39518749999999997 0.0700609375 0.392475 0.089365625 0.40132812500000004 0.09067499999999999 0.40406250000000005 0.07122500000000001
7 0.40419687499999996 0 0.40093281249999996 0.023071875 0.401896875 0.02320625 0.400796875 0.0307546875 0.416740625 0.033015625 0.41779687499999996 0.02541875 0.41874218750000003 0.025618750000000003 0.4155953125 0.04801875 0.421040625 0.048721875 0.4220359375 0.0413734375 0.42634218749999997 0.042109375 0.4285421875 0.026520312499999997 0.4276984375 0.026359375 0.4313953125 0 0.40419687499999996 0
10 0.40572968749999994 0.10394375 0.40099062500000004 0.103315625 0.3995328125 0.11382031249999999 0.404259375 0.114409375 0.40572968749999994 0.10394375
10 0.381075 0.24910937500000002 0.3707625 0.2475453125 0.370190625 0.2518515625 0.3805171875 0.253190625 0.381075 0.24910937500000002
10 0.3946859375 0.26742499999999997 0.3938421875 0.2672625 0.396015625 0.251928125 0.39683125 0.2520203125 0.39706874999999997 0.2501171875 0.38198906250000003 0.24808593750000002 0.37936875 0.26720781250000003 0.39443125 0.26930312500000003 0.3946859375 0.26742499999999997
8 0.377884375 0 0.3746359375 0.023109374999999998 0.373771875 0.023053125 0.3727578125 0.0300625 0.39272968750000004 0.0328703125 0.384915625 0.0888609375 0.3915 0.089659375 0.4041796875 0 0.377884375 0
7 0.39845156249999997 0.16464218749999998 0.39138125 0.1634640625 0.38681875 0.1954609375 0.3938546875 0.1963015625 0.39845156249999997 0.16464218749999998
2 0.368928125 0.06382499999999999 0.3680359375 0.06369843750000001 0.367271875 0.06912968750000001 0.38654375 0.07188125 0.39175781249999997 0.0344875 0.3725 0.03178125 0.3717703125 0.0372609375 0.3726109375 0.0373375 0.368928125 0.06382499999999999
6 0.391721875 0.1591703125 0.382721875 0.1579921875 0.3776046875 0.194121875 0.38610625 0.1952296875 0.391721875 0.1591703125
10 0.40406875 0.1162375 0.399259375 0.11563749999999999 0.39778437499999997 0.12613593750000002 0.402521875 0.126765625 0.40406875 0.1162375
10 0.4010421875 0.09276562499999999 0.39787343750000004 0.09236093749999999 0.3951046875 0.1125296875 0.3981890625 0.11296250000000001 0.4010421875 0.09276562499999999
7 0.40202031250000003 0.1839796875 0.39671406249999996 0.18335625 0.3948671875 0.196603125 0.3947046875 0.19657968750000002 0.393428125 0.20544531250000003 0.392559375 0.2053234375 0.3935609375 0.198 0.37765 0.1956984375 0.37658593749999997 0.2031734375 0.3756390625 0.20310156250000003 0.3698 0.24452500000000002 0.39736875 0.24825 0.398821875 0.2378 0.3980375 0.23765624999999999 0.40234531249999994 0.2074109375 0.403103125 0.20754687500000002 0.40535625 0.19160468749999998 0.4010015625 0.191021875 0.40202031250000003 0.1839796875
10 0.4075234375 0.0915734375 0.40278125 0.0909828125 0.4012703125 0.10151406249999999 0.40598906250000005 0.10214062500000001 0.4075234375 0.0915734375
10 0.40626875 0.1846625 0.40269062499999997 0.1840953125 0.401953125 0.1894765625 0.4055375 0.19 0.40626875 0.1846625
13 0.374946875 0.2544375 0.3700625 0.2537515625 0.36749375 0.27187031250000004 0.372384375 0.2726625 0.374946875 0.2544375
3 0.39161250000000003 0.2892859375 0.3907890625 0.289221875 0.3924484375 0.27758125 0.3932171875 0.27768906250000003 0.3941578125 0.271184375 0.37899531249999996 0.2690796875 0.3753140625 0.29559375 0.3904140625 0.297740625 0.39161250000000003 0.2892859375
10 0.402271875 0.1285515625 0.39756562500000003 0.12781562500000002 0.396084375 0.1383515625 0.4007953125 0.1390484375 0.402271875 0.1285515625
10 0.3977875 0.11606562499999999 0.39468125 0.1156625 0.3918015625 0.1358125 0.394915625 0.13625 0.3977875 0.11606562499999999
4 0.4250453125 0.13242343750000002 0.4124671875 0.13069999999999998 0.408171875 0.161525 0.42069062500000004 0.1632203125 0.4250453125 0.13242343750000002
2 0.340675 0.28148125 0.3399203125 0.28142812500000003 0.33865 0.290465625 0.36349062499999996 0.2939828125 0.370109375 0.247721875 0.34521875 0.24414843749999998 0.34368906250000003 0.2550328125 0.34440468750000003 0.255109375 0.340675 0.28148125
13 0.39357031249999996 0.116709375 0.3813203125 0.11487812500000001 0.3787203125 0.133725 0.39094375000000003 0.135334375 0.39357031249999996 0.116709375
6 0.40883125 0.033603125 0.40037031250000005 0.0323515625 0.3953078125 0.06838125 0.4037453125 0.06958906249999999 0.40883125 0.033603125
13 0.377578125 0.2739890625 0.3672625 0.27251875000000003 0.3642796875 0.29408124999999996 0.3745375 0.295484375 0.377578125 0.2739890625
12 0.4332453125 0.07394062500000001 0.4190765625 0.07192499999999999 0.411271875 0.127384375 0.4255640625 0.12934062500000001 0.4332453125 0.07394062500000001
13 0.3800578125 0.2551875 0.37518281249999996 0.254528125 0.372646875 0.2726546875 0.37747031249999996 0.27335937499999996 0.3800578125 0.2551875
7 0.4167109375 0.0346671875 0.40957499999999997 0.0336453125 0.40508125 0.065559375 0.41233593749999997 0.066534375 0.4167109375 0.0346671875
11 0.4091765625 0.1647453125 0.400221875 0.163509375 0.3976765625 0.181759375 0.4065671875 0.1829640625 0.4091765625 0.1647453125
11 0.42510624999999996 0.05096874999999999 0.41615156249999996 0.0497328125 0.41360625000000006 0.0679828125 0.42249687500000005 0.0691875 0.42510624999999996 0.05096874999999999
2 0.357815625 0.14271875 0.356928125 0.14280781250000002 0.3562046875 0.1479625 0.3754609375 0.1507625 0.380665625 0.1137375 0.36139375 0.11103749999999998 0.36067343749999997 0.11626406250000001 0.3614875 0.116378125 0.357815625 0.14271875
13 0.33099687499999997 0.623975 0.33358750000000004 0.60581875 0.32868437500000003 0.6049546875 0.32601562500000003 0.6233171875 0.33099687499999997 0.623975
11 0.32763593750000003 0.8805531249999999 0.33020312500000004 0.8622062500000001 0.32308593750000003 0.8609515625 0.3204 0.879546875 0.32763593750000003 0.8805531249999999
10 0.289915625 0.8749953125 0.2908078125 0.8686468749999999 0.2881578125 0.8682546875 0.28726250000000003 0.8747515625 0.289915625 0.8749953125
13 0.3312765625 0.6246078125000001 0.336325 0.625059375 0.33892656250000003 0.6066890625 0.3338359375 0.605715625 0.3312765625 0.6246078125000001
2 0.30211875 0.76411875 0.3037296875 0.7523234375000001 0.3002875 0.752009375 0.3005125 0.7506234375 0.303959375 0.7510203125 0.306778125 0.7307640625 0.28352499999999997 0.727434375 0.28276249999999997 0.73285625 0.283684375 0.73294375 0.2804921875 0.7555109375 0.2796609375 0.7554765625 0.278896875 0.76105 0.30211875 0.76411875
13 0.29881406250000003 0.8551859374999999 0.3038296875 0.8558031250000001 0.30650468750000004 0.8371984375 0.30138125 0.8364421875 0.29881406250000003 0.8551859374999999
3 0.35749375 0.6084031249999999 0.36024375000000003 0.5882828124999999 0.34255625 0.585790625 0.3397640625 0.6058609374999999 0.35749375 0.6084031249999999
2 0.31251406249999997 0.8144609375 0.3114421875 0.821978125 0.3023015625 0.8206453125 0.3003078125 0.8349718749999999 0.3073375 0.83586875 0.3045703125 0.8552781250000001 0.3238765625 0.8579234375 0.3236203125 0.8599500000000001 0.33036875 0.8606187500000001 0.3314234375 0.8534265624999999 0.33055625 0.853434375 0.33375937499999997 0.8305703125000001 0.334596875 0.830709375 0.3353796875 0.8252062499999999 0.3269109375 0.824128125 0.32792187500000003 0.81668125 0.31251406249999997 0.8144609375
10 0.3281078125 0.733103125 0.32525 0.73259375 0.32156406249999997 0.7586921875 0.3244890625 0.7590015625000001 0.3281078125 0.733103125
13 0.3205265625 0.72809375 0.3231015625 0.7096140625 0.3108546875 0.70714375 0.3079984375 0.72705625 0.3205265625 0.72809375
13 0.31718437499999996 0.7524265625 0.3198515625 0.7337374999999999 0.3074046875 0.7319296875 0.3047625 0.7510671875 0.31718437499999996 0.7524265625
6 0.319115625 0.7022328124999999 0.318875 0.702178125 0.3182421875 0.7070125 0.3274078125 0.7083890625 0.3302265625 0.688196875 0.3212421875 0.6870437500000001 0.319115625 0.7022328124999999
2 0.3072484375 0.7276875 0.3101171875 0.707546875 0.3066609375 0.7070828125 0.3069015625 0.705371875 0.310325 0.7058796875 0.31192031249999996 0.69426875 0.2887609375 0.6909765625000001 0.28797656250000003 0.69624375 0.28879375 0.696296875 0.28564687499999997 0.7191796874999999 0.284765625 0.719096875 0.284015625 0.7244359375 0.3072484375 0.7276875
10 0.3320296875 0.7052968749999999 0.32911875 0.70484375 0.325475 0.7308343749999999 0.3284625 0.73123125 0.3320296875 0.7052968749999999
3 0.3194046875 0.8790421875 0.32215781250000003 0.8589218750000001 0.30446875 0.8564296875 0.301675 0.8765000000000001 0.3194046875 0.8790421875
10 0.32313749999999997 0.6726 0.321221875 0.685571875 0.3303921875 0.6868140625 0.3311828125 0.6807703125 0.3306328125 0.6806484375 0.3316234375 0.673734375 0.32313749999999997 0.6726
10 0.3543484375 0.7248187500000001 0.354965625 0.720071875 0.34811875 0.7190734375 0.3474328125 0.7241796875000001 0.3543484375 0.7248187500000001
3 0.3314890625 0.584159375 0.3303953125 0.59220625 0.326340625 0.5915953125 0.3245796875 0.6039921875 0.33892812499999997 0.6058046874999999 0.3418234375 0.5857812499999999 0.3314890625 0.584159375
10 0.2945453125 0.84185 0.295421875 0.8357578125 0.2927546875 0.8354593749999999 0.2919203125 0.8415125 0.2945453125 0.84185
7 0.3409375 0.79490625 0.34226718749999996 0.7850890625 0.3172375 0.781546875 0.31589999999999996 0.790846875 0.306075 0.78954375 0.3018890625 0.818975 0.3110203125 0.8202031249999999 0.3132078125 0.8042265625 0.3140921875 0.804159375 0.312978125 0.8114890625 0.3289046875 0.8137484374999999 0.32840156249999997 0.81774375 0.33580625 0.8187296875 0.33560625 0.8200171875000001 0.3361 0.8200484375 0.336059375 0.8204890625000001 0.3373390625 0.8207734375 0.3391796875 0.807675 0.33840781249999996 0.8075421875 0.3402125 0.7948484375 0.3409375 0.79490625
2 0.28654999999999997 0.87474375 0.2896140625 0.8526890625 0.29299375 0.8530625000000001 0.294253125 0.8436875 0.291065625 0.8431890624999999 0.29426406250000003 0.8208437500000001 0.27086875 0.81755625 0.269490625 0.8268859375 0.2704359375 0.8270453124999999 0.26569375 0.8607125 0.26488125 0.8605734375 0.26334843750000003 0.8714828125 0.28654999999999997 0.87474375
6 0.309040625 0.773484375 0.318078125 0.7748390625 0.320909375 0.75455625 0.3118515625 0.7534890625 0.309040625 0.773484375
8 0.2897265625 0.6839890625 0.28896875 0.6893828125 0.3129109375 0.6925625 0.311015625 0.705940625 0.3175671875 0.7070093749999999 0.329021875 0.625503125 0.3223953125 0.6246078125000001 0.320278125 0.6406296874999999 0.2962421875 0.6374015625 0.29550312500000003 0.6425359375 0.2964109375 0.6427031249999999 0.2905421875 0.6839906250000001 0.2897265625 0.6839890625
5 0.3534234375 0.741421875 0.35069218750000003 0.7606046875 0.3618546875 0.76195625 0.3675484375 0.721225 0.35646093749999996 0.7197171875 0.355465625 0.726934375 0.338375 0.7246828125 0.33976562499999996 0.7147890625 0.34148125 0.715128125 0.342384375 0.7088640625 0.343728125 0.7090109375 0.3454640625 0.69651875 0.34413593750000004 0.696396875 0.345453125 0.686796875 0.33197031250000003 0.6850234375 0.32932656250000003 0.7030359374999999 0.333128125 0.7035890625000001 0.32508593750000003 0.7608875 0.3214265625 0.76035625 0.318825 0.7784140625 0.33064375 0.7801843749999999 0.3363375 0.7390765625 0.3534234375 0.741421875
10 0.3605421875 0.6461078125 0.352709375 0.6449859375 0.3521296875 0.6487765624999999 0.3600390625 0.6498546875 0.3605421875 0.6461078125
10 0.32525468750000003 0.62348125 0.32610625 0.61755625 0.323459375 0.617140625 0.322628125 0.6232 0.32525468750000003 0.62348125
3 0.28942812500000004 0.8544921875 0.28772031249999996 0.8668578124999999 0.291696875 0.8673953125 0.2906625 0.875165625 0.30100625000000003 0.8767890625 0.30364843750000003 0.8567484375 0.28942812500000004 0.8544921875
2 0.3200140625 0.637525 0.322971875 0.6155859375 0.326359375 0.6160625 0.32780156250000003 0.6059640625 0.324334375 0.60555625 0.3274625 0.5835874999999999 0.3041890625 0.580253125 0.30260937499999996 0.5913515625 0.303546875 0.5914843750000001 0.2988 0.6251921874999999 0.2979359375 0.62513125 0.2967484375 0.634165625 0.3200140625 0.637525
10 0.3068671875 0.788046875 0.315359375 0.78925625 0.31630625 0.7823796875 0.3169625 0.7824234375 0.31774843750000004 0.7765328125 0.30869843750000003 0.7750859375 0.3068671875 0.788046875
2 0.33945781249999996 0.607365625 0.3367671875 0.626696875 0.329740625 0.62565 0.3276421875 0.6397109375000001 0.3368578125 0.6412015625 0.3358046875 0.6488937499999999 0.35121718749999997 0.6507140625 0.3522703125 0.6434 0.3607703125 0.644396875 0.3614828125 0.63926875 0.3606609375 0.6392828125000001 0.3638359375 0.616371875 0.3646671875 0.6165328125 0.3657890625 0.6091171875 0.35905468749999997 0.6083406250000001 0.35883750000000003 0.61009375 0.33945781249999996 0.607365625
7 0.3595765625 0.6625328125000001 0.361340625 0.6495703125000001 0.36012343750000003 0.6494 0.3600390625 0.6498546875 0.35948281249999997 0.6497625 0.359340625 0.650990625 0.3519390625 0.64995 0.351471875 0.6538203125 0.33549375000000003 0.65153125 0.33449062500000004 0.658875 0.33370781250000003 0.6587015625 0.3359578125 0.6428843750000001 0.3269140625 0.64155 0.322596875 0.6710359375 0.33245 0.6724421875 0.33118125 0.6815984375 0.356334375 0.685046875 0.357746875 0.6754796875 0.35688125 0.675271875 0.358571875 0.6624749999999999 0.3595765625 0.6625328125000001
10 0.3361 0.8200484375 0.32811875 0.8190140625 0.3275390625 0.8228031250000001 0.3355359375 0.8239281249999999 0.3361 0.8200484375
4 0.3553703125 0.717040625 0.359403125 0.6885796875 0.346828125 0.6869234375 0.34279375 0.715496875 0.3553703125 0.717040625
10 0.329896875 0.59041875 0.3308046875 0.58409375 0.328153125 0.5837015625 0.32727343750000004 0.5901140625 0.329896875 0.59041875
8 0.2720796875 0.8093843749999999 0.27134843750000004 0.8146578124999999 0.29533125 0.8177515625 0.2930390625 0.8338203125 0.299640625 0.8348234375000001 0.3110546875 0.7535234375 0.304434375 0.752721875 0.30256875 0.76589375 0.27867031249999996 0.7626859375 0.2778734375 0.7679328125 0.278746875 0.7680328125 0.2728546875 0.80949375 0.2720796875 0.8093843749999999
12 0.346246875 0.7823015625 0.3519703125 0.7414468750000001 0.3377140625 0.7396234374999999 0.3320375 0.7803046874999999 0.346246875 0.7823015625
11 0.3660640625 0.607584375 0.368590625 0.58949375 0.3614734375 0.5882359375 0.3587875 0.6068328125 0.3660640625 0.607584375
10 0.32387968749999996 0.7332109375 0.32075312500000003 0.73264375 0.3178171875 0.75311875 0.3210296875 0.753484375 0.32387968749999996 0.7332109375
10 0.3271546875 0.7096515625 0.324075 0.70921875 0.321146875 0.72971875 0.3243125 0.7301421875 0.3271546875 0.7096515625
13 0.2985625 0.8551296875000001 0.301175 0.8367875 0.2962109375 0.83616875 0.2936328125 0.8544359375000001 0.2985625 0.8551296875000001
10 0.3468078125 0.7240015625 0.34752031250000004 0.7191296875 0.34071875 0.7180703125 0.34005312499999996 0.7230749999999999 0.3468078125 0.7240015625
2 0.363465625 0.10254218749999999 0.36258124999999997 0.1026 0.3618484375 0.1078140625 0.38108437500000003 0.11051718749999999 0.3863671875 0.073340625 0.367053125 0.07070156250000001 0.3662875 0.07614375 0.3671328125 0.0762125 0.363465625 0.10254218749999999