13 0.5045931546875 1 0.5058535625 0.9627127203124999 0.47053367812499997 0.961188521875 0.46923649218749997 0.9992304875 0.4912724578125 1 0.5045931546875 1
1 0.5731728765625 0.0736814953125 0.572258509375 0.099865534375 0.5771927140625001 0.099956540625 0.575925559375 0.1365564890625 0.5894533109375 0.13689286875 0.5935602921875 0.020716990625 0.5756292328125 0.020129910937500002 0.5736926890625 0.073749678125 0.5731728765625 0.0736814953125
3 0.5658081859374999 0.24352324687500002 0.5674188515624999 0.1973997984375 0.5447900765625 0.196620528125 0.5432033484375001 0.24255094375000003 0.5658081859374999 0.24352324687500002
2 0.41435572187499997 0.9667844734375001 0.4134939078125 0.9972839125 0.4668941703125 0.999148690625 0.4679458046875 0.9686308640625001 0.41435572187499997 0.9667844734375001
1 0.4945573875 0.1852636390625 0.4921633359375 0.18514095 0.4924794390625 0.17586508125 0.47674380781250003 0.1753577953125 0.474408396875 0.240220490625 0.4902043296875 0.24074708125000002 0.49044278124999996 0.23418734375 0.4928375421875 0.23428973281249998 0.4945573875 0.1852636390625
5 0.5574016140625 1 0.5585805296874999 0.965904809375 0.510297475 0.9643078453125 0.5090987140625 1 0.5574016140625 1
1 0.395106703125 0.8821158015625 0.391137221875 0.9965032 0.407019728125 0.9970578296875001 0.41102821875 0.8824935593750001 0.395106703125 0.8821158015625
10 0.5514639859375 0.9555094890625 0.559674621875 0.9558853265625 0.5621527484375 0.886667146875 0.5538484343750001 0.886377153125 0.5514639859375 0.9555094890625
1 0.4616451171875 0.14707456562500001 0.464096440625 0.14712420937499998 0.4657884265625 0.098269121875 0.463410115625 0.09823297343750001 0.4640119625 0.0811326234375 0.44814996406249996 0.0803488828125 0.4451366359375 0.16596775 0.46103871406249997 0.166588728125 0.4616451171875 0.14707456562500001
1 0.40364040156250003 0.8740462078125001 0.4087023 0.729092375 0.3929112359375 0.7285159250000001 0.3879280234375 0.8736788796875 0.40364040156250003 0.8740462078125001
1 0.428638 0.6970326546875001 0.42899586875000006 0.686202609375 0.41423998749999996 0.6855763171875 0.41299647500000003 0.7211858609374999 0.47567545625 0.723374659375 0.47691035312499996 0.6880118390625001 0.4326014234375 0.6864645375 0.432228 0.6971580203125 0.428638 0.6970326546875001
7 0.5210378265625 0.0179905828125 0.5173777609375 0.12472630625 0.5451764765625 0.12574083593750002 0.5460414250000001 0.098420003125 0.5696551609375 0.09960264375 0.57273330625 0.014634871875 0.5426889703125 0.0136795078125 0.5425062640625 0.018732459375 0.5210378265625 0.0179905828125
10 0.5697102265625 0.20328335000000003 0.56871345 0.22976782187499997 0.5712393109375 0.22978723437499998 0.5707692843750001 0.24356047187500002 0.585752303125 0.24403991249999998 0.58779634375 0.18546150156250002 0.5742247296875 0.184948484375 0.57356176875 0.2033959609375 0.5697102265625 0.20328335000000003
0 0.23603895000000003 0 0.20147158125 0.9898799296874999 0.49127247343749997 1 0.76396105 1 0.7985284187499999 0.0101200703125 0.5087275265625 0 0.23603895000000003 0
1 0.5962664546875 0.7990730875 0.5975730984375 0.764028590625 0.5545603296875 0.7624796484374999 0.553323096875 0.7976407015625 0.5962664546875 0.7990730875
2 0.41460639375 0.9622029296875001 0.449673465625 0.9633555812499999 0.452374290625 0.8839545937500001 0.4173666015625 0.8825788796875 0.41460639375 0.9622029296875001
2 0.594002015625 0.88325940625 0.5964148890625001 0.8124176468750001 0.548350953125 0.8120228125000001 0.5459836359375 0.8818733703125 0.594002015625 0.88325940625
10 0.6000670718750001 0.8603242906249999 0.5987191875 0.8989226374999999 0.5660313890625 0.8978233687499999 0.5652852046875 0.9189226796875 0.6033120453125 0.920205265625 0.6053662578125001 0.8605296671874999 0.6000670718750001 0.8603242906249999
1 0.4508945796875 0 0.44836189062500004 0.0722654171875 0.46426750781250004 0.07291935000000001 0.4645109515625 0.066395746875 0.46688617499999996 0.066475565625 0.4692152125 0 0.4508945796875 0
10 0.5054374968750001 0.9578827578125001 0.5080262015625 0.882811746875 0.4993449015625 0.8825273499999999 0.49673662968750004 0.9573975562499999 0.5054374968750001 0.9578827578125001
13 0.56226150625 0.145854034375 0.563073659375 0.12080618125 0.547468959375 0.1203550609375 0.5450154453125 0.19177856875 0.567999871875 0.192581203125 0.5696316328125001 0.1461223484375 0.56226150625 0.145854034375
6 0.536251621875 0.8837848921875 0.5355146875 0.9041715921875 0.5335548 0.9040625015625 0.534450334375 0.8794475109375 0.5102632609375 0.87856535625 0.507667775 0.953875340625 0.51270115 0.9541261546875001 0.5125324328125 0.9609275359374999 0.5319348515625 0.9615550515625 0.5326970906249999 0.9310865312500001 0.5345940640625 0.931116815625 0.533768521875 0.9548915499999999 0.5494534015625 0.9554642921875001 0.5518066187499999 0.8863308671875 0.5438744109375 0.8859960203125 0.543944809375 0.8839800625 0.536251621875 0.8837848921875
1 0.5510485218750001 0.7543396296875 0.5522922234375 0.7195305796875 0.5098085359375 0.7177843562499999 0.5085995453125001 0.753255959375 0.5510485218750001 0.7543396296875
2 0.497350009375 0.161526328125 0.5000160390625 0.082271090625 0.47033542031250003 0.0812424375 0.4675876984375 0.16050889375 0.497350009375 0.161526328125
2 0.547912490625 0.76865921875 0.507851021875 0.7673931359374999 0.5056944640625 0.837118159375 0.5455812390625 0.8384172296875001 0.547912490625 0.76865921875
13 0.470375228125 0.9564582343750001 0.494754915625 0.95733148125 0.4973511859375 0.882446784375 0.47294483749999994 0.881710190625 0.470375228125 0.9564582343750001
7 0.46372723281250006 0.7303681828124999 0.463305559375 0.737249846875 0.447124915625 0.736412765625 0.4437542328125 0.839070165625 0.5018718390625 0.841191921875 0.5057668203125 0.7316689484375 0.46372723281250006 0.7303681828124999
1 0.4958747703125 0.72410505 0.49710588125 0.6885372859375 0.480550321875 0.68813895 0.47931307968750003 0.7235689171875 0.4958747703125 0.72410505
2 0.49656143124999996 0.2408783953125 0.5412919046875 0.24248732187500002 0.5450021031250001 0.133778709375 0.5002424015625 0.13202179687499999 0.49656143124999996 0.2408783953125
10 0.58796848125 0.180442578125 0.5892553515625 0.1419796828125 0.575937328125 0.1414129828125 0.5745785125 0.1800109484375 0.58796848125 0.180442578125
10 0.5756390109375 0.0115672234375 0.5754868796875 0.0156550296875 0.5936758671875 0.0162432984375 0.5941639249999999 0.0029835046875 0.5469239703125 0.0013338484374999999 0.546601259375 0.010575090625 0.5756390109375 0.0115672234375
10 0.547997546875 0.10651664062499999 0.5476620859375 0.116346859375 0.56496493125 0.1168807328125 0.564124003125 0.141857225 0.5711814375 0.14212556406250001 0.5721942765625 0.11339028124999999 0.5659098421875 0.1131927125 0.5661247375 0.10730756562499999 0.547997546875 0.10651664062499999
8 0.45165145625 0.9634387249999999 0.46802374843749994 0.9643841234374999 0.47118368437499997 0.8767159984375 0.5441975765625 0.879651871875 0.545423403125 0.8426236578124999 0.443521325 0.8396061140625 0.44711543750000005 0.7364155609374999 0.4409636015625 0.736405546875 0.44127318125 0.7292416734375 0.4149708703125 0.7281324359375 0.410031728125 0.8747196718750001 0.45509250625000003 0.87582419375 0.45165145625 0.9634387249999999
12 0.6004406296875 1 0.6028123187500001 0.93182928125 0.5649213921875 0.930415421875 0.5625080484375 1 0.6004406296875 1
10 0.5425886296875 0.0147172625 0.5430591390624999 0.0011988859375000002 0.5235038703125 0.0005160015625 0.5230392109374999 0.013956409375000001 0.5425886296875 0.0147172625
10 0.5065216515625 0.709516171875 0.5093386343749999 0.7094816484375001 0.51017705 0.6891438328125 0.49912025312499997 0.6887874265625 0.49789771875 0.7246916328124999 0.505961628125 0.7249263265625 0.5065216515625 0.709516171875
8 0.4732027421875 0 0.4709006171875 0.06680336718749999 0.46756378749999994 0.066725928125 0.46733743125 0.073207915625 0.5026139406250001 0.0741833921875 0.5008948171875 0.124263278125 0.517335634375 0.1247686109375 0.5216768593750001 0.0004522 0.508727546875 0 0.4732027421875 0