10 0.2097617 0.3516625625 0.201201796875 0.3591940171875 0.243090959375 0.4075262796875 0.2518227609375 0.40004853437500004 0.2097617 0.3516625625
2 0.2706882359375 0.48852109375 0.26423453124999996 0.4941327859375 0.23531655156250003 0.46081354531249996 0.2262195125 0.4690022265625 0.254585809375 0.501616725 0.2358951390625 0.5178422640625 0.289880528125 0.5801344187499999 0.3176085796875 0.556017365625 0.3150779796875 0.553105153125 0.3149951890625 0.553232346875 0.2803731296875 0.5133988078125 0.2821298375 0.5117303484375 0.28242279375 0.5120683109375 0.287366515625 0.507733753125 0.2706882359375 0.48852109375
2 0.303115728125 0.4976148828125 0.284225915625 0.51417813125 0.3374286765625 0.575670671875 0.3567214546875 0.558870159375 0.3400996578125 0.539763728125 0.339904715625 0.5399063125 0.303115728125 0.4976148828125
7 0.2910848234375 0.46137233593750004 0.3266612921875 0.43059232031250005 0.2809661375 0.3781307 0.2454017953125 0.40869721875 0.2910848234375 0.46137233593750004
10 0.1700198765625 0.343430015625 0.15766546875 0.354099228125 0.17764428593749998 0.37710301562500004 0.19002244375 0.3664052484375 0.1700198765625 0.343430015625
6 0.1922688546875 0.36684595781249996 0.17886275625 0.3785592453125 0.20260512187500002 0.4058954625 0.215244596875 0.39497026874999996 0.20987426875 0.38880409375 0.2107183984375 0.38806858125 0.1922688546875 0.36684595781249996
10 0.21708703593749998 0.39717067031250003 0.1918618421875 0.41910219375 0.20120164375 0.4297850671875 0.22639489687499997 0.4078899921875 0.21708703593749998 0.39717067031250003
10 0.2477253546875 0.387243615625 0.2455347703125 0.389171084375 0.24970566718749998 0.3939434609375 0.25187476875 0.3919955609375 0.2477253546875 0.387243615625
3 0.2242819515625 0.4686131953125 0.20645114375 0.48408954531250004 0.2342318078125 0.5159554156249999 0.25209478281250003 0.5004796578125 0.2242819515625 0.4686131953125
1 0.334369115625 0.5819180015625001 0.334130215625 0.5816450890625 0.33737832968750003 0.5788509421875 0.32209550781249996 0.5612676234375 0.3192314078125 0.5637655640625 0.3180616328125 0.562467484375 0.3078731578125 0.571369215625 0.30807793125 0.5715912578125 0.3076922421875 0.5719042812499999 0.32389266562499996 0.590541059375 0.32423996875 0.5902024359375 0.32437750625 0.5903912140625 0.334369115625 0.5819180015625001
10 0.35764593125 0.472467859375 0.3486318421875 0.48025673593749996 0.3553637984375 0.487985296875 0.36831549375 0.47677198593750003 0.35603300625 0.4626315265625 0.352163740625 0.46616119375 0.35764593125 0.472467859375
8 0.3417553453125 0.5386108593750001 0.35833831875 0.557674225 0.3902022234375 0.5300662625 0.314045009375 0.44258289375000004 0.29086858437499996 0.4627296 0.155998321875 0.3074973578125 0.1473047109375 0.31493709999999997 0.2870186671875 0.47537501562499995 0.2851126796875 0.4770556015625 0.284795275 0.4767182515625 0.27180320625 0.48802204375 0.2885782546875 0.507246959375 0.30178934375 0.49572937968749997 0.3015011734375 0.495387103125 0.30319678906249997 0.49398649062500005 0.3418988578125 0.5385080078125 0.3417553453125 0.5386108593750001
1 0.328963140625 0.43327400312500003 0.3169086578125 0.4436386328125 0.3467138140625 0.477940796875 0.3546480703125 0.47099329218749997 0.34912955156250003 0.46463161875000003 0.353230403125 0.46105491093750006 0.328963140625 0.43327400312500003
13 0.219281978125 0.41860545 0.203597465625 0.4321442578125 0.2241093234375 0.4556945828125 0.23987721875 0.44235919062500006 0.219281978125 0.41860545
10 0.23006826875000003 0.454803684375 0.224906884375 0.4592946765625 0.2285776609375 0.463579103125 0.233775178125 0.45907951718750006 0.23006826875000003 0.454803684375
2 0.1165013203125 0.28199920624999997 0.092327225 0.3029188234375 0.1439008140625 0.3621860484375 0.1557309390625 0.351822146875 0.1559004703125 0.35200453125000003 0.16813280625 0.341345365625 0.1165013203125 0.28199920624999997
2 0.1830100359375 0.2839434609375 0.156837296875 0.30669556875000004 0.2001774109375 0.356528565625 0.2080047765625 0.3497228375 0.20788131875000002 0.3495938203125 0.2262380109375 0.33370866875 0.1830100359375 0.2839434609375
13 0.2507123 0.4374492734375 0.23150451875 0.4542665296875 0.2633779796875 0.49088436562500004 0.283020053125 0.47449449687499995 0.2507123 0.4374492734375
10 0.2411145828125 0.44130487343749997 0.2493034796875 0.43439362812500004 0.228272875 0.41011396875 0.220156740625 0.4171953421875 0.2411145828125 0.44130487343749997
1 0.24386501562500001 0.385241946875 0.24684632812500001 0.3826516 0.25372525625 0.39066655781250004 0.267512375 0.37848169375 0.2333683796875 0.3392044578125 0.21654449687500002 0.3538587359375 0.24386501562500001 0.385241946875
11 0.306097309375 0.5723293765624999 0.2938279171875 0.5830719515625 0.310488209375 0.6022640921875 0.31247296874999997 0.60043544375 0.31297967656250003 0.6010189890625 0.32001104375 0.5949727328125001 0.319454684375 0.594332415625 0.3227668734375 0.591528975 0.3176119734375 0.5855915656249999 0.3177322953125 0.5855116625 0.30818174374999996 0.5745356 0.308093940625 0.5746300671875 0.306097309375 0.5723293765624999
10 0.6827808171874999 0.887826221875 0.6809507 0.8893266656250001 0.68514313125 0.894149528125 0.6868978875 0.8925705890625 0.6827808171874999 0.887826221875
1 0.56885576875 0.81630464375 0.5691876890625001 0.8159936671875 0.57157799375 0.8187185687499999 0.5787605124999999 0.8123441937500001 0.5761012640625001 0.809263253125 0.576346846875 0.8090495015625001 0.5559990546875 0.78571455 0.5557799265625001 0.785868225 0.5522784046875 0.7818388828125 0.5450009140625001 0.788161115625 0.5481384359375 0.7917787828125 0.5478263015625 0.792070390625 0.56885576875 0.81630464375
2 0.5429410765625 0.7899783640625 0.527396759375 0.8034213921875001 0.5788988515625 0.8626806234375 0.6032557484375001 0.841915096875 0.5801136359375 0.81532504375 0.5714900218750001 0.8227965859375 0.5429410765625 0.7899783640625
3 0.6415164718749999 0.984647440625 0.6453125046875 0.9890209953125 0.6667984828125 0.9775966984375 0.6593517609374999 0.9690430609374999 0.6415164718749999 0.984647440625
10 0.6048888296875 0.843738396875 0.5919887109374999 0.8550853203125 0.6120000859375 0.8782169062499999 0.625020009375 0.8669089203125001 0.6048888296875 0.843738396875
10 0.6521973328125 0.8977099640624999 0.6395213484375 0.9087961421875 0.6269040734375 0.9194635515625 0.63631120625 0.9303229796875 0.6615044609375 0.90842790625 0.6521973328125 0.8977099640624999
0 0.3753359984375 0 0.214965178125 0.085270678125 0 0.2721372734375 0 0.3535122140625 0.5619832984375 1 0.6246640015625 1 0.785034821875 0.9147293218750001 1 0.7278627265625001 1 0.6464877859375 0.4380167015625 0 0.3753359984375 0
2 0.6091047421875 0.7922954359375 0.591918271875 0.8072362953125 0.635040353125 0.8567923609375001 0.65223786875 0.8419854296875 0.6091047421875 0.7922954359375
1 0.6491834203125 0.8555244999999999 0.64168841875 0.8621765124999999 0.645103490625 0.8661031703125 0.64488041875 0.8663226484375001 0.6458275703125 0.8674117156250001 0.6456640640625 0.8675535125 0.67170633125 0.8974379546875 0.67184579375 0.8973407953124999 0.6727822046874999 0.898419646875 0.672976271875 0.898242134375 0.6764109203124999 0.9021690015624999 0.683840421875 0.8956367593750001 0.6768072140625 0.8875180203124999 0.677133546875 0.887263103125 0.649704253125 0.8556952875 0.649498065625 0.8558633171875 0.6491834203125 0.8555244999999999
10 0.6650906875 0.9553507703124999 0.659571225 0.9601967328125 0.6632192421875 0.9643817734375 0.668802503125 0.9595992203125 0.6650906875 0.9553507703124999
13 0.6542868937499999 0.9190397390625 0.6386256921875 0.9325325281250001 0.6592056828125 0.9562076640624999 0.674882134375 0.9427934796875 0.6542868937499999 0.9190397390625
10 0.6762625 0.9418949484375 0.6845344421874999 0.9347271906250001 0.6634074062499999 0.910532428125 0.6552109781250001 0.9177290499999999 0.6762625 0.9418949484375
13 0.8665703390624999 0.7346519078125 0.8508858265624999 0.7481907156250001 0.8713991515625 0.7717438015625 0.8871663125 0.7584070281249999 0.8665703390624999 0.7346519078125
10 0.877356628125 0.7708501421875 0.87219524375 0.775341134375 0.8758660218750001 0.7796255609375 0.8810635390625 0.775125975 0.877356628125 0.7708501421875
10 0.8570486796875001 0.667709753125 0.8484915359375 0.6752397421875 0.8903779390625 0.723573471875 0.8991097421875001 0.7160957265625 0.8570486796875001 0.667709753125
7 0.3645391109375 0.18900833749999998 0.3516696515625 0.1998770828125 0.395192290625 0.24993687343749998 0.42535058281250004 0.2249488125 0.42086751875 0.21976905625 0.4210821171875 0.219490375 0.37173612500000003 0.1626753265625 0.3545754625 0.1775582234375 0.3645391109375 0.18900833749999998
10 0.4269267640625 0.2270678125 0.397323471875 0.2527535421875 0.42908012968750003 0.2892848328125 0.43120097187499995 0.28755902187500004 0.43104770156249994 0.28738391874999997 0.45856916875 0.2635306671875 0.4269267640625 0.2270678125
2 0.463847303125 0.21456138593750002 0.4470725265625 0.22919486406249998 0.48424512656249996 0.27187161406250004 0.5096330250000001 0.24985003906249997 0.472114284375 0.2066654046875 0.46348679375 0.21414962499999998 0.463847303125 0.21456138593750002
1 0.3341081609375 0.16884565 0.3285150140625 0.1735962984375 0.34894013749999997 0.19697684531249998 0.36065928281250004 0.187009953125 0.33305165468750003 0.1552432 0.32691363125 0.16059325 0.3341081609375 0.16884565
13 0.340975728125 0.127937853125 0.3241761125 0.1424447359375 0.3407530421875 0.1614900796875 0.347187296875 0.15599490625 0.3511404765625 0.1605308859375 0.36148329375 0.1515400125 0.340975728125 0.127937853125
10 0.43440643124999995 0.2912378953125 0.43221036249999994 0.2931417375 0.4550946984375 0.31948661093749997 0.45832444062500005 0.3166845359375 0.4355765921875 0.29048652656249996 0.43453455312499994 0.29138566875 0.43440643124999995 0.2912378953125
10 0.3256122859375 0.1610746015625 0.3207480421875 0.1650660609375 0.3264228 0.1715817921875 0.3311858890625 0.1674866203125 0.3256122859375 0.1610746015625
8 0.442504534375 0.22612189374999997 0.460379240625 0.2105284109375 0.4606117140625 0.2107958921875 0.4692533375 0.2034014890625 0.40696352031250005 0.1317446859375 0.39602144375 0.141312559375 0.39607855937499997 0.14149985625 0.3726467390625 0.16227785625 0.5120921296875001 0.3229328953125 0.5206003156250001 0.3155970546875 0.442504534375 0.22612189374999997
11 0.46563960625 0.3161077609375 0.45734589375 0.32341096875 0.481847434375 0.35155926875 0.4902039703125 0.344364228125 0.46563960625 0.3161077609375
1 0.38968985156249997 0.12632264375 0.39014544375 0.125898128125 0.3972941625 0.13410763750000002 0.40479118437499995 0.1276757578125 0.3754103890625 0.09387881718749999 0.367985915625 0.10036060625000001 0.3696100046875 0.10224354375 0.369138678125 0.10268173437499999 0.38968985156249997 0.12632264375
3 0.30952863124999996 0.10956836562500001 0.2914549125 0.125253509375 0.321947046875 0.16033182031249998 0.3309153125 0.1525832328125 0.3207036453125 0.1408031171875 0.32977248124999997 0.132967434375 0.30952863124999996 0.10956836562500001
6 0.5139137093749999 0.3313045078125 0.5085241 0.325122040625 0.5100023296875 0.3238051609375 0.5103589687500001 0.3240066234375 0.51164278125 0.32285328281250003 0.49142988125000003 0.29954570625 0.49076904375 0.30012005468749997 0.4852818265625 0.29386384374999996 0.474548353125 0.303388046875 0.50044304375 0.3331014375 0.501087359375 0.3325093296875 0.5006310375 0.3319839359375 0.501518178125 0.3311795421875 0.506248178125 0.33667395 0.506342725 0.33662544843750003 0.506934328125 0.337305425 0.5139137093749999 0.3313045078125
10 0.47381708749999996 0.30405293125 0.4648031203125 0.3118187390625 0.49064653593749996 0.34152223125000003 0.49964752968750004 0.33376863125 0.47381708749999996 0.30405293125
10 0.348163775 0.159259196875 0.34260995625 0.164017246875 0.3509794140625 0.1736340015625 0.36804654531250003 0.1588680828125 0.36376602187499996 0.1539327921875 0.35224654375000003 0.1639457078125 0.348163775 0.159259196875
13 0.473296990625 0.30003278437500003 0.45249538749999996 0.2760773125 0.4370972078125 0.2898850484375 0.4577973390625 0.31369627499999997 0.473296990625 0.30003278437500003
10 0.4620408796875 0.2675139234375 0.45343016562500005 0.2748865828125 0.47445130156250004 0.2990951828125 0.4830639328125 0.291659565625 0.4620408796875 0.2675139234375
2 0.318826353125 0.10149418437499999 0.3101700671875 0.1090007953125 0.3305016 0.132328465625 0.33972520624999997 0.12428130468750001 0.3691587640625 0.158147521875 0.39250097031250003 0.13758705468750002 0.392626225 0.137676184375 0.394806296875 0.1357755390625 0.3450989625 0.0786270375 0.3193727375 0.10101077656249999 0.32756066562499997 0.1104125953125 0.32700104375 0.1108977328125 0.318826353125 0.10149418437499999
2 0.52154639375 0.314773709375 0.52162248125 0.3147137875 0.5277887703124999 0.3218211359375 0.5530917453125 0.2998694890625 0.51158924375 0.252127975 0.4861551515625 0.2741192515625 0.52154639375 0.314773709375
7 0.9383731843750001 0.77741879375 0.9739510328125001 0.7466380453125 0.92825303125 0.6941743984375 0.8926901562499999 0.7247436765625 0.9383731843750001 0.77741879375
10 0.8173089703124999 0.6594778531250001 0.8049524484375 0.6701464203125 0.8249320000000001 0.6931515874999999 0.8373121843750001 0.682450971875 0.8173089703124999 0.6594778531250001
6 0.839557215625 0.682892415625 0.8261518515624999 0.6946070828125 0.8498928359375 0.721944034375 0.8625343375 0.71101599375 0.857164009375 0.70484981875 0.858006759375 0.7041150390625 0.839557215625 0.682892415625
10 0.864376775 0.7132163953124999 0.839152315625 0.7351492984375 0.8484921171875 0.7458321703124999 0.873681790625 0.723933690625 0.864376775 0.7132163953124999
10 0.8950144484375 0.7032914531250001 0.8928238640625 0.7052189234374999 0.896992646875 0.709990653125 0.899164509375 0.7080412843749999 0.8950144484375 0.7032914531250001
3 0.89878869375 0.8158441125 0.8715703109374999 0.7846596531250001 0.8537381249999999 0.8001367374999999 0.880952334375 0.8313499609375 0.89878869375 0.8158441125
1 0.8911519968749999 0.7012891390625 0.894133309375 0.6986987906250001 0.90101435 0.706714396875 0.9148021140625 0.69452741875 0.8806581203125001 0.6552501828125 0.86383285625 0.6699051953125 0.8911519968749999 0.7012891390625
10 0.8884014765625 0.7573485718749999 0.8965939531249999 0.7504407328125 0.8755633484375 0.7261610734375 0.86744648125 0.7332410671875 0.8884014765625 0.7573485718749999
13 0.929270584375 0.7893479125 0.898000659375 0.7534957312499999 0.8787892984375001 0.7703095828125 0.9099668031249999 0.8061277312499999 0.929270584375 0.7893479125
2 0.830300509375 0.599990565625 0.8041277703124999 0.6227426734375 0.847464303125 0.6725722640625 0.8552916703125 0.6657665359375 0.8551704125 0.6656416593750001 0.8735271046875001 0.6497565062499999 0.830300509375 0.599990565625
2 0.76378968125 0.5980456640625 0.73961631875 0.6189666609375 0.7911877078125 0.6782297484375001 0.8030214125 0.6678692515625 0.8031888296874999 0.6680509890625 0.8154211671875 0.6573918234375 0.76378968125 0.5980456640625
8 0.9381590578125 0.7787767046875 0.8032880609375 0.6235430828124999 0.7945923374999999 0.6309821796875 0.9311087296875 0.787749409375 0.9627432703125001 0.7602492437499999 0.961334103125 0.7586307328124999 0.9381590578125 0.7787767046875
8 0.6709971375 0.900127959375 0.5909604015625 0.8080075109375 0.5823846765625 0.8155491500000001 0.70555988125 0.956986896875 0.7169098968750001 0.9509519875000001 0.6719819328125001 0.8992875687499999 0.6709971375 0.900127959375
1 0.6459041359375 0.8310119671875 0.6461205390625 0.830833196875 0.655844934375 0.841996428125 0.663685525 0.83527215 0.6189103953124999 0.7837653703125 0.611107740625 0.7905809640625 0.620947471875 0.80182798125 0.620722615625 0.8020041671874999 0.6214528203125 0.8028316546875001 0.6212889296874999 0.8029860421875 0.6447998296875 0.8299834546874999 0.6449195390625 0.8298791031249999 0.6459041359375 0.8310119671875
13 0.6976145687499999 0.9516058859375001 0.6856435296875001 0.9377882468750001 0.6664357828125 0.9545789421875 0.680246878125 0.9704460609375 0.6973374328124999 0.9613588515625 0.692628025 0.955933128125 0.6976145687499999 0.9516058859375001
6 0.6450397171875 0.8893406078125 0.6458832 0.8886072078125 0.6274329234375 0.8673832046875001 0.614030109375 0.8791159828125 0.615240665625 0.8805074046874999 0.6136841953125 0.8817703265624999 0.6274854249999999 0.89766215625 0.62902135625 0.89636060625 0.6377699234375 0.9064340890624999 0.6504093109375 0.895505403125 0.6450397171875 0.8893406078125
1 0.6802970875 0.8841900812500001 0.6816883890625001 0.88300259375 0.68881761875 0.8912153875 0.7025039171875 0.8790239609375 0.6683786453125 0.8397686249999999 0.6515882015625001 0.8543626515625 0.6788383421875 0.8857266546875 0.6804197796875 0.8843442796875 0.6802970875 0.8841900812500001
7 0.6808091046875 0.909345803125 0.7169733593750001 0.95091824375 0.7511241171874999 0.9327599640625 0.70924971875 0.884598584375 0.6808091046875 0.909345803125