0 0.11633650625 0 0 0.43417374999999997 0 0.88366349375 0.43417374999999997 1 0.88366349375 1 1 0.56582625 1 0.11633650625 0.56582625 0 0.11633650625 0
1 0.4642973203125 0.634427471875 0.36867980624999996 0.60873404375 0.3578722609375 0.6492615359375 0.45335210625 0.6752755687499999 0.4642973203125 0.634427471875
1 0.36355391875 0.6078151171874999 0.28876350781250004 0.5880128765625 0.278106440625 0.6275260015625 0.3527023984375 0.6479150984375 0.36355391875 0.6078151171874999
2 0.301309878125 0.5806110296875 0.35603090625 0.595171575 0.3549488953125 0.59872673125 0.3651419375 0.6018704406250001 0.3976589921875 0.48019517812499996 0.322720265625 0.4597692359375 0.2900840609375 0.5820159453125 0.3003653171875 0.5845346265625 0.301309878125 0.5806110296875
3 0.3765233390625 0.430461484375 0.33360765 0.4191369625 0.32418193125 0.453855409375 0.36746165625 0.4651917390625 0.3765233390625 0.430461484375
13 0.3821047171875 0.35473672968750003 0.353113503125 0.3468472359375 0.33529623750000004 0.41368025468749997 0.3646978515625 0.42177677343750003 0.3821047171875 0.35473672968750003
10 0.3779139640625 0.33632794375 0.3569732375 0.3310177703125 0.353901003125 0.34153569375 0.3750164453125 0.3476125234375 0.3779139640625 0.33632794375
10 0.386678275 0.338808978125 0.380526534375 0.337160625 0.37795721250000003 0.3480413890625 0.38349093437500004 0.34988325625 0.386678275 0.338808978125
2 0.40853065468749994 0.315723484375 0.399179928125 0.313269728125 0.37048956875 0.421575159375 0.42463746406249997 0.43649977343749996 0.45349188125 0.3275216953125 0.44388567187500005 0.32484419062500003 0.44293451250000004 0.32839396875000004 0.407732359375 0.3187027609375 0.40853065468749994 0.315723484375
7 0.49113280000000004 0.4613004046875 0.5209290140625 0.34953194062500004 0.457605290625 0.3323460203125 0.4281418140625 0.444206878125 0.49113280000000004 0.4613004046875
1 0.5340623921875001 0.300070759375 0.47099743437499997 0.2825530078125 0.4601264578125 0.32293085781249997 0.5238113375 0.3397589984375 0.5340623921875001 0.300070759375
10 0.46587235 0.281383565625 0.45923597968749996 0.27956976718750004 0.4561518734375 0.29117640312500004 0.46263565 0.29291372656250003 0.46587235 0.281383565625
10 0.4565292203125 0.278973903125 0.4476501828125 0.2767338875 0.4446911375 0.2879583046875 0.45350800468749997 0.2904243046875 0.4565292203125 0.278973903125
1 0.39973062656249997 0.30642108437500004 0.45537712812500003 0.32089638125 0.461594975 0.2975039109375 0.44063264531249996 0.291743103125 0.444840428125 0.275659109375 0.4104655984375 0.2667379546875 0.39973062656249997 0.30642108437500004
10 0.4066251125 0.265561696875 0.376401346875 0.25767193593750004 0.3657667609375 0.29681741562499997 0.39651059375000003 0.304951671875 0.4066251125 0.265561696875
10 0.39384383125 0.31155360625 0.36394881562500003 0.3037228171875 0.357906228125 0.3265879921875 0.38783220625000003 0.3347861890625 0.39384383125 0.31155360625
5 0.5792435515625 0.35449069375 0.57717755 0.361947559375 0.57330350625 0.360805984375 0.56096741875 0.408293778125 0.6358737609375 0.4282791375 0.6502699109375001 0.3737550859375 0.5792435515625 0.35449069375
12 0.7189302843750001 0.3027273625 0.6012435828125 0.27103316093749996 0.5792435515625 0.35449069375 0.6970783671875 0.386640309375 0.7189302843750001 0.3027273625
10 0.55104136875 0.2569344703125 0.5488859390624999 0.265358975 0.5939985578125 0.277733184375 0.59620379375 0.269322025 0.55104136875 0.2569344703125
4 0.5925584734375 0.28310765625 0.5473920671875 0.270934178125 0.528620640625 0.34079691562500003 0.574271746875 0.3532442359375 0.5925584734375 0.28310765625
8 0.37095465625 0.5990911171875 0.4667601265625 0.6248316734375 0.4998232171875 0.500708059375 0.526829771875 0.5088082515625 0.544481828125 0.44192772968750005 0.5050006046875 0.4316949375 0.503580359375 0.43672370312500003 0.49796727812499997 0.435341003125 0.49113280000000004 0.4613004046875 0.3818139984375 0.43212984218750006 0.3725814828125 0.46638080156250006 0.40431789062499995 0.475465271875 0.37095465625 0.5990911171875
6 0.556198421875 0.40679755 0.5649519140625 0.372994109375 0.5684112671875 0.3595161421875 0.5271595640625 0.34832043125 0.50485461875 0.4315636171875 0.544557553125 0.4417296421875 0.554167996875 0.4063942328125 0.556198421875 0.40679755
10 0.5653585765625 0.4186196390625 0.5581156421875 0.41667889999999996 0.5559381390625 0.42479337812500007 0.5632090703125 0.4268047046875 0.5653585765625 0.4186196390625
10 0.5659061328125 0.42734620625 0.5913725249999999 0.4342879921875 0.593791525 0.42605705 0.5681065796875 0.4188140609375 0.5659061328125 0.42734620625
13 0.5326359515625 0.508715659375 0.56823213125 0.51816789375 0.5897549328125 0.4393771109375 0.5538963015625 0.429890140625 0.5326359515625 0.508715659375
2 0.4716361734375 0.62636305625 0.535926834375 0.6436349796874999 0.567165340625 0.525572209375 0.503169221875 0.5087706703125 0.4716361734375 0.62636305625
1 0.533084965625 0.6530758265625 0.46914845312500003 0.6360880578125 0.45858566874999995 0.6764627546875001 0.522265521875 0.6934545453125 0.533084965625 0.6530758265625