12 0.5557285328125 0.7968380578125001 0.5417171546875 0.8354512749999999 0.5552027296875 0.8403603859375 0.569295009375 0.8015859640624999 0.5557285328125 0.7968380578125001
10 0.32401104375 0.5850918843749999 0.33744194843750003 0.5900065734375 0.3388078296875 0.5862869500000001 0.32537490625 0.581345046875 0.32401104375 0.5850918843749999
6 0.20262800468750003 0.843943409375 0.211371571875 0.847009896875 0.2176363984375 0.8296591265625001 0.20887278281250002 0.8265594078125 0.20262800468750003 0.843943409375
10 0.29233819843750003 0.6444523609374999 0.298747471875 0.6467852765625001 0.300503346875 0.6418618406250001 0.29411896249999997 0.6394616765625 0.29233819843750003 0.6444523609374999
10 0.306995084375 0.585842365625 0.309070265625 0.58655388125 0.3160164984375 0.5674079171875 0.313944921875 0.5666336953125 0.306995084375 0.585842365625
11 0.359455634375 0.4843083265625 0.36945298437499996 0.48790877187500004 0.3741400328125 0.4748863484375 0.364286815625 0.4712248859375 0.359455634375 0.4843083265625
7 0.34771412968750004 0.490171865625 0.33512858749999996 0.485603053125 0.324741225 0.5140201609374999 0.3255453609375 0.5142867375 0.32302354843750003 0.5214491703124999 0.33125565625000003 0.5244188296875001 0.330790990625 0.525664603125 0.3425385640625 0.5298808 0.3449544140625 0.5233074796875 0.35520172968749997 0.5270376890625 0.35636748906250004 0.52376254375 0.35560213125 0.5234309203125 0.363428846875 0.5018521171875 0.36424010625 0.502173609375 0.3688216421875 0.48947776249999997 0.358114965625 0.4855814625 0.3531864640625 0.4990196703125 0.345423653125 0.49633316250000004 0.34771412968750004 0.490171865625
2 0.2900951484375 0.5792281390625 0.2932448578125 0.5802569656250001 0.29998381093750004 0.5617505125 0.2818442984375 0.5549621046875 0.2799852890625 0.5599973453125 0.28079998281249996 0.5602671765625 0.272947765625 0.58183719375 0.272176128125 0.5815552 0.2703579140625 0.5865526062499999 0.2885663921875 0.5931652656249999 0.2925894328125 0.5822476937500001 0.2894302765625 0.5810987234375 0.2900951484375 0.5792281390625
13 0.2439093765625 0.71042300625 0.2523714140625 0.713459140625 0.2595143609375 0.6938602484375 0.257558040625 0.6931074453125 0.25582271093750003 0.6978711921875 0.2546897203125 0.6975034890625 0.25440843125 0.69833060625 0.24896907031249998 0.696466121875 0.2439093765625 0.71042300625
10 0.2557279453125 0.736744334375 0.2621387609375 0.7390774953125 0.263894146875 0.7341571453125 0.2575117953125 0.731754140625 0.2557279453125 0.736744334375
13 0.2945623921875 0.5809876953125 0.306172371875 0.58518368125 0.3125863390625 0.56766036875 0.300932840625 0.563419521875 0.2945623921875 0.5809876953125
2 0.22041214375 0.7157076046874999 0.238686953125 0.722390884375 0.2533753203125 0.6818805265625 0.23515255468750001 0.675248203125 0.23134804999999997 0.685774834375 0.23210883437500002 0.6859855046875001 0.22427351562500003 0.70754870625 0.2234866921875 0.7072627234375 0.22041214375 0.7157076046874999
2 0.1696325453125 0.91184431875 0.1807896359375 0.8812441828124999 0.1625439171875 0.8745370359375 0.1594360453125 0.883022515625 0.1602491484375 0.8832224875 0.152408940625 0.9048165546875 0.15154798281249998 0.9046390609375001 0.1513484609375 0.9051896265625 0.1696325453125 0.91184431875
10 0.31499513437500004 0.56377845625 0.317070315625 0.5644899718749999 0.3240171140625 0.545350425 0.321946515625 0.5445700296875 0.31499513437500004 0.56377845625
8 0.26865011875 0.6501528484375 0.274292921875 0.65227103125 0.29907266250000003 0.5846730046874999 0.2933133953125 0.5825110640625 0.28865439843749996 0.595476234375 0.269647846875 0.588488803125 0.267889053125 0.593400703125 0.268642140625 0.593739875 0.2568962625 0.6259299796875 0.25605093437500004 0.625683771875 0.2542514546875 0.6307426796875 0.27322881875 0.63761475 0.26865011875 0.6501528484375
4 0.31591470781250003 0.6153747328125 0.326770346875 0.6192993718750001 0.336356546875 0.59289420625 0.325529846875 0.5889266906249999 0.31591470781250003 0.6153747328125
6 0.3158557671875 0.5408353078125 0.3246001453125 0.54390666875 0.33086497187499997 0.5265559 0.3220995671875 0.5234574796875 0.3158557671875 0.5408353078125
2 0.31127124687499996 0.474083809375 0.32954784375 0.480765790625 0.3442362109375 0.4402554328125 0.32601498906250004 0.43362335312500006 0.32221097187500003 0.4441468984375 0.3229699703125 0.4443588671875 0.31513440625 0.4659236125 0.3143462828125 0.4656358421875 0.31127124687499996 0.474083809375
7 0.18797203906249998 0.8812427406250001 0.2006592203125 0.8857691187500001 0.2029169375 0.8796548390625001 0.21061259687499997 0.8824556875 0.20572199218749998 0.8959742515625001 0.2164078859375 0.8998419500000001 0.22113222812500002 0.887143409375 0.22027222812499997 0.8868300171874999 0.228139984375 0.8652118375000001 0.22891779375 0.8654948093750001 0.230110871875 0.862167040625 0.2199288765625 0.85841395625 0.2222863125 0.8518598609374999 0.20188453125 0.8457509218749999 0.199311303125 0.8529083749999999 0.198446490625 0.8526353515625 0.18797203906249998 0.8812427406250001
10 0.31602222812499997 0.5713969890625 0.3177232359375 0.5719938703125 0.3213508796875 0.5620245578125 0.31968448125000004 0.5614189203125 0.31602222812499997 0.5713969890625
6 0.44387526718750003 0.175359228125 0.451959996875 0.1782106265625 0.464950428125 0.1441057015625 0.4563929375 0.141082925 0.44387526718750003 0.175359228125
2 0.44640663593749996 0.0876614546875 0.4646608328125 0.094305084375 0.4775584046875 0.059038518750000005 0.45921442656250006 0.052442365625 0.457335128125 0.0576056984375 0.45814626093750005 0.057848071875 0.449085809375 0.082841540625 0.44820752500000005 0.0827135078125 0.44640663593749996 0.0876614546875
10 0.46865723125000003 0.175876728125 0.472053853125 0.1771345 0.47387868125 0.17206536875 0.4704963765625 0.1707671515625 0.46865723125000003 0.175876728125
2 0.43253855156250004 0.1257594953125 0.450793025 0.1325012515625 0.46358249687499997 0.097367853125 0.4452928046875 0.0907186015625 0.4435005203125 0.0956821484375 0.44427394375 0.09596284375 0.435205853125 0.12096459531249999 0.4343195921875 0.12086693906249998 0.43253855156250004 0.1257594953125
3 0.4410416796875 0.260080896875 0.441771815625 0.26034524531250003 0.44404401718750003 0.254179471875 0.42964945468750004 0.2489666125 0.42053725468750003 0.2741369765625 0.434861134375 0.279376609375 0.4377908890625 0.2713564953125 0.43699908593750003 0.2711219296875 0.4410416796875 0.260080896875
11 0.5053153203125 0.059460856250000006 0.5137613609375 0.062488129687500005 0.520101534375 0.045210990625 0.5116006843750001 0.0421402328125 0.5053153203125 0.059460856250000006
4 0.4805518328125 0.149829265625 0.4924441375 0.15409053281250001 0.5031070921875 0.1248723 0.49116103125 0.120570878125 0.4805518328125 0.149829265625
10 0.44986584843750005 0.23573025468750003 0.45064423906249995 0.23598958906249998 0.45127131093750006 0.23417787968749998 0.43694477656249997 0.22905489375000002 0.4304046796875 0.24721475 0.4447031609375 0.252394990625 0.44534175468750004 0.2506104171875 0.44455146093750003 0.25027642499999997 0.44986584843750005 0.23573025468750003
2 0.419074703125 0.16276355468749998 0.43739480000000003 0.1693606703125 0.450219790625 0.1340130015625 0.4319258375 0.12744059218749998 0.430055234375 0.1325989734375 0.430887025 0.13279083125 0.42169691406250004 0.157983659375 0.42087210781250006 0.1577976546875 0.419074703125 0.16276355468749998
11 0.4660781328125 0.16743970625 0.474524171875 0.1704669796875 0.48086458906249996 0.153188296875 0.472362196875 0.1501172953125 0.4660781328125 0.16743970625
5 0.4904910421875 0.078066203125 0.49580825468749995 0.079882865625 0.47820670625000006 0.1282387796875 0.47289832187499997 0.12630645000000001 0.4663093625 0.14455506875 0.4792505453125 0.1492656359375 0.48982642500000007 0.12020762812500001 0.4882022609375 0.11961500625000002 0.5084458078125 0.0639970453125 0.49711230312500004 0.059873325 0.4904910421875 0.078066203125
10 0.4735469265625 0.1246484390625 0.47801080625000003 0.12630938125 0.481635440625 0.1163490828125 0.47718538749999995 0.1146507828125 0.4735469265625 0.1246484390625
2 0.38574056562500003 0.2614989171875 0.4093067078125 0.27010233437500003 0.42539928906249996 0.226229621875 0.40179483749999995 0.21755844062500002 0.398035753125 0.2278881921875 0.3987203390625 0.228110521875 0.38958920468749997 0.2531307640625 0.388862859375 0.2529223859375 0.38574056562500003 0.2614989171875
7 0.49748115468750004 0.055317118750000005 0.50437441875 0.057780478125 0.5152786390624999 0.0275183859375 0.5085118609375 0.025035509374999997 0.49748115468750004 0.055317118750000005
7 0.4526080375 0.178583784375 0.4593159359375 0.1808690796875 0.47039557656250003 0.15085782812499998 0.46372528593749995 0.1482352015625 0.4526080375 0.178583784375
10 0.48201910000000003 0.101371578125 0.48651990625 0.1029292109375 0.4901334796875 0.0929988015625 0.48562976718749995 0.0913995765625 0.48201910000000003 0.101371578125
8 0.40324093124999993 0.21461087031249998 0.4257499671875 0.22298674218749998 0.463098028125 0.1205129578125 0.45677403281249995 0.11821095 0.4374639375 0.17121145937499999 0.41848105625 0.164324278125 0.41599685312499995 0.171149378125 0.4168516859375 0.171395509375 0.40383337187499996 0.20707482968750002 0.40304871875000003 0.20683506875000002 0.39985091562499997 0.2155087984375 0.4025802140625 0.21645521875 0.40324093124999993 0.21461087031249998
6 0.48733430312500003 0.0560465953125 0.49533621875 0.058981378125 0.5077930640625 0.0248394015625 0.499778175 0.021856685937500002 0.48733430312500003 0.0560465953125
6 0.48019947968750004 0.075983734375 0.48858796406250005 0.0791047203125 0.49530625937500006 0.0606487828125 0.486867509375 0.057665378125 0.48019947968750004 0.075983734375
13 0.465895715625 0.09342017968750001 0.47753461875000003 0.0976033453125 0.483867575 0.0801320609375 0.47235464374999997 0.0756429609375 0.465895715625 0.09342017968750001
6 0.4571284890625 0.1395351859375 0.4654849625 0.1426685015625 0.4721080546875 0.124384159375 0.4637901484375 0.12128700781249999 0.4571284890625 0.1395351859375
8 0.4792450671875 0 0.476527290625 0.0074672890625 0.475693084375 0.007230753125 0.47324340937500003 0.013877814062499999 0.49219476718750005 0.020774240625000003 0.472911246875 0.07391659218749999 0.47918470781250005 0.0760682171875 0.5069456453125001 0 0.4792450671875 0
10 0.4246207875 0.23028590312500002 0.4344430734375 0.2337431359375 0.43583721718749996 0.22986504531250002 0.426075875 0.2261928234375 0.4246207875 0.23028590312500002
10 0.4698840671875 0.12127611093749999 0.47283969375 0.122351715625 0.4798447390625 0.10320399218750001 0.47689120625000003 0.10216510625 0.4698840671875 0.12127611093749999
2 0.459756215625 0.0509493640625 0.47803500000000004 0.0576475109375 0.490909690625 0.0221558453125 0.472634621875 0.0155041640625 0.47078137656249996 0.0207127546875 0.4715882015625 0.0209623546875 0.462478859375 0.0461046953125 0.461630715625 0.0457963453125 0.459756215625 0.0509493640625
7 0.5069648546875001 0 0.5022572249999999 0.0128966828125 0.503172859375 0.013228378125 0.5005271734375001 0.020383846875 0.5156520125 0.02591011875 0.5182638500000001 0.018698665625 0.5191478578125001 0.019090212500000002 0.5114117859375 0.0403464109375 0.5165923671875 0.04216674375 0.519093296875 0.03518609375 0.5231529953125 0.036802003124999996 0.5285458078125 0.022010390625 0.527753725 0.0216776984375 0.53563696875 0 0.5069648546875001 0
13 0.4178209921875 0.249306353125 0.422439796875 0.251097825 0.4287335953125 0.23380384843750002 0.42409995624999997 0.23211602031249998 0.4178209921875 0.249306353125
10 0.47774842812499996 0.11305357187500001 0.4822518953125 0.11465434062499999 0.48595346250000004 0.1046777515625 0.48137485 0.10309197656249999 0.47774842812499996 0.11305357187500001
12 0.490681003125 0.1170793609375 0.50425578125 0.1219646328125 0.5232860859375 0.0693722546875 0.509846165625 0.0644545546875 0.490681003125 0.1170793609375
13 0.4100581296875 0.27036214375 0.41979989218749997 0.27386832031249997 0.4272441765625 0.25347554375 0.4174591546875 0.24989290937500003 0.4100581296875 0.27036214375
10 0.4862762015625 0.08969534375 0.4907634265625 0.09128879375 0.4944603015625 0.0812719125 0.48994455 0.0797087484375 0.4862762015625 0.08969534375
13 0.4575237890625 0.116513590625 0.46914493437499993 0.12062908125 0.475587240625 0.10295680468749999 0.4639853703125 0.0986197265625 0.4575237890625 0.116513590625
13 0.42269654375 0.25114481718750004 0.42726958281250005 0.25283570312500003 0.43357797500000006 0.23559940781250002 0.428947653125 0.23394058125 0.42269654375 0.25114481718750004
7 0.46024350937499997 0.1813751015625 0.46008944218750003 0.18131905937499998 0.4569989109375 0.1897250234375 0.45617318281249997 0.18942496874999998 0.458676375 0.1824699890625 0.4435916 0.1769105140625 0.44099598437500004 0.1839995609375 0.44008576093749996 0.183733584375 0.42576245156250003 0.2230377609375 0.4519542453125 0.2324129859375 0.4555471 0.22249353125 0.4548104828125 0.22219019062499998 0.4653120234375 0.1935016640625 0.4660238703125 0.193791590625 0.47154372499999997 0.17866731875 0.4674050046875 0.1771907640625 0.4698657421875 0.1705138171875 0.46480573593749996 0.168801171875 0.46024350937499997 0.1813751015625
10 0.47795609843750003 0.099187215625 0.48088338124999996 0.100252003125 0.4878731625 0.0810907890625 0.484857578125 0.0800341640625 0.47795609843750003 0.099187215625
2 0.23871549218750002 0.6733683625 0.256978459375 0.6800165453125 0.271699421875 0.6396299984375 0.2534539484375 0.6329213078125 0.2503496515625 0.6414041890625 0.251160478125 0.641608546875 0.24332230312499997 0.663199771875 0.2424608546875 0.6630253640625 0.23871549218750002 0.6733683625
10 0.20133479531249998 0.88614821875 0.20774277031250002 0.8884793468750001 0.2095014875 0.8835579421875 0.2031160484375 0.8811544484375 0.20133479531249998 0.88614821875
6 0.29349979375 0.60245925625 0.3022446609375 0.60552753125 0.30850948749999996 0.5881767609375 0.2997458703125 0.5850770421875 0.29349979375 0.60245925625
10 0.225049034375 0.8131118687500001 0.2267489875 0.8137054203125 0.2303779296875 0.8037378953125 0.2287102328125 0.80313046875 0.225049034375 0.8131118687500001
13 0.1789510703125 0.9152360015625 0.18559468125 0.8968520796874999 0.1772095765625 0.8937996546875 0.1721511625 0.9076286015624999 0.1775079390625 0.90960498125 0.1771428 0.9106418765625 0.1782754828125 0.9109715640625 0.176969065625 0.914515515625 0.1789510703125 0.9152360015625
13 0.20371141406249998 0.8224403421875 0.215320903125 0.8266394140625 0.22173332656250003 0.80911585625 0.2100813734375 0.8048752546875001 0.20371141406249998 0.8224403421875
10 0.22064128749999998 0.825219853125 0.22232175625 0.8257865890625 0.22620264375 0.8152071937500001 0.2245452609375 0.8146045640624999 0.22064128749999998 0.825219853125
13 0.1758591625 0.91411191875 0.17718518125 0.9105141218749999 0.17183818281250002 0.9084760109375001 0.1705074890625 0.9121632406250001 0.1758591625 0.91411191875
13 0.249299346875 0.6956293625 0.25459708124999997 0.6975789890625 0.25853219375 0.686906934375 0.2531880359375 0.6848708578125 0.249299346875 0.6956293625
10 0.311557615625 0.5836842203125 0.313238084375 0.58425095625 0.3171194609375 0.5736684750000001 0.315463621875 0.573066090625 0.311557615625 0.5836842203125
8 0.1777716140625 0.8914097156249999 0.183527809375 0.8935411109375 0.20819188125000002 0.8259342578125001 0.2024323703125 0.8237738609375 0.19777565 0.8367346453125 0.1787665765625 0.8297531421875 0.176857775 0.8349529328124999 0.177771865625 0.835284384375 0.16594759375 0.8676598171875 0.1650589609375 0.8674273171875001 0.1633724609375 0.8720026328125 0.1823460046875 0.8788788453124999 0.1777716140625 0.8914097156249999
2 0.199133534375 0.8208499359375001 0.20228324375 0.8218787624999999 0.2090221953125 0.803372309375 0.19088040781249999 0.7965882859375 0.18902318437500001 0.8016222281250001 0.18983787968750002 0.801892059375 0.1819856609375 0.8234620765624999 0.18121248125 0.8231798375 0.17939475625 0.828174159375 0.197603234375 0.8347868171874999 0.20162708437500002 0.8238741203125001 0.198467928125 0.8227251484375 0.199133534375 0.8208499359375001
2 0.293377984375 0.525699853125 0.28548104531249996 0.547362453125 0.2846663515625 0.547092621875 0.28289463125 0.5520262046875 0.30116544843750004 0.5585648921875 0.308625578125 0.53816196875 0.31269831406250004 0.5269406203125 0.29448610625 0.52031155 0.2926221171875 0.5253982078125 0.293377984375 0.525699853125
10 0.2292861984375 0.8015115765624999 0.230951634375 0.8020933328125001 0.2347846515625 0.7915664703124999 0.23311464843750002 0.791023540625 0.2292861984375 0.8015115765624999
13 0.3348371015625 0.4688353921875 0.343300928125 0.47187022812499996 0.350441596875 0.452275721875 0.348486009375 0.4515182875 0.3467522234375 0.45628227812500005 0.34561923437500003 0.455914575 0.3453376984375 0.4567432359375 0.3398967953125 0.45487850781250005 0.3348371015625 0.4688353921875
10 0.2160069890625 0.82746155 0.2180836234375 0.8281938609375 0.225097865625 0.8090080453124999 0.2229856609375 0.808260609375 0.2160069890625 0.82746155
13 0.21197790625000001 0.7996830125 0.223586096875 0.803880296875 0.2300003078125 0.786355440625 0.2183455125 0.7821128078124999 0.21197790625000001 0.7996830125
8 0.218457153125 0.7798397875 0.2242135921875 0.7819696406250001 0.24887742031250001 0.7143643296875 0.2431186421875 0.712199303125 0.2384614328125 0.7251631734374999 0.2194526046875 0.718180128125 0.21769608749999997 0.7230876421875 0.218449175 0.7234268140625 0.206703296875 0.75561691875 0.20592101093749998 0.7553522203124999 0.2040584890625 0.76042961875 0.2230340640625 0.7673029875 0.218457153125 0.7798397875
10 0.222350159375 0.856111253125 0.22366956249999997 0.856500571875 0.225474884375 0.8516245171874999 0.2241122359375 0.851128684375 0.222350159375 0.856111253125
10 0.2240596921875 0.8053648484375 0.2261353625 0.8060732765624999 0.23308240625 0.7869321874999999 0.23101131718749998 0.786154878125 0.2240596921875 0.8053648484375
4 0.22489619374999997 0.8570761078125001 0.23575183281249998 0.8610007468750001 0.2453395765625 0.8345958250000001 0.23451133125 0.8306280656249999 0.22489619374999997 0.8570761078125001
5 0.32413236875 0.5887306625 0.32143968125 0.5878327546875 0.324526025 0.5793533562500001 0.339367875 0.5846686984375 0.3444483484375 0.5707404171875 0.329473525 0.5655954328125 0.3413489984375 0.5331664109375 0.3313336890625 0.5294096703125 0.324614953125 0.547938309375 0.3269730296875 0.548881303125 0.31339251875 0.5862623796875 0.31093228281249996 0.5854250171875 0.304206453125 0.6038386296875 0.316937109375 0.6085000328125 0.32413236875 0.5887306625
7 0.2567351453125 0.7319332890625 0.244230784375 0.7273014 0.2337624859375 0.755780040625 0.234566621875 0.7560466171875 0.232044809375 0.7632090515625001 0.24027691562500003 0.766178709375 0.23981070781249997 0.7674242390625 0.2515580375 0.771641978125 0.2539754296875 0.765068903125 0.264219903125 0.7687970796875 0.26538850625 0.7655239671875 0.26462030625 0.7651903109375 0.272448565625 0.7436117531249999 0.2732582796875 0.743933 0.27784111562499997 0.7312389406250001 0.2671328953125 0.727342396875 0.26220618125 0.74077930625 0.25444337031250003 0.738092796875 0.2567351453125 0.7319332890625
5 0.233255734375 0.830155515625 0.230563290625 0.8292560640625 0.23365142187500001 0.8207753671875 0.2484503234375 0.826212046875 0.25353200625 0.8123061046875 0.238599165625 0.8070159 0.250473096875 0.7745866343750001 0.2404555109375 0.7708342781249999 0.23373701875 0.7893613734375 0.236098671875 0.7903017703125 0.222514340625 0.8276869874999999 0.22005768125 0.8268470265625 0.2133303078125 0.8452603953125 0.22606250781249998 0.84992204375 0.233255734375 0.830155515625
10 0.32030733906250003 0.5597536671875 0.32197098749999997 0.5603367218749999 0.32580270625 0.549808071875 0.32413424687500003 0.5492653859375001 0.32030733906250003 0.5597536671875
2 0.36443144375 0.4684239640625 0.363651065625 0.46807730625 0.3697740515625 0.45126250937499995 0.3705617140625 0.4514932546875 0.37113294531249996 0.44992423593749997 0.3543448640625 0.44399215468750003 0.34344920624999997 0.4740103984375 0.3405182859375 0.4729086484375 0.3366728609375 0.483393996875 0.3557079203125 0.4902214171875 0.3569989046875 0.486675021875 0.357533696875 0.48520622500000005 0.358263603125 0.48544206093750003 0.36443144375 0.4684239640625
13 0.26743700000000004 0.6741728640625 0.2694347734375 0.6748737 0.2765445296875 0.655204690625 0.2681576375 0.6521535640625 0.263102309375 0.665983 0.2684557546875 0.6679604343750001 0.2680908609375 0.6689957859375 0.2692250875 0.66932571875 0.26743700000000004 0.6741728640625
12 0.240081278125 0.8072269140625 0.2535791375 0.8120984218749999 0.2677202515625 0.7732953484375 0.254304578125 0.76829448125 0.240081278125 0.8072269140625
10 0.25800105625 0.690929621875 0.260429984375 0.691834796875 0.26279176249999997 0.6853731453125 0.260370884375 0.6844470968749999 0.25800105625 0.690929621875
2 0.29056063125 0.6714868140625 0.2968423796875 0.654418734375 0.296025975 0.65415970625 0.29785595625 0.6491878921875001 0.2789626375 0.6420348859375 0.27512237812499996 0.6525874953125 0.2780983828125 0.65351445625 0.26718719375 0.6837406421875001 0.2838770640625 0.689853334375 0.2844620890625 0.6881472843750001 0.28363500468749997 0.6879656640625 0.2897276765625 0.6711824515625 0.29056063125 0.6714868140625
11 0.2012230921875 0.910825184375 0.21122271874999998 0.91442124375 0.2159074921875 0.9014032046875 0.20605655 0.8977373578125001 0.2012230921875 0.910825184375
6 0.22489246093749998 0.7825976328124999 0.23363578437500002 0.7856656625 0.239900121875 0.7683179796874999 0.23113674999999997 0.7652167171875 0.22489246093749998 0.7825976328124999
10 0.3132456234375 0.614377734375 0.3145780984375 0.6149542140625 0.3164204828125 0.609864134375 0.31511224531250004 0.609394321875 0.3132456234375 0.614377734375
11 0.268520484375 0.725962790625 0.2785162921875 0.7295629906250001 0.283204884375 0.7165408109375 0.27335394218750003 0.7128749640625001 0.268520484375 0.725962790625
10 0.34893949218750003 0.44936427031250004 0.3513679328125 0.45027253125 0.353731253125 0.44381112343750007 0.35130883281249997 0.44288483125000006 0.34893949218750003 0.44936427031250004
13 0.2589384546875 0.6774999859374999 0.2642335921875 0.6794460359375 0.26817179062499996 0.668774471875 0.2628243015625 0.6667394484375 0.2589384546875 0.6774999859374999
10 0.2330235421875 0.8266573749999999 0.2464529046875 0.8315718203125 0.2478180515625 0.8278568265624999 0.23438740624999999 0.8229105375 0.2330235421875 0.8266573749999999
11 0.292208628125 0.668952478125 0.302204434375 0.672552678125 0.306891484375 0.6595302546874999 0.29704005312500004 0.65586749375 0.292208628125 0.668952478125
7 0.2789683390625 0.6396216921875 0.29165503125000003 0.64415115625 0.2939132375 0.638033790625 0.3016073546875 0.6408343953125 0.296716015625 0.6543575890625 0.3074021546875 0.65822374375 0.312125196875 0.645523415625 0.3112664953125 0.6452118109375 0.3191342515625 0.62359363125 0.3199136046875 0.6238768484375 0.321105140625 0.620548834375 0.3109246875 0.6167959953125 0.3132787921875 0.6102429546875 0.29287725625 0.6041324703125001 0.29030630468749996 0.6112855390624999 0.28943921562499997 0.6110169015625 0.2789683390625 0.6396216921875
8 0.3093767015625 0.5381939265625 0.31513208593750003 0.5403204484375 0.3397974578125 0.47271538281250003 0.33404103281249997 0.470555475 0.3293814703125 0.4835142265625 0.3103726421875 0.47653118125000005 0.308615390625 0.48144332500000003 0.309367425 0.48177916718749997 0.29759145 0.5140594218750001 0.29677724375 0.5137865046875 0.2949790921875 0.5187870890624999 0.3139536140625 0.525657128125 0.3093767015625 0.5381939265625
10 0.2641038875 0.6826321609375 0.2665354140625 0.6835409109375 0.26889613749999997 0.6770759265625 0.2664739625 0.6761480921875 0.2641038875 0.6826321609375
2 0.273518053125 0.7101008578125 0.27274100625000003 0.7097531453125 0.278863503125 0.692941434375 0.279651165625 0.69317218125 0.2802226421875 0.6916016171875 0.26343277187499997 0.6856708359375 0.25253581718749996 0.715687290625 0.2496061953125 0.7145873296875 0.24576255625 0.725071378125 0.264794040625 0.731901396875 0.2660850265625 0.728355003125 0.26662006250000003 0.7268846609375 0.2673548421875 0.7271196875 0.273518053125 0.7101008578125
13 0.3401896546875 0.4541481421875 0.3454871453125 0.45609931093749995 0.3494222578125 0.4454272578125 0.3440768015625 0.44338939218749995 0.3401896546875 0.4541481421875
13 0.30296190312500004 0.55796984375 0.31457009375 0.5621671265625 0.3209858484375 0.544642515625 0.30933389375 0.5404019140625 0.30296190312500004 0.55796984375
10 0.34668048281249997 0.49507996875 0.3530897546875 0.4974128859375 0.3548453859375 0.4924909921875 0.3484610015625 0.49009082968750006 0.34668048281249997 0.49507996875
2 0.21455715468749997 0.7785639859375 0.217729465625 0.7797197875 0.22186978906250002 0.7686610125 0.2034708171875 0.762062478125 0.20165923593750001 0.7671178859375 0.20244734531250003 0.7674357125 0.1945893671875 0.7889921609375 0.19380179375 0.7887408640625 0.192011784375 0.7937000249999999 0.210170425 0.8004076187500001 0.217263684375 0.7809226703125 0.214093453125 0.7798336406249999 0.21455715468749997 0.7785639859375
2 0.1872169265625 0.8951695140625 0.17979304062499998 0.9155433734375 0.1957527109375 0.9213521578125 0.1988446765625 0.9128372656250001 0.19967917500000001 0.913141871875 0.205960190625 0.896078421875 0.2051406984375 0.89581890625 0.20697092343749998 0.8908455484375001 0.1880789046875 0.8836943296875001 0.18424092187500002 0.894242553125 0.1872169265625 0.8951695140625
12 0.33096669843750004 0.5657765593749999 0.3444627703125 0.570649365625 0.358602584375 0.5318445046875 0.34518845468750003 0.52684388125 0.33096669843750004 0.5657765593749999
13 0.536209790625 0.7594841390625 0.529274809375 0.7783692765625 0.54131323125 0.781987675 0.54767440625 0.764448090625 0.536209790625 0.7594841390625
8 0.4980274390625 0.8644487046875 0.49244482031250003 0.87968959375 0.498694221875 0.882043065625 0.5267620265625 0.8048917890625 0.520452015625 0.8027312109375 0.5158894203125 0.8152275640625 0.493179371875 0.8071220125 0.491309265625 0.8120874718750001 0.4921428 0.8123681968750001 0.47776009999999997 0.8516977718750001 0.47702427968750005 0.8514293593750001 0.47521255937499995 0.8564357046875 0.4980274390625 0.8644487046875
13 0.4950598421875 0.882646009375 0.48873938125 0.8999784749999999 0.493416553125 0.9016811078125 0.49978529531250004 0.88428351875 0.4950598421875 0.882646009375
8 0.730353259375 0.117431384375 0.7295115125 0.1198893421875 0.7469257140625001 0.1263429796875 0.826238275 0.0918726859375 0.8270544765625001 0.086949125 0.8013784812500001 0.077603390625 0.7992185015625 0.090991259375 0.7529456031249999 0.11091822968750001 0.7607986296875 0.0628344109375 0.759805434375 0.062473028124999996 0.759719059375 0.0630383515625 0.7515006171875 0.0666645359375 0.7516808796875 0.0649370921875 0.7490260609375 0.0662172359375 0.7460421765625 0.0744692359375 0.7468303 0.07475700625000001 0.7312487359375 0.1176206734375 0.730353259375 0.117431384375
10 0.7323143734374999 0.21628807343749998 0.7418660375 0.21966605781249998 0.7509653015625 0.1947072125 0.7464401515625 0.1930935171875 0.7389313125 0.213604209375 0.7339444312500001 0.21168957968750002 0.7323143734374999 0.21628807343749998
10 0.7494395375 0.20306201562499998 0.7517848218750001 0.2039159765625 0.7551996734374999 0.1947308421875 0.7527488671875 0.1938838984375 0.7494395375 0.20306201562499998
10 0.76540305 0.19963740937500002 0.771095084375 0.20174440625 0.77260930625 0.19765752812499998 0.766157003125 0.19527666562499998 0.76540305 0.19963740937500002
13 0.6773700375 0.35268148906249996 0.6819953796875 0.3543917328125 0.688272340625 0.33714413125 0.6836296875000001 0.33545329375 0.6773700375 0.35268148906249996
11 0.6104440171875 0.65369923125 0.6039494984375 0.6713315984375 0.6109116671875 0.6735796484375001 0.6171448093749999 0.6564089515625 0.6104440171875 0.65369923125
10 0.7424190203125 0.18403260625 0.758513296875 0.1770755921875 0.760741946875 0.1637935171875 0.744539978125 0.170711328125 0.7424190203125 0.18403260625
13 0.75345353125 0.145786346875 0.7568957953125001 0.12462208125 0.7472695421875 0.128936509375 0.743750196875 0.1502578375 0.75345353125 0.145786346875
10 0.7125745953125 0.3386028640625 0.7159809515625 0.33988907031250004 0.7188643984375 0.332051459375 0.7153080296875001 0.3308933625 0.7125745953125 0.3386028640625
6 0.7637280484375 0.15957274375 0.77157956875 0.1561257421875 0.778410790625 0.1145133125 0.7707926140625 0.1176856234375 0.7705369515625 0.119110040625 0.768101759375 0.12026202500000001 0.7646359640625 0.1413751046875 0.7670997015625 0.1403225609375 0.7637280484375 0.15957274375
2 0.72733795 0.12583185937500002 0.728118265625 0.126138959375 0.7125244171875 0.16904022968750002 0.711727034375 0.16875099375 0.7090959109375 0.1758644734375 0.730532934375 0.1837573234375 0.7421395359375 0.1520070984375 0.7385535140624999 0.1505168359375 0.746277234375 0.12909890156249998 0.728621803125 0.1224203859375 0.72733795 0.12583185937500002
13 0.7538540703125001 0.1456346375 0.7634050296875 0.1414759734375 0.7650326859375001 0.131359165625 0.755469165625 0.13545730625000002 0.7538540703125001 0.1456346375
6 0.77576176875 0.1354535984375 0.7914081109375 0.1287277953125 0.7947863 0.108377590625 0.7791025984375 0.1150895671875 0.77576176875 0.1354535984375
1 0.6917559640625 0.381750771875 0.6996775671875 0.3846332859375 0.70664958125 0.365594234375 0.6986664 0.3627209515625 0.6917559640625 0.381750771875
13 0.8279824250000001 0.091767675 0.82445900625 0.11277512812499998 0.827516890625 0.11149712656249999 0.8257613875 0.12210150156249999 0.8391343265625 0.11623532968750001 0.8430409484375 0.09276848125 0.8336327593749999 0.0893436125 0.8279824250000001 0.091767675
6 0.7487884140625 0.1494611796875 0.7458066390625 0.167238596875 0.763034959375 0.15963382343750002 0.765871984375 0.14219100625 0.7487884140625 0.1494611796875
0 0.3826855953125 0 0.06470104531250001 0.8736529671875 0.374231746875 0.9863128281250001 0.46064914687499997 1 0.6173144046875 1 0.9352989546874999 0.12634703281249998 0.6257682531250001 0.013687171875000001 0.539350853125 0 0.3826855953125 0
13 0.6724687234375 0.3508658390625 0.6770955187500001 0.352596878125 0.6833957828125 0.3353719515625 0.6787634421875001 0.3336859109375 0.6724687234375 0.3508658390625
4 0.7639258390625 0.225724371875 0.7742430140625001 0.22945298906249997 0.7842683671875 0.2019831 0.7739629390625 0.19815035 0.7639258390625 0.225724371875
2 0.7780594734374999 0.07743783125 0.7744453328125 0.1002865734375 0.7977756234375 0.09010304531249999 0.7999498843749999 0.07708445781249999 0.7829313140624999 0.0708896484375 0.782175415625 0.0755822984375 0.7780594734374999 0.07743783125
10 0.829331078125 0.151142465625 0.82999659375 0.15081599375000002 0.8350952749999999 0.1196929265625 0.82533645 0.12384556093750002 0.82359555 0.1343177796875 0.81996274375 0.13587965 0.8180839296875 0.147342490625 0.821730946875 0.1457907796875 0.8202292281249999 0.1549925875 0.821121584375 0.15457232031249998 0.8213653843750001 0.1529830796875 0.8296358578125 0.1494379078125 0.829331078125 0.151142465625
10 0.7458840828125 0.1324900875 0.7397130875 0.14930835468749998 0.742892153125 0.150441496875 0.7458840828125 0.1324900875
1 0.7877097359375 0.16908833437499998 0.7909267468750001 0.14945613124999999 0.7813450421875 0.15352924375000002 0.778140315625 0.17312384375 0.7877097359375 0.16908833437499998
7 0.7888150140625 0.168632184375 0.7946073234375 0.1660708296875 0.7948519921874999 0.1643662421875 0.80907991875 0.1582558140625 0.808741834375 0.16013069687499998 0.815646371875 0.1570193734375 0.826242478125 0.0919160640625 0.800266653125 0.1031613109375 0.79982195625 0.10630861875 0.7956611812500001 0.1081475578125 0.7911775515625 0.13507771875000002 0.7954889281249999 0.1334065921875 0.7933083812499999 0.14580563124999998 0.7925326671875 0.1460687734375 0.7888150140625 0.168632184375
2 0.719825159375 0.2088537375 0.7249265031250001 0.21075485624999998 0.7331952765625 0.1881529234375 0.7280729218750001 0.1861946890625 0.719825159375 0.2088537375
6 0.7522697875000001 0.228870953125 0.7401587171874999 0.2244627171875 0.7413532921875 0.221065578125 0.731916228125 0.21772314375000001 0.73023783125 0.2225069828125 0.729540334375 0.22227627968750002 0.72452079375 0.2361794078125 0.7466902109375 0.244202496875 0.7522697875000001 0.228870953125
8 0.7070711562499999 0.262071584375 0.68118054375 0.25274248125 0.6798523859375 0.2563937265625 0.6806526109375 0.2566849953125 0.6641056265625 0.3020882796875 0.663339290625 0.301762828125 0.660591228125 0.3093149796875 0.6926545156249999 0.3207528515625 0.7325491484375 0.21131988281249997 0.7263034375 0.2092327671875 0.7070711562499999 0.262071584375
2 0.6577470484375 0.31708445625000004 0.6584713468750001 0.31732573125 0.6467429046875 0.3495755484375 0.646008340625 0.3493990890625 0.640929696875 0.36323590625 0.6639538125 0.3716158421875 0.6786167015625 0.3313862046875 0.6871036187499999 0.33454492812500003 0.6911567234375 0.3234375359375 0.659618021875 0.31200364999999997 0.6577470484375 0.31708445625000004
12 0.7505218593749999 0.2583052140625 0.7687778296875 0.26497760000000004 0.774782046875 0.2486929375 0.7564487453125001 0.24201937812500002 0.7505218593749999 0.2583052140625
5 0.761517928125 0.228092471875 0.7704552015624999 0.2033373546875 0.7643151609375 0.2011024515625 0.771134703125 0.159284096875 0.7616986734375 0.1632964375 0.7569570609375 0.19225496250000002 0.75192461875 0.20595988437499999 0.7487654625 0.2048109125 0.7424865890625 0.22198069375 0.75466490625 0.22641381875 0.7439695656249999 0.255916425 0.7505225921875 0.25830058437500003 0.756451265625 0.2420134484375 0.77479666875 0.2486905078125 0.7688154484374999 0.26495982812499996 0.7774764281250001 0.26797843125 0.7897239125 0.2344091921875 0.7820187015625 0.2315388046875 0.7806875343749999 0.23519906562499998 0.761517928125 0.228092471875
3 0.8409731671875 0.146106375 0.8454813531250001 0.1441215484375 0.8505885375 0.11322446875 0.835814090625 0.11899996718750001 0.8308387749999999 0.15051275625 0.8346144000000001 0.1489181375 0.8351075578125 0.1470330125 0.8412100140625001 0.144451171875 0.8409731671875 0.146106375
10 0.8201864546875001 0.13434734375 0.8229961984375 0.13319772968750002 0.8262202249999999 0.1136710484375 0.8241406796874999 0.114615171875 0.822335715625 0.1252022203125 0.821630290625 0.1255809046875 0.8201864546875001 0.13434734375
10 0.7321327906249999 0.18439355468750002 0.7409800984375 0.1876141046875 0.7465000828125 0.153851003125 0.7426043140624999 0.15545506874999998 0.7321327906249999 0.18439355468750002
13 0.6819107296875 0.3549161984375 0.672071684375 0.35151484375000003 0.66541008125 0.3701521953125 0.6750911687500001 0.3736519265625 0.6819107296875 0.3549161984375
2 0.7064124796875 0.24570453906249998 0.7115590328125 0.247509990625 0.7198077578125 0.22487482343749998 0.714704828125 0.22306362656249998 0.7064124796875 0.24570453906249998
13 0.843922065625 0.09308838124999999 0.84015253125 0.11593940625000002 0.8507455890625 0.1114538 0.8532913499999999 0.096499178125 0.843922065625 0.09308838124999999
10 0.693554390625 0.357301409375 0.6985644328125 0.35902986875 0.69788339375 0.3609026390625 0.7071763843750001 0.3641858671875 0.7092099171874999 0.3585581328125 0.7083728828125 0.358289509375 0.7137189 0.34368348593750003 0.71451758125 0.3439745109375 0.715272 0.3418681578125 0.701068875 0.33653533125 0.693554390625 0.357301409375
2 0.7116942468749999 0.27308507656250003 0.736936675 0.282341575 0.7381897687500001 0.27887460625 0.737402609375 0.27861071875 0.7427077390625 0.2640630796875 0.7434727750000001 0.26438674375 0.745162559375 0.25974075937499996 0.74152529375 0.25839425 0.7461831015625 0.245536465625 0.724427634375 0.237686515625 0.7116942468749999 0.27308507656250003
13 0.7555855046875 0.13491255 0.7651340671875 0.1308389328125 0.76679535 0.12055976093750001 0.7572627421875 0.12473240468749999 0.7555855046875 0.13491255
10 0.687742309375 0.33493717031250003 0.69927379375 0.3390194765625 0.7003441109375 0.33607725 0.6888573625000001 0.3318723078125 0.687742309375 0.33493717031250003
7 0.715215821875 0.3290484109375 0.7193598484375 0.330641290625 0.7220134453125 0.3234158859375 0.72120325625 0.3230676703125 0.73038435 0.29787183125 0.7311935765625 0.298196165625 0.736365765625 0.28391855625 0.7097183921875 0.2741136484375 0.69269625625 0.320609175 0.693021353125 0.3207540015625 0.6900025203125 0.3288770734375 0.7072543859375 0.3352369734375 0.7067497406250001 0.33668523437500003 0.7118357375000001 0.338403578125 0.715215821875 0.3290484109375
13 0.7271116359375001 0.2074560734375 0.73872610625 0.21160372968750002 0.7451895578125 0.19387785 0.73345076875 0.1896361515625 0.7271116359375001 0.2074560734375
10 0.8165144328125 0.15661266093749998 0.81938714375 0.155435053125 0.820701453125 0.14761626875 0.817844265625 0.14877576875 0.8165144328125 0.15661266093749998
10 0.7899362359375 0.1370120359375 0.7910483203124999 0.1303002453125 0.7754927671875 0.1369122890625 0.7724501984375001 0.15578271562499998 0.773911534375 0.1551061125 0.7741625046875 0.15364140312500002 0.7804583546875 0.15092725 0.7801014296875 0.1527912390625 0.792005778125 0.147657471875 0.794061675 0.13534626249999998 0.7899362359375 0.1370120359375
2 0.6927293531250001 0.22089767500000002 0.693459915625 0.221119378125 0.684313109375 0.24629849843749999 0.68357353125 0.2460737859375 0.6817454625 0.2511234203125 0.706939925 0.2602932234375 0.7110147078125 0.2490389765625 0.705231346875 0.24697921250000002 0.714015853125 0.2226792390625 0.6946750546875 0.2156546875 0.6927293531250001 0.22089767500000002
2 0.706221209375 0.18392652812500002 0.7069207875 0.184224003125 0.6977812218749999 0.20937737812499999 0.6970398999999999 0.20906379843749998 0.6952153640625001 0.2142010015625 0.72037190625 0.2235103390625 0.7244220578125 0.212291740625 0.7185705796875 0.2101626546875 0.72736163125 0.186101015625 0.7079885734375 0.1789305578125 0.706221209375 0.18392652812500002
2 0.7735720921875 0.10065607968750001 0.777565225 0.076672971875 0.7816044843750001 0.0749919671875 0.7823031874999999 0.070660440625 0.761525678125 0.06309826874999999 0.75398916875 0.10905383906249999 0.7735720921875 0.10065607968750001
3 0.683231215625 0.353720546875 0.6926166046875 0.3570895984375 0.6986957265625 0.340441871875 0.6892567359374999 0.337051675 0.683231215625 0.353720546875
3 0.6759215734375 0.374022328125 0.691057525 0.379238709375 0.6977820859375 0.36076319843750004 0.6827087890625 0.35532102656250003 0.6759215734375 0.374022328125
2 0.5042440781249999 0.8687269984375 0.49931533593750005 0.88232653125 0.5060051765625 0.8846659171875 0.499262615625 0.9030752984375001 0.5175963578125 0.9096761578124999 0.5169268265625 0.91160611875 0.5233878125 0.9136624687499999 0.5259147390625001 0.9068472984374999 0.52506409375 0.906674603125 0.532952521875 0.8849758515625 0.5337416078125 0.8852875046875001 0.5356522890625001 0.8800658625000001 0.5275919921875001 0.877249975 0.5301296828125001 0.8701770640625 0.5155187999999999 0.864801803125 0.5129070812500001 0.8719325953125001 0.5042440781249999 0.8687269984375
10 0.5455855656249999 0.7856969953124999 0.5484235203125001 0.786706503125 0.5573053328124999 0.762081815625 0.5545526062499999 0.7610336015625 0.5455855656249999 0.7856969953124999
2 0.532119140625 0.7585530703125001 0.53271021875 0.7569286609375 0.5359530953125 0.7581383515625 0.5399285046875 0.747111990625 0.51795859375 0.7390777875000001 0.5160958703125 0.7440665625 0.516885 0.74428805 0.5090504953125 0.76601590625 0.50820476875 0.7657522343750001 0.5063614203125 0.7708184328125001 0.5284110281250001 0.7788288734375 0.53540435625 0.759725171875 0.532119140625 0.7585530703125001
7 0.596406065625 0.713245703125 0.5962291859375 0.7136732968749999 0.595704778125 0.7134684265625 0.5953104125 0.71463990625 0.5882864125 0.7120830703125 0.587025334375 0.7157702515625 0.5718724890625 0.71021106875 0.5693630328125 0.717185621875 0.5686343921875 0.716851903125 0.5741225890625 0.7018475937499999 0.565555834375 0.6986635703124999 0.555200865625 0.72660646875 0.5645473984375 0.7300310640625 0.5614034421875 0.7387243953125 0.5852893906250001 0.7473262593750001 0.5886597515624999 0.73826221875 0.5878567265625 0.7378787515624999 0.5921707625 0.7257132125 0.593141340625 0.7259776765625 0.5975623437500001 0.7136661359375001 0.596406065625 0.713245703125
7 0.526983315625 0.83358909375 0.523741984375 0.8424077984375 0.514401978125 0.8390918109375001 0.5041873078125 0.8670078906249999 0.5128653875 0.8701083000000001 0.518326534375 0.8549351796875 0.5192065296874999 0.855052409375 0.5165904359375 0.8619910890625 0.5317003296875 0.8675118296875001 0.5303764859375 0.8713156281250001 0.53741496875 0.873820971875 0.5369518609374999 0.875036934375 0.5374289453125 0.8751710296875 0.53729723125 0.8755931218749999 0.5384907343750001 0.8761380984375 0.5430143078125 0.8637083359375 0.5422865406249999 0.8634190515625001 0.5466901953125001 0.8513768625000001 0.547386728125 0.851583684375 0.5507303265625 0.842259125 0.526983315625 0.83358909375
2 0.48840070625000004 0.8985010546875 0.4915819703125 0.88959215625 0.48856691718749995 0.8884422781250001 0.4963402421875 0.8672505140625001 0.47414030937499996 0.8591703859375001 0.47085291093750004 0.8680102703125 0.47174481718749994 0.8683619374999999 0.4601056296875 0.9003079125 0.459340746875 0.9000032578124999 0.455571821875 0.9103551796874999 0.47758934374999995 0.9183684484375 0.48517335937499995 0.8974330374999999 0.48840070625000004 0.8985010546875
10 0.5672506 0.6740696484375001 0.565178259375 0.679822540625 0.5676882140624999 0.6806456296875 0.5697536671875 0.6750261140625 0.5672506 0.6740696484375001
3 0.5924479812500001 0.6473733359375 0.5855433828125001 0.666426228125 0.60235831875 0.672598278125 0.6092321578125001 0.6534898890624999 0.5924479812500001 0.6473733359375
2 0.5716246484374999 0.683699015625 0.566650471875 0.6970160890625 0.575353115625 0.70039090625 0.5727248234375 0.7076962546875001 0.5874216734375 0.7126785640625 0.58997229375 0.7057437515625 0.59808030625 0.7084881000000001 0.5998420062500001 0.703617790625 0.5990359484375001 0.70346323125 0.6069044171875 0.6817106953125001 0.607685696875 0.6820416765624999 0.61032400625 0.675022671875 0.6038986484375 0.672861225 0.6033207890625001 0.6745320234375 0.5849312890625 0.6678337421875 0.5782820078124999 0.6861835453125 0.5716246484374999 0.683699015625
6 0.536187040625 0.807950721875 0.5275478671875 0.8050241640625 0.52064135625 0.8239992375 0.5292003046875 0.827202590625 0.536187040625 0.807950721875
10 0.559545696875 0.7436617546875001 0.56157595625 0.737914853125 0.5610623671875 0.7376816390625 0.5634695984375 0.731122775 0.55540575625 0.7282493734375 0.550834565625 0.740540290625 0.559545696875 0.7436617546875001
10 0.5701780203125 0.7789010578125 0.5684459796875 0.7837539171875 0.575076815625 0.785816603125 0.576666703125 0.7813019203125 0.5701780203125 0.7789010578125
2 0.57031076875 0.67361621875 0.573822390625 0.66403984375 0.5705147328125 0.66291955625 0.5781434609375 0.6420814 0.5560718 0.633980459375 0.5522179875 0.6445087734375 0.553107875 0.6448332265625 0.5414564046875 0.67681680625 0.5406239859374999 0.6765789718749999 0.5375834859374999 0.6851684578125 0.55964351875 0.6932928703125001 0.5670977671874999 0.6724476453125 0.57031076875 0.67361621875
11 0.51619428125 0.9124756656249999 0.5097002515625 0.930104946875 0.5165705953125 0.9325931515624999 0.5228955609375 0.9151823 0.51619428125 0.9124756656249999
10 0.5887182765625 0.7109744796874999 0.5962291859375 0.7136732968749999 0.597501575 0.7101144640625 0.5900710984375 0.7073872546875 0.5887182765625 0.7109744796874999
10 0.5631496968749999 0.7763815046875 0.5614582359375 0.7811379609375 0.56787093125 0.783449271875 0.5695812515625 0.7788334328125 0.5631496968749999 0.7763815046875
13 0.50491379375 0.8857934437500001 0.5000598328125 0.8839884578125 0.4936527203125 0.9017881203125 0.4984303984375 0.9034354828125 0.50491379375 0.8857934437500001
13 0.5748940421875 0.6632366609375 0.5684670546875 0.680642428125 0.573201828125 0.6823209625 0.5795126515625 0.665099290625 0.5748940421875 0.6632366609375
10 0.74174450625 0.187891790625 0.7557279671875 0.193093325 0.7560803046875 0.1921572296875 0.758344646875 0.1788096203125 0.7421290609375 0.18566357656250002 0.74174450625 0.187891790625
2 0.5165445984375 0.8011726421875001 0.51705396875 0.79986434375 0.520341978125 0.8009688625000001 0.5273106703125 0.7817410296875 0.5052580953125 0.7736494390625 0.5033848171875 0.778794740625 0.5042681484375 0.7790706968750001 0.496453696875 0.8004821703125 0.49564774375000004 0.8002770031249999 0.493741740625 0.8055689921875 0.5158184046875001 0.8133986249999999 0.5198455609375 0.80219536875 0.5165445984375 0.8011726421875001
3 0.48415211718749995 0.9122510265624999 0.48152370624999996 0.9196370359375001 0.4913045921875 0.9233756328125 0.49805582812500004 0.9043221796875001 0.48461366874999995 0.8991589187500001 0.4803735140625 0.9108979515625 0.48415211718749995 0.9122510265624999
8 0.5412517171875 0.7456494171875 0.5366154328125 0.7583413390625 0.5428025859375001 0.76074823125 0.5709546375000001 0.683404640625 0.5646577500000001 0.681151221875 0.5592553859375 0.6963826937500001 0.536417015625 0.6882283421875 0.53462550625 0.69309709375 0.535479396875 0.6934490671875 0.5211542031249999 0.7326153140625 0.5203572515625 0.7324432125 0.518494546875 0.7375617140624999 0.5412517171875 0.7456494171875
6 0.5434631640625 0.7608924046875 0.5521409296875001 0.764144634375 0.5590965125 0.7449795859375 0.5505474578125 0.7419834578125 0.545310625 0.7563995343750001 0.545085015625 0.7562957765625 0.5434631640625 0.7608924046875
3 0.5753801046875 0.6496801703124999 0.571079503125 0.66144126875 0.5847380109375 0.6661974234375 0.591734365625 0.6472144328125 0.5819627390625 0.643477303125 0.5792190203125 0.651121896875 0.5753801046875 0.6496801703124999
10 0.5415819328125 0.783707128125 0.5445904421875001 0.7847784515625 0.5516308046875 0.7653278390625 0.5487081515625001 0.764263784375 0.5415819328125 0.783707128125
13 0.5276820984375 0.783011653125 0.521118196875 0.8011819765625001 0.5329853250000001 0.8050928031250001 0.539480375 0.7873671828125001 0.5276820984375 0.783011653125
3 0.49892319374999994 0.9041795468749999 0.492018840625 0.923230896875 0.5088319890624999 0.92940424375 0.5157089140625 0.91029634375 0.49892319374999994 0.9041795468749999
10 0.5334596484375 0.805903546875 0.5365276406249999 0.8069289234375001 0.5435296421875 0.7876905468750001 0.5405881296875 0.7864858734375 0.5334596484375 0.805903546875
10 0.480511153125 0.9123561859375 0.4782857390625 0.9185262062499999 0.4808295828125 0.9193151140625 0.483022271875 0.9132917812500001 0.480511153125 0.9123561859375
10 0.5359659640625 0.8121332578124999 0.5387640828125 0.8130447000000001 0.54768786875 0.7884646296875 0.5449992546875 0.7873712015625001 0.5359659640625 0.8121332578124999
4 0.57559995625 0.747185325 0.5657137609375 0.7742959984375 0.577694346875 0.778419378125 0.587556771875 0.7514188421875 0.57559995625 0.747185325
10 0.5787944015625001 0.64233636875 0.5766007046875 0.6484259859375 0.5791026078125 0.649269946875 0.5813055203124999 0.6432719640625 0.5787944015625001 0.64233636875
10 0.525899403125 0.8342099890625001 0.526532265625 0.8343893234375 0.5285246828125 0.8287914625000001 0.5199742281249999 0.8254945359375 0.515487840625 0.8377893921874999 0.5235425484375 0.840740446875 0.525899403125 0.8342099890625001
10 0.5284819421875 0.8760857968750001 0.5360699078125 0.8788474421875 0.5374289453125 0.8751710296875 0.5298360625 0.8725003609374999 0.5284819421875 0.8760857968750001
10 0.49182534999999994 0.8812335703124999 0.4897522 0.8869815890625 0.4922492140625 0.8878564156250001 0.494372740625 0.8820799906250001 0.49182534999999994 0.8812335703124999
5 0.5746984578125 0.8237035531249999 0.5887359328125 0.785045428125 0.5782038468749999 0.7812653703125 0.575729621875 0.7881173625 0.55947985 0.7823622968749999 0.5628984546875 0.7729736828125 0.564505921875 0.7736617421875 0.5666915859375 0.7677227234374999 0.56797555625 0.7681459796875 0.5722707609375 0.7562891078125 0.5709967687499999 0.75589274375 0.5742821874999999 0.7467756999999999 0.5614623625 0.74223780625 0.5551315484375 0.759306025 0.5587347859375 0.7606376515625 0.5389554140625 0.8150129265625001 0.5354864265625 0.8137326187499999 0.5291866187500001 0.8308547890625 0.5403798875 0.8350448890625 0.5544963328125 0.796018015625 0.5707206359375 0.8018639656250001 0.56406086875 0.8200602375000001 0.5746984578125 0.8237035531249999
13 0.5845538546875 0.6670604906250001 0.5797765921875 0.665050921875 0.5733444703125 0.68299849375 0.5781894828125 0.6844904125 0.5845538546875 0.6670604906250001