0 0.366025 0 0.0064296875000000005 0.20761250000000003 0.463915625 1 0.6339750000000001 1 0.9935703124999999 0.7923875 0.536084375 0 0.366025 0
4 0.41867656249999996 0.25756875 0.462853125 0.334278125 0.4936265625 0.31651093750000003 0.44931093750000006 0.23989531249999999 0.41867656249999996 0.25756875
10 0.343484375 0.5172765625 0.3477109375 0.5147015625 0.3719796875 0.5566187499999999 0.38904218749999997 0.5463 0.3149671875 0.41739531249999995 0.2931265625 0.4301609375 0.343484375 0.5172765625
1 0.4962375 0.43764531250000005 0.5102765625 0.42969999999999997 0.459275 0.341709375 0.4455296875 0.3496625 0.4962375 0.43764531250000005
10 0.7158218749999999 0.6604875 0.7183125 0.6648 0.7383828125 0.6532109375 0.735621875 0.648428125 0.7158218749999999 0.6604875
6 0.5136953125 0.309984375 0.5451796875 0.3646375 0.566475 0.3525859375 0.534934375 0.298084375 0.5136953125 0.309984375
2 0.6707234375 0.5312421875 0.7399890625000001 0.652028125 0.7934812499999999 0.6218 0.7233796875 0.5007109375 0.6707234375 0.5312421875
1 0.5897796875 0.5853515625 0.644453125 0.6795625000000001 0.66236875 0.66921875 0.57938125 0.52564375 0.5553703125 0.5397109375 0.5837359375 0.588840625 0.5897796875 0.5853515625
10 0.5545359375000001 0.43811875 0.57785 0.4785390625 0.5820328124999999 0.47612343749999997 0.5585953124999999 0.43567656250000003 0.5545359375000001 0.43811875
2 0.610228125 0.5750875 0.675978125 0.688934375 0.716415625 0.665853125 0.650490625 0.5520453125 0.610228125 0.5750875
7 0.65015625 0.546440625 0.60493125 0.46787343750000004 0.5783406249999999 0.48306875 0.5404453124999999 0.41743125000000003 0.4985828125 0.441584375 0.5531406249999999 0.53610625 0.5791359375 0.5206546875 0.607853125 0.5704828125 0.65015625 0.546440625
1 0.662790625 0.3449671875 0.6577578125 0.348125 0.605315625 0.257103125 0.59033125 0.266003125 0.7950781250000001 0.6204375 0.8087375 0.6125515625 0.7363953125 0.48705781249999996 0.7428281250000001 0.48359687500000004 0.662790625 0.3449671875
12 0.270453125 0.4430953125 0.3207125 0.5298546875000001 0.3412359375 0.5175828124999999 0.29119843749999996 0.43074531250000003 0.270453125 0.4430953125
2 0.31730468749999996 0.41675625 0.3671125 0.50371875 0.398721875 0.48580468750000005 0.34833125 0.39826562499999996 0.31730468749999996 0.41675625
13 0.5474421875 0.41293125 0.583415625 0.47525000000000006 0.604965625 0.46293125 0.5689640625 0.4006265625 0.5474421875 0.41293125
13 0.3280234375 0.5322796875 0.3496078125 0.5694140625 0.3698625 0.55753125 0.348334375 0.5202421875 0.3280234375 0.5322796875
8 0.5434796875 0.365784375 0.562675 0.39920625 0.5684781250000001 0.395803125 0.6085640625 0.4655046875 0.60493125 0.46787343750000004 0.67115 0.583371875 0.69126875 0.57210625 0.66575625 0.5275593749999999 0.7203062499999999 0.49554375000000006 0.641103125 0.3579140625 0.5877015625 0.3892 0.566475 0.3525859375 0.5434796875 0.365784375
10 0.5418046875 0.415846875 0.5524890625000001 0.4344140625 0.5565109374999999 0.4320828125 0.5458734375 0.413621875 0.5418046875 0.415846875
10 0.64678125 0.6834765625 0.6564109375 0.7001546875 0.67426875 0.68984375 0.6645125000000001 0.6729453125 0.64678125 0.6834765625
2 0.5366125 0.2967484375 0.586765625 0.38394218750000003 0.639 0.35430937500000004 0.588459375 0.266959375 0.5366125 0.2967484375
13 0.6738375 0.587715625 0.713178125 0.655909375 0.733328125 0.6445109375 0.6939062500000001 0.5763328125 0.6738375 0.587715625
12 0.23331718750000002 0.35850624999999997 0.27694687500000004 0.43382812499999995 0.38163749999999996 0.37345 0.3381921875 0.29769999999999996 0.23331718750000002 0.35850624999999997
12 0.450975 0.2386875 0.495309375 0.315409375 0.6031359375 0.25375000000000003 0.5587140625 0.1766734375 0.450975 0.2386875
8 0.49892812500000006 0.608703125 0.36986093750000004 0.38539218750000004 0.3500921875 0.39680468750000003 0.40286406250000006 0.48845 0.36974999999999997 0.5081890625 0.39114375 0.54524375 0.40951250000000006 0.534375 0.4643890625 0.6291046875 0.49892812500000006 0.608703125
2 0.3743375 0.561175 0.4268015625 0.6514234375 0.4626265625 0.6301515625 0.41030468750000004 0.5399140625000001 0.3743375 0.561175
12 0.48906406249999995 0.324671875 0.539884375 0.412109375 0.562675 0.39920625 0.5120828125 0.3113828125 0.48906406249999995 0.324671875
2 0.4610953125 0.34036875 0.5118406249999999 0.42837500000000006 0.5382156250000001 0.4134828125 0.48739999999999994 0.32530625 0.4610953125 0.34036875