8 0.3855 0.1207359375 0.38570625000000003 0.12087812499999999 0.383609375 0.1241765625 0.35546875 0.10659218749999999 0.3556421875 0.1063328125 0.3435828125 0.0988140625 0.30383125 0.1623578125 0.3592375 0.1968046875 0.38816562499999996 0.150509375 0.4862125 0.2118859375 0.4970328125 0.19466250000000002 0.3953734375 0.1315265625 0.3977578125 0.127690625 0.39799531250000003 0.127803125 0.4142171875 0.1018375 0.40199999999999997 0.0943046875 0.3855 0.1207359375
10 0.3286453125 0.1806171875 0.31248906249999997 0.206434375 0.3214171875 0.2120296875 0.3262890625 0.20409843749999998 0.322303125 0.20160781249999998 0.33354218750000003 0.183659375 0.3286453125 0.1806171875
2 0.3696359375 0.0572609375 0.34554687500000003 0.09583749999999999 0.3576359375 0.10337343750000001 0.3578734375 0.10301562500000001 0.384628125 0.11969375 0.40824531249999996 0.0817875 0.3696359375 0.0572609375
10 0.733465625 0.272575 0.7318156250000001 0.27516250000000003 0.731984375 0.275278125 0.73095625 0.2769375 0.75179375 0.28997812500000003 0.7542921875 0.2859 0.733465625 0.272575
11 0.78364375 0.42630156250000006 0.7655609375 0.41503750000000006 0.7646421875 0.4164890625 0.7640296875 0.416140625 0.7571671875 0.4271625 0.757771875 0.42752187499999994 0.7548421875 0.43220937499999995 0.77284375 0.443490625 0.78364375 0.42630156250000006
10 0.69240625 0.29341249999999997 0.70323125 0.2760890625 0.6995218750000001 0.27376875 0.6887109375 0.29109375000000004 0.69240625 0.29341249999999997
10 0.675703125 0.30955625000000003 0.6862812500000001 0.2924078125 0.6708000000000001 0.2825625 0.6600484375 0.29979374999999997 0.675703125 0.30955625000000003
10 0.71040625 0.2568015625 0.7009453125 0.2718890625 0.705859375 0.274959375 0.7058078125 0.2750609375 0.7086640625 0.276953125 0.7182000000000001 0.261653125 0.71040625 0.2568015625
13 0.7067828125 0.2586765625 0.6918296875000001 0.2493828125 0.67253125 0.2804375 0.68743125 0.289834375 0.7067828125 0.2586765625
10 0.731946875 0.3205625 0.7498812499999999 0.291821875 0.729553125 0.2791515625 0.7115843749999999 0.30788906250000003 0.731946875 0.3205625
2 0.6904234375 0.32118437499999997 0.65958125 0.3705046875 0.6869671875 0.38763437500000003 0.697709375 0.37044375 0.697446875 0.3702796875 0.7175374999999999 0.338128125 0.6904234375 0.32118437499999997
6 0.6974828125 0.2970765625 0.6966109375 0.29850625000000003 0.70915 0.3063515625 0.7308 0.27145625 0.718809375 0.263790625 0.7090671875 0.2791984375 0.70494375 0.276540625 0.6936015624999999 0.29468125 0.6974828125 0.2970765625
2 0.6589609375000001 0.301525 0.630759375 0.3467359375 0.6306171875000001 0.3467140625 0.6280015624999999 0.35080625 0.6582375 0.3696828125 0.68909375 0.320303125 0.6589609375000001 0.301525
1 0.7553859375 0.283603125 0.771334375 0.25787187500000003 0.75241875 0.24594999999999997 0.736428125 0.27165625000000004 0.7553859375 0.283603125
13 0.7886625 0.32692031250000003 0.777959375 0.3439875 0.8010890625 0.3584734375 0.8144828125 0.337171875 0.8002546875000001 0.32836875 0.7976640625 0.33248125 0.7886625 0.32692031250000003
2 0.74829375 0.399803125 0.785659375 0.4232078125 0.831925 0.34916718750000003 0.8156109375 0.3389671875 0.8013390625 0.361821875 0.7803421875 0.3486828125 0.74829375 0.399803125
3 0.7945359375 0.3171515625 0.7944015624999999 0.3173859375 0.8193125 0.3329984375 0.8163406249999999 0.33775468750000004 0.832640625 0.34802343750000003 0.8511796875 0.3183359375 0.8089124999999999 0.2918890625 0.7934984375 0.3165015625 0.7945359375 0.3171515625
8 0.6875765625 0.29310625 0.6768671875 0.310296875 0.7186578124999999 0.3365359375 0.7189296875 0.3361 0.7213468749999999 0.33758750000000004 0.6999359375 0.37190625 0.6996796875 0.3717453125 0.6889609375 0.388840625 0.7343031250000001 0.4172296875 0.7456875000000001 0.3990328125 0.7456453125 0.398890625 0.7476546875000001 0.395675 0.7476281250000001 0.395490625 0.7778609375000001 0.34718593750000004 0.7674078125 0.3405046875 0.7671 0.3410078125 0.73785625 0.3224515625 0.7370375 0.323815625 0.6875765625 0.29310625
1 0.735584375 0.42019531250000003 0.752646875 0.43088125 0.7634203125 0.4142390625 0.7481234375 0.4046953125 0.7475203125000001 0.405696875 0.7454484375 0.404428125 0.735584375 0.42019531250000003
7 0.7731609374999999 0.258809375 0.7348203125 0.3203921875 0.7671015625 0.340890625 0.768290625 0.3389546875 0.7748265625 0.34310625 0.8123984375 0.2833328125 0.7731609374999999 0.258809375
10 0.8140078125000001 0.292325 0.817815625 0.28623125 0.813925 0.2838328125 0.8101203124999999 0.2898640625 0.8140078125000001 0.292325
10 0.7932406249999999 0.3192671875 0.789771875 0.324721875 0.7974593750000001 0.3296109375 0.8001015625000001 0.3253609375 0.8159765625000001 0.33528125000000003 0.8168265625 0.33392187500000003 0.7932406249999999 0.3192671875
7 0.3875953125 0.1523609375 0.3432234375 0.223253125 0.3764765625 0.2438890625 0.42077968749999994 0.173265625 0.3875953125 0.1523609375
10 0.48112656249999997 0.181471875 0.49653125 0.156878125 0.48200937499999996 0.147775 0.4665734375 0.172428125 0.48112656249999997 0.181471875
6 0.46388125 0.1363375 0.4481171875 0.161515625 0.452025 0.163940625 0.450971875 0.165628125 0.46438750000000006 0.17401093750000002 0.48113593750000005 0.14715625000000002 0.46388125 0.1363375
10 0.44679843750000003 0.1605796875 0.4782875 0.110184375 0.47148124999999996 0.1060140625 0.4400359375 0.1563375 0.44679843750000003 0.1605796875
10 0.41286562499999996 0.2015015625 0.4156046875 0.1970953125 0.4125671875 0.19523125 0.40984218749999995 0.1996421875 0.41286562499999996 0.2015015625
3 0.45786718750000005 0.080621875 0.4801203125 0.0450296875 0.459896875 0.032521875 0.4376125 0.06814375 0.45786718750000005 0.080621875
1 0.3991125 0.0338171875 0.3873328125 0.026456249999999997 0.38689062500000004 0.02719375 0.38679687500000004 0.027095312500000003 0.3743796875 0.04679375 0.374553125 0.0469015625 0.3705078125 0.0533546875 0.3816203125 0.0603015625 0.385196875 0.05456875 0.38606093750000003 0.05504218749999999 0.3987890625 0.034635937500000005 0.39863593750000004 0.0345578125 0.3991125 0.0338171875
11 0.40383281249999997 0 0.40157968750000006 0.0036812499999999996 0.4012109375 0.0034515625 0.39245 0.0174171875 0.39285625 0.0176703125 0.388740625 0.02419375 0.3924875 0.0265453125 0.3923421875 0.02675625 0.399290625 0.0310828125 0.3994046875 0.030882812500000002 0.400853125 0.031796875 0.4161921875 0.0071953125 0.4047328125 0 0.40383281249999997 0
1 0.4076046875 0.20299843750000002 0.3903421875 0.23078437499999999 0.41516875000000003 0.246296875 0.43617812499999997 0.2126515625 0.41630312500000005 0.20029218750000002 0.4125828125 0.206246875 0.4076046875 0.20299843750000002
0 0.2228453125 0 0 0.3566265625 0 0.7771546875 0.3566265625 1 0.7771546875 1 1 0.6433734375 1 0.2228453125 0.6433734375 0 0.2228453125 0
10 0.4335859375 0.129640625 0.42341562499999996 0.145746875 0.43868437499999996 0.1554046875 0.44882343750000003 0.1391609375 0.4335859375 0.129640625
13 0.4227625 0.1433625 0.44677187500000004 0.104846875 0.42358124999999996 0.09042343750000001 0.3992390625 0.12883125 0.4227625 0.1433625
2 0.453628125 0.1939875 0.44385624999999995 0.209625 0.4439484375 0.20966718750000002 0.421053125 0.24624843749999997 0.4524734375 0.265934375 0.4851453125 0.21364999999999998 0.453628125 0.1939875
2 0.5127109375 0.13409218750000002 0.497921875 0.157821875 0.49779687499999997 0.15775937499999998 0.48252187500000004 0.1822265625 0.5200750000000001 0.205625 0.5502265625 0.15744843749999998 0.5127109375 0.13409218750000002
2 0.4119890625 0.0791046875 0.409759375 0.082784375 0.40954687500000003 0.0826515625 0.40336718749999995 0.0925703125 0.4154859375 0.10017968749999999 0.42354375 0.08728749999999999 0.4445546875 0.10049062499999999 0.45598593750000005 0.0819765625 0.43535312499999995 0.069109375 0.45867812499999994 0.0317984375 0.419475 0.007040625 0.3848609375 0.062446875 0.3867 0.063596875 0.386815625 0.06336562500000001 0.4119890625 0.0791046875
10 0.44255781250000004 0.20892499999999997 0.4532640625 0.19171875 0.42284531249999996 0.17250937500000002 0.411975 0.1898140625 0.44255781250000004 0.20892499999999997
10 0.4483796875 0.10284062499999999 0.4548234375 0.092525 0.45216874999999995 0.0907828125 0.4456875 0.10114062500000001 0.4483796875 0.10284062499999999
13 0.4500828125 0.136625 0.4696375 0.1054078125 0.454709375 0.09614375 0.43512500000000004 0.127190625 0.4500828125 0.136625
11 0.1502453125 0.46465625 0.165659375 0.439971875 0.153528125 0.4324078125 0.1380953125 0.45704374999999997 0.1502453125 0.46465625
3 0.20640312500000002 0.5129984375000001 0.22875937500000001 0.4772609375 0.20937968749999997 0.46527031250000006 0.18709375 0.5008921875000001 0.20640312500000002 0.5129984375000001
6 0.22147187499999998 0.570165625 0.219565625 0.573171875 0.21314375000000002 0.569203125 0.19742656249999999 0.5942859375 0.2013328125 0.5967125 0.2002796875 0.5983968749999999 0.21369531249999998 0.6067796875 0.23045 0.5799671875 0.2295546875 0.5794140624999999 0.23143281249999997 0.5764109375 0.22147187499999998 0.570165625
1 0.084403125 0.6172593749999999 0.074484375 0.6331703125 0.0784921875 0.6356953125 0.0733703125 0.6439 0.0910515625 0.6547640625 0.10607031250000001 0.6308203125 0.084403125 0.6172593749999999
10 0.1961671875 0.5932859374999999 0.2275390625 0.543003125 0.220821875 0.53885625 0.189465625 0.5891140625 0.1961671875 0.5932859374999999
10 0.19785 0.5355890624999999 0.20430312499999997 0.5253015624999999 0.2016265625 0.5236296874999999 0.19515625 0.533890625 0.19785 0.5355890624999999
2 0.2030875 0.6267703124999999 0.193315625 0.6424078125 0.193409375 0.6424484374999999 0.1705140625 0.6790328125 0.2019828125 0.698628125 0.23460156250000003 0.6464624999999999 0.2030875 0.6267703124999999
2 0.16133906250000002 0.5117765624999999 0.1591078125 0.51545625 0.15889375 0.5153234375 0.1527140625 0.5252421875 0.164834375 0.532853125 0.1728921875 0.519959375 0.19390156249999999 0.5331625 0.20533281250000002 0.5146484375 0.1847 0.5017859375 0.208028125 0.46447031250000004 0.1688234375 0.43971406249999995 0.1342078125 0.4951203125 0.1360484375 0.4962703125 0.1361640625 0.49604218749999995 0.16133906250000002 0.5117765624999999
10 0.1623671875 0.6341671875 0.1650953125 0.6297453125 0.16212500000000002 0.627865625 0.1593734375 0.6322859375000001 0.1623671875 0.6341671875
2 0.26225 0.5668875 0.24739375 0.5905859375 0.2472671875 0.5905234375 0.23199375 0.6149875 0.2694984375 0.6383375 0.299603125 0.5901796874999999 0.26225 0.5668875
10 0.1830171875 0.5624390625 0.1726953125 0.5789359375 0.188084375 0.5884015625 0.198334375 0.5719421875 0.1830171875 0.5624390625
10 0.1920421875 0.6416999999999999 0.201953125 0.625840625 0.171390625 0.6067875 0.16145937500000002 0.6225890625 0.1920421875 0.6416999999999999
1 0.14798125 0.466271875 0.13668906249999999 0.459115625 0.11988281249999999 0.48620156249999996 0.131059375 0.4932015625 0.14798125 0.466271875
7 0.1370484375 0.5851265625 0.092678125 0.656015625 0.12593125 0.6766484375 0.1702359375 0.6060265625000001 0.1370484375 0.5851265625
13 0.2041546875 0.529 0.1838109375 0.561375 0.1908375 0.5657656249999999 0.1915625 0.5646265625 0.1995015625 0.5695328125 0.2190828125 0.5382640624999999 0.2041546875 0.529
10 0.5872078125 0.74455 0.5926781250000001 0.7357750000000001 0.5887890625 0.7333937500000001 0.5833484375 0.742121875 0.5872078125 0.74455
10 0.577165625 0.8146906250000001 0.59536875 0.7854109375 0.5744015625000001 0.772378125 0.5562125 0.8015640625 0.577165625 0.8146906250000001
6 0.611678125 0.79091875 0.5913359375 0.8234953125000001 0.60433125 0.8315828125 0.6051 0.830334375 0.608959375 0.8326859375 0.6285015625 0.80153125 0.611678125 0.79091875
8 0.494109375 0.7615671875000001 0.4611921875 0.8144234375 0.461053125 0.8144546874999999 0.4474078125 0.8362359375 0.5139765625 0.87784375 0.5493671875 0.82120625 0.5972500000000001 0.8508484375 0.5978078124999999 0.850021875 0.5982671875000001 0.8498203125 0.60823125 0.8341296874999999 0.5500015625 0.797765625 0.5496921875 0.7982609375 0.5471781250000001 0.7966734375 0.547440625 0.7962 0.5408140625 0.7920109375 0.5416375 0.7907515625 0.4951546875 0.7619906249999999 0.49500312500000004 0.762215625 0.494109375 0.7615671875000001
10 0.5973531249999999 0.7818953125 0.610084375 0.761546875 0.5828484375 0.7446359375 0.5693203125 0.766278125 0.5693890625 0.7667578125000001 0.5511015625 0.7959875000000001 0.5561609375 0.799165625 0.5743546875 0.7700203125 0.5963515625 0.78378125 0.5974046875 0.7820953125 0.5973531249999999 0.7818953125
1 0.525621875 0.727065625 0.5459390625 0.69440625 0.525128125 0.6811828125 0.5046859375 0.7138921875 0.525621875 0.727065625
2 0.5491109375 0.899790625 0.5792046875 0.9186296875 0.5816796875 0.9146484375 0.5816656250000001 0.9145203125 0.612359375 0.865378125 0.5823015625 0.8466140624999999 0.5491109375 0.899790625
10 0.5907578124999999 0.8213234375 0.61025 0.790196875 0.59859375 0.78290625 0.5791671875 0.814015625 0.5907578124999999 0.8213234375
10 0.519203125 0.737953125 0.52453125 0.7293890625 0.514965625 0.72339375 0.5097046875 0.73185 0.519203125 0.737953125
3 0.49481875000000003 0.6680921875 0.46768906250000003 0.7115265625 0.482903125 0.7210328125000001 0.4974 0.6978109375 0.5013859375 0.7003015625 0.5139953125 0.680140625 0.49481875000000003 0.6680921875
11 0.421496875 0.8222578125 0.43261874999999994 0.804490625 0.4152296875 0.793584375 0.404090625 0.8113890625 0.421496875 0.8222578125
10 0.5080578124999999 0.7048062500000001 0.5235640625 0.6799906250000001 0.518046875 0.67659375 0.5025703125 0.70134375 0.5080578124999999 0.7048062500000001
13 0.497528125 0.7011109375 0.4708640625 0.7437265625 0.4920625 0.7569390625 0.513303125 0.7229109375 0.5012375 0.7152859375 0.5065703125 0.7067921875 0.497528125 0.7011109375
1 0.43335937500000005 0.8067421875 0.4231328125 0.8232203124999999 0.4441625 0.8363890625 0.4543953125 0.8200843750000001 0.43335937500000005 0.8067421875
1 0.54409375 0.8995625 0.5776703125 0.8459734375 0.5498359374999999 0.8287734375 0.5163796875 0.88224375 0.54409375 0.8995625
2 0.45709999999999995 0.8155468750000001 0.45885468749999997 0.8127390625 0.458828125 0.812571875 0.4917734375 0.76009375 0.4678359375 0.7450671875 0.482096875 0.7221515625 0.46695937499999995 0.7126765625 0.41795 0.79105 0.45709999999999995 0.8155468750000001
10 0.63613125 0.7927593749999999 0.6327875 0.7981265625 0.6483375 0.8078765625000001 0.6499890625 0.8051562499999999 0.6501015625 0.8051640624999999 0.6517765625 0.802521875 0.63613125 0.7927593749999999
13 0.6262921875 0.8425062499999999 0.6466999999999999 0.8099015625 0.6317140625000001 0.8004828125 0.6113375 0.8329796875 0.6262921875 0.8425062499999999
10 0.5991296875 0.8520171875000001 0.61466875 0.861665625 0.62519375 0.8448968750000001 0.6094609375 0.8350828124999999 0.6063031249999999 0.8400968750000001 0.6064921875 0.8402312500000001 0.5991296875 0.8520171875000001
7 0.5114875 0.7358078124999999 0.496096875 0.760484375 0.5018828125 0.7640640624999999 0.500959375 0.7654890625 0.548303125 0.79481875 0.5872109375 0.73283125 0.5420109375 0.7046328125 0.5194796875 0.7408203125 0.5114875 0.7358078124999999
8 0.135065625 0.5534484375 0.1352734375 0.553590625 0.133175 0.5568890625 0.1050359375 0.5393046874999999 0.1052078125 0.53904375 0.0931484375 0.5315265625000001 0.0533953125 0.59506875 0.10880468750000001 0.6295171875000001 0.13773125 0.583225 0.23567343749999997 0.6446515625 0.2465125 0.627421875 0.144940625 0.5642390625 0.1473265625 0.5604015625 0.147559375 0.5605171875 0.16378281249999999 0.5345484375 0.15156562499999998 0.5270140624999999 0.135065625 0.5534484375
10 0.0791203125 0.6138312499999999 0.0637765625 0.6383656249999999 0.07175000000000001 0.643365625 0.0758828125 0.6367499999999999 0.071896875 0.634259375 0.083065625 0.61633125 0.0791203125 0.6138312499999999
10 0.2306921875 0.6142265625000001 0.246809375 0.5884125 0.23220468749999998 0.579303125 0.216059375 0.6050625000000001 0.2306921875 0.6142265625000001
2 0.1190421875 0.49002968750000003 0.09495 0.5286062499999999 0.107040625 0.536140625 0.10727656249999999 0.5357875 0.13403281250000001 0.552465625 0.1576484375 0.5145578125 0.1190421875 0.49002968750000003
13 0.1721859375 0.57620625 0.19619375 0.537690625 0.1730046875 0.5232671875 0.1486625 0.5616749999999999 0.1721859375 0.57620625
1 0.334909375 0.1846609375 0.32499218750000003 0.200575 0.329 0.203096875 0.323878125 0.211303125 0.341559375 0.222165625 0.356578125 0.198221875 0.334909375 0.1846609375