13 0.57721875 0.00524375 0.5698578125 0.039773437499999995 0.590121875 0.0442515625 0.5933265624999999 0.0293234375 0.6068796875 0.03206875 0.6110328125 0.0124296875 0.57721875 0.00524375
13 0.4120921875 0.7740359375 0.3957421875 0.8510796875000001 0.413728125 0.8547890625000001 0.42005468749999997 0.825084375 0.4268296875 0.82640625 0.43684687499999997 0.779465625 0.4120921875 0.7740359375
13 0.445590625 0.8616484375000001 0.460865625 0.7897828125 0.4375171875 0.7847734375 0.422303125 0.8566078125000001 0.445590625 0.8616484375000001
5 0.5029343749999999 0.7811140625 0.5053625 0.7694390624999999 0.553296875 0.7797453125 0.5674546874999999 0.7137640625 0.4593234375 0.6908390625 0.455403125 0.709171875 0.4786671875 0.7142390625 0.4787375 0.7147765625 0.487746875 0.716809375 0.488134375 0.7189421874999999 0.47611875000000003 0.7754734375 0.5029343749999999 0.7811140625
10 0.4585421875 0.7851328125 0.47142343750000004 0.7246546875 0.46248281249999995 0.7226125 0.44989687500000003 0.7821859375 0.43861249999999996 0.7799 0.43840312499999995 0.78088125 0.4585421875 0.7851328125
2 0.3422515625 0.828053125 0.3400875 0.8275937499999999 0.3376796875 0.8392062499999999 0.343771875 0.8404640625 0.34421875 0.8400140625000001 0.39375 0.8506796874999999 0.4214546875 0.7206328125 0.371690625 0.710121875 0.37161875 0.70959375 0.365484375 0.7082578125000001 0.35064531250000003 0.77791875 0.352825 0.7783828125000001 0.3422515625 0.828053125
2 0.5147781250000001 1 0.538553125 0.8881 0.49595781250000004 0.8790203125 0.4702109375 0.9999921875 0.4702484375 1 0.47912499999999997 1 0.4797640625 0.9969953125 0.49384218750000003 1 0.5147781250000001 1
7 0.37098749999999997 0.89783125 0.3536328125 0.9800593750000001 0.3951453125 0.9888828125 0.4124734375 0.9067093749999999 0.37098749999999997 0.89783125
10 0.4181328125 0.9923875000000001 0.41905000000000003 0.9880765625000001 0.41889062499999996 0.9877625 0.43435625 0.915078125 0.41338437499999997 0.9105671875000001 0.3968265625 0.9881953125 0.4181328125 0.9923875000000001
12 0.48941875 0.8656843750000001 0.55983125 0.880790625 0.5782296875 0.7945296875000001 0.507653125 0.779946875 0.48941875 0.8656843750000001
2 0.46978593750000003 1 0.47056718750000004 0.9963218749999999 0.46862812500000006 0.9959578125 0.4834609375 0.9261765625 0.43842968750000005 0.91655625 0.42310781249999996 0.9888406249999999 0.422934375 0.988709375 0.4216953125 0.9945265624999999 0.4474484375 1 0.46978593750000003 1
10 0.4663375 0.7731515625000001 0.475634375 0.7752749999999999 0.4875453125 0.719140625 0.4871671875 0.7180375 0.47841562499999996 0.716125 0.4663375 0.7731515625000001
8 0.33734375 0.8481765625 0.338190625 0.8440875 0.318190625 0.8398625 0.3139578125 0.859525 0.31604062499999996 0.8599671875 0.29326093750000004 0.9672265624999999 0.353615625 0.9800546875 0.37098749999999997 0.89783125 0.48436874999999996 0.9219078125 0.493578125 0.8784234375000001 0.48204843750000004 0.8760890625 0.48148437499999996 0.8786687499999999 0.33734375 0.8481765625
10 0.3468796875 0.7738828125 0.3472046875 0.7724578125 0.3495265625 0.7728953125 0.362321875 0.7127859375 0.345940625 0.7093421875 0.3331625 0.76945625 0.33608125 0.7700484375000001 0.335778125 0.771475 0.3468796875 0.7738828125
0 0.31874531250000004 0 0.120940625 0.9305984374999999 0.4474484375 1 0.6812546875 1 0.879059375 0.0694015625 0.5525515624999999 0 0.31874531250000004 0
8 0.6522140624999999 0.1082625 0.6529203125 0.105003125 0.6533890625 0.1046515625 0.6612750000000001 0.06760000000000001 0.514671875 0.036528125 0.515515625 0.032415624999999997 0.49476875 0.02800625 0.49054062500000006 0.0477421875 0.492709375 0.048178125 0.4693328125 0.1581984375 0.4671875 0.1578125 0.463015625 0.17753593750000002 0.5027890625 0.18606406250000002 0.503484375 0.18279375 0.52039375 0.1865125 0.5418703125000001 0.085096875 0.6522140624999999 0.1082625
6 0.6423734375000001 0.06004374999999999 0.649946875 0.0245125 0.6512328125 0.024759375 0.651996875 0.0211375 0.61274375 0.012793750000000001 0.6053484375 0.047521875000000005 0.6190515624999999 0.0503203125 0.617225 0.058565624999999996 0.635396875 0.06211875 0.6361234375 0.058740625000000005 0.6423734375000001 0.06004374999999999
13 0.655140625 0.10500156249999999 0.675146875 0.1092078125 0.6752687500000001 0.1096828125 0.6783203125 0.1104015625 0.6937203125 0.037753125 0.6704859375 0.032909375000000005 0.655140625 0.10500156249999999
10 0.5942640625 0.033454687500000004 0.5919078125 0.0445984375 0.60365625 0.04714375 0.606034375 0.03595625 0.5942640625 0.033454687500000004
9 0.4963609375 0.2191609375 0.49505 0.21888281250000002 0.4872875 0.25560625 0.49484374999999997 0.2572609375 0.4958359375 0.2525875 0.50920625 0.25535625 0.5082359375000001 0.259965625 0.51115625 0.260515625 0.5181625000000001 0.2278015625 0.5254890624999999 0.229240625 0.5330046875 0.193175 0.5018984375 0.1866109375 0.500434375 0.19329375 0.501840625 0.1935703125 0.4963609375 0.2191609375
1 0.5013609375 0 0.4974640625 0.01824375 0.4968859375 0.018032812500000002 0.495853125 0.02319375 0.512975 0.026832812499999997 0.514125 0.0212984375 0.514478125 0.02131875 0.519009375 0 0.5013609375 0
7 0.5454078124999999 0.2631890625 0.5444359375000001 0.2677578125 0.55543125 0.2699921875 0.567859375 0.21130624999999997 0.5658484374999999 0.21083124999999997 0.5904109375 0.095059375 0.5418703125000001 0.085096875 0.52039375 0.1865125 0.535925 0.1897625 0.5205359374999999 0.262575 0.526715625 0.2638421875 0.527675 0.25932656249999997 0.5454078124999999 0.2631890625
10 0.4930484375 0.21783125 0.49450000000000005 0.2181390625 0.4997546875 0.1936328125 0.4816234375 0.189778125 0.46851093749999995 0.2514703125 0.4851875 0.255015625 0.4930484375 0.21783125
2 0.577259375 0.21672031249999998 0.5782421875 0.2119921875 0.602009375 0.21700781249999998 0.6009875 0.2218671875 0.6094859375 0.22357812500000002 0.633834375 0.1087796875 0.5933015625 0.10045 0.5687828125000001 0.2150109375 0.577259375 0.21672031249999998
6 0.493115625 0.7907453125 0.49429999999999996 0.7847640625000001 0.47531875 0.7807015625 0.47394687500000005 0.786784375 0.4658375 0.7850890625 0.46296875000000004 0.798825 0.463259375 0.79925625 0.44786875000000004 0.871665625 0.48148437499999996 0.8786687499999999 0.49981875000000003 0.792284375 0.493115625 0.7907453125
2 0.6554484375 0.2333984375 0.6798578125 0.1185546875 0.6736718749999999 0.1172296875 0.67326875 0.117684375 0.6360453125000001 0.11000312500000001 0.611765625 0.22409062500000002 0.6202703125 0.22601718750000002 0.6213124999999999 0.221115625 0.6450921875 0.22618749999999999 0.644078125 0.231 0.6554484375 0.2333984375
10 0.5247234375 0.23315468749999999 0.5191578125 0.23200781250000002 0.5129671874999999 0.2609859375 0.5185765625000001 0.26214375 0.5247234375 0.23315468749999999
2 0.5231171875 0 0.5183328125 0.0225375 0.51620625 0.0221109375 0.5148984375000001 0.028278124999999998 0.5680359375 0.03941875 0.5753874999999999 0.004853125 0.5525515624999999 0 0.5231171875 0
10 0.6443953125 0.059804687499999995 0.6621296875 0.063509375 0.6698999999999999 0.026959375 0.65210625 0.023231250000000002 0.6443953125 0.059804687499999995
1 0.32167500000000004 0.8236640625 0.31927656249999997 0.8348000000000001 0.335625 0.8381828125 0.33799843749999997 0.8269234375 0.338353125 0.8269984375 0.34874375 0.777809375 0.3327734375 0.7742984374999999 0.3221625 0.8237671875 0.32167500000000004 0.8236640625
10 0.4260390625 0.830284375 0.42109375 0.8292328124999999 0.4155234375 0.8552296875 0.420515625 0.8563171875 0.4260390625 0.830284375
3 0.41253906249999994 0.7702609375 0.4488609375 0.77795625 0.4594796875 0.727796875 0.45180156250000003 0.7261171875 0.4516796875 0.72673125 0.42307187500000004 0.720959375 0.41253906249999994 0.7702609375