10 0.399049853125 0.345302965625 0.39370023593750003 0.3438106703125 0.387773390625 0.3943518015625 0.399049853125 0.345302965625
10 0.5450123515625 0.2272813375 0.44554472343749996 0.6606911765625 0.4731823109375 0.6670361421875 0.5736564984375 0.23426181875 0.5450123515625 0.2272813375
7 0.462175009375 0.20841480156249997 0.43126633124999997 0.3420800296875 0.5142063343750001 0.3610064359375 0.5450374265625 0.2273244265625 0.462175009375 0.20841480156249997
10 0.46910554062500004 0.3632416140625 0.4438843671875 0.47256081562499996 0.4626580921875 0.47682016562499996 0.487886215625 0.367615340625 0.46910554062500004 0.3632416140625
5 0.541815025 0.8170571531249999 0.5659207671875001 0.712011003125 0.37422500468750003 0.667532884375 0.417212790625 0.4816230109375 0.37881100624999997 0.47272113437499996 0.355638065625 0.6726545171875 0.3232843125 0.6823156484374999 0.3025525578125 0.7681084453125 0.541815025 0.8170571531249999
2 0.5105706953125 0.5284690671875001 0.47849579374999995 0.6680409421875 0.5614479765625 0.687558759375 0.5936333078125 0.5476452171874999 0.5105706953125 0.5284690671875001
8 0.573894596875 0.2338010984375 0.6241388515625 0.015507556250000002 0.5655641703125001 0.0019847796875 0.510244765625 0.0000529828125 0.462206959375 0.20812667812500002 0.573894596875 0.2338010984375
13 0.4301671234375 0.47568086562499995 0.4117129734375 0.5557527906249999 0.46385118125 0.5677906578125 0.48231994531250005 0.4877927265625 0.4301671234375 0.47568086562499995
13 0.5719242484375 0.2852996421875 0.5605301796875 0.33386595625000004 0.58956270625 0.3401564453125 0.6170352421875 0.220360996875 0.581343934375 0.21129580468750003 0.5653520796875 0.2829547859375 0.5719242484375 0.2852996421875
10 0.3864540453125 0.4056282515625 0.3810226015625 0.4524594125 0.388761525 0.45421025156250006 0.3992782953125 0.40851507031249995 0.3864540453125 0.4056282515625
10 0.4910269203125 0.368339453125 0.46585520625 0.477227303125 0.4837165953125 0.481242165625 0.5088013828125 0.372515440625 0.4910269203125 0.368339453125
2 0.6280808875 0.01911764375 0.5855648640625 0.20477038749999998 0.6220669828125 0.213271346875 0.58757169375 0.36368254218749996 0.633544940625 0.3746983828125 0.7115005937500001 0.0376042734375 0.6280808875 0.01911764375
9 0.4030427625 0.403465246875 0.3923746609375 0.4498227375 0.4437909828125 0.4607738125 0.46640275468750003 0.362692265625 0.40135358749999994 0.34693748593749996 0.3890330546875 0.4002305953125 0.4030427625 0.403465246875
6 0.408144934375 0.561803828125 0.38836182343750003 0.647562525 0.442561259375 0.66007574375 0.4622427125 0.5741837296875001 0.408144934375 0.561803828125
10 0.56343034375 0.2901702390625 0.548602175 0.35483119531249996 0.584510753125 0.3630472046875 0.5883544734374999 0.34632585 0.55666239375 0.3390091046875 0.5677190484375 0.2911955375 0.56343034375 0.2901702390625
11 0.4073292828125 0.32960578906250004 0.40448450156250004 0.34185303125 0.42151775 0.34567481093749997 0.44139162968749995 0.2604508578125 0.40199183906249997 0.2719797234375 0.39565247187499997 0.3269466546875 0.4073292828125 0.32960578906250004
2 0.5479005484374999 0.367132953125 0.5122201234375 0.5217537906249999 0.5951171656249999 0.5411492953125 0.6309407671875 0.38641307343750003 0.5479005484374999 0.367132953125