8 0.3226390328125 0.3800786546875 0.189268471875 0.3001920984375 0.20551365625 0.27315619375 0.09354345 0.2056552671875 0.06819881718750001 0.247834109375 0.313024884375 0.3954533015625 0.3226390328125 0.3800786546875
13 0.7738348859374999 0.6753423078125 0.7312988234375 0.6498044421875 0.7125007484375 0.6804242359375 0.7384243875000001 0.6960229109375 0.7462187578125 0.6834952828125 0.7626901 0.6933733296875 0.7738348859374999 0.6753423078125
2 0.2120286890625 0.2768426671875 0.19717441875 0.30291999375 0.28188445156249997 0.3538194859375 0.29746068281250004 0.3283549109375 0.2120286890625 0.2768426671875
10 0.35029072031249997 0.4530912546875 0.341131140625 0.4682675234375 0.387995903125 0.496406340625 0.397106534375 0.4813125828125 0.35029072031249997 0.4530912546875
5 0.42063110937500003 0.565691825 0.4539919109375 0.5110696421875 0.4009424390625 0.4793149328125 0.381195990625 0.511053534375 0.373603334375 0.5101832187500001 0.2770832078125 0.452129571875 0.2973675328125 0.41702005781249996 0.24088846406250003 0.383084275 0.22755817656250002 0.4050493515625 0.227054225 0.40499105 0.220364621875 0.4010315390625 0.21287855000000003 0.41349010625 0.21196802812499999 0.4134267109375 0.20019764218749997 0.433242634375 0.42063110937500003 0.565691825
10 0.3112656421875 0.41870421875 0.3092803375 0.42181985156249996 0.3472877828125 0.444644271875 0.34971043125 0.44061270781250006 0.3495971625 0.4403503515625 0.3510259515625 0.438029125 0.3079839265625 0.41215537968750005 0.3060416171875 0.415541953125 0.3112656421875 0.41870421875
2 0.29975574374999997 0.3295302296875 0.2843728171875 0.355198503125 0.369816153125 0.40643469843749996 0.38530409374999997 0.3809333125 0.29975574374999997 0.3295302296875
7 0.9087721656250001 0.753092009375 0.8081869953125 0.6925520921875 0.7763607375 0.7455143828125 0.8770699296875 0.8058622859375 0.9087721656250001 0.753092009375
8 0.93407190625 0.7110416671875 0.8074356874999999 0.634669996875 0.7817413734375 0.676388815625 0.92531895 0.7629514625 0.9343407234375001 0.7479391171875001 0.91784176875 0.7380531515625 0.93407190625 0.7110416671875
10 0.9141542140625001 0.7815330625 0.9041939015624999 0.7755598734375 0.8835864671874999 0.8098802125000001 0.893530840625 0.8158568781250001 0.9141542140625001 0.7815330625
1 0.19899935 0.2445031109375 0.10438289687499999 0.1876148484375 0.09564476093749999 0.2021591203125 0.3873467625 0.3773410453125 0.396029325 0.362986575 0.19899935 0.2445031109375
10 0.0335554015625 0.305863071875 0.0364661890625 0.30064624375000004 0.021365445312500002 0.325779365625 0.19358920468750002 0.42915238125000005 0.20550615 0.40954284375 0.0335554015625 0.305863071875
2 0.800048896875 0.63165075625 0.696666684375 0.569561703125 0.6713689406250001 0.611905709375 0.774751146875 0.6736821296875 0.800048896875 0.63165075625
10 0.29709558125 0.42115110468749994 0.2879759140625 0.43632847343750003 0.33500418593750003 0.46456245 0.3441551921875 0.44946417812500006 0.29709558125 0.42115110468749994
7 0.07916028593749999 0.2544725234375 0.0474121546875 0.3076273234375 0.14862305468749998 0.3679972546875 0.180309628125 0.3154178828125 0.07916028593749999 0.2544725234375
10 0.2914787046875 0.4422867078125 0.283658134375 0.4552343921875 0.34108570625 0.489666284375 0.3488796109375 0.4768316375 0.2914787046875 0.4422867078125
10 0.9826444359375 0.6675477734374999 0.7264676546875 0.5135773890625 0.7076692484375 0.544863728125 0.96385515 0.6988183375 0.9826444359375 0.6675477734374999
6 0.26406955 0.372921671875 0.2547809484375 0.388600003125 0.28621616875 0.407396275 0.2879314609375 0.40462503906249997 0.3025636109375 0.4133573421875 0.31213920625 0.3971912109375 0.26530168593750003 0.3691337671875 0.2634070421875 0.372506421875 0.26406955 0.372921671875
10 0.2594034 0.37120093125000003 0.2602390859375 0.371280796875 0.262787184375 0.3669921125 0.2362570078125 0.351011478125 0.2264071625 0.3676690609375 0.25529228437499996 0.3850490734375 0.255768125 0.38434762031249997 0.25311573125 0.3827790453125 0.252884428125 0.3821587203125 0.2594034 0.37120093125000003
10 0.22503914374999998 0.3673733359375 0.17546766875 0.33765496562499997 0.1549420921875 0.3720746359375 0.204308 0.40187658437499996 0.22503914374999998 0.3673733359375
10 0.198872365625 0.32854035000000004 0.18575279218750002 0.3206578484375 0.17649959375 0.336132546875 0.22423196406249998 0.364773009375 0.23355896875 0.3494056765625 0.2219056546875 0.3424022203125 0.2212301578125 0.3422407078125 0.19936189531249998 0.329081853125 0.198872365625 0.32854035000000004
0 1 0.47231395000000004 0.2891552953125 0.04519609375 0.1404180140625 0.127642515625 0 0.3613373890625 0 0.52768605 0.7108447046874999 0.9548039062499999 0.8595819859375 0.872357484375 1 0.6386626109375 1 0.47231395000000004
13 0.368914075 0.4081817 0.32579375625 0.3822924 0.308950240625 0.410685409375 0.3518398359375 0.43646142499999996 0.368914075 0.4081817
10 0.9243686171875 0.76453405625 0.914378121875 0.7585418671874999 0.9052892124999999 0.773932646875 0.9151673234375 0.779847784375 0.9243686171875 0.76453405625
10 0.38632283749999996 0.49929887500000003 0.35508703124999996 0.48050461406249995 0.3472998375 0.49346416875 0.3735276078125 0.5092247609375 0.37987671875 0.5099304421874999 0.38632283749999996 0.49929887500000003
3 0.72797771875 0.64668785 0.6710406812499999 0.612377078125 0.6537768484375001 0.641017365625 0.7106580546875 0.6751500640625 0.72797771875 0.64668785
1 0.9615167124999999 0.7027085390625001 0.705257834375 0.5487318546875 0.6967639484375 0.563049625 0.8020039375 0.6262115953125 0.8051492828125 0.6210666234375 0.8088650562499999 0.6232998734375 0.8055841171875 0.6286772171874999 0.952851690625 0.7171301046874999 0.9615167124999999 0.7027085390625001