8 0.29900336875 0.5810647046875 0.299100596875 0.5813254921875 0.22745300937500001 0.60033096875 0.23531354062499998 0.6295262453125 0.294856915625 0.6137786281250001 0.32053236093750004 0.710808759375 0.31804289375 0.7115131906250001 0.32482911406250004 0.7370390578125 0.33906986250000004 0.73326299375 0.33794769375 0.729169115625 0.3931774546875 0.7144438625 0.3942924625 0.7184767234375 0.40848363593750003 0.7145922437500001 0.4030263875 0.694532228125 0.4002970078125 0.695281984375 0.37933408750000003 0.617210890625 0.38219875625 0.6164612218750001 0.3767064484375 0.5961120359375001 0.361818296875 0.6001010453125 0.2913559640625 0.33715879375 0.2704541421875 0.3428243171875 0.3032826140625 0.4654305703125 0.2922718546875 0.46845605937499996 0.312109475 0.542588646875 0.3232069359375 0.5396913015625 0.331909653125 0.5722708640625 0.29900336875 0.5810647046875
10 0.7165235890625 0.46546421718750003 0.7027088015625 0.41411219218750006 0.68643005 0.41840121874999997 0.7001727765625 0.4698452859375 0.7165235890625 0.46546421718750003
7 0.8848832296875001 0.43775983281249997 0.8725105296875 0.3915845828125 0.8750015015624999 0.3908991 0.869579228125 0.370662890625 0.8291037749999999 0.381508190625 0.8260448484375 0.37004038125 0.8232582468749999 0.3707866890625 0.81090640625 0.3245853046875 0.8136535874999999 0.3238488234375 0.8128751781249999 0.320888259375 0.7764409140625 0.330632578125 0.81015948125 0.45636962187499996 0.8460673218749999 0.44669697187499996 0.850795653125 0.46463433906249996 0.871976775 0.4589587609375 0.872732875 0.4618427609375 0.875373184375 0.46111682343749993 0.87562123125 0.461988971875 0.8927896421874999 0.45732836875 0.88739691875 0.437107334375 0.8848832296875001 0.43775983281249997
11 0.6374756125000001 0.601323246875 0.6449791953124999 0.6292677249999999 0.6671002796875001 0.6233771109374999 0.6595217515625 0.5952935078125 0.6374756125000001 0.601323246875
6 0.7240411484375 0.40241651875000006 0.7040118859375 0.407783971875 0.7041101875 0.40814594375 0.7013209203125 0.4089138515625 0.7034397343750001 0.4166433625 0.705900384375 0.41596544062499996 0.7199367343749999 0.4681221421875 0.7443801359375 0.461573603125 0.743682975 0.458971209375 0.75160236875 0.456819546875 0.7376258609375 0.40471555937500003 0.7284632359375001 0.4072416078125 0.727026609375 0.401821921875 0.724093703125 0.402607928125 0.7240411484375 0.40241651875000006
9 0.7824279375 0.4477666953125 0.7547649390625 0.3445798265625 0.7384578015625001 0.348813128125 0.766142340625 0.45209285625 0.7824279375 0.4477666953125
10 0.852493475 0.30696031874999996 0.8506621437499999 0.3000673578125 0.8417558140624999 0.3024071203125 0.8435878609374999 0.3093675375 0.852493475 0.30696031874999996
10 0.7637923640625 0.45274318437499994 0.73608916875 0.349601765625 0.724098740625 0.35270886875 0.738637021875 0.4069691265625 0.7406466046875 0.40645197812499995 0.7537534531250001 0.4554683921875 0.7637923640625 0.45274318437499994
2 0.7203684671875 0.59018569375 0.753355559375 0.5812509296874999 0.7544542640625 0.5852959078125 0.7657530593749999 0.582230809375 0.743552915625 0.499229775 0.6904505703125 0.513477746875 0.706645175 0.5739161328125 0.70398970625 0.57464585 0.7100408015624999 0.5970811953124999 0.72143430625 0.5940665593750001 0.7203684671875 0.59018569375
13 0.753894621875 0.3413346046875 0.738819165625 0.284971525 0.712040596875 0.29212644062500004 0.7271630546875001 0.348471359375 0.753894621875 0.3413346046875
2 0.7453086921875001 0.20081423593749997 0.7560196218749999 0.2404342859375 0.8145121296875001 0.2246958578125 0.811210190625 0.2121823390625 0.8084304265625001 0.212904396875 0.7960331843749999 0.16658550625 0.7987818828125001 0.165848646875 0.7944866078125 0.1498613140625 0.7109682015625001 0.172201725 0.7233478296875 0.21821099375 0.7460488203125 0.2121725734375 0.7432513375 0.2013658390625 0.7453086921875001 0.20081423593749997
10 0.7354425984375 0.2796055609375 0.7068429171874999 0.1732495984375 0.6780751796875 0.180997090625 0.7066028828124999 0.2873162484375 0.7354425984375 0.2796055609375
2 0.757428390625 0.24616205156249998 0.7777482109375 0.321240453125 0.836173265625 0.305496296875 0.83182998125 0.2893228625 0.8290513515625 0.2900494703125 0.816652975 0.24372602968749998 0.8194016734374999 0.242989171875 0.8160512531249999 0.2304362109375 0.757428390625 0.24616205156249998
13 0.6319509921875001 0.4888726359375 0.619555071875 0.44226194375 0.5966201765625 0.44843436875 0.609149496875 0.495037565625 0.6319509921875001 0.4888726359375
1 0.6675248296875 0.593244975 0.662105915625 0.594658865625 0.6695991890624999 0.6227234671875 0.7075305796875 0.6126219749999999 0.7000119515625001 0.5845008921875 0.694695715625 0.5859455437500001 0.6939777953124999 0.5832146687499999 0.6668030953125 0.5905504781250001 0.6675248296875 0.593244975
3 0.6494285015625 0.47004776406250004 0.652814978125 0.4825128296875 0.6977530734374999 0.470493675 0.6854620375 0.42462013125000003 0.6404337859375 0.436581246875 0.6448841187500001 0.45306777187499997 0.6427759890625 0.453609490625 0.6384241453125 0.4371885890625 0.621487009375 0.44167880625 0.6338723140625 0.48829858593750003 0.6508606515625 0.48374246249999997 0.6473234031249999 0.47058872812499997 0.6494285015625 0.47004776406250004
8 0.7241265609374999 0.22126326718749997 0.7855820703124999 0.45070981562499995 0.7526742703125 0.4595040328125 0.7527714984375 0.4597648203125 0.6811239125 0.47877029687499995 0.688987475 0.50796481875 0.739511321875 0.49438067343750003 0.740562403125 0.49822818281250003 0.7509955328125 0.49534671250000006 0.7499644859375 0.49157955624999994 0.7827810093750001 0.48270342499999996 0.7838225828125001 0.4866032234375 0.7918155125 0.4844235640625 0.82368526875 0.6033396375 0.8378816812500001 0.599560134375 0.8367617640624999 0.595501121875 0.89216063125 0.5806338640625001 0.8932440859374999 0.5848243531249999 0.9074363968749999 0.58093798125 0.904205425 0.568864103125 0.9012759421875 0.5696315421875 0.8803347765625 0.49131830625 0.8832161109375001 0.49058380625 0.875340121875 0.46126194531250003 0.8494912796874999 0.4682059890625 0.8440516312499999 0.44788071093750004 0.8099911984375 0.4570057921875 0.7450283828125001 0.21559774375 0.7241265609374999 0.22126326718749997
2 0.7036131171875 0.5786834515625 0.6770213796875 0.4797931734375 0.6099313421875 0.4979602359375 0.6363481609375 0.5965946046874999 0.666188884375 0.588616625 0.66512194375 0.584679671875 0.6923868125 0.5773825734375 0.6934522109375 0.581358559375 0.7036131171875 0.5786834515625
10 0.3979198734375 0.4249456703125 0.3970128859375 0.4215598296875 0.38808339687500004 0.42396816875 0.3890188328125 0.4273131 0.3979198734375 0.4249456703125
13 0.3002222046875 0.46289565312500003 0.2851467484375 0.40653257343750004 0.2583696953125 0.4136871125 0.273489121875 0.4700327875 0.3002222046875 0.46289565312500003
3 0.1957576 0.5916084359375 0.1991425609375 0.604073878125 0.236592615625 0.5940569703125 0.2243762828125 0.5481084390625 0.186762884375 0.5581419171875 0.19121018437499998 0.5746291984375 0.189103571875 0.5751705390625 0.18475172812500001 0.5587496375 0.1678161078125 0.5632394765625001 0.1802014125 0.6098592578125 0.197188234375 0.6053035109375 0.19365098593750002 0.5921497765625 0.1957576 0.5916084359375
2 0.3037559734375 0.36772309999999997 0.3240746546875 0.44280339687500003 0.3825023640625 0.42705696875 0.3781575640625 0.4108839125 0.37538045000000003 0.411610140625 0.3629820734375 0.3652867015625 0.3657292546875 0.3645502203125 0.36237883437499996 0.351997259375 0.3037559734375 0.36772309999999997
0 0.43860771718749997 0 0.3748046203125 0.0159078984375 0 0.11633666093749999 0 0.5613922828125 0.0159078984375 0.6251953796875 0.11633666093749999 1 0.5613922828125 1 0.6251953796875 0.9840921015624999 1 0.8836633390624999 1 0.43860771718749997 0.9840921015624999 0.3748046203125 0.8836633390624999 0 0.43860771718749997 0
10 0.3082293296875 0.5748657953125 0.3013394046875 0.5491306765624999 0.2932202796875 0.5513144249999999 0.3001234734375 0.577038184375 0.3082293296875 0.5748657953125
10 0.262851171875 0.5870252671875 0.24903789999999998 0.5356728640624999 0.22530519375 0.54199750625 0.2390888796875 0.5933927125 0.262851171875 0.5870252671875
11 0.1838031953125 0.722884296875 0.19130829375 0.7508283953125 0.21342786249999998 0.744938159375 0.2058493328125 0.71685455625 0.1838031953125 0.722884296875
2 0.2666945328125 0.7117471203125 0.29968314218750003 0.7028119796875 0.300781846875 0.70685695625 0.3120806421875 0.703791859375 0.28988049843749997 0.620790825 0.23677966874999998 0.6350384171875 0.2529742734375 0.695476803125 0.2503188046875 0.6962065203125001 0.25636838281249996 0.71864224375 0.267762265625 0.715629125 0.2666945328125 0.7117471203125
2 0.24994069843750003 0.7002444999999999 0.223347446875 0.6013546 0.156259303125 0.6195228015625001 0.18267725937499998 0.718155275 0.2125164671875 0.7101776734375 0.2114495265625 0.7062407203125 0.23871439374999998 0.698943621875 0.23977979375 0.7029196078125 0.24994069843750003 0.7002444999999999
6 0.270370246875 0.5239771906249999 0.250340984375 0.52934464375 0.2504377703125 0.5297069921875 0.24764850312500003 0.5304749 0.24976731562499999 0.5382044125000001 0.2522294828125 0.5375261109375 0.266264315625 0.589683190625 0.290709234375 0.583134275 0.2900120734375 0.58053188125 0.29792995 0.5783805953125001 0.28395495937500004 0.5262762296875 0.274792334375 0.5288022781249999 0.273354190625 0.5233829703125 0.27042128593750003 0.5241689765624999 0.270370246875 0.5239771906249999
13 0.178278575 0.610433684375 0.1658841703125 0.5638226140625 0.14294775937499998 0.56999541875 0.15547556406250002 0.61659899375 0.178278575 0.610433684375
1 0.21385392812499998 0.7148056453125 0.20843501406249998 0.7162195359375 0.21592677187499998 0.744284515625 0.253859678125 0.734182646875 0.24633953281249998 0.7060619406249999 0.24102481406249998 0.7075062140624999 0.24030689375 0.7047753390625 0.21313219375 0.7121111484375 0.21385392812499998 0.7148056453125
7 0.422019134375 0.514917775 0.41571743593750005 0.4914579375 0.41321281875000004 0.49214682187500003 0.4007929 0.445730521875 0.4032816 0.4450423859375 0.3987848625 0.42822765 0.3899376328125 0.43059776562499996 0.3908650359375 0.434059034375 0.32428496875 0.45180425625 0.363700440625 0.5991567265625 0.398704271875 0.589778715625 0.39749145 0.5852114578125 0.3946836484375 0.585924403125 0.382302334375 0.5395854359375 0.3850389046875 0.5388516015625 0.38152090312500003 0.5258267265625001 0.422019134375 0.514917775
10 0.30976816406249996 0.5433189421875 0.289882134375 0.4690309484375 0.2704263234375 0.47426991875 0.285014875 0.5287382578125001 0.2870278796875 0.5282025421875 0.2923094421875 0.5480229421875 0.30976816406249996 0.5433189421875
2 0.2916366515625 0.3223768 0.30234872031250004 0.3619949578125 0.3608397109375 0.34625690625 0.3575377734375 0.3337433875 0.354759525 0.33446506875000004 0.34236228281250003 0.2881461765625 0.345109465625 0.287409696875 0.34081570625 0.271421984375 0.257295784375 0.293762775 0.269676928125 0.339771665625 0.2923764015625 0.333733621875 0.2895804359375 0.3229265109375 0.2916366515625 0.3223768
9 0.32875551875000003 0.5693277453125 0.32187163124999996 0.543636209375 0.30367608125 0.5485368046875 0.3105705859375 0.5742192515625 0.32875551875000003 0.5693277453125
10 0.281772075 0.4011677484375 0.253172015625 0.29481026875 0.22440427812500002 0.3025577609375 0.2529319796875 0.40887691875 0.281772075 0.4011677484375