12 0.37136562500000003 0.7678 0.3471875 0.9202046875000001 0.38479687500000004 0.9265484374999999 0.4090359375 0.7735640625 0.37136562500000003 0.7678
10 0.38698125 0.9501078125 0.3824953125 0.978440625 0.390934375 0.9798937499999999 0.395378125 0.9514390625000001 0.38698125 0.9501078125
6 0.5652671875 0.059357812499999996 0.5900171875 0.063384375 0.5960890625 0.025365625000000003 0.594171875 0.025182812500000002 0.5966609375 0.0091328125 0.5737593750000001 0.005740625 0.571215625 0.022134375 0.5698828125000001 0.0219234375 0.5641484375 0.0581265625 0.5654312499999999 0.058329687500000005 0.5652671875 0.059357812499999996
10 0.5328484375 0.8748296874999999 0.529771875 0.8942671875 0.5373609375 0.8953578125 0.5404171875 0.87595625 0.5328484375 0.8748296874999999
10 0.5435046875 0.1576171875 0.57296875 0.1620515625 0.583215625 0.0976703125 0.5540125 0.0929265625 0.5435046875 0.1576171875
13 0.40650000000000003 0.9792984375 0.4175265625 0.9102 0.39523125000000003 0.9067109375 0.38898125 0.9463062499999999 0.39785 0.9476671874999999 0.393178125 0.9772437500000001 0.40650000000000003 0.9792984375
10 0.48737343749999995 0.312475 0.498715625 0.3142046875 0.5030359375 0.2867515625 0.49177031250000003 0.2848984375 0.48737343749999995 0.312475
11 0.41657343750000003 0.7532484375 0.41016250000000004 0.7939125 0.43911249999999996 0.7984718749999999 0.4454671875 0.7579625 0.41657343750000003 0.7532484375
0 0.29443593749999997 0 0.1439953125 0.9498468750000001 0.4606484375 1 0.7055640624999999 1 0.8560046874999999 0.050153125 0.5393515625 0 0.29443593749999997 0
10 0.5250859375 0.321984375 0.5320578125 0.32325624999999997 0.536571875 0.29474999999999996 0.5295109375 0.2935734375 0.5250859375 0.321984375
10 0.5930078125 0.16193437500000002 0.602740625 0.16339375 0.6046640625 0.1517109375 0.5948859375 0.1500796875 0.5930078125 0.16193437500000002
2 0.6458109375000001 0.06616562499999999 0.6104046875 0.060557812499999995 0.5963796875 0.14901875 0.60538125 0.150534375 0.6038515624999999 0.160809375 0.6301984375 0.1650625 0.6458109375000001 0.06616562499999999
10 0.5154296875 0.2914609375 0.501846875 0.376740625 0.5023359375 0.37698906249999997 0.4943984375 0.42663593750000006 0.532053125 0.4326 0.5403359375 0.3803015625 0.5146421875 0.37623281249999996 0.5277125 0.293234375 0.5154296875 0.2914609375
2 0.410253125 0.8033234374999999 0.39463125 0.9018843750000001 0.445753125 0.9105718749999999 0.46124375000000006 0.8120593749999999 0.410253125 0.8033234374999999
13 0.5333953124999999 0.3267796875 0.536840625 0.327403125 0.536725 0.3285828125 0.524553125 0.326096875 0.5170953125 0.372515625 0.539284375 0.3759515625 0.5517359374999999 0.2968828125 0.5383718749999999 0.2946875 0.5333953124999999 0.3267796875
1 0.49851875 1 0.5042093750000001 0.9642156249999999 0.4871671875 0.9630656249999999 0.4813171875 1 0.49851875 1
1 0.5211609375 0.8861218750000001 0.508759375 0.9645515625 0.525953125 0.96718125 0.5365484375 0.8995749999999999 0.5271234375 0.8980593750000001 0.5315328125 0.870603125 0.54101875 0.8719453125 0.5496515625 0.8172984375000001 0.5244718749999999 0.8132625000000001 0.5131328125 0.8848499999999999 0.5211609375 0.8861218750000001
10 0.5602953125 0.09075156250000001 0.5836921875 0.0943421875 0.5880703125 0.0663765625 0.564721875 0.0628375 0.5602953125 0.09075156250000001
2 0.532059375 0.4321625 0.5822625 0.4403171875 0.6010078125 0.322534375 0.550890625 0.3150015625 0.532059375 0.4321625
1 0.525440625 0.1484515625 0.54048125 0.151 0.550128125 0.0891859375 0.52345 0.08505625 0.49256093749999996 0.2806828125 0.5041921874999999 0.28250000000000003 0.525440625 0.1484515625
5 0.4892625 0 0.489065625 0.0012515625 0.49387499999999995 0.0020218750000000002 0.4924234375 0.01164375 0.48977812500000006 0.0114 0.47806249999999995 0.08509531249999999 0.5124296875 0.0903953125 0.524234375 0.0164296875 0.51380625 0.014781250000000001 0.5164234375000001 0.00570625 0.5425203125 0.010187499999999999 0.543975 0.0159375 0.537778125 0.055709375000000005 0.5592953125 0.05922500000000001 0.5680359375 0.00454375 0.5393515625 0 0.4892625 0
1 0.49983281249999995 0.318525 0.4868625 0.316471875 0.469365625 0.42726406250000004 0.4894125 0.43043906249999997 0.5116578125 0.288334375 0.5048046875 0.2871328125 0.49983281249999995 0.318525
1 0.606275 0.32394531249999997 0.6046171874999999 0.3348125 0.603446875 0.334628125 0.595946875 0.3827671875 0.6145078125000001 0.38584843750000003 0.6723390625000001 0.0210640625 0.65751875 0.018715625 0.6328171874999999 0.174678125 0.630909375 0.1743765625 0.6078359375 0.32003906249999997 0.617478125 0.3217234375 0.616878125 0.325484375 0.606275 0.32394531249999997
11 0.5857 0.44558749999999997 0.6044734375 0.44880312499999997 0.61396875 0.38947656249999996 0.595015625 0.3867 0.5857 0.44558749999999997
10 0.35713125 0.9810921875 0.36474531250000003 0.9328171875000001 0.34564531249999997 0.9298828125 0.3376515625 0.9805187500000001 0.35562187500000003 0.983365625 0.35713125 0.9810921875
2 0.6462875 0.06288125 0.6533703125 0.018059375 0.6180625 0.0124671875 0.6109890625000001 0.057284375 0.6462875 0.06288125
8 0.603175 0.16465000000000002 0.5923953125 0.16294375 0.5947234375 0.1477546875 0.595240625 0.1478375 0.6164734375 0.012357812499999999 0.5985796875 0.009690625 0.5739124999999999 0.16543125 0.5747984374999999 0.16557187499999998 0.5539203125000001 0.2973859375 0.5534796875 0.29731562500000003 0.5519890625 0.3067203125 0.6019453125 0.3148015625 0.6020749999999999 0.313978125 0.6045843750000001 0.31437499999999996 0.6276890625 0.1680265625 0.603253125 0.16415625 0.603175 0.16465000000000002
10 0.5297046875 0.009803125 0.5195703125 0.074578125 0.5559546875 0.0801984375 0.559003125 0.060948437499999994 0.5368578125 0.057021875 0.543215625 0.016875 0.5418859375 0.0117328125 0.5297046875 0.009803125
2 0.4771546875 1 0.4830953125 0.962328125 0.4588203125 0.9584843749999999 0.45241406250000005 0.9986953125 0.4606484375 1 0.4771546875 1
7 0.5081078125 0.283303125 0.555134375 0.29005625 0.574778125 0.1656234375 0.52806875 0.15949375 0.5081078125 0.283303125
1 0.469065625 0.7725109375 0.465384375 0.7960109375 0.5220671875 0.8050312500000001 0.5274578125 0.770790625 0.447328125 0.75805 0.44100625000000004 0.7982234375 0.462465625 0.8019624999999999 0.467221875 0.7721265625 0.469065625 0.7725109375
7 0.4657140625 0.8054359375000001 0.43520312499999997 0.9959703125000001 0.45054062500000003 0.9983984375 0.4580171875 0.9508906250000001 0.5053062500000001 0.957925 0.515734375 0.89459375 0.505928125 0.8929031249999999 0.5184328125000001 0.8139468750000001 0.4657140625 0.8054359375000001
3 0.420078125 0.906303125 0.4085734375 0.9790671874999999 0.43421093749999995 0.983196875 0.445753125 0.9105718749999999 0.420078125 0.906303125