0 0.44744691249999996 0 0.12094055156250001 0.069400875 0.313390265625 0.974808975 0.4562556671875 1 0.5525530875 1 0.8790594484375 0.930599125 0.686609734375 0.025191025 0.5437443328125 0 0.44744691249999996 0
10 0.6497494296874999 0.8760241796875 0.6389780390625 0.8262824343749999 0.6210734296875 0.8300873875000001 0.6315281875000001 0.8797082515625 0.6497494296874999 0.8760241796875
1 0.6828592421875 0.8694884078125 0.674678409375 0.8306544078125 0.6951469671875 0.8260576515625001 0.6633736328125 0.6769864812499999 0.649156240625 0.6800088859375 0.6440768796875 0.6563835671875 0.626388075 0.6596934734375 0.6604985890624999 0.8200925874999999 0.64173231875 0.8247261281249999 0.6525600328125 0.8759390687499999 0.6828592421875 0.8694884078125
10 0.7036709250000001 0.8654741453125 0.6967555296875 0.8335904781249999 0.67952669375 0.8374051124999999 0.6862699953125 0.869095015625 0.7036709250000001 0.8654741453125
10 0.662080115625 0.670537325 0.6585601984375 0.6533556953125 0.646509471875 0.6560937671875 0.650091653125 0.67321021875 0.662080115625 0.670537325
2 0.570238190625 0.8323934109375 0.5380596671875 0.6803473109375 0.4826647140625 0.6928920984375 0.514849440625 0.8446330796874999 0.570238190625 0.8323934109375
1 0.628867925 0.8817301437499999 0.6176889171875 0.8291352062499999 0.4516107640625 0.8647607078125 0.45798444531250004 0.894749646875 0.4653643109375 0.89318075 0.481093159375 0.9120899328125001 0.628867925 0.8817301437499999
2 0.511952328125 0.84553273125 0.47967217656249994 0.6929562359375 0.41794608125000005 0.706701115625 0.45051858749999996 0.8585913890624999 0.511952328125 0.84553273125
7 0.55334713125 0.6696995625 0.554759790625 0.676345840625 0.540816096875 0.6792737109375 0.5731899968749999 0.83231733125 0.6561987015625 0.8144698734375 0.6220312453125 0.654006775 0.55334713125 0.6696995625
2 0.5968266453125 0.45041515312499997 0.5717673921875 0.3311930328125 0.476039709375 0.353129928125 0.5008733421875 0.470608253125 0.5968266453125 0.45041515312499997
3 0.4862244765625 0.343679928125 0.4837371734375 0.3319796328125 0.4870717625 0.3312713546875 0.476038909375 0.279143265625 0.41400700312499994 0.29246295624999996 0.410271428125 0.27488472812500003 0.39641768593750004 0.2776713859375 0.4107011546875 0.3455120234375 0.44296849531250004 0.33849927343749997 0.45775274218749995 0.40805289531250005 0.483053996875 0.4022869390625 0.46889494843749996 0.3355042921875 0.47163011250000003 0.335109184375 0.4742741796875 0.3467752421875 0.4862244765625 0.343679928125
3 0.471921159375 0.2737113265625 0.46115439687500004 0.2214508703125 0.4048346140625 0.23358983437499997 0.415642290625 0.2852133453125 0.471921159375 0.2737113265625
2 0.5705263765625 0.3254179203125 0.5324754921875 0.14769322812500002 0.45245845625000003 0.165733425 0.48934763437499995 0.34302797812499997 0.5705263765625 0.3254179203125
1 0.5311711406249999 0.1414404875 0.5196779375 0.08737013906249999 0.43949049218749997 0.104298221875 0.450868109375 0.1583672296875 0.5311711406249999 0.1414404875
6 0.45612404843750004 0.6907682828125 0.4217003640625 0.531056478125 0.3825095515625 0.539812209375 0.4164373453125 0.699097040625 0.45612404843750004 0.6907682828125
6 0.4593205421875 0.6220258703125 0.43912481249999996 0.5273382140625 0.42493785468749995 0.530511953125 0.4449661609375 0.62538428125 0.4593205421875 0.6220258703125
13 0.449315040625 0.5050979734375 0.4576635640625 0.5443756453125 0.4465076609375 0.5471858234375 0.46238781875 0.6217718265625 0.498699959375 0.614387046875 0.47408900625 0.499623 0.449315040625 0.5050979734375
13 0.47242959375 0.49288244218750005 0.44177707499999996 0.3450401953125 0.40060089843749996 0.3554005484375 0.43187910625 0.5017458921875 0.47242959375 0.49288244218750005
10 0.45310274687499996 0.5382531546875 0.44617101249999996 0.505373390625 0.433215825 0.508381953125 0.43581882656250004 0.5208927765625 0.44059804375 0.51981093125 0.44505518593750004 0.539964521875 0.45310274687499996 0.5382531546875