10 0.6519970734375 0.22733450781250003 0.66426438125 0.21624415625 0.645704021875 0.195321871875 0.63320284375 0.20637864687500002 0.6519970734375 0.22733450781250003
13 0.55251035 0.10318996093749999 0.5480287578125 0.09804700937500001 0.56183979375 0.0855614390625 0.5515460921875001 0.0738784 0.5146577140625 0.1069849640625 0.52982748125 0.123809871875 0.55251035 0.10318996093749999
3 0.49447197656249997 0.088203034375 0.511850253125 0.10730665625 0.5760143171875 0.049134471875 0.5589745734375 0.0300509734375 0.49447197656249997 0.088203034375
10 0.61091199375 0.1624292546875 0.6142943921875 0.166247628125 0.6516846265625 0.1325023125 0.648127925 0.1285506609375 0.61091199375 0.1624292546875
10 0.691618234375 0.1909226515625 0.7014813875 0.1818920625 0.658441371875 0.1339389578125 0.64843629375 0.1430442625 0.691618234375 0.1909226515625
5 0.6214481359375 0.16726508906249998 0.66498939375 0.21575978906249998 0.6911673140625 0.191759521875 0.6478967156250001 0.1434897046875 0.6214481359375 0.16726508906249998
12 0.65680760625 0.1251335203125 0.70336759375 0.17709806875 0.7433999734375 0.1404883640625 0.6970678421875001 0.08903075625 0.65680760625 0.1251335203125
8 0.589523346875 0.240084596875 0.6082823859375 0.22328758125 0.526370228125 0.1321025296875 0.45351018906249996 0.1973456984375 0.495332053125 0.243570103125 0.54906850625 0.1950428109375 0.589523346875 0.240084596875
2 0.5256174062500001 0.277158628125 0.5524611890625 0.3070502390625 0.6041482734375 0.26026122812499997 0.5772967078125 0.2305097828125 0.5256174062500001 0.277158628125
1 0.6038153859375 0.1369598265625 0.618089615625 0.15354525000000002 0.6468023265625 0.1276790921875 0.6319718109375 0.11160785468750001 0.6038153859375 0.1369598265625
10 0.557894596875 0.069488071875 0.571834471875 0.08501399375 0.5944523968750001 0.0646182 0.581608315625 0.0501795046875 0.5728162390625 0.0581084234375 0.5717024375 0.0569747359375 0.557894596875 0.069488071875
10 0.550681203125 0.09782685937499999 0.555495315625 0.10301102656250001 0.567709371875 0.0918796765625 0.56292351875 0.0868371546875 0.550681203125 0.09782685937499999
10 0.6246822937500001 0.20887432968750003 0.6235083515625 0.2075175578125 0.63666669375 0.1956374546875 0.63372574375 0.19232395 0.6062883546875 0.21708462343749999 0.610476540625 0.2217316953125 0.6246822937500001 0.20887432968750003
11 0.41333963906250004 0.1579095171875 0.424997784375 0.1709238890625 0.44348007031250003 0.15419740937499998 0.43191415624999996 0.14122658593749998 0.41333963906250004 0.1579095171875
1 0.46493159375 0.1811237453125 0.459346915625 0.17472629687500002 0.46166167343750003 0.172519265625 0.4458920375 0.15507196875 0.42649272656250004 0.1724540296875 0.4479914328125 0.196459409375 0.46493159375 0.1811237453125
2 0.43815523437500004 0.138977059375 0.472011259375 0.176675296875 0.5281850765625 0.1257411703125 0.4945502046875 0.0881982515625 0.43815523437500004 0.138977059375
3 0.8811847390624999 0.44169408125 0.8258354609375 0.4914318171875 0.843031521875 0.510528978125 0.900608184375 0.45926740468749994 0.887401721875 0.4446502578125 0.8853811359374999 0.44656529218749996 0.8812816234374999 0.44180250625 0.8811847390624999 0.44169408125
4 0.9224163828125 0.360394746875 0.945987165625 0.386697359375 0.9750028734375 0.3604875453125 0.9514532734375001 0.3343323171875 0.9224163828125 0.360394746875
10 0.70950703125 0.46659911718749997 0.727703140625 0.45021576718749995 0.7186346296874999 0.4403837078125 0.7154080546875 0.44323657812499995 0.7093276453125 0.436168178125 0.6941688140625 0.44971622499999997 0.70950703125 0.46659911718749997
2 0.8414505171875 0.3467768421875 0.8742982234375001 0.38371400312500004 0.9167305265625 0.34536225 0.88345154375 0.3087420078125 0.8414505171875 0.3467768421875
13 0.82525118125 0.48955139062499997 0.8617423546874999 0.4566544265625 0.8515490140624999 0.44506112499999995 0.8374609281250001 0.45771855156249996 0.8325168968750001 0.4521877984375 0.8099122078125 0.472515246875 0.82525118125 0.48955139062499997
10 0.9316937609375 0.4546123125 0.9343712484375001 0.4577451234375 0.9352509359375001 0.4569545671875 0.9073359203125 0.42598134375 0.9065408968750001 0.42667634374999996 0.9106071078125 0.4311925546875 0.8949822203125001 0.4452992671875 0.9161049421874999 0.4686290609375 0.9316937609375 0.4546123125
13 0.8479709906249999 0.43827166406250007 0.8637194828125001 0.45499128125 0.897210928125 0.42480361718750004 0.8816596484374999 0.40793961718749994 0.8479709906249999 0.43827166406250007
6 0.93092074375 0.40239908125 0.9280833171875 0.3993128125 0.9265927484375001 0.400607659375 0.907820684375 0.38008886249999996 0.8828329234375 0.40250037499999997 0.9026213171874999 0.42513333906249995 0.9078600421875 0.4204571421875 0.9093334734375 0.422050953125 0.93092074375 0.40239908125
1 0.7196020562500001 0.437214059375 0.732370590625 0.45116134218750004 0.7639922234375 0.4226891828125 0.7423303812500001 0.39870257656249997 0.7176281890625 0.42102847031249996 0.7264781609375001 0.4308990453125 0.7196020562500001 0.437214059375
8 0.7329017437500001 0.54131759375 0.9195253359375 0.3693840078125 0.9077173625 0.35608231562500003 0.79697506875 0.4558561296875 0.767151021875 0.42242552968749997 0.733727375 0.4526644765625 0.7318198828125 0.45042215937499996 0.6872231390625 0.49050855625 0.6952830999999999 0.499461396875 0.6980387390625 0.4969658828125 0.7279006640625 0.5300594234375 0.7251101640625001 0.5326187359375 0.7329017437500001 0.54131759375
10 0.8845125656249999 0.43862698437500003 0.89000695625 0.44472885156249997 0.9041134921875 0.43197504843749995 0.8986003531250001 0.42561860312500005 0.8845125656249999 0.43862698437500003
1 0.7538478421875 0.5646895187500001 0.773107959375 0.54717365625 0.7573430421875 0.529571775 0.7548660015624999 0.5316216375 0.7510107234375 0.5270558265624999 0.73389284375 0.5425280031249999 0.7538478421875 0.5646895187500001
10 0.706682521875 0.426948078125 0.7162812734374999 0.4376714953125 0.7233787515625 0.43121424375000006 0.7139243171875 0.4204552265625 0.706682521875 0.426948078125
2 0.79726676875 0.386528025 0.830517234375 0.42343219843749996 0.8725573093750001 0.3851621609375 0.8394797703125001 0.3485321 0.79726676875 0.386528025
10 0.8341396624999999 0.45075816093750004 0.8380830203125 0.45495862656249997 0.8503460578125001 0.44386173281249997 0.8464746562500001 0.43965087656249996 0.8341396624999999 0.45075816093750004
5 0.9078177453125 0.4253702203125 0.9255815406250001 0.4449633421875 0.99484265625 0.3826869375 0.977147228125 0.363033896875 0.9078177453125 0.4253702203125
2 0.773835034375 0.5464871796875 0.787043084375 0.5611547890625 0.8416404343749999 0.5117286734375 0.8078031515624999 0.474303303125 0.752950825 0.5232924203125 0.757939575 0.5288327984375 0.7612245296875 0.5258332359375 0.7771116984375 0.543537809375 0.773835034375 0.5464871796875
10 0.9295891953125001 0.4008768640625 0.94190895 0.3898388578125 0.9228850171874999 0.368751171875 0.9105035953125 0.3797667328125 0.9295891953125001 0.4008768640625
11 0.7668558671875 0.579079803125 0.785523446875 0.5623376265625 0.7738600109375 0.549155053125 0.7550841203124999 0.566062328125 0.7668558671875 0.579079803125
7 0.8280159250000001 0.427654790625 0.793768503125 0.3894832046875 0.801689653125 0.38251264687500003 0.7997966703125 0.3804086328125 0.795144125 0.384598153125 0.776477678125 0.36399475312499996 0.7621820593749999 0.3769391296875 0.7642726921875 0.3792264875 0.744793359375 0.39680556093749997 0.7970367796875 0.455732265625 0.8280159250000001 0.427654790625
6 0.6320380218749999 0.191300625 0.6277010859375001 0.1863267171875 0.6318360890625 0.182554078125 0.620735853125 0.1703047890625 0.6166648078125 0.1740341953125 0.616246965625 0.1736060921875 0.58694879375 0.19978792343750001 0.6032686265625 0.2174504390625 0.6320380218749999 0.191300625
0 0.30806858125000003 0 0.072791309375 0.21184402812499997 0 0.4118365078125 0 0.6919314187500001 0.21184402812499997 0.9272086906249999 0.4118365078125 1 0.6919314187500001 1 0.9272086906249999 0.788155971875 1 0.5881634921875001 1 0.30806858125000003 0.788155971875 0.072791309375 0.5881634921875001 0 0.30806858125000003 0
11 0.0419392953125 0.484258096875 0.0537616484375 0.49723246718749997 0.0717028078125 0.48077295 0.06003005 0.467967759375 0.0419392953125 0.484258096875
1 0.095210784375 0.5100074578125 0.089462009375 0.5037182234375 0.091974790625 0.5013371765625 0.0741720421875 0.4816500625 0.05515150625 0.49884574375 0.0786080234375 0.5251333703125 0.095210784375 0.5100074578125
10 0.2850583265625 0.5564642671875 0.3037839453125 0.5393707546875001 0.28190227343749996 0.51527088125 0.27758317187500003 0.51908791875 0.2810667171875 0.52303955 0.2669538765625 0.5358974765625 0.2850583265625 0.5564642671875
10 0.1962479046875 0.5019301953124999 0.21448984843750002 0.5220598359374999 0.25002407187500003 0.48985048124999997 0.2319296078125 0.4698227390625 0.1962479046875 0.5019301953124999
10 0.5645240015625 0.1718488875 0.57842808125 0.1869843296875 0.614760390625 0.15411268281249998 0.6012034265625 0.13886414062500002 0.5645240015625 0.1718488875
10 0.24903111875 0.49538362343750003 0.25392197968749997 0.5010513249999999 0.2886227671875 0.46987549843750004 0.28256565624999996 0.4630217640625 0.25195771875 0.49077375781250004 0.25297395 0.49186029375 0.24903111875 0.49538362343750003
2 0.12589036874999998 0.5824456109375 0.1528847296875 0.612343809375 0.2094415234375 0.5614675984375 0.1825659578125 0.5316176265625 0.12589036874999998 0.5824456109375
13 0.4511017703125 0.703746021875 0.446213240625 0.6983186078125 0.4603510953125 0.6857391546875 0.4499010515625 0.674133896875 0.41334146250000003 0.707255375 0.42858931250000004 0.724117015625 0.4511017703125 0.703746021875
1 0.5032736250000001 0.7400728078125 0.5216963828125001 0.7608934640625 0.547877034375 0.7366846812500001 0.5350053046875 0.722299109375 0.5234734703125 0.732739296875 0.5180620859375 0.7267291640625 0.5032736250000001 0.7400728078125
5 0.519923003125 0.8425704703125 0.5431739546875 0.8683492921875 0.5692907703125 0.8446859453125001 0.546254984375 0.8189920890625 0.519923003125 0.8425704703125
7 0.157494346875 0.459912003125 0.19507150625 0.5012060468749999 0.259259709375 0.44310915937499995 0.2219574234375 0.40177715 0.157494346875 0.459912003125
10 0.24234679531249997 0.5525712890625 0.245770515625 0.5561436468750001 0.2616371234375 0.54171088125 0.2582706875 0.5380862109375 0.24234679531249997 0.5525712890625
8 0.1861544171875 0.49395485937499994 0.18741319375 0.4928217390625 0.1574183203125 0.460143725 0.078949640625 0.5305403546874999 0.12397339062499999 0.580224784375 0.1824450875 0.5272853296875 0.22447633281249998 0.574656771875 0.24353741874999998 0.5575689640625 0.1861544171875 0.49395485937499994
6 0.266363475 0.519008253125 0.270486596875 0.515236278125 0.2592258453125 0.5027290328125 0.255219209375 0.506688065625 0.254607075 0.506008003125 0.222600021875 0.53456601875 0.23927997968749998 0.5528152109375 0.270962296875 0.5240758171875 0.266363475 0.519008253125
13 0.1829932296875 0.4325967609375 0.177964971875 0.42703701406250005 0.19216586093750002 0.41437575000000004 0.1816899265625 0.4027411140625 0.1448569109375 0.435974246875 0.16029495 0.4529666328125 0.1829932296875 0.4325967609375
12 0.3214372296875 0.50138988125 0.3325394296875 0.5133139812499999 0.3741665125 0.47583143124999994 0.327600709375 0.4241158453125 0.2874937515625 0.4601264109375 0.323153771875 0.499748284375 0.3214372296875 0.50138988125
5 0.2823315484375 0.5140503437499999 0.31159867812500003 0.546968965625 0.33794034375000004 0.523144690625 0.291778721875 0.47201352500000004 0.2604931546875 0.5002704578125 0.2771914890625 0.5186793140625 0.2823315484375 0.5140503437499999
10 0.216561209375 0.5245097828125 0.2234637796875 0.5321152015624999 0.255969390625 0.5032381499999999 0.2488218953125 0.49551531875 0.216561209375 0.5245097828125
2 0.4221367546875 0.8849152437500001 0.45370015625000004 0.9194694359375 0.5101963296875 0.8686409968750001 0.47852602031249997 0.8340196265625 0.4221367546875 0.8849152437500001
6 0.543152628125 0.8193427953124999 0.53991568125 0.8157186968750001 0.549257759375 0.8073065625 0.532770009375 0.7891323156250001 0.50134485 0.8172519765624999 0.5177846109375001 0.8356448703125 0.5226570796875001 0.8312577125 0.5258582796875 0.8347790093749999 0.543152628125 0.8193427953124999
7 0.42574864375 0.7311176406250001 0.463884421875 0.7730423375 0.5281300328125 0.714924775 0.49043820312499997 0.6731782890625 0.42574864375 0.7311176406250001
2 0.3942487515625 0.8537855734375001 0.42111001875 0.8836885375 0.47763825000000004 0.8327902921874999 0.4508298578125 0.8028517015625001 0.3942487515625 0.8537855734375001
13 0.48541869687499994 0.796397215625 0.5021764359375 0.814350475 0.53733725 0.7826919390625 0.5208894125 0.76452224375 0.48541869687499994 0.796397215625
11 0.310325478125 0.75548513125 0.32211269531250003 0.76855146875 0.3399631828125 0.752190309375 0.3284188828125 0.73926060625 0.310325478125 0.75548513125
2 0.44915167968749997 0.6979248671875 0.4538853921875 0.7032294218749999 0.46610103125 0.692166821875 0.46144191250000005 0.6869542671875 0.44915167968749997 0.6979248671875
10 0.5388565671875 0.7812313015625 0.5442624859375 0.7763515765625 0.527440834375 0.7578429640625 0.5227108484375 0.7620807859375 0.5230520546874999 0.76254584375 0.522608059375 0.76298450625 0.5388565671875 0.7812313015625
10 0.5341847515625 0.7878447890625 0.5525062625 0.80795683125 0.582017246875 0.78124055625 0.5640412171875 0.7611295499999999 0.5341847515625 0.7878447890625
3 0.45081069218750003 0.670908296875 0.4683611671875 0.6904936140625 0.489280115625 0.671476440625 0.4509749078125 0.6287335125 0.39038675 0.6827732625 0.41140394531249996 0.706329028125 0.45081069218750003 0.670908296875
8 0.4550053890625 0.76575511875 0.456152684375 0.7646678859375 0.42566717187499997 0.731259253125 0.3471106 0.8018334015624999 0.392160509375 0.8515373296875 0.45069774531249995 0.7986233921875 0.5008609859375001 0.85466295625 0.5194846906249999 0.8377717875 0.4550053890625 0.76575511875
10 0.46491476406250004 0.7738114296874999 0.48316042187499997 0.7940222359375 0.5188046359375 0.7618396125 0.5006183796875 0.7416437765625 0.46491476406250004 0.7738114296874999
2 0.3329444765625 0.7346158375 0.3704818640625 0.7767866546875 0.426606825 0.725849709375 0.3892719671875 0.684063546875 0.3329444765625 0.7346158375
1 0.36343035625 0.7812719546875 0.35776090625 0.774883559375 0.36008766406250003 0.772725790625 0.34225315 0.7530254515625 0.323402721875 0.7700918296875 0.3469466375 0.7960570953125 0.36343035625 0.7812719546875
10 0.519991590625 0.72494559375 0.5241986109375001 0.729554625 0.534093628125 0.7206603421875 0.5298896953125001 0.7159925734375 0.519991590625 0.72494559375
10 0.5620618328125 0.7595827125 0.5607997953125 0.758193875 0.5635290000000001 0.7557070312499999 0.5501361734375 0.740656240625 0.5331166140625 0.7558948328125 0.547968284375 0.7722048953125 0.5620618328125 0.7595827125
10 0.18785414218750002 0.39813073593750004 0.2020112671875 0.413918634375 0.2219548421875 0.396046278125 0.20901079375 0.38153960625 0.2028854125 0.38709860156250003 0.2016718015625 0.3858188421875 0.18785414218750002 0.39813073593750004
1 0.23415199531250003 0.4684999421875 0.25206521406250004 0.4883952046875 0.2786115140625 0.46415489218749995 0.26071734062499996 0.444412884375 0.23415199531250003 0.4684999421875
13 0.22589785 0.5761967703125 0.2423652546875 0.59410255625 0.2774833203125 0.5625431921875 0.2612388125 0.5443128171875 0.22589785 0.5761967703125
2 0.1540832421875 0.6136696171875 0.1838866640625 0.6468782109375 0.2403473875 0.5958456515624999 0.21044851874999998 0.5626388984374999 0.1540832421875 0.6136696171875
10 0.18083479062500002 0.42665820625000006 0.1857509703125 0.43203249687499995 0.1979944078125 0.42085697031249997 0.1930559453125 0.41544796406250006 0.18083479062500002 0.42665820625000006
10 0.3334600203125 0.5168698484375 0.3383332078125 0.5222617484375001 0.3812109375 0.48359988749999994 0.376353878125 0.47828702031250003 0.3334600203125 0.5168698484375
3 0.12215790468750001 0.41172155000000005 0.14324391875 0.4350379828125 0.20361565312500002 0.380651753125 0.182619425 0.35752263906250004 0.12215790468750001 0.41172155000000005
2 0.0643801203125 0.463704728125 0.102188884375 0.505477146875 0.1585402125 0.4546674890625 0.12068283906249999 0.412955528125 0.0643801203125 0.463704728125
7 0.52650924375 0.131935303125 0.56242779375 0.1717194484375 0.6303994015625001 0.1097651828125 0.594815175 0.07024572031250001 0.52650924375 0.131935303125
10 0.5807821718749999 0.1894706703125 0.5878133562500001 0.19732575937500002 0.615293340625 0.1725257171875 0.608188559375 0.16481344375 0.5807821718749999 0.1894706703125
2 0.49747628906249997 0.246066528125 0.5244011234375 0.2758862109375 0.5763290203125 0.22912997656249998 0.549300359375 0.1996549421875 0.49747628906249997 0.246066528125
13 0.5911828265625 0.2418159609375 0.606208865625 0.2584921140625 0.639645271875 0.22843739218749998 0.624459884375 0.21117115156250002 0.5911828265625 0.2418159609375