0 0.4558953078125 0 0.0632512265625 0.7077910171874999 0.011608396875 0.8009571484375 0.3706912078125 1 0.54441380625 1 0.988391603125 0.19904285156249998 0.6293087921875 0 0.4558953078125 0
10 0.731935509375 0.3425914484375 0.7183835890625 0.334259496875 0.6924070265625 0.3809548640625 0.7064648250000001 0.38854178125 0.731935509375 0.3425914484375
10 0.7159608937499999 0.3336829796875 0.7016085328125 0.325309296875 0.675887253125 0.371544121875 0.6904917234375 0.3796305796875 0.7159608937499999 0.3336829796875
10 0.4854273421875 0.7877293796875 0.4663947125 0.7762933203125 0.45217100156249995 0.801473359375 0.4715568640625 0.8125138890624999 0.4854273421875 0.7877293796875
10 0.30845121249999996 0.6757542359375 0.28970165937500003 0.6659507296875 0.26996202187499996 0.7010753203125 0.2887982421875 0.71120913125 0.30845121249999996 0.6757542359375
2 0.65195855625 0.40769634843749997 0.6017424984375 0.3795627890625 0.5348436953125 0.49953593593749995 0.5852396625 0.52806041875 0.65195855625 0.40769634843749997
4 0.6819490734375 0.2701926625 0.6191518453125 0.3838106 0.6544793 0.40318748125 0.7174695671875 0.28988199375 0.6819490734375 0.2701926625
10 0.6703997921875 0.2860326 0.6790203125 0.27048076875 0.6654473078125 0.2629571296875 0.6594209531249999 0.27396754687499997 0.6703997921875 0.2860326
10 0.6175946875 0.3815146875 0.6268681875000001 0.36478485312500003 0.61081854375 0.361867775 0.6041539265625 0.3738910625 0.6175946875 0.3815146875
2 0.45846962031249994 0.566246703125 0.392955165625 0.5278912765625 0.29029230781250004 0.712274909375 0.357431928125 0.7481690046875 0.45846962031249994 0.566246703125
13 0.47612242968749996 0.64027938125 0.433867365625 0.6168570171875001 0.39761496875 0.6817810796875 0.43972118125000004 0.7057104765625 0.47612242968749996 0.64027938125
10 0.436982553125 0.7115438390625 0.4272841328125 0.7059964140625 0.4152359328125 0.727335521875 0.42510244531249997 0.7329761218749999 0.436982553125 0.7115438390625
13 0.4245999078125 0.7050569765625 0.394418746875 0.6875858921875 0.35986988750000004 0.7501135031249999 0.3900927890625 0.7671128656249999 0.4245999078125 0.7050569765625
1 0.70394538125 0.3928226984375 0.6726839296875 0.3757889640625 0.5873864531249999 0.5289574203125 0.61892469375 0.546439353125 0.70394538125 0.3928226984375
1 0.5464573890625 0.6782019375 0.526643153125 0.667218728125 0.4689356578125 0.7713258046875 0.4885237765625 0.782478446875 0.5464573890625 0.6782019375
7 0.5299898625 0.5041735984375 0.462249915625 0.625983278125 0.5485576125 0.6725953109375 0.6158375390625 0.5515542953125 0.5299898625 0.5041735984375
6 0.5997062671875 0.37922371718750003 0.5758215437499999 0.3654929140625 0.543942359375 0.4226080671875 0.5684514234375 0.4352093078125 0.5997062671875 0.37922371718750003
8 0.5043453921875 0.32652867812499997 0.3949890078125 0.52381281875 0.46394209999999997 0.5618304828125 0.436526734375 0.6116210703125 0.462377475 0.625746709375 0.568574759375 0.4353187625 0.5440082937499999 0.4225213484375 0.5757730375000001 0.3657125625 0.5043453921875 0.32652867812499997
1 0.3685008453125 0.5095125 0.3739925796875 0.5127191890625 0.2917946234375 0.6610082265624999 0.31042812343750004 0.67133694375 0.5028401953125 0.3252477109375 0.478598603125 0.31096179375 0.3685008453125 0.5095125
12 0.5698524765624999 0.2085763734375 0.5072050734375 0.32143413593750003 0.6017312359375 0.3734789046875 0.6110448828124999 0.35667664062500004 0.6317914796874999 0.360734146875 0.6693728906249999 0.292648646875 0.6546647796875 0.277410584375 0.6642506515625 0.26040727812500003 0.5698524765624999 0.2085763734375
2 0.4038344734375 0.7710480484375 0.4060347203125 0.772299821875 0.4044880078125 0.7750708281249999 0.4499584875 0.8002469421875 0.5244915265625 0.6665012671875 0.47887774375000003 0.6411260234375 0.4233201734375 0.7411385984375001 0.4212477984375 0.7401363546875 0.422848428125 0.7372487421875 0.41295019218749995 0.7317620609375 0.392647315625 0.7682733953125 0.40225772656250003 0.7738345640625 0.4038344734375 0.7710480484375