10 0.8367234375000001 0.275096875 0.829590625 0.2884578125 0.8532609375 0.300915625 0.8602640625 0.287796875 0.8367234375000001 0.275096875
0 0.44731875 0 0.0169359375 0.809434375 0.3753359375 1 0.55268125 1 0.9830640624999999 0.19056562500000002 0.6246640625000001 0 0.44731875 0
8 0.8238125000000001 0.1613828125 0.8166765625 0.1748796875 0.8182499999999999 0.1759 0.779196875 0.2491234375 0.7775171875 0.2481453125 0.7721515625 0.2583109375 0.794865625 0.2704125 0.7420421875 0.369940625 0.754040625 0.37639374999999997 0.8568203125 0.18351562500000002 0.8328906249999999 0.1709859375 0.8350140625 0.1670796875 0.8238125000000001 0.1613828125
2 0.7710890625 0.2608890625 0.7655624999999999 0.2708921875 0.7673671875 0.2713890625 0.7420953124999999 0.318878125 0.740509375 0.317965625 0.73540625 0.3277453125 0.7566499999999999 0.3391515625 0.79225625 0.27242968749999996 0.7710890625 0.2608890625
10 0.81145 0.27295625 0.8036562500000001 0.2875546875 0.8221796875 0.29715156249999997 0.8298578125 0.28252968749999996 0.81145 0.27295625
10 0.86401875 0.169184375 0.8591984374999999 0.17843437499999998 0.8778359375000001 0.188046875 0.8826359374999999 0.1790828125 0.86401875 0.169184375
7 0.861996875 0.28296875 0.90200625 0.20756875 0.8567578125 0.18388437500000002 0.8179624999999999 0.25627187500000004 0.8190171875000001 0.25689375000000003 0.8120046875 0.270134375 0.8313359374999999 0.2805359375 0.8372093749999999 0.269540625 0.861996875 0.28296875
9 0.895940625 0.15676874999999998 0.8780187500000001 0.190528125 0.9034234375000001 0.20446875000000003 0.9216093750000001 0.1701078125 0.895940625 0.15676874999999998
12 0.32829375 0.6139671875 0.35460156249999997 0.564440625 0.3407234375 0.5569390624999999 0.33392499999999997 0.569775 0.335134375 0.570534375 0.315584375 0.6071500000000001 0.32829375 0.6139671875
7 0.47913750000000005 0.23501093750000002 0.483934375 0.23741875 0.488584375 0.228625 0.492465625 0.23077968750000002 0.49610000000000004 0.2239953125 0.4953453125 0.2235375 0.5079453125 0.1998640625 0.5086999999999999 0.20029687499999999 0.515809375 0.186878125 0.4907859375 0.173459375 0.4674578125 0.21713437500000002 0.467759375 0.2173234375 0.46364062500000003 0.22494687500000002 0.47983906249999997 0.23364531249999998 0.47913750000000005 0.23501093750000002
10 0.309878125 0.5888984374999999 0.30024375000000003 0.6068484375 0.30312031250000004 0.608378125 0.31270937499999996 0.5903453125 0.309878125 0.5888984374999999
2 0.2802609375 0.5729515625 0.2778109375 0.5775578125 0.27846875 0.5780453125 0.2658265625 0.6019671875 0.2650390625 0.6015484375 0.26263281250000003 0.6061046875 0.279759375 0.61541875 0.29736093750000003 0.58225625 0.2802609375 0.5729515625
7 0.59141875 0.058034375000000006 0.5906140625 0.05818593749999999 0.5837921875000001 0.08001406250000001 0.5898859375 0.07828281249999999 0.5903640625000001 0.0766296875 0.605303125 0.07255937500000001 0.6047078124999999 0.0743671875 0.6119796875 0.0722484375 0.6315328124999999 0.009253125 0.60424375 0.0167734375 0.6033671875 0.019828125 0.598990625 0.0210703125 0.5908015625 0.0471140625 0.595303125 0.046059375 0.59141875 0.058034375000000006
7 0.345253125 0.497284375 0.3450953125 0.49854374999999995 0.3621203125 0.4865921875 0.36288437500000004 0.4811140625 0.3776984375 0.470671875 0.37789843749999996 0.467990625 0.3768515625 0.4688296875 0.37929843750000003 0.4501578125 0.3803609375 0.44932812499999997 0.38159062499999996 0.43863125 0.3658328125 0.4492421875 0.3646640625 0.46069375 0.35374531249999996 0.4681984375 0.354325 0.4629390625 0.336584375 0.47523593750000004 0.33315625 0.499884375 0.3341953125 0.499146875 0.333409375 0.5054890624999999 0.345253125 0.497284375
5 0.340628125 0.5571171875 0.34005 0.55674375 0.35339375 0.531775 0.35850312500000003 0.4914828125 0.347434375 0.499140625 0.3426078125 0.53720625 0.29355937499999996 0.6292718749999999 0.300434375 0.6330734375 0.340628125 0.5571171875
13 0.32270937499999997 0.5290640625 0.3207609375 0.5446046875 0.3374859375 0.5329046875000001 0.339396875 0.517871875 0.32270937499999997 0.5290640625
6 0.292875 0.627678125 0.3023453125 0.609815625 0.2943015625 0.605465625 0.29200624999999997 0.6098421875 0.29135468750000004 0.6094578125 0.28428593750000003 0.6229312499999999 0.292875 0.627678125
10 0.3551859375 0.4625265625 0.35474843749999996 0.4665109375 0.36393437500000003 0.460225 0.3643890625 0.4560765625 0.3551859375 0.4625265625
10 0.552203125 0.0858515625 0.535190625 0.09038125 0.5345 0.092534375 0.5476234375 0.09963125 0.548103125 0.098753125 0.552203125 0.0858515625
1 0.4750140625 0.2636234375 0.467509375 0.2596671875 0.45801875000000003 0.27755 0.46546093749999995 0.28150624999999996 0.4750140625 0.2636234375
10 0.546871875 0.10117968749999999 0.5445625 0.1 0.5400078125000001 0.108628125 0.5422125 0.10980000000000001 0.546871875 0.10117968749999999
10 0.5281359375 0.1176046875 0.5234640625 0.115015625 0.521209375 0.1193421875 0.5301984375 0.124015625 0.5426828125000001 0.1005671875 0.5384265625 0.09833906249999999 0.5281359375 0.1176046875
2 0.5471703125 0.0349453125 0.530615625 0.025873437500000002 0.5288703124999999 0.0290734375 0.5296015625 0.029485937499999997 0.5081875 0.0698 0.5074375 0.0694015625 0.5038437499999999 0.0760796875 0.523971875 0.08688125 0.539884375 0.057053125 0.536540625 0.055079687499999995 0.5471703125 0.0349453125
10 0.6182937500000001 0.06364062499999999 0.615303125 0.064390625 0.6128953125 0.071965625 0.6159046874999999 0.0712 0.6182937500000001 0.06364062499999999
13 0.568678125 0.029345312499999998 0.5586562500000001 0.03215 0.5555796875000001 0.041996875 0.565603125 0.0392921875 0.568678125 0.029345312499999998
1 0.578496875 0.06401875 0.572596875 0.08297656249999999 0.582634375 0.0803109375 0.588553125 0.06131875 0.578496875 0.06401875
10 0.62303125 0.0416703125 0.6222796875000001 0.041948437500000005 0.6196296875 0.050428125000000004 0.6225734375 0.049681249999999996 0.6284828124999999 0.030792187500000002 0.6262921875 0.0314375 0.62303125 0.0416703125
8 0.2434046875 0.6422609375 0.2398359375 0.64886875 0.24073281249999998 0.6491796875 0.222934375 0.6826531250000001 0.2221921875 0.682259375 0.21778593750000003 0.6905484375000001 0.2202546875 0.6919421875 0.2211671875 0.690259375 0.24272187500000003 0.7015140625 0.2936015625 0.6053328125 0.28764687499999997 0.602040625 0.2612515625 0.6517515625 0.2434046875 0.6422609375
2 0.219396875 0.6926796875 0.21433125 0.7022921875 0.21497812500000002 0.7026359375 0.2023875 0.7263578125000001 0.2015890625 0.7261328125000001 0.1975296875 0.7339328125 0.22040937500000002 0.74434375 0.24147968749999998 0.70448125 0.219396875 0.6926796875
2 0.2617375 0.60783125 0.25935 0.6123640625 0.2600671875 0.6126968749999999 0.2475515625 0.6363609375 0.2466671875 0.636090625 0.2440453125 0.641146875 0.2612421875 0.6501953125 0.27900468749999996 0.6169156250000001 0.2617375 0.60783125
3 0.24681406250000001 0.7507546875 0.2524578125 0.7403578125 0.253121875 0.7407109375 0.2562734375 0.7347828125 0.24274843750000002 0.72733125 0.2304578125 0.7506125 0.24365156250000003 0.7581562500000001 0.24749531249999998 0.7512921875 0.24681406250000001 0.7507546875
10 0.2934921875 0.6569578125 0.2913765625 0.66101875 0.294496875 0.6627265625 0.296678125 0.6585796875 0.2934921875 0.6569578125
8 0.3004546875 0.499871875 0.2998890625 0.5042015625 0.30096875 0.5034015625 0.2976640625 0.53095 0.2965453125 0.5318953125 0.29594062499999996 0.536121875 0.3232875 0.51739375 0.322146875 0.528209375 0.330240625 0.522671875 0.337484375 0.4644078125 0.3291359375 0.47014218750000003 0.327978125 0.48098906250000006 0.3004546875 0.499871875
4 0.317990625 0.556971875 0.304540625 0.5823390625 0.31416093749999996 0.5875843749999999 0.3277625 0.5620015625 0.317990625 0.556971875
13 0.297446875 0.5837609375 0.28863125 0.600284375 0.2996703125 0.6061328125000001 0.30856875 0.5893953125 0.297446875 0.5837609375
10 0.2573171875 0.7310234375 0.2645765625 0.7173703125 0.26524375 0.717725 0.26606562500000003 0.71618125 0.25263749999999996 0.7091484375 0.24361875 0.7261703125000001 0.25700781250000004 0.733184375 0.2579421875 0.7314578125 0.2573171875 0.7310234375
1 0.3680828125 0.43643124999999994 0.366609375 0.44852968750000005 0.381621875 0.43848906249999997 0.383196875 0.42619999999999997 0.3680828125 0.43643124999999994
1 0.2981421875 0.63579375 0.2896203125 0.6517875 0.297903125 0.6563296875 0.306665625 0.6399765625 0.2981421875 0.63579375
10 0.326915625 0.5448328124999999 0.316425 0.552265625 0.3298109375 0.559434375 0.33521718749999996 0.549096875 0.326915625 0.5448328124999999
10 0.3405671875 0.5166140625 0.33851718750000004 0.5346171875 0.3409140625 0.5330171874999999 0.34330781250000003 0.51465625 0.3405671875 0.5166140625
10 0.31355 0.609609375 0.3010859375 0.6333578125 0.3029234375 0.634396875 0.3155203125 0.61065625 0.31355 0.609609375
13 0.23950468749999998 0.7098984374999999 0.22025625 0.7460796875 0.22969218749999998 0.75046875 0.24872812500000002 0.714803125 0.23950468749999998 0.7098984374999999
10 0.284134375 0.6245453125 0.26701874999999997 0.65675625 0.2745828125 0.66080625 0.29164375 0.62865 0.284134375 0.6245453125
10 0.290775 0.6316296875 0.27514531249999996 0.6611171875 0.2816015625 0.6647937500000001 0.29736093750000003 0.63526875 0.290775 0.6316296875
10 0.2420984375 0.7047078124999999 0.240003125 0.7087109375 0.24940781250000002 0.7135703125 0.25142031249999997 0.7097375 0.2420984375 0.7047078124999999
2 0.369909375 0.4198140625 0.370125 0.41829687499999996 0.3459234375 0.43509843750000005 0.342703125 0.460865625 0.3380640625 0.4640953125 0.33699375 0.47280156250000005 0.3646515625 0.45391562499999993 0.36541250000000003 0.449034375 0.3664265625 0.448325 0.368084375 0.43426875000000004 0.3669984375 0.435115625 0.3688796875 0.42055 0.369909375 0.4198140625
6 0.559515625 0.0675140625 0.5647515624999999 0.05063593749999999 0.5468234375 0.055459375 0.541396875 0.0726484375 0.559515625 0.0675140625
10 0.5439453125 0.059487500000000006 0.539865625 0.0605328125 0.52546875 0.08773281250000001 0.53378125 0.092153125 0.5439453125 0.059487500000000006
2 0.5626375 0 0.5575984375 0.016168750000000003 0.578159375 0.010578124999999999 0.5814843749999999 0 0.5626375 0
10 0.6182046875 0.069046875 0.6268875 0.0666875 0.6263484375 0.06833281249999999 0.627053125 0.0681015625 0.636434375 0.037990625 0.6261921874999999 0.040745312500000005 0.623009375 0.05087343749999999 0.6191953125 0.051914062500000004 0.6157390625 0.06300312500000001 0.6195671875000001 0.061975 0.6167984375 0.0708796875 0.6177421875 0.0705859375 0.6182046875 0.069046875
3 0.46690624999999997 0.2576046875 0.45273593749999996 0.25011875 0.4434125 0.26769375 0.4576765625 0.274965625 0.46690624999999997 0.2576046875
8 0.5453 0 0.5338875 0.0214875 0.5330265625 0.021175 0.53185 0.0234921875 0.548196875 0.032306249999999995 0.631534375 0.009209375 0.6330281249999999 0.004446875 0.6246640625000001 0 0.6063140625 0 0.6049 0.0045765625 0.5563046875000001 0.01786875 0.5618624999999999 0 0.5453 0
12 0.558753125 0.15734062499999998 0.5415281249999999 0.1481828125 0.533390625 0.163484375 0.5505421875 0.1726328125 0.558753125 0.15734062499999998
10 0.49177968749999995 0.23210625000000001 0.48841875 0.23046562499999998 0.4846390625 0.23771874999999998 0.487834375 0.23946718749999998 0.49177968749999995 0.23210625000000001
13 0.5370781250000001 0.0989421875 0.5260453125 0.0931078125 0.5172875 0.109871875 0.5282109375 0.11559531249999999 0.5370781250000001 0.0989421875
3 0.632640625 0.0650671875 0.63904375 0.063359375 0.638578125 0.0649671875 0.6433187499999999 0.0636265625 0.6526765625000001 0.0337421875 0.6372421875 0.03740625 0.6279296875 0.06791875 0.631890625 0.0668640625 0.632640625 0.0650671875
10 0.3419109375 0.534546875 0.32879375 0.5439171875000001 0.335975 0.5478156249999999 0.34159375000000003 0.537003125 0.3419109375 0.534546875
3 0.4706390625 0.23760937499999998 0.4617640625 0.23293750000000002 0.4534765625 0.24860625 0.4623015625 0.25324843750000003 0.4706390625 0.23760937499999998
13 0.43354218749999995 0.262396875 0.4426421875 0.26721093749999997 0.45200312499999995 0.24960624999999997 0.44273281249999996 0.24486875000000002 0.43354218749999995 0.262396875
5 0.5683078125 0.1413625 0.5664796875 0.14479999999999998 0.5484859375 0.135096875 0.56078125 0.111825 0.5550125 0.10875781250000001 0.5675859375 0.06829531250000001 0.5576828125 0.0709546875 0.5489578125000001 0.09897343750000001 0.542065625 0.11184374999999999 0.539096875 0.11026562499999999 0.530490625 0.1263953125 0.5419328125 0.1324796875 0.5272359375 0.16020625 0.53339375 0.16348125 0.54153125 0.1481765625 0.55876875 0.1573421875 0.55058125 0.1726203125 0.5587375 0.1768140625 0.5755390625000001 0.1452765625 0.5683078125 0.1413625
10 0.4728796875 0.23351562499999998 0.462090625 0.2277546875 0.460559375 0.23063281249999998 0.471409375 0.2362796875 0.4728796875 0.23351562499999998
2 0.5021984374999999 0.123125 0.48402500000000004 0.1134765625 0.48136875 0.11839843750000001 0.4820609375 0.11871875000000001 0.4694984375 0.14237968750000002 0.46879687499999995 0.1420546875 0.46628437500000003 0.14679999999999999 0.4899578125 0.1593875 0.4955578125 0.14881093750000002 0.49011875 0.14596562500000002 0.5021984374999999 0.123125
2 0.46554062500000004 0.21972031250000001 0.4359 0.204009375 0.43334062500000003 0.2087796875 0.43402343749999994 0.2091203125 0.41792187500000005 0.2394234375 0.41721718750000003 0.23914531249999998 0.4102640625 0.2521421875 0.43189687499999996 0.26364375 0.45201562500000003 0.225846875 0.45998124999999995 0.23015625 0.46554062500000004 0.21972031250000001
13 0.4607765625 0.2328921875 0.45641406250000005 0.230571875 0.4478171875 0.2467609375 0.45215937500000003 0.2490984375 0.4607765625 0.2328921875
10 0.4868546875 0.24132812499999998 0.47353281249999996 0.23407031250000002 0.4632015625 0.2535890625 0.46792187500000004 0.2559984375 0.4669875 0.2577578125 0.4757328125 0.2623015625 0.4785296875 0.2570125 0.4777390625 0.2566296875 0.485065625 0.24290937499999998 0.48581562500000003 0.243309375 0.4868546875 0.24132812499999998
13 0.64805 0.012434375000000001 0.639209375 0.007734375 0.6332765625000001 0.009348437499999999 0.6268640624999999 0.0296609375 0.6300687500000001 0.0288203125 0.62685625 0.039078125000000005 0.6409140625 0.0351296875 0.64805 0.012434375000000001
4 0.5746484374999999 0.11240625 0.5649765625 0.1071765625 0.5511999999999999 0.1330859375 0.5608984375 0.13821406249999998 0.5746484374999999 0.11240625
2 0.5308734375 0.1502359375 0.510421875 0.139434375 0.4928859375 0.1727171875 0.51659375 0.185396875 0.5183171875 0.18213593749999998 0.517575 0.181765625 0.5248515625 0.1680984375 0.525565625 0.16852499999999998 0.5278859375 0.1641609375 0.5244703125 0.1623203125 0.5308734375 0.1502359375
6 0.5980921875 0.021175 0.5816265625 0.025640625 0.575484375 0.045340625 0.5919140625 0.0408578125 0.5980921875 0.021175
6 0.5107234375 0.1379546875 0.5315609375 0.1489859375 0.5392203125 0.1345796875 0.5278390625 0.1285296875 0.5294953125 0.12533125 0.520615625 0.1207078125 0.5182875 0.1252109375 0.517628125 0.12488593750000002 0.5107234375 0.1379546875
6 0.56364375 0.049657812499999995 0.5662281250000001 0.048957812499999996 0.5602109375000001 0.0675515625 0.568465625 0.0652296875 0.581021875 0.0249734375 0.5730375000000001 0.0270546875 0.572584375 0.028429687500000002 0.5700125 0.029231249999999997 0.56364375 0.049657812499999995
2 0.5076296874999999 0.12610468749999998 0.502828125 0.12360156250000001 0.491465625 0.14486875 0.4963109375 0.14737187499999999 0.5076296874999999 0.12610468749999998
10 0.556665625 0.07131562500000001 0.539659375 0.0759109375 0.5357046875 0.08880625 0.5526109375 0.08415625 0.556665625 0.07131562500000001
2 0.58223125 0 0.579075 0.0103328125 0.6035953125 0.003496875 0.6046968749999999 0 0.58223125 0
8 0.522134375 0.11445468750000001 0.5162390625 0.11151875 0.489840625 0.1611671875 0.4655 0.14832499999999998 0.4636765625 0.15175624999999998 0.46442812499999997 0.15215625 0.4417234375 0.1948140625 0.441009375 0.1943859375 0.4372375 0.20148125 0.46739687500000004 0.217271875 0.522134375 0.11445468750000001
13 0.45619375 0.230459375 0.451840625 0.2281453125 0.4432171875 0.24428125 0.44755781250000004 0.24663906249999998 0.45619375 0.230459375
10 0.5898718749999999 0.059687500000000004 0.593621875 0.04778125 0.589303125 0.0488578125 0.5913390625 0.042365625000000004 0.575015625 0.046746875 0.5693765625 0.0650109375 0.5709171875 0.06454375 0.57136875 0.0631296875 0.57798125 0.0613171875 0.57736875 0.0631125 0.5898718749999999 0.059687500000000004
2 0.5259968749999999 0.091603125 0.521196875 0.0889515625 0.5098765625 0.1102421875 0.5146640625 0.112834375 0.5259968749999999 0.091603125
7 0.287878125 0.6547328125 0.2779375 0.6730421875 0.277378125 0.6726234375 0.28090468749999997 0.6659890625 0.266503125 0.658125 0.2629328125 0.6649437500000001 0.2622953125 0.6646390625 0.24277031249999997 0.7016453125 0.267125 0.7143625 0.27211875 0.7049703125 0.27135937499999996 0.7046078125 0.28565625 0.6776500000000001 0.2863828125 0.6780375000000001 0.29373593750000004 0.6641 0.28994375 0.6620671875 0.2924390625 0.6573156250000001 0.287878125 0.6547328125
13 0.3409109375 0.445259375 0.3402546875 0.4493703125 0.338978125 0.4502328125 0.34004375 0.4412109375 0.3322796875 0.44654531249999996 0.329578125 0.46833125000000003 0.3418265625 0.4599609375 0.3438140625 0.44313437499999997 0.3409109375 0.445259375
2 0.316415625 0.533334375 0.3165171875 0.5323015625 0.320915625 0.529221875 0.32206250000000003 0.51945625 0.295771875 0.5375671875 0.2952390625 0.5419625 0.2963015625 0.5412312499999999 0.29405156250000003 0.5597109375 0.2929875 0.5605203125 0.2921875 0.566515625 0.3184609375 0.5482625 0.3206296875 0.530359375 0.316415625 0.533334375
2 0.3006890625 0.49802187499999995 0.3272453125 0.47982500000000006 0.33132968749999997 0.4450265625 0.3050640625 0.46322656249999994 0.3037875 0.47185625 0.30500781250000003 0.47095000000000004 0.3027875 0.4897828125 0.3016921875 0.4904515625 0.3006890625 0.49802187499999995
10 0.341390625 0.43824687500000004 0.34083593749999996 0.44358125 0.3442171875 0.44135 0.34501875000000004 0.4356890625 0.341390625 0.43824687500000004
6 0.34385937499999997 0.5131953125 0.3457796875 0.4980421875 0.3334328125 0.5069453125 0.3326078125 0.51088125 0.33175937499999997 0.511390625 0.3303296875 0.522671875 0.34385937499999997 0.5131953125
10 0.292325 0.568565625 0.289259375 0.57433125 0.303215625 0.5816515625 0.316721875 0.5563140625 0.3131203125 0.5543984375 0.292325 0.568565625
13 0.6530781250000001 0.032009375 0.65768125 0.0175546875 0.648878125 0.012875000000000001 0.6419640625 0.034978125 0.6530781250000001 0.032009375
13 0.5654296875 0.0397921875 0.5553890625 0.042520312500000004 0.5523734375 0.052375000000000005 0.562409375 0.049584375 0.5654296875 0.0397921875
2 0.5205062500000001 0.088759375 0.5023187499999999 0.0789625 0.499875 0.0836640625 0.5005265624999999 0.08405625 0.4879734375 0.10769375 0.4872828125 0.107278125 0.4847625 0.11211249999999999 0.508378125 0.12483124999999999 0.51395 0.1142859375 0.5084531250000001 0.1113640625 0.5205062500000001 0.088759375
10 0.5378578125 0.05404375 0.5408484375 0.0556078125 0.546309375 0.038248437499999996 0.5378578125 0.05404375
13 0.5481765625 0.0349234375 0.5417234375 0.055546874999999996 0.5519546875 0.052468749999999995 0.5583078125000001 0.0319890625 0.5481765625 0.0349234375
10 0.56370625 0.10650156250000001 0.557646875 0.10324531249999999 0.55629375 0.1074578125 0.5616359375 0.1103359375 0.56370625 0.10650156250000001
9 0.5539546875 0.7965375 0.5712312500000001 0.8055125000000001 0.5757234375 0.797103125 0.5831875 0.8010296875 0.5972453125 0.77458125 0.5725890625 0.761471875 0.5539546875 0.7965375
8 0.4659546875 0.864653125 0.503190625 0.8844859375 0.5491953125 0.7976703125 0.551034375 0.798684375 0.611890625 0.684259375 0.5999828125 0.6778234375000001 0.5460921875 0.7792046874999999 0.5190140624999999 0.7648078125 0.5066671875 0.7880546875000001 0.5083031250000001 0.788925 0.47981093750000003 0.8424546875000001 0.47813125 0.8416328125 0.4659546875 0.864653125
2 0.4296296875 0.9368578125000001 0.4279671875 0.9360265625 0.4191765625 0.9525609375 0.45510624999999993 0.971565625 0.49940937500000004 0.8883671874999999 0.4634359375 0.8692390624999999 0.45653750000000004 0.882378125 0.45816093750000003 0.883240625 0.4296296875 0.9368578125000001
3 0.49091250000000003 0.94018125 0.47709531250000003 0.932834375 0.456384375 0.9721640624999999 0.46993124999999997 0.9794359375000001 0.49091250000000003 0.94018125
13 0.641571875 0.6531953125000001 0.6196515625 0.641440625 0.601846875 0.6749265624999999 0.623953125 0.6862921875 0.641571875 0.6531953125000001
13 0.5260765625 0.9032921875 0.5140546875 0.89683125 0.5036015625 0.916490625 0.5157406250000001 0.9228453125 0.5260765625 0.9032921875
3 0.5051046875 0.9479109375 0.49196875 0.9408890624999999 0.47116406250000004 0.980103125 0.4841953125 0.9871328125 0.5051046875 0.9479109375
10 0.5818 0.8036703125000001 0.5753296875 0.8003015625 0.5719359374999999 0.8067453125 0.5783484375 0.8101796875 0.5818 0.8036703125000001
2 0.531825 0.7447203124999999 0.5300703125 0.7439046874999999 0.5214234375 0.7602125 0.5473640625 0.7741265625 0.582759375 0.70750625 0.56808125 0.699471875 0.5693390625 0.6971093749999999 0.5681609375 0.6964828125 0.56861875 0.695621875 0.558559375 0.6902734374999999 0.5479734374999999 0.710328125 0.5496671875 0.711109375 0.531825 0.7447203124999999
10 0.6521546875 0.6524796875 0.6455890625 0.6490546875 0.6249265625 0.6879171875 0.63145625 0.6913515625 0.6521546875 0.6524796875
6 0.6300453125 0.693953125 0.6132187499999999 0.6847546875 0.59441875 0.7200765625 0.6113453125 0.7291203125 0.6300453125 0.693953125
1 0.6025921875 0.6262046875 0.591715625 0.6203765625 0.5569203125 0.685884375 0.5678171875 0.6916781249999999 0.6025921875 0.6262046875
13 0.515184375 0.92378125 0.5030281249999999 0.9174296875 0.4925921875 0.9371421874999999 0.5047125 0.9434859375 0.515184375 0.92378125
11 0.5895125 0.6192046875 0.5807390625 0.614471875 0.569159375 0.63628125 0.577878125 0.64105625 0.5895125 0.6192046875
2 0.5921359374999999 0.6552578125 0.5741796875 0.689028125 0.572553125 0.6882421875 0.5681765624999999 0.6964734375 0.5841296875 0.7048359375000001 0.620871875 0.6357999999999999 0.6048953125 0.62738125 0.59050625 0.6544765625 0.5921359374999999 0.6552578125
7 0.5042484375 0.8851687500000001 0.5234375 0.8953312499999999 0.5271656250000001 0.8883906250000001 0.53450625 0.8925859375 0.576978125 0.812775 0.5491843750000001 0.7977109375 0.5102953125 0.8711671875 0.51135625 0.8717312500000001 0.5042484375 0.8851687500000001
10 0.533221875 0.8949999999999999 0.526771875 0.8917796875 0.5235375 0.8979484375 0.5298109375 0.9013859375 0.533221875 0.8949999999999999
13 0.5136171875 0.8965703125 0.500378125 0.8897812500000001 0.4793265625 0.9296562500000001 0.49215468749999997 0.9369343750000001 0.5136171875 0.8965703125
1 0.5563125 0.6893109374999999 0.5453875 0.6835421875 0.4060265625 0.9456734375 0.41704375000000005 0.9512375000000001 0.5563125 0.6893109374999999
6 0.57754375 0.748878125 0.5787375 0.749484375 0.57395625 0.7585515625 0.59880625 0.7717359375 0.619115625 0.7334921875 0.6105937499999999 0.7287578124999999 0.6092953125 0.731221875 0.591803125 0.7220375 0.57754375 0.748878125
2 0.7340421874999999 0.3301078125 0.728925 0.33985 0.7305734375 0.3408546875 0.7053765624999999 0.387809375 0.7039703125 0.387321875 0.696871875 0.400240625 0.7183703125 0.41120625000000005 0.7422375 0.36638125 0.736275 0.3632109375 0.7377734375 0.3604359375 0.743625 0.363665625 0.7556046875 0.34152031250000003 0.7340421874999999 0.3301078125
2 0.858390625 0.124275 0.8399796875 0.1586875 0.8384578125000001 0.157878125 0.8344953125 0.165328125 0.8580671875 0.177921875 0.88035 0.1359515625 0.858390625 0.124275
10 0.7642109375 0.3850765625 0.745778125 0.4197453125 0.7546421875 0.424440625 0.773140625 0.3896734375 0.7642109375 0.3850765625
1 0.8341156249999999 0.160571875 0.8544906250000001 0.1222015625 0.8436125000000001 0.1164171875 0.8204499999999999 0.15987656249999999 0.8105171875 0.154628125 0.683653125 0.393225 0.6945171875 0.3990609375 0.8241515625 0.15530312500000001 0.8341156249999999 0.160571875
13 0.8836718749999999 0.17608437500000002 0.899621875 0.1461984375 0.8813093750000001 0.1364609375 0.8654125 0.166553125 0.8836718749999999 0.17608437500000002
13 0.740571875 0.3733765625 0.7226734375 0.40646250000000006 0.7444828125 0.4186140625 0.7625015625 0.38472343750000004 0.740571875 0.3733765625
6 0.774396875 0.341296875 0.75538125 0.37680156249999996 0.7745140625 0.3872890625 0.7940875000000001 0.35109218750000004 0.774396875 0.341296875
10 0.7897531250000001 0.3448421875 0.789303125 0.34569218749999997 0.7948390625 0.34878906249999997 0.8210124999999999 0.2994328125 0.8025984375 0.2898015625 0.7765734375 0.33880625000000003 0.780159375 0.3407765625 0.7804625 0.34016250000000003 0.7897531250000001 0.3448421875