10 0.38758750000000003 0.1509046875 0.39775 0.12335156249999998 0.390171875 0.1205453125 0.369875 0.1763046875 0.3773734375 0.179046875 0.38758750000000003 0.1509046875
0 0.14989687499999998 0 0 0.41183593749999997 0 0.8501031250000001 0.41183593749999997 1 0.8501031250000001 1 1 0.5881640625 1 0.14989687499999998 0.5881640625 0 0.14989687499999998 0
2 0.41209375000000004 0.26099375 0.42594062499999996 0.22295156249999998 0.391196875 0.2103671875 0.377340625 0.24825781249999998 0.41209375000000004 0.26099375
2 0.682846875 0.29781875 0.6701328125 0.33266249999999997 0.7002015625 0.3436375 0.70189375 0.3389609375 0.7018359375000001 0.33885 0.7128265625 0.30865468749999997 0.682846875 0.29781875
1 0.1769125 0.6984109375 0.1658046875 0.7291765625 0.1933140625 0.739190625 0.20686875 0.7019124999999999 0.1848578125 0.6939546875 0.18245625000000001 0.700553125 0.1769125 0.6984109375
10 0.1870734375 0.6212546875 0.1804734375 0.6391234375 0.19741718749999998 0.645396875 0.20395781249999997 0.6274 0.1870734375 0.6212546875
13 0.1793390625 0.6369281250000001 0.19481718750000002 0.5942624999999999 0.1691328125 0.5849734375 0.153309375 0.6276046875 0.1793390625 0.6369281250000001
2 0.22005625 0.6800296875 0.21375000000000002 0.69735625 0.2138484375 0.6973765625 0.19905937499999998 0.7379203125 0.23388593750000003 0.7506421875 0.25497187499999996 0.6927078125 0.22005625 0.6800296875
2 0.26539687500000003 0.6091562500000001 0.2558625 0.6354437500000001 0.255728125 0.6354093749999999 0.2458734375 0.6625171875 0.287471875 0.677596875 0.306946875 0.6242046875 0.26539687500000003 0.6091562500000001
2 0.1554421875 0.5763125 0.1540265625 0.580375 0.15379062500000001 0.5802890625 0.1498078125 0.5912765624999999 0.16324531250000002 0.5962015625 0.16844375 0.5819140625 0.1917421875 0.5904609375 0.1990734375 0.569975 0.17621718749999998 0.56168125 0.191275 0.5203328125 0.14778125 0.50426875 0.12544375000000002 0.565659375 0.12748125 0.5664015625000001 0.1275453125 0.566153125 0.1554421875 0.5763125
10 0.21233437500000002 0.696940625 0.2192296875 0.677884375 0.18548125 0.66541875 0.1784453125 0.6846062500000001 0.21233437500000002 0.696940625
10 0.195971875 0.5919640625 0.20013125 0.5805343749999999 0.197171875 0.57938125 0.192984375 0.5908625 0.195971875 0.5919640625
13 0.2046609375 0.6246578125 0.2172984375 0.5900562500000001 0.200771875 0.584096875 0.18806875 0.6185390625 0.2046609375 0.6246578125
1 0.10199218750000001 0.6955890625000001 0.0956015625 0.713215625 0.10004687500000001 0.7148515625 0.0967421875 0.723940625 0.1162953125 0.730890625 0.12600781249999998 0.7043484375 0.10199218750000001 0.6955890625000001
8 0.1381859375 0.6225421875 0.13841874999999998 0.6226390625 0.137053125 0.6263 0.10587187499999999 0.6149515625 0.10598749999999998 0.6146625 0.09262812499999999 0.609815625 0.0669578125 0.6802359375 0.1283140625 0.702409375 0.1469859375 0.6511109375 0.25565000000000004 0.6907609375 0.26265312500000004 0.6716624999999999 0.1500890625 0.6310453125000001 0.1516234375 0.6267968749999999 0.1518796875 0.62685625 0.162346875 0.5980859374999999 0.1488328125 0.59325625 0.1381859375 0.6225421875
10 0.095025 0.6929359374999999 0.084590625 0.721546875 0.09448593749999999 0.7251640625 0.097603125 0.71639375 0.09318593750000001 0.7147859375000001 0.10044843750000002 0.6948921875 0.095025 0.6929359374999999
2 0.1094734375 0.5637531250000001 0.0939296875 0.6064953125 0.10732187500000001 0.6113500000000001 0.1074796875 0.6109546875 0.13711875 0.6217046875000001 0.1523375 0.579715625 0.1094734375 0.5637531250000001
10 0.592159375 0.8667562500000001 0.6147359375 0.8048234375 0.5409921875 0.7779609375 0.51845 0.8398468749999999 0.592159375 0.8667562500000001
1 0.536946875 0.781340625 0.530159375 0.7789140625 0.5306093749999999 0.77764375 0.5139890625 0.7716546875 0.5136921875 0.77246875 0.5137484375 0.7725796875000001 0.507725 0.7888765624999999 0.5078437499999999 0.788934375 0.5077125 0.7892953125 0.5241296875 0.79525625 0.5243125 0.794778125 0.531078125 0.797284375 0.536946875 0.781340625
10 0.6800859375 0.7739359375 0.6705234375 0.8002609375 0.694896875 0.8091593749999999 0.7113484375 0.7643640625 0.6939968750000001 0.7580484375000001 0.690025 0.76890625 0.65534375 0.7562562500000001 0.65250625 0.7639515625 0.6800859375 0.7739359375
1 0.5537875 0.6663234375 0.552021875 0.6711734375 0.5293875 0.66286875 0.5170765625 0.69656875 0.5554781249999999 0.710684375 0.5572 0.705953125 0.6217312500000001 0.729440625 0.630296875 0.7059046875 0.58429375 0.6890921875 0.5880203125000001 0.67885 0.5537875 0.6663234375
10 0.5663375 0.7441859375 0.5751921875 0.71998125 0.5592625 0.7141828125 0.550446875 0.7384031249999999 0.5663375 0.7441859375
1 0.5135078125 0.8406578124999999 0.5277734374999999 0.8014640625 0.484665625 0.785759375 0.4703921875 0.824975 0.5135078125 0.8406578124999999
1 0.6637421875 0.895353125 0.6709578125 0.8756328124999999 0.6363796875000001 0.8630109375 0.629215625 0.88280625 0.6637421875 0.895353125
10 0.623278125 0.74650625 0.6114640625 0.7789375 0.6171171875 0.78099375 0.6288781250000001 0.748678125 0.6530859375 0.75751875 0.66204375 0.7329359375 0.631884375 0.722003125 0.623115625 0.7460359375000001 0.623278125 0.74650625
10 0.6406046875 0.791721875 0.652396875 0.759325 0.62940625 0.75095625 0.6176390625 0.7832859375 0.6406046875 0.791721875
13 0.6689484375 0.7994015625 0.6775359375 0.7758078125 0.6519250000000001 0.7666671875 0.6433046874999999 0.790059375 0.6689484375 0.7994015625
2 0.67483125 0.864565625 0.6747703125 0.8644343750000001 0.6941078125 0.81135 0.6607984375 0.7990953125 0.653803125 0.8181875 0.653925 0.8182328125 0.639809375 0.8569359375 0.6732015625 0.86913125 0.67483125 0.864565625
2 0.5159609374999999 0.7037078125 0.4953125 0.76038125 0.53555625 0.775028125 0.548271875 0.7401234375 0.548259375 0.739953125 0.5561390625 0.7183015625 0.5159609374999999 0.7037078125
10 0.5496703125 0.74061875 0.54464375 0.7543171875 0.5551609375 0.7581296875 0.5549046875 0.7588359375 0.5604625000000001 0.760859375 0.56564375 0.74641875 0.5496703125 0.74061875
10 0.617025 0.81124375 0.595471875 0.8704734375 0.626475 0.881875 0.6336671875000001 0.8620796875 0.63335 0.8619468749999999 0.64775 0.8224078125000001 0.617025 0.81124375
10 0.6361296875 0.7211109375 0.6396390625 0.711353125 0.6353671875 0.709828125 0.6318109375 0.7195234375 0.6361296875 0.7211109375
11 0.50599375 0.7881625 0.512428125 0.77055 0.49310312500000003 0.7635703125 0.4866890625 0.78111875 0.50599375 0.7881625
8 0.5438468750000001 0.7565937500000001 0.536925 0.7755046875 0.5413078125 0.777103125 0.5411875 0.777409375 0.6149140625 0.8041921875 0.6150296875000001 0.803903125 0.652509375 0.8175921875000001 0.6593625000000001 0.7986671875 0.61076875 0.7808375 0.6105703124999999 0.7813828125 0.607784375 0.7803703125 0.6205609375 0.7453093749999999 0.620740625 0.745375 0.6235859375 0.7375828125 0.57674375 0.72051875 0.567125 0.746946875 0.567 0.7469171875 0.5612375000000001 0.7627703125 0.5438468750000001 0.7565937500000001
10 0.181746875 0.6958515625 0.1835109375 0.690975 0.1801515625 0.68978125 0.178403125 0.6946625 0.181746875 0.6958515625
7 0.14681249999999998 0.653040625 0.1181484375 0.731609375 0.1549671875 0.744878125 0.18361875 0.6665890625 0.14681249999999998 0.653040625
10 0.24435156249999998 0.6620703125 0.25430625 0.6348109375 0.238209375 0.628925 0.22823593749999999 0.6562484375000001 0.24435156249999998 0.6620703125
6 0.2180984375 0.6215078125 0.207915625 0.6494093750000001 0.2122421875 0.650971875 0.21156250000000001 0.6528390625 0.2264265625 0.65825 0.2372265625 0.6284984375 0.2180984375 0.6215078125
10 0.20642968750000001 0.648771875 0.22675312500000003 0.5929296875000001 0.2192296875 0.590265625 0.198934375 0.6460265625 0.20642968750000001 0.648771875
3 0.2006328125 0.5682578125 0.215 0.52881875 0.19261875 0.5207875 0.1782265625 0.5602640625 0.2006328125 0.5682578125
1 0.13343125 0.5346921874999999 0.120378125 0.5299406249999999 0.1200984375 0.5307546875 0.1199875 0.530678125 0.1119375 0.552528125 0.112128125 0.5525984375 0.1095140625 0.55975 0.12182656249999999 0.5642343750000001 0.1241328125 0.557884375 0.12507812499999998 0.558165625 0.133284375 0.535559375 0.13311875 0.535515625 0.13343125 0.5346921874999999
11 0.1254390625 0.52895625 0.125340625 0.52919375 0.1330359375 0.5319812500000001 0.13310625 0.5317640625 0.1347140625 0.532353125 0.1446015625 0.5051015624999999 0.1311765625 0.5001796875 0.12957812500000002 0.504703125 0.1291703125 0.5045546875 0.12350468750000002 0.5200359375 0.123953125 0.5202 0.121284375 0.5274359375000001 0.1254390625 0.52895625
11 0.2963140625 0.059240625000000005 0.29624843749999996 0.05944375 0.3039796875 0.062257812499999995 0.3040671875 0.062046875 0.3056671875 0.0626140625 0.3155921875 0.0353140625 0.3021625 0.0304515625 0.300621875 0.0347421875 0.300503125 0.0347171875 0.2947265625 0.0506203125 0.29483125 0.050657812499999996 0.29225 0.057715625000000007 0.2963140625 0.059240625000000005
1 0.35754687500000004 0.2196171875 0.3572828125 0.22030781250000003 0.3793828125 0.2283671875 0.3795484375 0.22792656249999999 0.3798015625 0.2279890625 0.385840625 0.2112296875 0.38308906249999997 0.210228125 0.38326875 0.20970468750000001 0.38250625 0.20942656249999997 0.3826375 0.20906562499999998 0.3616546875 0.20152031250000002 0.36154375 0.20179687500000001 0.3607890625 0.201521875 0.3606328125 0.2019625 0.35786562499999997 0.2009859375 0.3518796875 0.217521875 0.35754687500000004 0.2196171875
10 0.3669859375 0.12213125 0.37143125 0.10985625000000002 0.3684921875 0.10880156249999999 0.36399375 0.12107343749999999 0.3669859375 0.12213125
1 0.27101406250000004 0.24485625 0.26699843749999996 0.2558984375 0.32632343750000004 0.27737968749999997 0.330865625 0.265096875 0.31837031250000003 0.260609375 0.3185453125 0.26008437500000003 0.317828125 0.2598375 0.317934375 0.2595421875 0.30263125 0.253915625 0.30251875 0.25420625 0.3017453125 0.253925 0.301571875 0.254421875 0.2897453125 0.25009375 0.293278125 0.2403828125 0.2947265625 0.24088437499999998 0.299978125 0.22633593749999997 0.2985484375 0.22583125 0.30022812499999996 0.22116406249999998 0.2526046875 0.2038234375 0.2543109375 0.199103125 0.2546984375 0.19924375 0.27197343749999997 0.1517734375 0.27159218749999997 0.15161875 0.2790390625 0.1311421875 0.27945312499999997 0.13129375000000001 0.2881046875 0.1074078125 0.2877328125 0.1072578125 0.2927625 0.0933796875 0.29354843750000004 0.093675 0.2954046875 0.088434375 0.295796875 0.088559375 0.2961453125 0.08756562500000001 0.29628125 0.087615625 0.3042078125 0.065853125 0.30406875 0.0658171875 0.3043625 0.06498437500000001 0.3039 0.064815625 0.3038265625 0.065015625 0.3032953125 0.06480781249999999 0.3033734375 0.0645625 0.291215625 0.0602046875 0.2911953125 0.06031875 0.2908671875 0.06019218750000001 0.2824578125 0.08330937499999999 0.282746875 0.0834296875 0.2755375 0.10319687500000001 0.2752515625 0.10309375000000001 0.26681875 0.126225 0.267153125 0.1263328125 0.25799062500000003 0.1514328125 0.257696875 0.1513265625 0.24069687499999998 0.198034375 0.240996875 0.1981453125 0.2360046875 0.21180156249999998 0.26370312500000004 0.2219875 0.2644140625 0.2199625 0.273871875 0.22344218749999997 0.2666734375 0.24330625 0.27101406250000004 0.24485625
13 0.3756890625 0.15494375 0.3883078125 0.12042656249999999 0.3717265625 0.11439218749999999 0.359096875 0.14882656249999998 0.3756890625 0.15494375
10 0.357984375 0.1515078125 0.3513203125 0.1697921875 0.368340625 0.175853125 0.3749453125 0.1576203125 0.357984375 0.1515078125
8 0.362228125 0.197375 0.4267125 0.2209078125 0.4336203125 0.201815625 0.32114375 0.1612421875 0.322571875 0.15731875 0.3228546875 0.15713125 0.3333234375 0.1282890625 0.33069375 0.127309375 0.33130000000000004 0.12564375 0.3205765625 0.121740625 0.308084375 0.15649531249999998 0.2807875 0.14652343750000002 0.2808234375 0.14637031250000002 0.27609374999999997 0.144678125 0.2733734375 0.1520625 0.2750859375 0.1527 0.2577171875 0.200509375 0.255859375 0.19986874999999998 0.2550328125 0.2021375 0.3043140625 0.2200296875 0.317590625 0.1836078125 0.36143437500000003 0.19953749999999998 0.362228125 0.197375
1 0.40214531249999996 0.261925 0.4022765625 0.26155 0.383334375 0.2547171875 0.3832375 0.25498125 0.38244531249999997 0.2546921875 0.3822703125 0.25515937499999997 0.374434375 0.2523375 0.36811875 0.2695796875 0.40419218749999997 0.2827078125 0.41047968749999997 0.26539687500000003 0.40255156249999996 0.2626015625 0.402734375 0.262125 0.40214531249999996 0.261925
13 0.34021875 0.11533125 0.3287734375 0.146771875 0.3447984375 0.152653125 0.3407828125 0.16368125 0.350425 0.16725 0.3659015625 0.12461718749999999 0.34021875 0.11533125
6 0.39728281249999997 0.15106875 0.39604531249999997 0.154428125 0.388996875 0.1518515625 0.3788140625 0.1797546875 0.383140625 0.18131406249999998 0.3824609375 0.1831796875 0.39732500000000004 0.18859062499999998 0.4081234375 0.158825 0.40714843749999996 0.15846875 0.408403125 0.155134375 0.39728281249999997 0.15106875
1 0.3643390625 0.26932187500000004 0.377865625 0.23215781249999998 0.35590937500000003 0.2241453125 0.3546359375 0.22765624999999998 0.3547359375 0.2277078125 0.3536125 0.23076249999999998 0.34786875 0.2286578125 0.33684375 0.259315625 0.3643390625 0.26932187500000004
2 0.3187421875 0.0345015625 0.2990078125 0.0886859375 0.2991328125 0.08873125 0.298725 0.0898890625 0.29860000000000003 0.08984375 0.2964125 0.0958875 0.299546875 0.0970390625 0.299625 0.09682500000000001 0.3263609375 0.106453125 0.3248640625 0.11059375 0.32463593749999997 0.1105109375 0.320646875 0.12150000000000001 0.33406250000000004 0.1263984375 0.339303125 0.1120859375 0.3626046875 0.12059843750000002 0.37003906249999996 0.10019375 0.3471765625 0.091921875 0.3622375 0.050571875 0.3187421875 0.0345015625
7 0.3176140625 0.18375468749999999 0.29468125 0.2466984375 0.3314078125 0.26005 0.354321875 0.19706718750000002 0.3176140625 0.18375468749999999
2 0.647934375 0.285053125 0.6369046875000001 0.3153828125 0.6367812500000001 0.315459375 0.6351203125 0.319934375 0.6685546875 0.3321484375 0.6812859375 0.2971453125 0.647934375 0.285053125
6 0.6888734375000001 0.2478125 0.6804453125000001 0.2712 0.68465 0.2727453125 0.6840875 0.27429375 0.697678125 0.279240625 0.70675 0.25416875 0.6888734375000001 0.2478125
13 0.67335 0.2678484375 0.68589375 0.23324531249999997 0.6693015625000001 0.227240625 0.65671875 0.2617515625 0.67335 0.2678484375
10 0.707778125 0.2807875 0.7162390624999999 0.25764375 0.7079421875 0.2546171875 0.6995265625 0.2777625 0.707778125 0.2807875
10 0.6658062499999999 0.28948593749999996 0.6726484375 0.27044843749999997 0.6555765625000001 0.26411406249999997 0.6486203125000001 0.283109375 0.6658062499999999 0.28948593749999996
10 0.78304375 0.2745265625 0.7808015625 0.280584375 0.789321875 0.28373906249999997 0.791025 0.2790265625 0.80850625 0.28540625 0.8089968750000001 0.2839890625 0.78304375 0.2745265625
8 0.70691875 0.283184375 0.7070796875 0.2827421875 0.6978 0.279390625 0.6976390625 0.27983281249999997 0.683884375 0.274796875 0.6840390625 0.2743375 0.6798124999999999 0.27273749999999997 0.6797093750000001 0.272990625 0.6740765625 0.27084687500000004 0.6670859375 0.289875 0.713709375 0.3069359375 0.7138984374999999 0.30641562499999997 0.716459375 0.3073625 0.70459375 0.34001875 0.7044343750000001 0.3400828125 0.7027921874999999 0.3445640625 0.7528453125000001 0.362828125 0.7548609374999999 0.35731718749999997 0.75478125 0.35721250000000004 0.77358125 0.304978125 0.77205625 0.304378125 0.7719921875 0.30455156250000004 0.7258218750000001 0.2878078125 0.725221875 0.28935625 0.71075 0.284078125 0.7105953125 0.2845046875 0.70691875 0.283184375
1 0.756378125 0.36757343750000004 0.7561640625 0.36813281249999996 0.7547984375000001 0.3676203125 0.7544546875 0.3685390625 0.7446953125 0.365046875 0.744990625 0.364234375 0.707890625 0.3507 0.7076125 0.35152031250000004 0.692025 0.3458625 0.692340625 0.3450546875 0.675434375 0.3388875 0.675153125 0.33969062499999997 0.65863125 0.33369218749999996 0.658928125 0.3328796875 0.64191875 0.32668906249999996 0.64163125 0.3275046875 0.6335578125 0.3245515625 0.627325 0.3416171875 0.6357359375 0.3447078125 0.635603125 0.3451 0.6519296875 0.35107187500000003 0.652096875 0.3505875 0.6691734375 0.356846875 0.669021875 0.3572625 0.6854296875 0.36324999999999996 0.6856015625 0.3627828125 0.7017218749999999 0.3686796875 0.701565625 0.3691078125 0.7380140625 0.382375 0.7381703125 0.38194531249999997 0.7498359375 0.3861921875 0.74966875 0.3866171875 0.7662140625 0.39266875 0.7732453125000001 0.3737890625 0.756378125 0.36757343750000004
11 0.7885421874999999 0.4001328125 0.7954609375 0.3811546875 0.7750171875 0.3738234375 0.768115625 0.3927171875 0.7885421874999999 0.4001328125
7 0.7424109375 0.242521875 0.7258265625 0.28776406250000003 0.7692671875 0.3035296875 0.7810765625 0.27116875 0.7812921875 0.271246875 0.7859484375 0.2583984375 0.7424109375 0.242521875
3 0.7837890625 0.2721734375 0.7836921875 0.272440625 0.8113515625 0.28249375 0.7997234375 0.3144234375 0.8165234375000001 0.32058906249999997 0.832975 0.2754109375 0.787334375 0.2588734375 0.7826140625 0.27176093749999997 0.7837890625 0.2721734375
10 0.6883359375 0.2316078125 0.6748203125 0.2686859375 0.678959375 0.2701765625 0.6874484375 0.246825 0.6855749999999999 0.2461578125 0.6905546874999999 0.23241562500000001 0.6883359375 0.2316078125
1 0.819528125 0.25217812500000003 0.8196749999999999 0.25171875 0.8032390625 0.24572031249999998 0.80305 0.24618125000000002 0.8010875000000001 0.24543750000000003 0.8003921875 0.247315625 0.791090625 0.2439171875 0.7948953125 0.23352343750000001 0.7879828125 0.23102343749999998 0.7881578124999999 0.2305421875 0.7717203125000001 0.2245734375 0.7715546875 0.22502968750000002 0.7476859375 0.21637187500000002 0.747871875 0.21589375 0.739234375 0.2127796875 0.7390421875000001 0.21319531249999998 0.728503125 0.2093140625 0.7189 0.23570312499999999 0.738571875 0.24290937499999998 0.7408453125000001 0.23675156249999998 0.763940625 0.24515781250000002 0.7636578125 0.2459625 0.7805625 0.2521453125 0.7808625 0.2513171875 0.7941609374999999 0.2561890625 0.7938546875 0.2569984375 0.8108390625 0.2631640625 0.811140625 0.2623359375 0.8355609375 0.27123906249999996 0.8398046875 0.2595453125 0.8338875 0.2573921875 0.8340484375000001 0.25695 0.8254187500000001 0.2537921875 0.8252421875 0.25424531250000004 0.819528125 0.25217812500000003
10 0.717646875 0.24152187500000002 0.714596875 0.24984375 0.71985 0.25180156249999996 0.7201859374999999 0.25082343749999997 0.735390625 0.2564140625 0.7380515625 0.2489484375 0.717646875 0.24152187500000002
13 0.780053125 0.282965625 0.77315 0.3018734375 0.7985859375000001 0.3111921875 0.807396875 0.28759531250000003 0.7918453125 0.2820109375 0.7901421875 0.2866375 0.780053125 0.282965625
10 0.72459375 0.28689375 0.734715625 0.2590859375 0.720728125 0.25396718749999997 0.7105734375 0.281775 0.72459375 0.28689375
2 0.8165281249999999 0.32063125000000003 0.7765859374999999 0.3060015625 0.7558578125000001 0.36267187500000003 0.7959234375 0.3772515625 0.8165281249999999 0.32063125000000003
10 0.3527328125 0.2260140625 0.3542078125 0.2220765625 0.3508296875 0.22084687500000003 0.349415625 0.2247984375 0.3527328125 0.2260140625
1 0.4578765625 0.20949843750000002 0.46374062499999996 0.193396875 0.46121093750000003 0.192465625 0.4614640625 0.19174843749999998 0.4445203125 0.185528125 0.444253125 0.1862921875 0.4423265625 0.185621875 0.436540625 0.20168124999999998 0.43868437499999996 0.20248750000000001 0.438484375 0.20303437500000002 0.45487968749999996 0.2089109375 0.45505625 0.208471875 0.4578765625 0.20949843750000002
2 0.43642812500000006 0.1393640625 0.41680624999999993 0.19276875 0.43545 0.19951875 0.44239843749999996 0.1804609375 0.46539843750000004 0.18880312500000002 0.4779234375 0.15448125 0.43642812500000006 0.1393640625
3 0.3635859375 0.051039062499999996 0.3492 0.0905328125 0.3716078125 0.0986265625 0.3859765625 0.05902500000000001 0.38085625 0.057146875 0.3807796875 0.057329687500000004 0.3635859375 0.051039062499999996
10 0.33896875 0.1631953125 0.3422078125 0.1543203125 0.327609375 0.1489765625 0.32436875 0.15791249999999998 0.33896875 0.1631953125
10 0.4154890625 0.1923625 0.4258828125 0.16364218749999998 0.409759375 0.1576375 0.39926875 0.18644375 0.4154890625 0.1923625
10 0.265940625 0.2230546875 0.2555734375 0.251721875 0.2654390625 0.255328125 0.26864374999999996 0.24660781250000002 0.26418125 0.2449234375 0.2714578125 0.225046875 0.265940625 0.2230546875
2 0.2944 0.09914843749999999 0.27902187500000003 0.141540625 0.2823765625 0.14275 0.2824640625 0.1426 0.30795 0.15186093750000002 0.3232203125 0.10999531250000001 0.2944 0.09914843749999999