0 0.407330478125 0 0 0.1563595203125 0 0.592669521875 0.1563595203125 1 0.592669521875 1 1 0.8436404796874999 1 0.407330478125 0.8436404796874999 0 0.407330478125 0
2 0.3358213296875 0.4784118734375 0.3002363234375 0.49189427031250005 0.383564975 0.7095963171874999 0.46619233125 0.6782351359375001 0.4230691765625 0.56668464375 0.376826390625 0.5846581843750001 0.3358213296875 0.4784118734375
2 0.6362050671875 0.5452937343750001 0.6101298765625 0.5556762890625 0.65272585 0.6676366828125 0.7132167578125 0.6448415093750001 0.6642676484375001 0.5174467984375 0.630444903125 0.5307414359375 0.6362050671875 0.5452937343750001
10 0.434733125 0.4065799484375 0.45722511875 0.39794608125 0.45167082656249996 0.3840478203125 0.42939848124999996 0.392682728125 0.434733125 0.4065799484375
10 0.5296096640625 0.454509578125 0.54090476875 0.45032275000000005 0.531063784375 0.42482127187499996 0.519725496875 0.42917028437500004 0.5296096640625 0.454509578125
10 0.555774528125 0.34776821406249997 0.5687192890625 0.342668640625 0.5595473953125001 0.319328765625 0.546758409375 0.32449406718749996 0.555774528125 0.34776821406249997
1 0.297967528125 0.4868253453125 0.3707824140625 0.45906177968749995 0.356992678125 0.42393617656249993 0.2843908859375 0.4517752671875 0.297967528125 0.4868253453125
1 0.5113567328124999 0.5284778484375 0.5481587640625001 0.514350871875 0.533648625 0.47679046875 0.49651456875 0.4905277359375 0.5113567328124999 0.5284778484375
1 0.42613517968750003 0.3939872765625 0.40555530624999997 0.40211309531249995 0.42529308437499996 0.45286031718749997 0.47124722500000005 0.4352335640625 0.458912784375 0.40323640781250003 0.43318998906250006 0.4123656828125 0.42613517968750003 0.3939872765625
10 0.5980462921874999 0.44585620625000005 0.6318041562500001 0.43296807031249995 0.6276264625 0.42228536875 0.5939222609375 0.4351127375 0.5980462921874999 0.44585620625000005
8 0.5333776609374999 0.5594529828125 0.6013542453125 0.5331332718749999 0.607457140625 0.5490318546874999 0.6300517515624999 0.5399284640625 0.6128676343749999 0.4955634328125 0.46042057031250005 0.5549392937500001 0.40853580312500004 0.4191382859375 0.36582533281249996 0.4359718 0.41460841718749997 0.5642202109375 0.42460805312499994 0.5602076484375 0.497498928125 0.7499945875 0.5926331296875 0.7127897875 0.5333776609374999 0.5594529828125
7 0.47317638906250004 0.4403943671875 0.423567209375 0.45932541093749996 0.46042057031250005 0.5549392937500001 0.49699180312499996 0.5403636656249999 0.4948442671875 0.5349653453125 0.507664953125 0.5300439453125 0.47317638906250004 0.4403943671875
13 0.3786039484375 0.57790044375 0.411202828125 0.5650756046875001 0.3781122375 0.47906351249999996 0.34522311562499997 0.4919344921875 0.3786039484375 0.57790044375
13 0.6287873046875 0.5257910375 0.662657940625 0.512682203125 0.6338758265625 0.437898434375 0.6001020968749999 0.45086295468750004 0.6287873046875 0.5257910375
6 0.5518407640625 0.5129860203125001 0.611347565625 0.49044810625 0.59039914375 0.43710949687499995 0.5313464515625 0.459648828125 0.5518407640625 0.5129860203125001
1 0.398971790625 0.7497062828125001 0.4814041890625 0.7181555000000001 0.46803258437500006 0.68332128125 0.385805690625 0.714888575 0.398971790625 0.7497062828125001
12 0.5118670812499999 0.409160578125 0.567009271875 0.38745622812499997 0.5137073062499999 0.24893558750000003 0.458417196875 0.27005403125 0.5118670812499999 0.409160578125
10 0.3433264296875 0.4875428234375 0.37678715 0.47444740625000004 0.372336146875 0.46330559375 0.338908725 0.47626102968749995 0.3433264296875 0.4875428234375
5 0.517967353125 0.4244375640625 0.532341425 0.418806065625 0.544134015625 0.44894257031249996 0.6589231265625 0.40503481093750004 0.6424080484375 0.3625652890625 0.6247935921875001 0.36962643281249996 0.59942691875 0.3042982796875 0.5631594375 0.31806943125 0.5737166515625 0.345868396875 0.5574679765624999 0.3521056796875 0.572713640625 0.391621428125 0.5139549625 0.41417677187499996 0.517967353125 0.4244375640625
2 0.5887277890625 0.692718725 0.6493564468749999 0.66907903125 0.5998876484375 0.539214315625 0.5389042109375 0.5622655 0.5887277890625 0.692718725
10 0.6259915875 0.363434265625 0.641082496875 0.3576296921875 0.6108371515625 0.279330559375 0.5956660703125001 0.28507887656249997 0.6259915875 0.363434265625
4 0.5449721296875001 0.31938720468750004 0.5977167453125001 0.29928940000000004 0.5736114984375 0.2374653734375 0.5211629171875 0.25758008593750004 0.5449721296875001 0.31938720468750004