0 0.21875 0 0.21875 1 0.78125 1 0.78125 0 0.21875 0
4 0.6105765625 0.709240625 0.6105921875 0.6253875 0.5795234375 0.6256921875 0.5794390625 0.7091015625 0.6105765625 0.709240625
12 0.631115625 0.5528921875 0.6311453124999999 0.4621765625 0.564346875 0.46191875 0.5642890625 0.552828125 0.631115625 0.5528921875
5 0.5480234375 0.5621375 0.548075 0.47299375 0.528109375 0.47288281249999997 0.5280828125 0.7020421875 0.548 0.7020421875 0.548 0.6179296875 0.6105921875 0.6178078124999999 0.610509375 0.562015625 0.5480234375 0.5621375
10 0.5369890625 0.23334375000000002 0.5369890625 0.2069265625 0.5218234374999999 0.20715625000000001 0.5219 0.2332796875 0.5369890625 0.23334375000000002
13 0.533303125 0.27428906249999996 0.5332203125 0.23701406249999998 0.5203562500000001 0.23703124999999997 0.5203796875 0.21604218749999998 0.5010875 0.21599218750000002 0.5010875 0.27408125 0.533303125 0.27428906249999996
3 0.48311562500000005 0.207084375 0.4832109375 0.28331875 0.499559375 0.28331875 0.4995671875 0.2070125 0.48311562500000005 0.207084375
1 0.424790625 0.20718125 0.424796875 0.2752421875 0.4409015625 0.2751484375 0.44083125 0.2070875 0.424790625 0.20718125
11 0.42482031249999996 0.3197609375 0.4408953125 0.3195703125 0.440946875 0.27957187499999997 0.4248125 0.27950624999999996 0.42482031249999996 0.3197609375
10 0.5167078125 0.58274375 0.52435 0.5829328125 0.5243249999999999 0.524403125 0.5168140625000001 0.5242921875000001 0.5167078125 0.58274375
13 0.48323124999999995 0.5245796875 0.48323124999999995 0.5827609375 0.51549375 0.5828296875000001 0.5154671875 0.5244328125 0.48323124999999995 0.5245796875
10 0.538784375 0.2071703125 0.538784375 0.2684125 0.5526093750000001 0.2680390625 0.552665625 0.206984375 0.538784375 0.2071703125
10 0.5493546874999999 0.516340625 0.56041875 0.5164125 0.5604609375 0.47280468750000004 0.549275 0.4728734375 0.5493546874999999 0.516340625
10 0.5493234375 0.5590484375 0.5604984375 0.5590859375 0.56053125 0.523178125 0.549290625 0.5231421875 0.5493234375 0.5590484375
10 0.5608625 0.664096875 0.5763328125 0.6640421875 0.5763734375 0.6208359375 0.5609328125 0.620953125 0.5608625 0.664096875
10 0.54929375 0.62085 0.5493234375 0.664053125 0.5580453125 0.66425 0.558 0.620953125 0.54929375 0.62085
10 0.569165625 0.7092484375 0.5691171875000001 0.6709765625 0.5492343749999999 0.6710828125 0.5492828125 0.7021531249999999 0.5619828124999999 0.7019734375 0.5620625 0.7092484375 0.569165625 0.7092484375
10 0.5706171875 0.709240625 0.576428125 0.7093015625 0.576428125 0.6709578125 0.5705765625 0.6708109375 0.5706171875 0.709240625
10 0.549034375 0.340246875 0.549034375 0.35583593750000003 0.5589921875 0.3557640625 0.5591046875 0.3401390625 0.549034375 0.340246875
9 0.545484375 0.36391249999999997 0.5354687499999999 0.3639703125 0.5354171875 0.39874062499999996 0.5563859375 0.39882343750000004 0.5563374999999999 0.36581562500000003 0.5588875 0.3659265625 0.55885625 0.3597234375 0.545459375 0.3601 0.545484375 0.36391249999999997
2 0.552465625 0.321290625 0.5499796875 0.3212546875 0.550028125 0.2787890625 0.5525359375 0.27876875 0.552553125 0.272071875 0.5346828125 0.2723390625 0.5346515625 0.2780375 0.5013468750000001 0.2782171875 0.5013687499999999 0.3599171875 0.54743125 0.3599203125 0.5474375 0.3281890625 0.552471875 0.32797343749999996 0.552465625 0.321290625
7 0.5068312500000001 0.433596875 0.506915625 0.45913281250000004 0.5227359375 0.4590078125 0.5227859375 0.463340625 0.5588703125000001 0.46351875 0.558821875 0.44560625 0.556465625 0.44549374999999997 0.5564015625 0.41001875 0.5588546875 0.41001875 0.5588703125000001 0.40227812500000004 0.5340421875 0.4021703125 0.5339968749999999 0.36514531250000004 0.4994546875 0.3650453125 0.4994546875 0.433740625 0.5068312500000001 0.433596875
2 0.44261718749999995 0.20703437500000002 0.4426109375 0.2175484375 0.4451609375 0.2175125 0.44520312500000003 0.270709375 0.44261718749999995 0.27055625 0.44259531250000006 0.3344421875 0.480934375 0.33454843749999996 0.48092968750000004 0.20682968750000003 0.44261718749999995 0.20703437500000002
2 0.4397578125 0.4739484375 0.439725 0.4851640625 0.43129062500000004 0.4852359375 0.43125937499999994 0.5127937499999999 0.43394843749999995 0.5128890625 0.43392968749999994 0.5659515625 0.431234375 0.5657390625 0.431234375 0.5828109375 0.4490609375 0.582453125 0.4490609375 0.5835671875 0.48169218750000004 0.5833953125 0.48172031249999997 0.4728734375 0.4419546875 0.47298125 0.44197031249999996 0.47391249999999996 0.4397578125 0.4739484375
6 0.5069265625 0.4632328125 0.5069109375 0.464021875 0.5010578125 0.4640578125 0.5010578125 0.47835625000000004 0.49951249999999997 0.47836249999999997 0.49949374999999996 0.5204187499999999 0.5243249999999999 0.5203890624999999 0.524340625 0.463484375 0.5069265625 0.4632328125
8 0.49940625 0.29824843749999996 0.4831171875 0.29798749999999996 0.48325312499999995 0.34068437500000004 0.44479218749999994 0.34071250000000003 0.44479218749999994 0.33454843749999996 0.4397703125 0.33475781250000003 0.42208750000000006 0.334728125 0.42208750000000006 0.3457296875 0.4245140625 0.3457484375 0.42453124999999997 0.4512890625 0.42201875 0.4512890625 0.422103125 0.47391249999999996 0.44190625 0.47384062499999996 0.44192187499999996 0.4676765625 0.4834890625 0.4679125 0.483709375 0.5205328125 0.49939062500000003 0.5204625 0.49940625 0.29824843749999996