0 0.486908603125 0 0.44329256250000004 0.0022857453125 0.1945778265625 0.046140864062499995 0.24456861875000002 1 0.5130913968749999 1 0.5567074375 0.9977142546875 0.8054221734375 0.9538591359374999 0.75543138125 0 0.486908603125 0
2 0.59397910625 0.20249530937500002 0.6167207125 0.201303159375 0.613250340625 0.1357045046875 0.5905826984375 0.13678524375 0.59397910625 0.20249530937500002
1 0.60132458125 0.127997365625 0.61132538125 0.1273699625 0.6110528453125 0.12217111875 0.6113625859375 0.122137128125 0.6112876609375 0.12069542343749999 0.6115046234375 0.12068414062499999 0.60938171875 0.081101428125 0.609212096875 0.081093259375 0.6091365359375 0.0796659453125 0.608875221875 0.0796866359375 0.6085866671875 0.07447792343750001 0.5987109640625 0.07504995 0.5992539984375 0.08577801093750001 0.5988399 0.08577804375 0.60101898125 0.1275419515625 0.6012845484375 0.1275363765625 0.60132458125 0.127997365625
10 0.6502494171875 0.039539025 0.6575815875 0.039118798437500005 0.6572829421875 0.03357391875 0.649938384375 0.03390589375 0.6502494171875 0.039539025
13 0.6364080249999999 0.07480330156250001 0.6570561234375 0.07381370000000001 0.6554145046875 0.042485315625 0.634801715625 0.043405226562499996 0.6364080249999999 0.07480330156250001
10 0.6331617265625 0.04326443125 0.62222955625 0.04381965625 0.62398195 0.0758932515625 0.6348715890625 0.07526778281249999 0.6331617265625 0.04326443125
8 0.6061233453125 0 0.6103022828125 0.079474671875 0.6115967203125 0.07941936875 0.6179505187500001 0.2012862234375 0.6293507468749999 0.20062308281250002 0.6186553875 0 0.6061233453125 0
1 0.5888174828125 0.1493323890625 0.5885362578125 0.14933913906250001 0.5877460546875 0.13455487500000002 0.577427575 0.135027275 0.5809992375 0.2031799546875 0.5913458796875 0.202615325 0.5905155984375 0.187693746875 0.5908009875 0.1876926109375 0.590735428125 0.1865919609375 0.5909602656249999 0.1865713546875 0.589053153125 0.1508219078125 0.5888960203125 0.150830575 0.5888174828125 0.1493323890625
13 0.6277669890625 0 0.628907925 0.0221272890625 0.622315078125 0.0224663375 0.6232401140625 0.0407237015625 0.648714253125 0.03931786875 0.64662638125 0 0.6277669890625 0
6 0.62540924375 0.1039005859375 0.624292846875 0.10395781562499999 0.6257652953124999 0.132041278125 0.6435491046874999 0.131049015625 0.6434529640625 0.129208053125 0.6454565703124999 0.1291704984375 0.64436483125 0.1081501046875 0.64235443125 0.108230109375 0.6416614171874999 0.0949058375 0.624972478125 0.095736778125 0.62540924375 0.1039005859375
1 0.5944554656250001 0.08625127031249999 0.59262745 0.0863308484375 0.5920656984375 0.07546963906250001 0.5737758046875 0.0766510953125 0.5764981765625 0.1285956390625 0.5987147125 0.12743102343749999 0.59655179375 0.0859387484375 0.594452596875 0.0860550375 0.5944554656250001 0.08625127031249999
7 0.568314815625 0 0.5718912421875 0.0681047578125 0.6095395781249999 0.066115090625 0.6060501140625 0 0.568314815625 0
10 0.369390715625 0.054243965625 0.37622225 0.05388186874999999 0.375967696875 0.048245123437499995 0.3691015890625 0.0485911046875 0.369390715625 0.054243965625
10 0.3218939796875 0.148021059375 0.3332733921875 0.1473568296875 0.3300229078125 0.08348212031249999 0.3185393359375 0.0839965359375 0.3218939796875 0.148021059375
2 0.35249306874999997 0.260334184375 0.384421640625 0.2587311171875 0.380269865625 0.1802789515625 0.3645667890625 0.18115818125 0.364545734375 0.180912796875 0.3483439328125 0.18178001093750001 0.35249306874999997 0.260334184375
2 0.30128028281249997 0.21785210625 0.335911609375 0.2160374328125 0.3324402890625 0.1500914796875 0.322083421875 0.1506341109375 0.3221015015625 0.15080862343749998 0.297855290625 0.1520249125 0.30128028281249997 0.21785210625
13 0.3679280859375 0.0537863078125 0.3659189875 0.01592879375 0.34055711093749996 0.0204007765625 0.3424379234375 0.05520924687499999 0.3679280859375 0.0537863078125
10 0.35237397187499997 0.058083790625 0.3416666578125 0.05848354375 0.343291428125 0.09056219062500001 0.3540461046875 0.0899811453125 0.35237397187499997 0.058083790625
1 0.31569337656249996 0.10056430937500001 0.311749053125 0.100771125 0.3112621140625 0.09021721875 0.2928952921875 0.09133132187500001 0.295619471875 0.14330410625 0.317900003125 0.1421155125 0.31569337656249996 0.10056430937500001
3 0.406033546875 0.04570598125 0.40406643906250006 0.00920236875 0.38062493750000004 0.0133357390625 0.382453965625 0.0469237203125 0.406033546875 0.04570598125
8 0.3484980078125 0.21541582187500002 0.3381304828125 0.0208286578125 0.326996 0.0227919671875 0.33706729687500003 0.215924090625 0.3484980078125 0.21541582187500002
7 0.68713465625 0.6547999171875001 0.6881991015625 0.65473598125 0.6820489046875 0.539098725 0.656803140625 0.5404230375 0.65752171875 0.5547740953125 0.6564222390625 0.5548822859375 0.6610743828125 0.6436495875 0.6620397109375 0.6436174078125 0.662664471875 0.655690778125 0.678951165625 0.6548911000000001 0.6782785 0.6423390890625 0.6864438421875 0.641929025 0.68713465625 0.6547999171875001
10 0.6904195890625 0.549976046875 0.6990395796875 0.549561971875 0.6978847375 0.528003740625 0.6893041921874999 0.528542546875 0.6904195890625 0.549976046875
1 0.40766061875000004 0.6689084765625 0.42385608750000003 0.668023340625 0.419516378125 0.5852300453125 0.3987812796875 0.586338115625 0.4027587921875 0.6623712937499999 0.407319425 0.662114509375 0.40766061875000004 0.6689084765625
1 0.3979824234375 0.6570765109375001 0.3990827125 0.656999909375 0.39739835 0.6258250296875 0.380286284375 0.62714468125 0.38280897343750003 0.677218925 0.3990006359375 0.6763661921875 0.3979824234375 0.6570765109375001
7 0.39946410625 0.9919028593749999 0.4223327015625 0.99072005 0.42160699687500003 0.9762115890624999 0.43864674218750005 0.9755345703125 0.43401021406250007 0.8864329156249999 0.4270663578125 0.8867608734375001 0.4264039609375 0.8745640375000001 0.417081584375 0.8749988312499999 0.41778218125000005 0.8878172265625001 0.409616915625 0.8883177140624999 0.4089598171875 0.875781996875 0.392736021875 0.8766324624999999 0.39800948125 0.9775165796874999 0.3987038015625 0.9775670921874999 0.39946410625 0.9919028593749999
10 0.40380557499999997 0.7826194875 0.410457984375 0.782249309375 0.40455302968750007 0.6695595578125 0.40012274843749995 0.6697187875 0.4006195640625 0.679545875 0.38267066875 0.6804657046875 0.38555505625 0.7356865765625 0.4012614734375 0.7348622890625001 0.40380557499999997 0.7826194875
6 0.412732696875 0.832752821875 0.39984438125 0.8331198671875001 0.3994290921875 0.8247809187499999 0.390003246875 0.8253037687500001 0.3904183921875 0.8333809531249999 0.38948618437500004 0.8334659953125 0.3910675 0.8636515515625 0.392030753125 0.8635626203125 0.39243208749999997 0.8713725171875 0.408705396875 0.8704879359375 0.4082682046875 0.86214174375 0.41419974843749996 0.861903434375 0.412732696875 0.832752821875
8 0.389077765625 1 0.3986273359375 0.99952965625 0.3929631578125 0.8887093078125 0.39233699375 0.8886674031249999 0.39174344687499996 0.8766900718749999 0.39149416718749996 0.8767340265625 0.3912002859375 0.8714231234375 0.39143136875 0.8714109375 0.37835745625 0.6231882625 0.3971187125 0.6222235609375 0.39368813281250004 0.5549249828125 0.35403878125 0.557200846875 0.3539586140625 0.5570071375000001 0.3512529765625 0.5571304015625 0.3546897484375 0.6228714281250001 0.3574008234375 0.6226980203125 0.3574623078125 0.6225158265624999 0.36719182031250003 0.622023521875 0.36748263125 0.627281021875 0.3671557859375 0.6272989890625 0.3808580125 0.8867693718749999 0.345919853125 0.8885445390625 0.3517463875 1 0.389077765625 1
2 0.335585796875 0.6921586109375 0.3693528953125 0.6903916078125001 0.366022096875 0.6273751328125 0.3577199828125 0.627828353125 0.35764216718749997 0.6276389890625 0.35466634375 0.6277956140625001 0.354633884375 0.6275395484375 0.33225731718749996 0.6287323828125 0.335585796875 0.6921586109375
7 0.32892223125000003 0.0811360453125 0.325940409375 0.022978096875 0.279294375 0.03120305 0.282077275 0.0833289015625 0.32892223125000003 0.0811360453125
10 0.3481411203125 0.1789741640625 0.364446821875 0.17817430625 0.362865540625 0.14774599375 0.3465237234375 0.14855697968749998 0.3481411203125 0.1789741640625
6 0.3450239796875 0.1468270625 0.3628007265625 0.1458487375 0.360923178125 0.1096910796875 0.344233696875 0.1105189421875 0.3446691953125 0.11868456093749999 0.34355306875 0.11874332968750001 0.3450239796875 0.1468270625
10 0.344137428125 0.1076514703125 0.37751803281249996 0.1058970859375 0.37673335625000004 0.0917290375 0.3434022625 0.093476278125 0.344137428125 0.1076514703125
10 0.313883753125 0.0966090828125 0.316795225 0.09643841875 0.3164476296875 0.090112040625 0.313537965625 0.0903109453125 0.313883753125 0.0966090828125
10 0.3901269984375 0.8225593359375001 0.399009303125 0.8220942484375 0.3984512484375 0.810696115625 0.389515446875 0.8111817406249999 0.3901269984375 0.8225593359375001
1 0.33049844687499996 0.621069834375 0.3511825796875 0.6200056546875 0.34849717812500003 0.5690716046875 0.32781747031249997 0.57019688125 0.33049844687499996 0.621069834375
10 0.41588843124999997 0.8750616625 0.41517944062499995 0.8750629218749999 0.41465507968750004 0.8647916828125 0.4097109484375 0.8649970921874999 0.410767828125 0.8854508687499999 0.416433903125 0.8851736921875 0.41588843124999997 0.8750616625
2 0.374482278125 0.5474115234375 0.387572659375 0.5467597515625 0.3869264421875 0.5340698015625 0.392559025 0.5338096359375 0.3912442203125 0.5085368109374999 0.3724771609375 0.5095675875000001 0.370236653125 0.4669244265625 0.323906503125 0.4693374828125 0.3282939796875 0.5536074171875 0.3506857484375 0.5524468078125 0.35074126250000004 0.5522307609375 0.3537820640625 0.5521547 0.35386582031249997 0.551936846875 0.37467784531250004 0.550896128125 0.374482278125 0.5474115234375
10 0.40062880781250004 0.8308919937500001 0.41282989531250003 0.8302447140625 0.4104812015625 0.7851613937499999 0.3983696296875 0.7858214484375 0.40043178749999997 0.8248436937499999 0.4003525859375 0.8248624187500001 0.40062880781250004 0.8308919937500001
10 0.3761395359375 0.5528961296875 0.39369596093750003 0.5520090109375 0.392869553125 0.5365695171875 0.3883516515625 0.536753715625 0.38903190312499997 0.5494297312499999 0.375994646875 0.550130840625 0.3761395359375 0.5528961296875
10 0.4317238234375 1 0.4306283171875 0.9790903500000001 0.4227427578125 0.97944949375 0.4233413 0.9906453359375 0.42357084375 0.9906334203125 0.4237979453125 0.9951516890625 0.4202228296875 0.9953378296875 0.420467340625 1 0.4317238234375 1
10 0.44013803749999997 1 0.438992640625 0.9784500484375 0.43186811406250003 0.9788241421875 0.4329780375 1 0.44013803749999997 1
1 0.34411328281250003 0.8808634281250001 0.3769896203125 0.8792455578125 0.371266234375 0.7704649156250001 0.3384258203125 0.7721605421875 0.34411328281250003 0.8808634281250001
10 0.41914494375 1 0.4189044046875 0.9954100562500001 0.41271787499999996 0.995713953125 0.41294500312500004 1 0.41914494375 1
10 0.4282247703125 0.8839815546875001 0.4340367484375 0.883731009375 0.43349170312499996 0.8738013640625001 0.42771303125 0.8740698359374999 0.4282247703125 0.8839815546875001
3 0.39043035000000004 0.49276350625000004 0.40822808125 0.491886196875 0.4068113109375 0.465000321875 0.3714065421875 0.46687363125000003 0.373471821875 0.5068853671875 0.3911165875 0.5059953640625 0.39043035000000004 0.49276350625000004
10 0.32743986875000003 0.56746151875 0.3483340203125 0.5661937140625 0.3480386984375 0.5601817875 0.3271486359375 0.5613378078125 0.32743986875000003 0.56746151875
13 0.39671038593749997 0.78226015625 0.4023728359375 0.78200741875 0.40006851875000005 0.7380395875 0.3859104390625 0.73873683125 0.389528971875 0.8082980828125 0.3980639828125 0.8078069703124999 0.39671038593749997 0.78226015625
2 0.33937403125 0.7643919265625 0.373104746875 0.762607540625 0.369463046875 0.69301388125 0.3357559625 0.6947433296875001 0.33937403125 0.7643919265625
13 0.3963977265625 0.5757806875 0.4112831734375 0.5750694265625 0.4071738609375 0.4952294265625 0.392146115625 0.4960244828125 0.3963977265625 0.5757806875
10 0.41289153125 0.578108178125 0.4179222796875 0.5779350937500001 0.41608205781249996 0.5428259453125001 0.411079628125 0.543087646875 0.41289153125 0.578108178125
13 0.3556046421875 0.08940805156250001 0.3762995390625 0.08839591875 0.374635090625 0.057208007812499996 0.3540011375 0.0580078953125 0.3556046421875 0.08940805156250001
1 0.630180346875 0.96716831875 0.6508128875 0.9661084765625001 0.64816259375 0.9152475671875001 0.6275064296874999 0.9163084015624999 0.630180346875 0.96716831875
8 0.6748701765625 0.909148434375 0.664246815625 0.7070906375 0.6643238421875 0.707086575 0.661910928125 0.6610451625 0.6616894421875 0.6610397921875 0.6614174687500001 0.6557091609375 0.66164855 0.6556969734375 0.6556169484375001 0.5405433453125 0.6553770875 0.5405507328125 0.6551386984375 0.535842475 0.6553133 0.5358339015625 0.6551604609375 0.5329605390625 0.628007565625 0.53441963125 0.6279359921875 0.5342656578125 0.6258986234374999 0.5343186859375 0.6258193515625 0.53419304375 0.6212257671875 0.5344699171875 0.627161153125 0.6483220421875 0.64984303125 0.64706109375 0.663323671875 0.906597521875 0.663554846875 0.906567865625 0.663832121875 0.91153264375 0.6636985203125 0.9115577874999999 0.66716183125 0.97717038125 0.676006125 0.976678678125 0.68483861875 0.9751212703125001 0.681353109375 0.9090318515625 0.6748701765625 0.909148434375
1 0.627478003125 0.9111442578125001 0.6377409125 0.9106356453125001 0.630349384375 0.7698903078125 0.6201494609375 0.7704861828125 0.627478003125 0.9111442578125001
1 0.61959055625 0.7651839328125 0.652491075 0.7634602562499999 0.646765225 0.654827603125 0.61387891875 0.6565329078125 0.61959055625 0.7651839328125
10 0.6304106984375 0.9763030328125 0.6512862875 0.9750829265625001 0.6509803734374999 0.9690919062500001 0.6301126781249999 0.9701678265625 0.6304106984375 0.9763030328125
1 0.69577954375 0.6420106999999999 0.703880346875 0.6416215359375 0.6992085234375 0.5524816796875001 0.6892605015625 0.553039484375 0.6878991921875001 0.5256853031250001 0.6923655078125 0.5254514953125 0.6879430703125 0.44134321249999997 0.6803528531249999 0.44172167656249994 0.68246120625 0.481806734375 0.6743005640625 0.4822524625 0.6767961687499999 0.529878590625 0.6843972578125 0.5294268109375 0.69111965 0.6563264328125 0.6965322859375 0.6560606265625 0.69577954375 0.6420106999999999
10 0.6916606953125 0.8606998734375001 0.696117228125 0.8605185625 0.6901950046875001 0.7476858890625 0.683516534375 0.7480162375 0.68601845625 0.7957681796875 0.6702916703125 0.7966119265625 0.6731861046875001 0.8518357875 0.691154825 0.850893421875 0.6916606953125 0.8606998734375001
10 0.6898733671875 0.7447550265625 0.68750358125 0.6996960515625 0.6753608734375 0.700350490625 0.67567265625 0.706446778125 0.675768328125 0.70645846875 0.6777746515625 0.745389015625 0.6898733671875 0.7447550265625
13 0.6821707671875 0.7487882171875 0.6764968203125 0.74904774375 0.6751691890625 0.7235852015625001 0.6666501125 0.7240497046875001 0.6702903828125 0.793518275 0.684472190625 0.7927216515625 0.6821707671875 0.7487882171875
1 0.6535351515625 0.972684096875 0.6641317 0.97211506875 0.6612562125 0.9166927140625001 0.65060535625 0.9172506921875 0.6535351515625 0.972684096875
10 0.6802409859375 0.654836609375 0.6803526796875 0.6548311953125 0.6806113781249999 0.6599515625000001 0.6805185046875 0.6599917375000001 0.68079055 0.6654667375 0.6857285328125 0.6652084671875 0.685161640625 0.6548669828125 0.685889553125 0.65482906875 0.685369871875 0.6447553312500001 0.67969311875 0.6450169375 0.6802409859375 0.654836609375
10 0.713975090625 0.9504129625 0.714993740625 0.969804109375 0.7199531703125001 0.9689296281249999 0.7189534421875 0.9501586812499999 0.713975090625 0.9504129625
2 0.6621835093749999 0.9063670078125 0.6589234046875 0.843328546875 0.6371251234375 0.8445526890625 0.6405189578125 0.9079356609375001 0.6506467421875 0.907344571875 0.6507035250000001 0.9071267140625 0.6538429078125 0.906961875 0.65390203125 0.90682928125 0.6621835093749999 0.9063670078125
13 0.6977588171875 0.9544464156249999 0.698702865625 0.9726766296875 0.7135442265624999 0.970059696875 0.7126685234375 0.9537197718750001 0.6977588171875 0.9544464156249999
11 0.610060746875 0.4918455171875 0.6219262140625 0.49118443125000005 0.6199676109375 0.4507969 0.60788908125 0.451419396875 0.610060746875 0.4918455171875
1 0.69190358125 0.8734149296875 0.6908627609375 0.873477871875 0.6898535890625 0.8542754484374999 0.673672340625 0.855088265625 0.6763814984375001 0.9050772703125001 0.693619246875 0.904695353125 0.69190358125 0.8734149296875
10 0.666342053125 0.7211148625 0.6752477109374999 0.72064724375 0.674655609375 0.7093439640625 0.665737290625 0.7097217921875 0.666342053125 0.7211148625
1 0.6232083484375 0.5281134515625 0.6214463609374999 0.4940868515625 0.610173015625 0.494857721875 0.6121323046875 0.5329096515625 0.6077206562499999 0.5331655515625 0.6138985734375 0.65123653125 0.6245644218749999 0.6509075531249999 0.6181814625000001 0.5285063937500001 0.6232083484375 0.5281134515625
10 0.666685265625 0.535334403125 0.674798290625 0.5349335640625 0.671888184375 0.47916191562500005 0.6694196875 0.47931634843750004 0.6711807359375 0.5122848484375 0.665494290625 0.51260845625 0.666685265625 0.535334403125
2 0.6549320843750001 0.5278411703125 0.6505548640625001 0.44597789218750006 0.6217663875 0.4474921515625 0.6260434890625 0.52944448125 0.6277208921875 0.5293565546875 0.627773421875 0.52912358125 0.6549320843750001 0.5278411703125
1 0.6933820203125001 0.9455779578125 0.696978771875 0.94537055 0.6951744765625001 0.9103121843749999 0.6842062875 0.9108340937499999 0.687440665625 0.9720620156249999 0.69476495625 0.9716780828125 0.6933820203125001 0.9455779578125
10 0.6978480828125 0.6560094875 0.704552984375 0.655676065625 0.703958715625 0.644333503125 0.6972167953125 0.6446639328125 0.6978480828125 0.6560094875
3 0.6524478515625 0.4772111828125 0.6793709234375 0.47581641250000006 0.6777419640625 0.44457781875 0.6507746203125 0.4460454453125 0.6524478515625 0.4772111828125
1 0.6990551890625001 0.9437573499999999 0.7198023171875 0.942699515625 0.7154888734375 0.8604331015625 0.6992737765625 0.861224915625 0.6996183015625 0.8674978890625 0.69507939375 0.867742909375 0.6990551890625001 0.9437573499999999
6 0.6653597640625 0.7071038265625 0.6747852515625 0.7065429609375 0.67431375625 0.6981821921875 0.687154140625 0.697525315625 0.6868011078125 0.69124908125 0.6895616953125 0.6910685296875 0.6884372625 0.67017765625 0.6857219421875 0.6702820015625 0.685619325 0.668161353125 0.6796503 0.6684570437499999 0.679204146875 0.6601140187500001 0.662973565625 0.6609529875 0.6633709265625 0.6686953609375 0.6624134703125 0.6687451906249999 0.6639813875 0.6989537359375 0.6649055359375 0.6988859796875 0.6653597640625 0.7071038265625
13 0.663971296875 0.5094959484375 0.669593103125 0.5092646546874999 0.668102725 0.4799277625 0.6539116921875 0.48067206875 0.656755425 0.5353384515624999 0.6652918765625 0.534891509375 0.663971296875 0.5094959484375
2 0.658728621875 0.8407211968749999 0.6551053875 0.77112428125 0.6333920859375 0.7724254625 0.6370195171875 0.8417852343750001 0.658728621875 0.8407211968749999
10 0.594735853125 0.0818577078125 0.59710278125 0.0818021 0.596767775 0.07542114531250001 0.594411875 0.075584284375 0.594735853125 0.0818577078125
1 0.6404783578125001 0.20835672187499998 0.6400237953125 0.208397209375 0.63981874375 0.20477782968749997 0.6302341265625 0.20538103125 0.6304333234375 0.20944410625 0.630106478125 0.20946207343749998 0.631775309375 0.2403779015625 0.6320425921874999 0.2403910640625 0.63232253125 0.245721878125 0.6419474125 0.24522105156250001 0.64170369375 0.240437575 0.6421287484375 0.2404007046875 0.6404783578125001 0.20835672187499998
2 0.6446901656249999 0.24505633593749998 0.665216709375 0.2440342234375 0.6611144390625 0.165628859375 0.629137928125 0.16699604375 0.63100239375 0.2021977 0.6423985390625 0.20161936875 0.6446901656249999 0.24505633593749998
3 0.66148518125 0 0.6632015078125 0.03228121875 0.686862384375 0.030966642187499997 0.6863622890625 0.021282928125 0.686248878125 0.02126960625 0.685145484375 0 0.66148518125 0
10 0.621033353125 0 0.6220476203125 0.019149896875 0.627356528125 0.0188896875 0.626377221875 0 0.621033353125 0
10 0.628972446875 0.1645548796875 0.6461250187500001 0.163554925 0.6445955265625 0.13300641875000002 0.6273739093749999 0.133902725 0.628972446875 0.1645548796875
10 0.62492091875 0.0928979140625 0.641736590625 0.091966884375 0.6582452 0.0913279875 0.6575192000000001 0.07697982656249999 0.6241854828125 0.0787211828125 0.62492091875 0.0928979140625