13 0.42578125 0.21387343749999999 0.43303906249999996 0.1548421875 0.413625 0.152415625 0.40641875 0.2115546875 0.42578125 0.21387343749999999
10 0.7074953125000001 0.300209375 0.7094265625 0.2847453125 0.6876218749999999 0.282059375 0.6857484375 0.29745468750000004 0.7074953125000001 0.300209375
8 0.359659375 0.58135 0.3440828125 0.70869375 0.3544484375 0.709915625 0.33720625000000004 0.851403125 0.3516 0.8530374999999999 0.373040625 0.6764109375 0.40102187499999997 0.6799953125 0.41233906249999996 0.5878187500000001 0.359659375 0.58135
10 0.39515781250000004 0.27779375 0.397375 0.259503125 0.38477968749999997 0.25802187499999996 0.38252031249999996 0.276175 0.39515781250000004 0.27779375
10 0.48457656250000003 0.116471875 0.48580468750000005 0.106146875 0.47577499999999995 0.1049515625 0.47449375 0.11520937499999999 0.48457656250000003 0.116471875
10 0.4831625 0.13685468750000002 0.484571875 0.1250796875 0.45316406249999996 0.12113750000000001 0.45171406249999996 0.13313906250000002 0.4831625 0.13685468750000002
10 0.4295703125 0 0.4291015625 0.003875 0.44208749999999997 0.0055171875 0.44279062500000005 0 0.4295703125 0
10 0.4312765625 0.11498125 0.41831406250000003 0.1133890625 0.413896875 0.1493625 0.4268375 0.1511421875 0.4312765625 0.11498125
1 0.46243125 0 0.452884375 0.077946875 0.489865625 0.082378125 0.49338125 0.053534375 0.469890625 0.050649999999999994 0.47613281250000006 0 0.46243125 0
7 0.444065625 0 0.44337499999999996 0.0055171875 0.44363906249999996 0.0055484375 0.44292968750000006 0.011318749999999999 0.42942656250000005 0.0096390625 0.4176484375 0.107403125 0.47333437500000003 0.1144640625 0.4748984375 0.1018625 0.48588437500000003 0.10321093750000002 0.48724999999999996 0.0922234375 0.44712500000000005 0.0871453125 0.4578203125 0.000165625 0.456475 0 0.444065625 0
10 0.418490625 0.280678125 0.420728125 0.26246562500000004 0.3987734375 0.25975625 0.3965703125 0.27791875 0.418490625 0.280678125
6 0.424125 0.25760625 0.4276765625 0.228953125 0.425153125 0.22864374999999998 0.4265703125 0.2168328125 0.40576718749999996 0.214278125 0.40433593749999996 0.2259359375 0.403209375 0.2257984375 0.399434375 0.25705 0.4210625 0.25970624999999997 0.42131718749999997 0.2573375 0.424125 0.25760625
10 0.4518703125 0.12090624999999999 0.44226093750000006 0.11984062499999999 0.4325234375 0.199409375 0.44210312500000004 0.20045937500000002 0.4518703125 0.12090624999999999
1 0.3711015625 0 0.337328125 0.27513437500000004 0.350125 0.2768359375 0.3841046875 0 0.3711015625 0
4 0.475415625 0.1995765625 0.48239375000000007 0.14273750000000002 0.45226718750000006 0.1388140625 0.4452984375 0.195990625 0.475415625 0.1995765625
5 0.4917890625 0.20742500000000003 0.43241874999999996 0.20013437500000003 0.42317968749999996 0.27537968749999997 0.48258906250000005 0.2823421875 0.4917890625 0.20742500000000003
8 0.42940781250000004 0.0096546875 0.38816562499999996 0.004659375 0.3747125 0.11445625 0.4020671875 0.1176890625 0.3851078125 0.25535312499999996 0.399434375 0.25705 0.42940781250000004 0.0096546875
7 0.373040625 0.6764109375 0.36456093749999996 0.7449765625 0.4018125 0.749284375 0.40723906249999997 0.704603125 0.4096078125 0.70489375 0.412496875 0.6815234375 0.373040625 0.6764109375
10 0.3265625 0.905240625 0.33485312500000003 0.8377171875 0.3248046875 0.8365375 0.31646874999999997 0.90405625 0.3265625 0.905240625
1 0.3623265625 0.54224375 0.35906875 0.5687875 0.361134375 0.56910625 0.3609 0.5710109375 0.41560625 0.5777281249999999 0.41910781249999995 0.5492140625 0.3623265625 0.54224375
2 0.35630625 0.82463125 0.352803125 0.8531656249999999 0.3559171875 0.8535484375 0.3526328125 0.880303125 0.3741703125 0.8829484375 0.3809359375 0.8276984374999999 0.35630625 0.82463125
10 0.435015625 0.6122359375 0.43788593750000004 0.588678125 0.41724531249999997 0.5860328124999999 0.4143828125 0.6095546875 0.435015625 0.6122359375
1 0.3502890625 0.8632937500000001 0.33450625 0.8611078125 0.3290265625 0.905590625 0.388146875 0.9127265625 0.4068890625 0.7603765625000001 0.3941015625 0.75880625 0.37748906249999997 0.8939578125000001 0.34700000000000003 0.8900874999999999 0.3502890625 0.8632937500000001
10 0.43193906249999997 0.636359375 0.4341296875 0.6181640625 0.4244171875 0.6169875 0.4221859375 0.6352375 0.43193906249999997 0.636359375
10 0.28975625 0.763878125 0.29052656250000003 0.7573890624999999 0.2657265625 0.7541125 0.2628640625 0.7769578125 0.3127203125 0.78291875 0.314721875 0.766996875 0.28975625 0.763878125
10 0.344215625 0.7833859375000001 0.3471625 0.759503125 0.330278125 0.7574296875 0.327365625 0.781378125 0.344215625 0.7833859375000001
6 0.3217375 0.8271499999999999 0.3387984375 0.8291640625 0.34015625 0.8181140625 0.3411453125 0.8182359375000001 0.345028125 0.7866140625 0.3269625 0.7843171875 0.3217375 0.8271499999999999
10 0.415796875 0.7674000000000001 0.41733593750000003 0.7548671875 0.4103203125 0.753965625 0.40877187499999995 0.7665734375000001 0.415796875 0.7674000000000001
2 0.6701484375 0.295496875 0.6788359374999999 0.2247609375 0.6541375 0.22173437499999998 0.6454640625 0.292459375 0.6701484375 0.295496875
8 0.6674515624999999 0.1422140625 0.6901296875 0.14499843750000002 0.6737562500000001 0.27764687499999996 0.6880078125 0.2794609375 0.71670625 0.045 0.6799421875 0.0404859375 0.6674515624999999 0.1422140625
1 0.6634421875000001 0.1373484375 0.6748203125 0.0443015625 0.671471875 0.0438515625 0.6746515625 0.017689062499999998 0.662334375 0.016176562499999998 0.6281203125 0.294684375 0.6354765625 0.2954984375 0.6355796875 0.2945453125 0.6406046875 0.2951171875 0.6599781250000001 0.13698125 0.6634421875000001 0.1373484375
13 0.7143734375 0.2363484375 0.72160625 0.1772890625 0.702203125 0.17490624999999999 0.6949687499999999 0.2340765625 0.7143734375 0.2363484375
2 0.6792359375 0.2214203125 0.6878968750000001 0.1509109375 0.66323125 0.147665625 0.654584375 0.218415625 0.6792359375 0.2214203125
10 0.745503125 0.17751875 0.7394296875 0.1767078125 0.7358921875 0.20527968749999997 0.7419781249999999 0.206221875 0.745503125 0.17751875
13 0.7193546875 0.023178125 0.71741875 0.039028125000000004 0.733278125 0.040975 0.7348656250000001 0.028053125 0.7466046875 0.0294609375 0.746959375 0.0265671875 0.7193546875 0.023178125
10 0.70634375 0.339009375 0.7100187499999999 0.3095171875 0.6956015625 0.3076671875 0.691915625 0.3372546875 0.70634375 0.339009375
0 0.2780296875 0 0.15991249999999999 0.961996875 0.46941875 1 0.7219703125 1 0.8400874999999999 0.038003125 0.53058125 0 0.2780296875 0
10 0.726940625 0.23391718749999998 0.7197390625 0.233109375 0.718159375 0.2461828125 0.73684375 0.2484296875 0.741296875 0.21198125 0.72988125 0.21042812500000002 0.726940625 0.23391718749999998
10 0.744734375 0.044965624999999995 0.7463203125 0.03231875 0.7358265625 0.0309546875 0.7342875 0.0437578125 0.744734375 0.044965624999999995
1 0.7232937500000001 0.19854687499999998 0.7352515625 0.2000296875 0.7384906250000001 0.17365312500000002 0.745934375 0.1746703125 0.761140625 0.05005468749999999 0.7490921875 0.0484375 0.7365609375 0.1504875 0.7293703125000001 0.1496453125 0.7232937500000001 0.19854687499999998
10 0.76195 0.044107812499999996 0.7638046875 0.028635937500000003 0.751725 0.027153125 0.749809375 0.042653125 0.76195 0.044107812499999996
6 0.7134359375 0.25191093750000004 0.7149265625 0.239575 0.6944 0.23700312499999998 0.6930468750000001 0.2482234375 0.6918078125 0.24812656249999998 0.6880078125 0.2794609375 0.7097609375 0.282025 0.7098828125 0.28085625 0.71180625 0.2810375 0.715359375 0.25209375 0.7134359375 0.25191093750000004
10 0.72188125 0.174553125 0.7256390625 0.1448015625 0.706015625 0.1423921875 0.7024390625 0.17193750000000002 0.72188125 0.174553125
7 0.71670625 0.045 0.705465625 0.1365140625 0.7355703124999999 0.14015625 0.7383296875 0.11788125 0.7359453125 0.1175375 0.7444984375 0.048057812500000005 0.71670625 0.045
10 0.684203125 0.297884375 0.6861203125 0.282271875 0.6733765625 0.28061250000000004 0.6714828125000001 0.296440625 0.684203125 0.297884375
10 0.7241859374999999 0.22524375000000002 0.7270078125 0.20200468749999997 0.7200375 0.20108125000000002 0.7171890624999999 0.22447499999999998 0.7241859374999999 0.22524375000000002
1 0.6879500000000001 0.6399250000000001 0.691453125 0.61139375 0.607046875 0.6007984375000001 0.6035046875 0.6294671875 0.6879500000000001 0.6399250000000001
7 0.5929 0.732903125 0.5874078125 0.7772 0.5987171874999999 0.7788203125 0.596509375 0.797225 0.6237578125 0.8005718749999999 0.6314984375 0.737528125 0.5929 0.732903125
8 0.604203125 0.6399921875000001 0.5929 0.732903125 0.6314984375 0.737528125 0.609990625 0.9125984375 0.6242656249999999 0.9143515624999999 0.63843125 0.798475 0.64325 0.7990671875 0.6508828125 0.7369078124999999 0.646125 0.736325 0.656971875 0.646471875 0.604203125 0.6399921875000001
2 0.6030109375 0.9584640625 0.6125499999999999 0.8799312499999999 0.5866890625 0.87675625 0.5770328124999999 0.9552734375 0.6030109375 0.9584640625
6 0.6521250000000001 0.8698671875 0.65565625 0.8411078125 0.6529140625000001 0.8408187500000001 0.65309375 0.83935625 0.633746875 0.8369796875000001 0.629840625 0.8682890625 0.63096875 0.8683796875 0.629634375 0.87975625 0.6478796874999999 0.8819953125 0.64944375 0.869584375 0.6521250000000001 0.8698671875
1 0.5960625 0.6692437499999999 0.584221875 0.6679734374999999 0.5811375 0.6927734375 0.5719953125 0.6915546875 0.5590046875 0.7970015625 0.5821109375 0.8000328124999999 0.5632578125000001 0.9535765625 0.5726625000000001 0.95473125 0.593078125 0.7881171874999999 0.581596875 0.7867078125 0.5960625 0.6692437499999999
10 0.5966671875 0.6643421875 0.5999734375 0.6374203125 0.578746875 0.6347234375 0.57545 0.6615328125 0.5966671875 0.6643421875
3 0.6906953125 0.74121875 0.6717921875 0.7392453125 0.6631921875 0.8088734375 0.6822046875 0.8112078125 0.6906953125 0.74121875
13 0.6521546875 0.7370453125 0.647740625 0.772634375 0.653684375 0.773265625 0.6504421875 0.7996796875000001 0.6629203125 0.801015625 0.6706484374999999 0.739121875 0.6521546875 0.7370453125
10 0.637715625 0.91591875 0.6415328125 0.8844890624999999 0.6293765625 0.8829968750000001 0.625534375 0.91461875 0.637715625 0.91591875
10 0.5802234375 0.689771875 0.5828328125 0.668128125 0.5749453124999999 0.66710625 0.5723046875 0.6888 0.5802234375 0.689771875
11 0.7040890625 0.645028125 0.707928125 0.6131624999999999 0.6926484375 0.61143125 0.6887421875 0.6432390625 0.7040890625 0.645028125
2 0.612965625 0.8767234374999999 0.6215859375 0.8061125 0.5957484375 0.803021875 0.5870890625 0.8735468750000001 0.612965625 0.8767234374999999
10 0.6534484375 0.83653125 0.6575593750000001 0.8036421875 0.6393421874999999 0.8014046875 0.6352875 0.8341390625 0.6534484375 0.83653125
2 0.6910546875 0.73893125 0.701709375 0.6518890625 0.6595765625000001 0.646784375 0.6489296875 0.733571875 0.6910546875 0.73893125
10 0.6491109374999999 0.7993171875 0.6519859375 0.7760812500000001 0.6473203125 0.77555625 0.6445953125 0.7987625 0.6491109374999999 0.7993171875
13 0.6309546874999999 0.962009375 0.636309375 0.9183890625 0.609684375 0.915303125 0.6044031249999999 0.958584375 0.6309546874999999 0.962009375
3 0.319040625 0.756159375 0.324784375 0.7091640625 0.3017234375 0.706203125 0.29593125 0.75338125 0.319040625 0.756159375
2 0.31929375000000004 0.6731390625 0.327021875 0.61023125 0.28483749999999997 0.6050875 0.2731515625 0.700078125 0.34144375 0.7084125 0.34535 0.6764328125 0.31929375000000004 0.6731390625
9 0.35310312499999996 0.6134703125 0.32844687499999997 0.6103734375000001 0.3210546875 0.67058125 0.34576875 0.6734453125 0.35310312499999996 0.6134703125
13 0.27285624999999997 0.70265 0.269415625 0.73051875 0.28108125 0.7319 0.27943125 0.74510625 0.29546875 0.747009375 0.300446875 0.7059796875 0.27285624999999997 0.70265
12 0.31401875 0.903690625 0.322259375 0.8363781250000001 0.2667703125 0.8295015625 0.258475 0.8967625 0.31401875 0.903690625
2 0.3813578125 0.8247078125 0.3900375 0.753871875 0.365446875 0.7506468749999999 0.35667031250000003 0.8216765625000001 0.3813578125 0.8247078125
10 0.320621875 0.755471875 0.32011875 0.759575 0.3192609375 0.759559375 0.31725625 0.7761890625000001 0.3264203125 0.7772671875 0.3289078125 0.7565359375 0.320621875 0.755471875
11 0.3014671875 0.5996453125000001 0.3053359375 0.568278125 0.2910375 0.566275 0.2872109375 0.5974406250000001 0.3014671875 0.5996453125000001
10 0.2779484375 0.7473171875 0.279478125 0.7347109374999999 0.26908906250000003 0.7333984375 0.26751562500000003 0.746075 0.2779484375 0.7473171875
13 0.3473609375 0.7561609375 0.3527515625 0.712596875 0.326284375 0.7092109375 0.320946875 0.7528265625 0.3473609375 0.7561609375
1 0.3523171875 0.6030625 0.35592812500000004 0.574184375 0.306596875 0.5681265625 0.3030671875 0.5968718749999999 0.3523171875 0.6030625
1 0.40620781250000004 0.750003125 0.41776875 0.751621875 0.43158124999999997 0.6391296875 0.4204359375 0.6377140625 0.423140625 0.6153140625 0.4137734375 0.6141640625 0.406915625 0.6703671875 0.41583437500000003 0.6714171875 0.40620781250000004 0.750003125
10 0.43459375 0.1519109375 0.43903749999999997 0.1159546875 0.4326546875 0.11517031250000001 0.4282421875 0.1513328125 0.43459375 0.1519109375
2 0.391140625 0.1943109375 0.399815625 0.12359687500000001 0.37396250000000003 0.120365625 0.365325 0.19108750000000002 0.391140625 0.1943109375
2 0.38113125000000003 0.27603125 0.39075625 0.1974140625 0.3648875 0.1942953125 0.355221875 0.273015625 0.38113125000000003 0.27603125