0 0.45185547656249997 0 0.2822218703125 0.032973432812499995 0 0.2615128328125 0 0.5481445234375 0.032973432812499995 0.7177781296875 0.2615128328125 1 0.5481445234375 1 0.7177781296875 0.9670265671875 1 0.7384871671875 1 0.45185547656249997 0.9670265671875 0.2822218703125 0.7384871671875 0 0.45185547656249997 0
6 0.40318080624999997 0.5290307875 0.4313481890625 0.5061833 0.4292156796875 0.5035814609375 0.43813749843750005 0.49628567968750004 0.404506753125 0.4545945578125 0.3577426 0.4928676375 0.3909975578125 0.5340667359375 0.400965446875 0.5261664984375 0.40318080624999997 0.5290307875
1 0.6358206953125001 0.561065509375 0.662069021875 0.5934791859375 0.7353343078125001 0.5347103875 0.7087426125 0.5018731984375 0.6358206953125001 0.561065509375
1 0.440376775 0.752594075 0.455738153125 0.7713354421874999 0.5273968015625 0.713415359375 0.493229075 0.6715739375 0.4330668484375 0.7209082796875 0.45157469375000003 0.743561775 0.440376775 0.752594075
7 0.5388642765625 0.514855725 0.5366417703125 0.5166550453125 0.5226355578125 0.4994234640625 0.4841129796875 0.5306189421874999 0.5565133109375 0.6199661812499999 0.637203125 0.5543629609375 0.578885971875 0.48189807656249994 0.5767679 0.48353861406250004 0.5631516671875 0.4667246703125 0.5247738359375 0.497616640625 0.5388642765625 0.514855725
2 0.498755975 0.239509234375 0.4198906 0.303484425 0.521414290625 0.4284079890625 0.59975400625 0.3644553890625 0.498755975 0.239509234375
1 0.4970747390625 0.6725566421875 0.52578831875 0.7082603734374999 0.576564240625 0.6670586296875001 0.5478424671875 0.6315666015625 0.4970747390625 0.6725566421875
10 0.5860146140625 0.65631585 0.6030948578124999 0.677537309375 0.615758165625 0.6671998578125 0.59844694375 0.6462477328125 0.5860146140625 0.65631585
1 0.598232696875 0.6418945703125 0.61763328125 0.6659471781249999 0.64147965 0.6463781640625 0.6179695062499999 0.617217409375 0.619872240625 0.6157874515625 0.6433021578125 0.6449940453125 0.677760615625 0.61728496875 0.63317645625 0.562652334375 0.59937185625 0.5903186765624999 0.6028444937499999 0.5944348171875 0.600832171875 0.5959561109375 0.5975087421875 0.591788684375 0.5587437890625 0.622924628125 0.5835699359375 0.6537539984375 0.598232696875 0.6418945703125
8 0.7058830640625 0.49907682343750004 0.6005539640625 0.36912765625 0.3898701640625 0.5400177515625 0.4201900796875 0.5777045390625 0.5627649203125 0.461574146875 0.6374065734375 0.5541976656250001 0.7058830640625 0.49907682343750004
10 0.348232975 0.36070553125 0.32658783125 0.37816101406249997 0.392664459375 0.4598205015625 0.40459677968749996 0.45041464531250003 0.422893209375 0.473233390625 0.4320151390625 0.465992625 0.4487884734375 0.4869617578125 0.46884105 0.47086957500000004 0.4300329515625 0.4231954765625 0.41116484375000006 0.438420725 0.348232975 0.36070553125
13 0.480880296875 0.38238574375 0.43229208750000003 0.42159277968750003 0.47092399687500003 0.46954784531250005 0.5196453015625 0.43037860937500005 0.480880296875 0.38238574375
2 0.49533944218750003 0.66982825 0.5544830265625 0.621919146875 0.48174364531249997 0.5319167515625 0.42236831874999997 0.5800666859375 0.49533944218750003 0.66982825
1 0.7078640359375 0.4974024484375 0.7378008328125001 0.4732989515625 0.6322585078125 0.343169978125 0.6023160359374999 0.36741624375000004 0.7078640359375 0.4974024484375
2 0.3878743140625 0.541836684375 0.323170875 0.5940291046875 0.42629842343749996 0.7217336703125 0.49107498749999995 0.6692787250000001 0.3878743140625 0.541836684375
1 0.529159646875 0.2145238890625 0.5008512890625 0.23799727656249997 0.530976440625 0.27526349843750003 0.5355955890625 0.271537096875 0.5378856015625 0.27425316875 0.533165096875 0.2779658453125 0.589723884375 0.34800129375 0.603069165625 0.337012371875 0.61543456875 0.35234559375 0.6306305078125 0.34015013125000004 0.56145925 0.2547960609375 0.552823209375 0.2616622328125 0.5506863640625 0.25889887968749997 0.5591839828125 0.2520166359375 0.529159646875 0.2145238890625
13 0.3825906078125 0.333337584375 0.3505516125 0.35937619062500004 0.41134847187499995 0.43495163750000004 0.4437866125 0.4085425640625 0.3825906078125 0.333337584375
3 0.4361121640625 0.3443716671875 0.4338577671875 0.341699609375 0.44222463593750005 0.33474250156249996 0.4184274140625 0.305005625 0.3848969828125 0.331896021875 0.40896264374999997 0.361859275 0.4176764421875 0.354950928125 0.42008325312499994 0.3580549671875 0.41180569843750003 0.3647591359375 0.44537380000000004 0.406701196875 0.4786015671875 0.37979322656250003 0.44452668281249996 0.33783984375 0.4361121640625 0.3443716671875