2 0.36329531249999997 0.2859890625 0.40193124999999996 0.297009375 0.42119062500000004 0.2298421875 0.3826515625 0.2191671875 0.36329531249999997 0.2859890625
13 0.44051093750000003 0.23272656249999998 0.462090625 0.2389078125 0.4745203125 0.19570156249999998 0.452490625 0.1891046875 0.44051093750000003 0.23272656249999998
10 0.4844109375 0.1882203125 0.4889359375 0.1723140625 0.462109375 0.1644078125 0.457365625 0.180409375 0.4844109375 0.1882203125
13 0.3328234375 0.1157671875 0.317903125 0.1113125 0.3041640625 0.15893593749999999 0.3259453125 0.16516718749999998 0.334253125 0.135659375 0.32772812500000004 0.1336734375 0.3328234375 0.1157671875
3 0.27709375 0.15370625 0.3019546875 0.16069687500000002 0.32554062500000003 0.0773625 0.300978125 0.0702078125 0.27709375 0.15370625
10 0.4151734375 0.1549484375 0.420065625 0.1563953125 0.433890625 0.1079625 0.42878125 0.10649843750000001 0.4151734375 0.1549484375
10 0.498715625 0.13634531249999998 0.5022953125 0.123459375 0.44038281250000005 0.1056015625 0.4367234375 0.11862500000000001 0.498715625 0.13634531249999998
5 0.42667031250000004 0.1534671875 0.48929375 0.1715203125 0.49877656249999996 0.13729375 0.4365015625 0.1192890625 0.42667031250000004 0.1534671875
12 0.4343328125 0.099 0.501353125 0.11839531249999999 0.515903125 0.066134375 0.4493421875 0.0470484375 0.4343328125 0.099
8 0.3274078125 0.17403125 0.3001921875 0.26797031250000003 0.3601546875 0.285009375 0.3800109375 0.21537812500000003 0.4381859375 0.2321390625 0.44519374999999994 0.20795312500000002 0.3274078125 0.17403125
2 0.4036359375 0.2974453125 0.44224218750000005 0.30856875 0.46128125000000003 0.2415 0.42274375 0.23049843750000001 0.4036359375 0.2974453125
1 0.39565937500000004 0.137109375 0.41655312499999997 0.1436125 0.4271953125 0.1064609375 0.40610156249999996 0.10069062499999999 0.39565937500000004 0.137109375
10 0.3493828125 0.0807234375 0.3308390625 0.075284375 0.3275859375 0.08666718749999999 0.326040625 0.086296875 0.3209609375 0.1042265625 0.341009375 0.11000625 0.3493828125 0.0807234375
10 0.3298609375 0.13207968750000001 0.336690625 0.13392656249999998 0.34115 0.11801406249999999 0.33441875 0.11627343750000001 0.3298609375 0.13207968750000001
10 0.4546125 0.16946250000000002 0.4503609375 0.16821250000000001 0.440215625 0.20375000000000001 0.44622968749999997 0.2054703125 0.4514625 0.18704062500000002 0.4497484375 0.1865109375 0.4546125 0.16946250000000002
11 0.245228125 0.2558140625 0.26201093750000004 0.260671875 0.268821875 0.23669375 0.2521390625 0.231821875 0.245228125 0.2558140625
1 0.2939484375 0.242596875 0.2713296875 0.23615624999999998 0.26408906249999997 0.2611796875 0.2950421875 0.27014375 0.3012828125 0.2481609375 0.2931546875 0.2456953125 0.2939484375 0.242596875
2 0.2562390625 0.2266078125 0.304928125 0.2406375 0.325575 0.167675 0.27715625 0.1536609375 0.2562390625 0.2266078125
10 0.7055765625 0.181390625 0.6869109375 0.1759484375 0.6846609375 0.1839078125 0.6829578125 0.1834671875 0.6777609375 0.2012296875 0.6981328125 0.207115625 0.7055765625 0.181390625
1 0.7543124999999999 0.23637187499999998 0.7800484375 0.24375156250000002 0.789715625 0.20912812500000003 0.7640765625 0.2018671875 0.7543124999999999 0.23637187499999998
13 0.804384375 0.332078125 0.8278375 0.3385359375 0.840896875 0.2931640625 0.8174609374999999 0.28631093750000003 0.804384375 0.332078125
2 0.7633390624999999 0.4019125 0.8062140624999999 0.41428125 0.8270515625 0.3410828125 0.784096875 0.3287671875 0.7633390624999999 0.4019125
10 0.686925 0.2291421875 0.6939453125 0.2310953125 0.698403125 0.21512812499999998 0.6913484375000001 0.21315937499999998 0.686925 0.2291421875
10 0.8641640625000001 0.2247671875 0.871153125 0.22675625 0.887028125 0.171246875 0.88009375 0.169315625 0.8641640625000001 0.2247671875
3 0.6292484375 0.24756874999999998 0.6594875 0.25616875 0.681865625 0.1780546875 0.6518046875 0.169565625 0.6292484375 0.24756874999999998
2 0.607796875 0.3222703125 0.662 0.33766093750000004 0.6828624999999999 0.26470937499999997 0.6286515625 0.24939687500000002 0.607796875 0.3222703125
11 0.5996578125 0.3515921875 0.6165609375 0.3563296875 0.623053125 0.332865625 0.6063671875 0.3281921875 0.5996578125 0.3515921875
1 0.65114375 0.3395625 0.6256140625 0.3323015625 0.6185921875 0.3569609375 0.6524156249999999 0.3668265625 0.65848125 0.3452 0.6502734375 0.3429125 0.65114375 0.3395625
10 0.8195937499999999 0.2507328125 0.8179562499999999 0.256259375 0.823003125 0.2577640625 0.81785 0.2761453125 0.8441000000000001 0.28399375 0.850921875 0.259575 0.8195937499999999 0.2507328125
10 0.7398859375 0.284809375 0.7660218750000001 0.2922125 0.7790890625 0.2460671875 0.75313125 0.23867031249999998 0.7398859375 0.284809375
13 0.690025 0.212721875 0.6749765625 0.20840625 0.6613546875 0.2561078125 0.68345 0.2623375 0.691903125 0.2330359375 0.6846921874999999 0.23098281250000002 0.690025 0.212721875
2 0.722884375 0.3903734375 0.7616203125000001 0.4014234375 0.782625 0.32830781249999996 0.7440140625 0.3172359375 0.722884375 0.3903734375
10 0.8012390625 0.20867343749999998 0.7924671875 0.2060703125 0.781215625 0.24582500000000002 0.7826546875 0.2462078125 0.7811765625 0.2512859375 0.7883312499999999 0.2535015625 0.8012390625 0.20867343749999998
10 0.7690796875 0.2931921875 0.7789609375000001 0.295984375 0.7912265625 0.2542703125 0.7810703125 0.2515078125 0.7690796875 0.2931921875
5 0.8712890625 0.22771406249999998 0.805046875 0.208815625 0.793490625 0.24935625 0.81740625 0.25611875 0.8193125 0.2494703125 0.8615734375 0.2618765625 0.8712890625 0.22771406249999998
12 0.8769375 0.1683921875 0.81004375 0.1492109375 0.7951140624999999 0.2010046875 0.8463499999999999 0.215709375 0.845765625 0.218009375 0.8614984375000001 0.2222390625 0.8769375 0.1683921875
6 0.7915375 0.257340625 0.7795265625 0.2985203125 0.80334375 0.305159375 0.8149828125 0.26399531249999997 0.8083984375 0.2621375 0.8098953124999999 0.2567515625 0.793715625 0.2521125 0.7924171875 0.25759375 0.7915375 0.257340625
8 0.72008125 0.38950625 0.741615625 0.313625 0.8023640625 0.33152499999999996 0.8094718750000001 0.306934375 0.7270984375 0.28339375 0.727565625 0.281765625 0.6848109375 0.26994843749999997 0.6555703125 0.37122968749999996 0.72008125 0.38950625
10 0.8058140625 0.3033265625 0.8106109375000001 0.304540625 0.8164187500000001 0.28389375 0.8116421875000001 0.282603125 0.8058140625 0.3033265625
7 0.6847531250000001 0.2697125 0.7385046875 0.28481718749999996 0.76215 0.201534375 0.7086140624999999 0.18625 0.6847531250000001 0.2697125
10 0.380825 0.1875203125 0.40063750000000004 0.1929875 0.41402968749999997 0.14585625 0.39445312499999996 0.140109375 0.380825 0.1875203125
6 0.4262015625 0.1617421875 0.4256203125 0.16160000000000002 0.41464999999999996 0.1993296875 0.4378484375 0.20566093749999997 0.4483890625 0.1682390625 0.442075 0.16631875000000002 0.4435828125 0.160928125 0.427678125 0.1564234375 0.4262015625 0.1617421875
0 0.1232234375 0 0 0.42972968749999996 0 0.8767765624999999 0.42972968749999996 1 0.8767765624999999 1 1 0.5702703125 1 0.1232234375 0.5702703125 0 0.1232234375 0
7 0.3274359375 0.173815625 0.3789796875 0.188521875 0.4037921875 0.0999609375 0.352671875 0.08530312500000001 0.3274359375 0.173815625
10 0.2434265625 0.6626015625 0.2695640625 0.6700046875 0.2826296875 0.623859375 0.256671875 0.6164625 0.2434265625 0.6626015625
10 0.32313437500000003 0.628525 0.3214953125 0.6340515625 0.32654218749999997 0.6355562499999999 0.3213890625 0.6539375 0.34764062500000004 0.6617859375 0.3544625 0.6373671875 0.32313437500000003 0.628525
1 0.154684375 0.7173546875000001 0.1291546875 0.71009375 0.12213437499999999 0.7347546875 0.15595781250000001 0.74461875 0.162021875 0.72299375 0.15381406250000002 0.7207046874999999 0.154684375 0.7173546875000001
10 0.30935625 0.68111875 0.314153125 0.682334375 0.3199609375 0.6616859374999999 0.31518437499999996 0.660396875 0.30935625 0.68111875
8 0.2236234375 0.7672984375 0.24515625000000002 0.6914171875 0.30590625 0.70931875 0.3130140625 0.6847265625000001 0.23063906250000002 0.6611859375 0.23110624999999999 0.6595578125 0.188353125 0.647740625 0.1591125 0.7490234375 0.2236234375 0.7672984375
6 0.2950796875 0.635134375 0.28306875 0.6763140625 0.306884375 0.6829515625 0.3185234375 0.6417875000000001 0.3119375 0.639928125 0.3134359375 0.63454375 0.2972578125 0.6299046875000001 0.29595781250000003 0.6353859374999999 0.2950796875 0.635134375
11 0.1032 0.729384375 0.1201015625 0.734121875 0.1265953125 0.7106578125 0.109909375 0.705984375 0.1032 0.729384375
12 0.3804796875 0.5461859375 0.31358593749999997 0.527003125 0.2986546875 0.578796875 0.3498921875 0.5935015625 0.3493078125 0.595803125 0.365040625 0.60003125 0.3804796875 0.5461859375
5 0.37483125 0.60550625 0.3085875 0.5866078124999999 0.2970296875 0.6271484375 0.320946875 0.6339125 0.322853125 0.6272625 0.365115625 0.63966875 0.37483125 0.60550625
10 0.27261875 0.670984375 0.28250156249999997 0.6737765625 0.2947671875 0.6320625 0.2846125 0.6293015625 0.27261875 0.670984375
10 0.304778125 0.586465625 0.296009375 0.5838640625 0.2847578125 0.6236171875000001 0.286196875 0.6240015624999999 0.28471875 0.629078125 0.291871875 0.63129375 0.304778125 0.586465625
2 0.2264265625 0.768165625 0.2651625 0.779215625 0.286165625 0.7061 0.24755625 0.695028125 0.2264265625 0.768165625
13 0.1935671875 0.5905140624999999 0.17851875 0.5861984375 0.16489375 0.6339 0.18699062500000002 0.6401296875 0.19544375 0.610828125 0.188234375 0.6087765625 0.1935671875 0.5905140624999999
7 0.1882953125 0.6475046875 0.2420453125 0.662609375 0.2656921875 0.5793265625 0.21215625 0.5640421875 0.1882953125 0.6475046875
5 0.69843125 0.779959375 0.7318078125 0.7894984375 0.7414171875 0.7555921875 0.708265625 0.7460093750000001 0.69843125 0.779959375
1 0.666025 0.67535 0.6474875 0.6699703125 0.6432390625 0.6849359374999999 0.6354656249999999 0.6827062500000001 0.6299953125 0.701859375 0.656653125 0.709753125 0.666025 0.67535
13 0.5648015625 0.6785265625 0.549790625 0.674221875 0.5363374999999999 0.7216843749999999 0.5582046875 0.727903125 0.5665015624999999 0.6987 0.5594796875 0.6966859375000001 0.5648015625 0.6785265625
2 0.6379421875 0.8676875000000001 0.6830203125 0.880265625 0.703996875 0.807221875 0.6587921875 0.79464375 0.6379421875 0.8676875000000001
6 0.669259375 0.76833125 0.692946875 0.77521875 0.6947546874999999 0.768915625 0.6993359375 0.7702046874999999 0.7058203125 0.7479515625000001 0.7011546875 0.7465921875 0.7046203125 0.7345078125 0.68100625 0.7278328125 0.669259375 0.76833125
7 0.55950625 0.7353453125 0.6140625 0.7506921875 0.6377484375 0.667359375 0.5836609375 0.6519296875 0.55950625 0.7353453125
2 0.597796875 0.8560671875000001 0.636421875 0.8671906249999999 0.6573875 0.794071875 0.6187875 0.7828890625 0.597796875 0.8560671875000001
13 0.6447015625 0.7590859375 0.6684265625 0.7654296875 0.6814671875 0.71995 0.6578906250000001 0.7132578125 0.6447015625 0.7590859375
11 0.4745328125 0.817175 0.4914546875 0.8220109375 0.49792031249999996 0.7986765625000001 0.4812796875 0.793828125 0.4745328125 0.817175
2 0.5617625 0.6947953124999999 0.5685875 0.696784375 0.573084375 0.6809296875 0.566371875 0.6789796875 0.5617625 0.6947953124999999
10 0.6599078125 0.704121875 0.6581421875 0.710221875 0.6586765625 0.7104359375 0.658534375 0.71104375 0.68198125 0.71790625 0.68398125 0.7109046875 0.6599078125 0.704121875
10 0.6815249999999999 0.725990625 0.7077203125 0.7333390625 0.7185890625 0.69504375 0.6926875 0.6875140625 0.6815249999999999 0.725990625
3 0.5817765625 0.6511 0.5266437500000001 0.6351515625 0.503896875 0.7130875 0.5342046875 0.7219249999999999 0.548853125 0.6710046875 0.5741140625 0.6783140624999999 0.5817765625 0.6511
8 0.5948328125 0.855265625 0.6164359375 0.7793734375 0.6886734375 0.800315625 0.695515625 0.7761203125 0.602671875 0.7492171875 0.6030671875 0.7476875 0.5595109375 0.735509375 0.530290625 0.8369875 0.5948328125 0.855265625
10 0.61534375 0.750796875 0.6415265625 0.7582687499999999 0.6547 0.7120890625 0.6285765624999999 0.704596875 0.61534375 0.750796875
2 0.48265624999999995 0.787490625 0.5368375000000001 0.8033609374999999 0.5574421875 0.7304234375 0.5036359375 0.7147718750000001 0.48265624999999995 0.787490625
1 0.5258703125 0.8054265624999999 0.5003062500000001 0.7981703125 0.4933640625 0.8226328125 0.5270890625 0.8321765624999999 0.5332328125 0.810903125 0.525040625 0.8084906249999999 0.5258703125 0.8054265624999999
10 0.63615625 0.6801703125 0.6421671875 0.6818500000000001 0.6458453125 0.6690640625000001 0.63980625 0.6673328125 0.63615625 0.6801703125
10 0.6893796875 0.6831875000000001 0.6700468749999999 0.6775203125 0.6636875 0.6994625 0.684925 0.7054234375 0.6901890625 0.6872499999999999 0.6883828125 0.6867421874999999 0.6893796875 0.6831875000000001
10 0.20911718750000002 0.5591828125 0.1904515625 0.553740625 0.188203125 0.5617 0.186496875 0.5612578125 0.1813015625 0.579021875 0.201675 0.5849078125 0.20911718750000002 0.5591828125
1 0.25785468749999996 0.6141640625 0.28358906250000004 0.6215437500000001 0.29325625 0.5869203125 0.26762031249999996 0.5796593750000001 0.25785468749999996 0.6141640625
13 0.3079265625 0.7098703125 0.3313796875 0.716328125 0.3444375 0.6709562499999999 0.3210015625 0.664103125 0.3079265625 0.7098703125
2 0.26688125 0.77970625 0.3097546875 0.792075 0.3305921875 0.7188765625 0.2876390625 0.706559375 0.26688125 0.77970625
10 0.1904671875 0.606934375 0.197484375 0.6088875 0.20194375 0.5929203125 0.194890625 0.5909515625 0.1904671875 0.606934375
10 0.36770625 0.602559375 0.3746953125 0.6045484375 0.3905703125 0.5490406250000001 0.38363593749999997 0.5471078125 0.36770625 0.602559375
3 0.132790625 0.6253609375 0.1630296875 0.6339609375 0.1854078125 0.5558468750000001 0.1553453125 0.5473578125 0.132790625 0.6253609375
2 0.1113390625 0.7000625 0.1655390625 0.715453125 0.186403125 0.6425015625 0.13219375 0.6271890625000001 0.1113390625 0.7000625
10 0.40395156249999997 0.1938484375 0.4140765625 0.19678437499999998 0.42424062500000004 0.1611890625 0.4141265625 0.158415625 0.40395156249999997 0.1938484375