1 0.7712734375 0.9566281249999999 0.7676609375 0.93795625 0.7555031249999999 0.94031875 0.7559781250000001 0.9427640625 0.7543484375 0.943003125 0.7575234375 0.9593015625 0.7712734375 0.9566281249999999
10 0.640015625 0.6973671875 0.64290625 0.7123953125 0.6644187500000001 0.7082796874999999 0.661496875 0.6932484375 0.640015625 0.6973671875
2 0.6769390625 0.690271875 0.6905140624999999 0.760190625 0.7295843750000001 0.7526953125 0.7159140625 0.6826875 0.6769390625 0.690271875
6 0.37367343750000004 0.8019031249999999 0.3760671875 0.8140953124999999 0.396384375 0.8101984375000001 0.3942046875 0.7991078125 0.3954125 0.79881875 0.38934375 0.76784375 0.3678640625 0.7721265625 0.368109375 0.7732765625 0.3662234375 0.7736984375 0.3717875 0.8023234374999999 0.37367343750000004 0.8019031249999999
2 0.7125453125 0.9486765625 0.7161875 0.9673359375 0.754675 0.9598546875 0.75099375 0.9408765625 0.7125453125 0.9486765625
1 0.6590984375 0.7980078125000001 0.6444515625 0.80096875 0.6495515625 0.8270796875 0.6441828125 0.8280640625 0.6497359375 0.856896875 0.6697609375 0.8531171875 0.6590984375 0.7980078125000001
13 0.6644109375 0.8186671875 0.6837796875000001 0.8148687499999999 0.672315625 0.7564046875 0.65306875 0.7601312499999999 0.6644109375 0.8186671875
10 0.6382609375 0.7995046875 0.6433890625 0.8255000000000001 0.647753125 0.8246515625 0.6426484375 0.7986515625 0.6382609375 0.7995046875
10 0.6419374999999999 0.7662953124999999 0.6489828125 0.7649359375 0.6464453125 0.7518765625 0.62796875 0.7553921875 0.635003125 0.7916171875 0.6463921874999999 0.7893921875000001 0.6419374999999999 0.7662953124999999
8 0.71153125 0.94265625 0.7644921874999999 0.9324265625000001 0.7447984375 0.8312546875000001 0.70431875 0.8393828125 0.67888125 0.7083734374999999 0.6648828124999999 0.71105 0.7064953125 0.9233593750000001 0.7077328125 0.9231 0.71153125 0.94265625
10 0.634678125 0.68911875 0.6489828125 0.6864343749999999 0.6433296875 0.6571234375 0.6290015624999999 0.659909375 0.634678125 0.68911875
10 0.6628640625 0.692978125 0.6657124999999999 0.7077718749999999 0.678384375 0.705521875 0.6754703125 0.6905265625 0.6628640625 0.692978125
11 0.5366515625 0.369178125 0.54276875 0.40054375000000003 0.5578703125 0.39765625 0.5518078125 0.36623125 0.5366515625 0.369178125
3 0.5061609375 0.2042328125 0.519571875 0.2732265625 0.5382328125 0.2693234375 0.5248328124999999 0.2004671875 0.5061609375 0.2042328125
10 0.659021875 0.3403015625 0.6537453125 0.313571875 0.6421515624999999 0.31582499999999997 0.6413609375 0.3117578125 0.632096875 0.3135578125 0.6381015624999999 0.3443125 0.659021875 0.3403015625
10 0.5412296875 0.20540937499999998 0.5456703125 0.228253125 0.550190625 0.22745 0.5457109375 0.20445937500000003 0.5412296875 0.20540937499999998
1 0.578834375 0.36372031250000003 0.5781890625 0.3604 0.5576796875000001 0.36450625 0.5582546875000001 0.36755625 0.5534250000000001 0.36853437499999997 0.5590640625 0.39735 0.5857265625 0.3922921875 0.5801875 0.36341718749999996 0.578834375 0.36372031250000003
2 0.5358390625 0.0395734375 0.5509999999999999 0.1173921875 0.588365625 0.1101484375 0.5732359375 0.032334375 0.5358390625 0.0395734375
10 0.6406328125 0.2883390625 0.6443125000000001 0.30734374999999997 0.650534375 0.30615000000000003 0.6468046875 0.2869609375 0.6406328125 0.2883390625
2 0.5200890625000001 0.276084375 0.5367015625 0.36185625 0.5784265625 0.3538015625 0.5616390625000001 0.2676015625 0.5200890625000001 0.276084375
7 0.62643125 0.1845 0.56505625 0.1962625 0.574778125 0.2461921875 0.63610625 0.2342703125 0.62643125 0.1845
13 0.5576140625 0.265425 0.55074375 0.23018906249999999 0.5448296874999999 0.23133750000000003 0.5398359375 0.2056515625 0.5275593749999999 0.20803750000000001 0.539403125 0.268965625 0.5576140625 0.265425
6 0.5164187499999999 0.1385640625 0.5219765625 0.1672171875 0.52466875 0.16666562499999998 0.52505 0.16862968750000001 0.5442296875 0.16490312499999998 0.538171875 0.1337390625 0.5371015625 0.133946875 0.53493125 0.1229296875 0.516840625 0.1264734375 0.5190890625 0.13804531250000002 0.5164187499999999 0.1385640625
10 0.525621875 0.171503125 0.5318796875 0.20385625 0.54990625 0.20041718749999998 0.5435953125 0.1680109375 0.525621875 0.171503125
10 0.49798593750000003 0.1735953125 0.5022875 0.1958390625 0.5253453125 0.19130625 0.521021875 0.169065625 0.49798593750000003 0.1735953125
13 0.50825 0.0450046875 0.5166000000000001 0.087890625 0.542803125 0.0827359375 0.534490625 0.0399046875 0.50825 0.0450046875
1 0.63873125 0.285575 0.645884375 0.2841109375 0.63670625 0.2369796875 0.6158781249999999 0.241096875 0.6291562500000001 0.3094890625 0.642875 0.306890625 0.63873125 0.285575
8 0.632359375 0.37748593750000003 0.63256875 0.3785625 0.639753125 0.3771328125 0.6127984375 0.2388484375 0.57475625 0.2462515625 0.5433828125 0.0856265625 0.5293125 0.08841875 0.551625 0.203009375 0.5468859375 0.2039171875 0.5587234375000001 0.2649609375 0.56350625 0.264096875 0.5859796875 0.38084531250000003 0.58671875 0.3842703125 0.5870625 0.3856609375 0.58748125 0.38729375 0.594684375 0.38589375000000004 0.5944734375 0.3848828125 0.632359375 0.37748593750000003
2 0.55163125 0.1203859375 0.565253125 0.190403125 0.6026328125 0.18344375 0.5889171875 0.1130625 0.55163125 0.1203859375
10 0.5160421875 0.090940625 0.5220546875000001 0.1221796875 0.5340765625 0.11976562500000001 0.52799375 0.08862031249999999 0.5160421875 0.090940625
13 0.7149453125 0.9675765625 0.7112812500000001 0.9486718749999999 0.6955546874999999 0.9519 0.698053125 0.9646234375 0.6863421875 0.9668984375 0.68750625 0.9729109375 0.7149453125 0.9675765625
10 0.281790625 0.24758906249999998 0.2946125 0.245096875 0.287696875 0.20951875000000003 0.2748390625 0.21182656249999998 0.281790625 0.24758906249999998
1 0.2649484375 0.32070468750000003 0.2747 0.3710015625 0.288040625 0.3683578125 0.27268593750000003 0.2894890625 0.2361453125 0.2967 0.2417140625 0.3252203125 0.2649484375 0.32070468750000003
13 0.3281125 0.4033609375 0.3202328125 0.3631484375 0.304553125 0.36619531250000004 0.3070609375 0.3792015625 0.2954328125 0.381415625 0.30076875 0.40886562499999995 0.3281125 0.4033609375
2 0.3194171875 0.3521859375 0.337590625 0.4456765625 0.3760671875 0.4381984375 0.35789375 0.3447078125 0.3194171875 0.3521859375
7 0.3161046875 0.3472078125 0.2970953125 0.25058437499999997 0.241953125 0.2610765625 0.244359375 0.27354531249999997 0.23349375 0.2756578125 0.23558906249999997 0.28652968749999996 0.2753203125 0.278959375 0.29202812499999997 0.3649921875 0.3054453125 0.36238281250000004 0.3041125 0.3554359375 0.3038515625 0.3554859375 0.3027421875 0.3497796875 0.3161046875 0.3472078125
10 0.24274843750000002 0.08604843749999999 0.24625 0.1040640625 0.267965625 0.09985625000000001 0.2644484375 0.0819015625 0.24274843750000002 0.08604843749999999
6 0.244521875 0.1097375 0.24999687499999998 0.13808125 0.2524921875 0.137596875 0.254796875 0.149271875 0.2753703125 0.145271875 0.2731296875 0.1337421875 0.274240625 0.1335265625 0.2681734375 0.1026375 0.246784375 0.1067953125 0.24727187499999997 0.1091234375 0.244521875 0.1097375
10 0.26037656249999996 0.24831875 0.26984375 0.24636249999999998 0.25451562499999997 0.16767656250000001 0.24508125 0.1696375 0.26037656249999996 0.24831875
1 0.3745015625 0.4057109375 0.3871953125 0.403378125 0.321653125 0.06624218750000001 0.30895625 0.0685796875 0.3745015625 0.4057109375
4 0.213671875 0.180771875 0.2245984375 0.2369875 0.2544625 0.2314078125 0.2434234375 0.1748765625 0.213671875 0.180771875
5 0.195675 0.178371875 0.25439375000000003 0.1669578125 0.239928125 0.0925390625 0.1812734375 0.10427656249999999 0.195675 0.178371875
3 0.3363375 0.4456328125 0.3288125 0.40676249999999997 0.30112031250000004 0.412078125 0.3018109375 0.41583125 0.299578125 0.41626562500000003 0.30394062499999996 0.43889531249999997 0.3061390625 0.4384671875 0.30865624999999997 0.4514171875 0.3363375 0.4456328125
8 0.31611875 0.34718593750000004 0.35688437500000003 0.33918906249999997 0.3357484375 0.230609375 0.3087375 0.23599062499999998 0.282325 0.0998203125 0.2681734375 0.1026375 0.31611875 0.34718593750000004
10 0.267225 0.21349218749999999 0.274109375 0.2490609375 0.280421875 0.2478328125 0.27344375 0.2120828125 0.267225 0.21349218749999999
2 0.2954484375 0.1597390625 0.30905 0.22967187500000003 0.33463750000000003 0.22475625 0.32099687499999996 0.154828125 0.2954484375 0.1597390625
2 0.2797171875 0.07892656249999999 0.2948546875 0.15666875 0.3204234375 0.151640625 0.3052890625 0.07378749999999999 0.2797171875 0.07892656249999999
10 0.2755203125 0.3763765625 0.2816328125 0.40715312499999995 0.284584375 0.40667656250000006 0.285621875 0.412015625 0.28275 0.41266718750000003 0.2917078125 0.459215625 0.304996875 0.4564390625 0.289034375 0.3736515625 0.2755203125 0.3763765625
13 0.256459375 0.1518421875 0.2677984375 0.21022500000000002 0.2870125 0.206534375 0.275590625 0.1480609375 0.256459375 0.1518421875
10 0.26583125 0.081584375 0.2693734375 0.0996625 0.2818125 0.0971796875 0.27835 0.07921875 0.26583125 0.081584375
10 0.23063906250000002 0.2626421875 0.2326625 0.2728421875 0.2425703125 0.2708796875 0.24062187499999999 0.26072656250000004 0.23063906250000002 0.2626421875
10 0.22568749999999999 0.24281718749999998 0.227984375 0.2544546875 0.2590734375 0.24849843749999997 0.2567453125 0.23663906250000002 0.22568749999999999 0.24281718749999998
10 0.29277031249999996 0.3677640625 0.2948921875 0.378684375 0.3052125 0.3765984375 0.303059375 0.36551875 0.29277031249999996 0.3677640625
10 0.3053359375 0.3550359375 0.3068046875 0.36276875 0.3197140625 0.360328125 0.31819375 0.352584375 0.3053359375 0.3550359375
2 0.40137343750000004 0.7470718749999999 0.41497031250000005 0.81703125 0.4393953125 0.812278125 0.4257890625 0.742334375 0.40137343750000004 0.7470718749999999
8 0.45130625 0.8920203125 0.42887812500000005 0.8963796875 0.403459375 0.7651640625 0.38934375 0.76784375 0.434503125 0.999696875 0.47086249999999996 0.9926296875 0.45130625 0.8920203125
1 0.49311718750000005 1 0.441596875 0.7348578125 0.4343484375 0.7363562499999999 0.43454531249999995 0.7372953125 0.4295890625 0.7383046875 0.46002968749999995 0.8946875000000001 0.456621875 0.8954093750000001 0.47455468749999996 0.9874171875 0.477878125 0.9868109374999999 0.480459375 1 0.49311718750000005 1
13 0.3775921875 0.81699375 0.3889625 0.8753968750000001 0.408153125 0.871665625 0.3967484375 0.8131562499999999 0.3775921875 0.81699375
2 0.415621875 0.8203328125 0.4291734375 0.8900671875 0.4536359375 0.88553125 0.43999531249999996 0.8155718750000001 0.415621875 0.8203328125
10 0.366165625 0.8825625 0.3721921875 0.8814562499999999 0.3667265625 0.8531906250000001 0.360646875 0.854175 0.366165625 0.8825625
10 0.3644 0.75413125 0.36734062500000003 0.7694359375000001 0.388909375 0.7652515625 0.3859328125 0.7500312499999999 0.3644 0.75413125
10 0.35350468749999997 0.716875 0.3591234375 0.746059375 0.37340625 0.7433640625 0.36776875000000003 0.714084375 0.35350468749999997 0.716875
0 0.45185624999999996 0 0.1285125 0.0628515625 0.3106765625 1 0.54814375 1 0.8714875 0.9371484375 0.6893234374999999 0 0.45185624999999996 0
10 0.366390625 0.8231875000000001 0.37349062499999997 0.82173125 0.370953125 0.808809375 0.3524875 0.812446875 0.3595140625 0.8484859374999999 0.370853125 0.8464375000000001 0.366390625 0.8231875000000001
1 0.4013890625 1 0.38302187499999996 0.9055078125 0.390121875 0.9040874999999999 0.3807890625 0.8557 0.368959375 0.8579859375 0.3740296875 0.8840718750000001 0.3666359375 0.8854046875 0.3889984375 1 0.4013890625 1
10 0.389546875 0.8780828125 0.3951671875 0.907540625 0.41457499999999997 0.90376875 0.4088453125 0.8745640625 0.389546875 0.8780828125
7 0.4330421875 1 0.434503125 0.999696875 0.41691406249999996 0.9091890625 0.38715625 0.9150265624999999 0.3914171875 0.9370640625 0.3937890625 0.9366546874999999 0.40608281249999995 1 0.4330421875 1
10 0.3872703125 0.7491453124999999 0.3902703125 0.7645859374999999 0.40290312500000003 0.7622265625 0.3998140625 0.7465875 0.3872703125 0.7491453124999999
10 0.371690625 0.8305859375000001 0.3761875 0.853559375 0.383103125 0.852284375 0.37858281250000003 0.8291562499999999 0.371690625 0.8305859375000001
10 0.66765 0.9600609375 0.6707703125 0.9761640625 0.6827703125 0.9738312499999999 0.679640625 0.957771875 0.66765 0.9600609375
10 0.6649828125 0.821415625 0.67075 0.8506562499999999 0.6901546875 0.8469296875 0.6844078125 0.8176875000000001 0.6649828125 0.821415625
10 0.6471046874999999 0.773634375 0.6515921875 0.796715625 0.6586000000000001 0.7954890625 0.6541171875 0.772271875 0.6471046874999999 0.773634375
2 0.6911796875 0.7634515625 0.7046984375 0.83336875 0.7437968749999999 0.8259281250000001 0.730134375 0.755634375 0.6911796875 0.7634515625
7 0.6502875 0.8598671875000001 0.6680984375000001 0.950959375 0.7102984375 0.9428765625000001 0.692540625 0.8524046875 0.6502875 0.8598671875000001
10 0.68339375 0.9516140625 0.6857375 0.9640890625 0.6961125 0.961975 0.6937203125 0.9495078124999999 0.68339375 0.9516140625
6 0.6410125 0.7170375 0.6465734375000001 0.7456437499999999 0.6492218750000001 0.7451296875 0.6515984375 0.7573515625 0.6718953125 0.7533421875 0.669759375 0.742353125 0.6709625 0.742184375 0.6648828124999999 0.71105 0.6434656249999999 0.7153484375 0.6436921875 0.7165171875 0.6410125 0.7170375