4 0.5196046875 0.523753125 0.5077046875 0.5755359375 0.5290781250000001 0.5803484375 0.5409640625 0.528721875 0.5196046875 0.523753125
10 0.424015625 0.5715171875 0.422009375 0.58028125 0.43245781250000004 0.582840625 0.43455468750000004 0.57389375 0.424015625 0.5715171875
10 0.44794687499999997 0.65105625 0.4443625 0.6663671875 0.4477203125 0.6671421875 0.45126875 0.65171875 0.44794687499999997 0.65105625
1 0.49082187499999996 0.7953671875 0.49186874999999997 0.7956078125 0.49698593750000003 0.7733703125 0.4959625 0.773171875 0.49638906250000003 0.7713234375 0.48270625 0.7683093750000001 0.47699218749999994 0.793203125 0.49062968749999997 0.7961296875 0.49082187499999996 0.7953671875
2 0.43939843749999996 0.7806640625 0.43872968749999997 0.7834453124999999 0.443265625 0.7845296875 0.46085624999999997 0.7075328125 0.43616875000000005 0.702096875 0.41841718749999995 0.778759375 0.42373593749999994 0.780025 0.42438906249999997 0.7771250000000001 0.43939843749999996 0.7806640625
10 0.5056453125 0.5818875 0.5017765625 0.5987140625 0.5236671875 0.6038281249999999 0.5275515625 0.5870046875 0.5056453125 0.5818875
0 0.3267859375 0 0.1134828125 0.9239171875000001 0.4430328125 1 0.6732140625 1 0.8865171875 0.0760828125 0.5569671875 0 0.3267859375 0
6 0.4714125 0.6825453125000001 0.47196875 0.6801375000000001 0.4755765625 0.6808953125 0.48242031250000006 0.6521828125 0.465115625 0.647821875 0.45841093749999995 0.6770078125000001 0.462315625 0.677909375 0.46178437499999997 0.680284375 0.4714125 0.6825453125000001
10 0.5623234375 0.4506046875 0.5593015625 0.463546875 0.5668234375 0.4652453125 0.5698109375 0.4523703125 0.5623234375 0.4506046875
10 0.46489843750000004 0.641678125 0.4508328125 0.63846875 0.448634375 0.6480234375 0.46286250000000007 0.651209375 0.46489843750000004 0.641678125
10 0.5235359374999999 0.6736234375000001 0.5193375 0.691734375 0.5317937500000001 0.694646875 0.5359515625 0.6767109375 0.5235359374999999 0.6736234375000001
5 0.5096484375 0.43844374999999997 0.47426406249999997 0.5922375 0.49927343750000003 0.5980109375 0.534753125 0.44433125 0.5096484375 0.43844374999999997
4 0.531675 0.47146875 0.5196453125 0.5235046875 0.5410609375 0.5283765625 0.553003125 0.47650312499999997 0.531675 0.47146875
4 0.484396875 0.4326140625 0.4726796875 0.483509375 0.495015625 0.488665625 0.5066937499999999 0.43779843749999997 0.484396875 0.4326140625
10 0.429153125 0.5492984375 0.42516718750000004 0.5663546875 0.43567343750000004 0.5688421875 0.43962031250000005 0.5516687499999999 0.429153125 0.5492984375
12 0.452740625 0.4474484375 0.43092499999999995 0.542221875 0.45477656250000004 0.547728125 0.47669218750000003 0.4528671875 0.452740625 0.4474484375
10 0.46545781249999996 0.42825625 0.4616703125 0.4446609375 0.47760468749999996 0.44840156249999996 0.481415625 0.4318921875 0.46545781249999996 0.42825625
4 0.47102656249999997 0.49057968750000003 0.4576296875 0.5485609375 0.4799921875 0.553575 0.49332656249999995 0.495728125 0.47102656249999997 0.49057968750000003
10 0.45754374999999997 0.42641875 0.4537296875 0.44273749999999995 0.45935781249999996 0.4440046875 0.46309531249999997 0.42774062500000004 0.45754374999999997 0.42641875
2 0.49790156249999995 0.765865625 0.49727343749999997 0.7686609375 0.5138375 0.772453125 0.5305046875 0.7002312500000001 0.5001828125000001 0.6928265625 0.4839171875 0.762634375 0.49790156249999995 0.765865625
11 0.5127937499999999 0.7770203125 0.4990640625 0.77385 0.49386718749999997 0.796215625 0.5076359375 0.7993578125 0.5127937499999999 0.7770203125
8 0.475759375 0.791971875 0.48214218750000004 0.7642578125 0.4811734375 0.7640328125 0.4984171875 0.689071875 0.457678125 0.680184375 0.45256093750000004 0.7023453125 0.4641828125 0.7047343749999999 0.44551718749999997 0.785015625 0.44982812499999997 0.7860109375000001 0.4505296875 0.783121875 0.47095000000000004 0.7880203125 0.4703375 0.790675 0.475759375 0.791971875
12 0.5486734375 0.5097296874999999 0.5268578125000001 0.6045046875 0.5507093750000001 0.6100109375 0.572625 0.5151484375 0.5486734375 0.5097296874999999
10 0.527353125 0.656159375 0.524034375 0.67049375 0.536715625 0.6734671875 0.5400828125 0.6590984375 0.527353125 0.656159375
10 0.5656015625 0.47047812499999997 0.55811875 0.46882812500000004 0.5503640625 0.50228125 0.5579234375000001 0.5039546875 0.5656015625 0.47047812499999997
7 0.48364843750000003 0.6530015625 0.4845625 0.653246875 0.47747031250000005 0.6843296875 0.5173390625 0.6930765625 0.5259953125 0.6557734375 0.485196875 0.646428125 0.48364843750000003 0.6530015625
5 0.5724609375 0.453034375 0.5605109374999999 0.5048890625 0.5742 0.5081828125000001 0.5861625 0.45610937500000004 0.5724609375 0.453034375
13 0.4510328125 0.7016984374999999 0.46200625000000006 0.6541625 0.45261874999999996 0.652140625 0.4483625 0.6707156249999999 0.44379375000000004 0.6696265625 0.43715468749999997 0.698459375 0.4510328125 0.7016984374999999
5 0.44209062499999996 0.55228125 0.43489843749999996 0.5833546875 0.47114687499999997 0.5917234375 0.47838906249999996 0.5605296875 0.44209062499999996 0.55228125
10 0.5373046875 0.44484375 0.53271875 0.46470781250000004 0.554609375 0.46984843749999994 0.5592421875 0.44977812500000003 0.5373046875 0.44484375