4 0.2877859375 0.2063171875 0.2877421875 0.2258640625 0.30424843749999997 0.2258640625 0.304234375 0.2063609375 0.2877859375 0.2063171875
2 0.32859531249999996 0.2379984375 0.32861875 0.236525 0.3258390625 0.236525 0.32582656249999997 0.2434234375 0.31813437499999997 0.24345781249999998 0.3181703125 0.28457499999999997 0.33933125 0.284321875 0.3393671875 0.236525 0.33729375 0.2365421875 0.33730625000000003 0.238015625 0.32859531249999996 0.2379984375
6 0.23628437500000002 0.2456609375 0.24285 0.2677796875 0.25425624999999996 0.26098125 0.247690625 0.23893124999999998 0.23628437500000002 0.2456609375
6 0.306128125 0.26640625 0.3061765625 0.2842015625 0.309028125 0.2840984375 0.309040625 0.2854046875 0.31735625 0.2853359375 0.31733125 0.2434234375 0.30815468749999997 0.2434234375 0.30815468749999997 0.2663375 0.306128125 0.26640625
6 0.242678125 0.2692875 0.24582031249999997 0.2800828125 0.246621875 0.27964375 0.24769999999999998 0.2830125 0.2595265625 0.2759640625 0.25849687499999996 0.2724890625 0.2693203125 0.2664171875 0.2659875 0.255396875 0.242678125 0.2692875
2 0.3122875 0.3000828125 0.3123109375 0.309709375 0.325875 0.30979375 0.3258390625 0.3001 0.3122875 0.3000828125
10 0.2721265625 0.2688390625 0.27890000000000004 0.2916984375 0.2863484375 0.28714375 0.279575 0.2644875 0.2721265625 0.2688390625
2 0.20718125 0.2952515625 0.2213765625 0.28667031249999997 0.2231484375 0.2924171875 0.2359203125 0.2845609375 0.22605 0.251778125 0.198909375 0.2677 0.2000015625 0.271525 0.2010296875 0.27098125 0.20690468750000002 0.29092656250000004 0.20591093749999997 0.291471875 0.20718125 0.2952515625
8 0.36381718749999997 0.34618906250000003 0.3637921875 0.347665625 0.3683125 0.347665625 0.368190625 0.287146875 0.3026703125 0.2870375 0.30276875 0.2987421875 0.3344 0.2987421875 0.3344484375 0.347665625 0.336634375 0.347665625 0.336634375 0.3461515625 0.36381718749999997 0.34618906250000003
13 0.3776984375 0.2937265625 0.3776984375 0.30248906249999996 0.387990625 0.3025578125 0.38801562500000003 0.2937765625 0.3776984375 0.2937265625
10 0.265 0.252121875 0.26417812500000004 0.2525921875 0.26153125 0.24372656250000002 0.26258593750000003 0.2431890625 0.25758125 0.226421875 0.2506796875 0.2304734375 0.252353125 0.236353125 0.248590625 0.23857499999999998 0.255078125 0.2605421875 0.26563906249999997 0.25415156250000004 0.265 0.252121875
2 0.2903 0.3000484375 0.2902515625 0.30979375 0.30381562500000003 0.30979375 0.3038390625 0.3001171875 0.2903 0.3000484375
13 0.25415625 0.281390625 0.25816249999999996 0.294878125 0.263853125 0.29138593749999997 0.2598171875 0.2779625 0.25415625 0.281390625
2 0.3113765625 0.34765625 0.3114578125 0.29996875 0.30474843749999997 0.3000265625 0.30474843749999997 0.31109375 0.2903390625 0.31103749999999997 0.2902765625 0.34776406249999997 0.29325625 0.3476765625 0.2932796875 0.346328125 0.3083328125 0.346303125 0.308309375 0.3477328125 0.3113765625 0.34765625
10 0.2584375 0.31269375 0.2685140625 0.31277656249999997 0.268503125 0.306778125 0.2584375 0.31269375
13 0.25629375 0.3125390625 0.268240625 0.30545625 0.26401093750000004 0.2919640625 0.2521609375 0.2990828125 0.25629375 0.3125390625
10 0.2877421875 0.2284234375 0.287725 0.24064999999999998 0.29017499999999996 0.239259375 0.29019375 0.22846875 0.2877421875 0.2284234375
10 0.2872671875 0.2866359375 0.28851875 0.28592343750000004 0.28857656249999997 0.2594015625 0.288015625 0.25938125 0.2805234375 0.26371406249999996 0.2872671875 0.2866359375
1 0.3892 0.23650156249999998 0.389215625 0.25158593749999997 0.4006046875 0.251559375 0.4006046875 0.2365734375 0.3892 0.23650156249999998
10 0.2895453125 0.2592875 0.28956875000000004 0.26389687500000003 0.29505625 0.2638453125 0.29505625 0.2594046875 0.2895453125 0.2592875
10 0.30534218750000003 0.2844109375 0.305290625 0.2664 0.290346875 0.26637343750000003 0.2903640625 0.2749171875 0.30265 0.2749890625 0.30259843750000004 0.284484375 0.30534218750000003 0.2844109375
2 0.2884421875 0.3477765625 0.288490625 0.3071671875 0.26947343749999997 0.30708437499999997 0.2693765625 0.3139796875 0.2565703125 0.3140984375 0.2564375 0.34765625 0.25848593750000004 0.347725 0.2584984375 0.346234375 0.284175 0.3462 0.284175 0.3477078125 0.2884421875 0.3477765625
10 0.2520390625 0.178509375 0.25320156250000003 0.1825765625 0.2576 0.180034375 0.256425 0.1759484375 0.2520390625 0.178509375
13 0.248109375 0.2850140625 0.2521484375 0.298403125 0.2578515625 0.2950140625 0.2538609375 0.2815390625 0.248109375 0.2850140625
1 0.26273749999999996 0.2406609375 0.27371093750000003 0.2340984375 0.2697359375 0.22057031249999998 0.258740625 0.2271296875 0.26273749999999996 0.2406609375
0 0 0 0 1 1 1 1 0 0 0
10 0.24512499999999998 0.1874390625 0.24397656250000002 0.183440625 0.233034375 0.18993125 0.23393437499999997 0.19283125 0.23987656249999997 0.1894078125 0.2402140625 0.19035625 0.24512499999999998 0.1874390625
12 0.6605000000000001 0.3298828125 0.6512671875 0.3298828125 0.6512859375 0.331109375 0.6270859375 0.3311546875 0.6271046874999999 0.356625 0.66056875 0.356625 0.6605000000000001 0.3298828125
7 0.6068687500000001 0.20807812499999997 0.6114390625 0.20811562499999997 0.6114140625 0.2142640625 0.6434421875 0.214090625 0.6434421875 0.2083609375 0.6442125 0.20839531249999999 0.64424375 0.1793046875 0.606840625 0.179190625 0.6068687500000001 0.20807812499999997
2 0.5806546875 0.2669890625 0.5596046875 0.2669890625 0.5596640625 0.2979640625 0.5734765625 0.297896875 0.5734515625000001 0.2918421875 0.5743437499999999 0.2918609375 0.574328125 0.30758593749999996 0.5808875 0.307625 0.5806546875 0.2669890625
13 0.6206140625 0.292371875 0.605790625 0.292203125 0.605790625 0.307203125 0.6206484375 0.307240625 0.6206140625 0.292371875
10 0.6721859375 0.2668015625 0.66880625 0.26674375 0.6688109375 0.27230937499999996 0.6722265625 0.272365625 0.6721859375 0.2668015625
10 0.64164375 0.2885625 0.627003125 0.28862343749999997 0.627090625 0.3045953125 0.6417734375 0.3045953125 0.64164375 0.2885625
13 0.64631875 0.15840625 0.6253359374999999 0.15853124999999998 0.6253953125 0.176646875 0.64624375 0.1768234375 0.64631875 0.15840625
10 0.72814375 0.2990671875 0.725315625 0.2991328125 0.7253125 0.3078875 0.7281203125 0.30781875 0.72814375 0.2990671875
10 0.5766203125 0.716815625 0.5765921875 0.7422609375 0.578834375 0.7422609375 0.57885 0.7168359375 0.5766203125 0.716815625
6 0.7285734374999999 0.7712609375 0.728621875 0.7877859375 0.7390109375 0.7876515625 0.73895 0.7711765625 0.7285734374999999 0.7712609375
10 0.6133656249999999 0.7470125000000001 0.613325 0.7591390625 0.6163062499999999 0.7590796875 0.6163062499999999 0.74695625 0.6133656249999999 0.7470125000000001
10 0.5710265625 0.76636875 0.571015625 0.7702984374999999 0.5825046875 0.7702328125 0.5824828125 0.766334375 0.5710265625 0.76636875
2 0.400596875 0.347725 0.400596875 0.3041671875 0.37651093750000003 0.3041328125 0.3765484375 0.2880328125 0.369896875 0.288015625 0.369921875 0.34765625 0.3729671875 0.347690625 0.3729546875 0.3463375 0.39225781249999997 0.34631875 0.39230624999999997 0.34765625 0.400596875 0.347725
7 0.527253125 0.7270234375 0.5272671875 0.7254765625 0.519675 0.7255390625 0.519675 0.7457953125000001 0.5277265625 0.7458578124999999 0.5277999999999999 0.760459375 0.524103125 0.760378125 0.524109375 0.7841843749999999 0.541128125 0.78425625 0.5411140624999999 0.7827515625 0.545384375 0.7826078125 0.5453703125 0.76705 0.54611875 0.76706875 0.5460875 0.7448812499999999 0.5421484375000001 0.7448406249999999 0.5421484375000001 0.7254562499999999 0.54019375 0.7254984375 0.540165625 0.7269812499999999 0.527253125 0.7270234375
2 0.5869390625 0.82954375 0.5869390625 0.8310062500000001 0.5899296875 0.8310062500000001 0.589921875 0.7965671875 0.5833781250000001 0.7964828125000001 0.5833781250000001 0.8024578124999999 0.5822609375 0.8024859375 0.5821984375 0.7965984374999999 0.5711203125 0.79659375 0.571021875 0.8310265625 0.5740406250000001 0.83106875 0.5740265625000001 0.82954375 0.5869390625 0.82954375
13 0.6487359374999999 0.783871875 0.6487140625000001 0.7876000000000001 0.651565625 0.7876000000000001 0.651590625 0.7897171875 0.65208125 0.7896828124999999 0.6521421875 0.79990625 0.66049375 0.799871875 0.6604703125 0.7838875 0.6487359374999999 0.783871875
10 0.66919375 0.752053125 0.6691515625 0.764178125 0.6721328125 0.7641218750000001 0.6721328125 0.7519953125 0.66919375 0.752053125
13 0.5718203125 0.771946875 0.5718203125 0.79399375 0.58233125 0.793953125 0.582315625 0.772009375 0.5718203125 0.771946875
2 0.6435859374999999 0.8014140624999999 0.6435859374999999 0.8358890625000001 0.64988125 0.835840625 0.6498468749999999 0.8344437499999999 0.6627515625 0.834421875 0.6627515625 0.8359125000000001 0.6678078125 0.8359125000000001 0.6678234375 0.8013187500000001 0.6435859374999999 0.8014140624999999
2 0.762928125 0.8014531249999999 0.76289375 0.8360125 0.7679765625 0.8360406250000001 0.7679265625 0.8345640624999999 0.7808484375 0.8345296875000001 0.7809203124999999 0.836078125 0.7871078125000001 0.8360406250000001 0.7871078125000001 0.80149375 0.762928125 0.8014531249999999
10 0.557828125 0.7664171875 0.5578140625 0.7703515624999999 0.5693046875000001 0.7702828125 0.56928125 0.7663828125000001 0.557828125 0.7664171875
8 0.594025 0.8309671875 0.594059375 0.8295015625 0.6133328125 0.82955 0.6133656249999999 0.8311140625 0.6163859375 0.831040625 0.61636875 0.7951625 0.623875 0.7951859375 0.623909375 0.784471875 0.5834125 0.7841781250000001 0.5833781250000001 0.7951140624999999 0.5911265625000001 0.7950140625000001 0.591090625 0.8310140625000001 0.594025 0.8309671875
4 0.580584375 0.7168953124999999 0.5805703125 0.7373937500000001 0.5964 0.737375 0.5963859375 0.716853125 0.580584375 0.7168953124999999
6 0.5465765625000001 0.76640625 0.5466249999999999 0.7829312500000001 0.5570109375000001 0.78279375 0.5569531249999999 0.76631875 0.5465765625000001 0.76640625
2 0.49838750000000004 0.7965421874999999 0.49838750000000004 0.8310140625000001 0.50468125 0.83096875 0.5046468749999999 0.8295718750000001 0.517553125 0.82955 0.517553125 0.831040625 0.522609375 0.831040625 0.5226265625 0.7964484374999999 0.49838750000000004 0.7965421874999999
7 0.7433562499999999 0.73065625 0.74333125 0.749946875 0.7394140625000001 0.74999375 0.7401093750000001 0.787790625 0.7443875 0.7877390625 0.744409375 0.78935 0.7615453125 0.789453125 0.761496875 0.7655046875 0.75783125 0.765453125 0.75783125 0.7508953125 0.76591875 0.75084375 0.76590625 0.7306421875 0.758284375 0.7304703124999999 0.758284375 0.7320984375 0.7453453125 0.7320984375 0.7453453125 0.7306234375 0.7433562499999999 0.73065625
10 0.5671546875 0.7607296875 0.5671546875 0.7638828125 0.573134375 0.763934375 0.573121875 0.7607296875 0.5671546875 0.7607296875
6 0.318625 0.7749484375 0.3186734375 0.7910828125 0.3392 0.7911515625 0.3391515625 0.7759140625 0.318625 0.7749484375
2 0.2712359375 0.8056109375 0.271278125 0.8402671875 0.27436875 0.8402671875 0.274340625 0.8387625 0.2892953125 0.838703125 0.2893953125 0.8402484375 0.29235781250000004 0.8402484375 0.29235781250000004 0.8057124999999999 0.2712359375 0.8056109375
10 0.3316875 0.7430328125 0.33165 0.749471875 0.33470625 0.7494390625 0.3347171875 0.7429984375 0.3316875 0.7430328125
13 0.1916765625 0.7714109375 0.191634375 0.7898921875 0.202775 0.7899515625 0.202775 0.7714984375 0.1916765625 0.7714109375
2 0.294184375 0.8056531250000001 0.2941875 0.8402515625 0.29715625 0.840225 0.29715625 0.8387625 0.312115625 0.8387109374999999 0.312234375 0.8402515625 0.3151625 0.8402515625 0.315215625 0.80565625 0.294184375 0.8056531250000001
3 0.3808296875 0.742946875 0.38084375000000004 0.7701625 0.3959015625 0.7700796875 0.395915625 0.7429671875 0.39111250000000003 0.742946875 0.391140625 0.7444124999999999 0.3845265625 0.7443734375 0.3845265625 0.742990625 0.3808296875 0.742946875
13 0.203190625 0.7809265625 0.2032078125 0.789809375 0.2134578125 0.7897609375 0.21349218749999999 0.7809984375 0.203190625 0.7809265625
11 0.2557421875 0.742946875 0.25575312499999997 0.7590171875 0.26611875 0.7589828125 0.26609375 0.7430328125 0.2557421875 0.742946875
4 0.30111875 0.7228984374999999 0.3011421875 0.7454734375000001 0.31865 0.7454046875 0.3186140625 0.722946875 0.30111875 0.7228984374999999
10 0.36886718749999997 0.7430328125 0.36891562499999997 0.7700828125 0.379771875 0.769965625 0.3797609375 0.74293125 0.37869375 0.742946875 0.3786703125 0.744471875 0.3699578125 0.7444390624999999 0.36994531249999996 0.7429812499999999 0.36886718749999997 0.7430328125
13 0.20322656249999999 0.7716515625 0.2032078125 0.7804625 0.21340625000000002 0.7804109375 0.213440625 0.7716984375 0.20322656249999999 0.7716515625
10 0.20675 0.74294375 0.20668125 0.7700375 0.2176546875 0.7700609375 0.2175859375 0.74299375 0.21648125000000001 0.74301875 0.21649687499999998 0.7444109375 0.20781875 0.7444328125 0.207825 0.74293125 0.20675 0.74294375
2 0.316125 0.8056953124999999 0.3161703125 0.8402531249999999 0.31925625 0.8402421875 0.3191984375 0.8387343749999999 0.3342828125 0.8387687500000001 0.33434375 0.8402593749999999 0.3373140625 0.8402421875 0.337275 0.8056265625 0.316125 0.8056953124999999
11 0.3203640625 0.7428421875 0.3203765625 0.7589109374999999 0.3307421875 0.7588765625 0.3307171875 0.7429281249999999 0.3203640625 0.7428421875
5 0.3186015625 0.77240625 0.3186015625 0.7479218750000001 0.3012078125 0.7479218750000001 0.3012078125 0.7509984375000001 0.2679140625 0.7509984375000001 0.2679140625 0.7724375 0.2788046875 0.7724375 0.2787421875 0.7624484375 0.3076890625 0.7624484375 0.3076890625 0.77249375 0.3186015625 0.77240625
10 0.21452187500000003 0.771353125 0.21448593749999997 0.7899484375 0.217028125 0.7899140625000001 0.216990625 0.7714390625 0.21452187500000003 0.771353125
10 0.30074375 0.763953125 0.30070312499999996 0.7724203125 0.3066875 0.7724203125 0.30670625 0.763953125 0.30074375 0.763953125
2 0.36964375 0.7910890625 0.3696015625 0.8357921875000001 0.375784375 0.8357921875000001 0.3757703125 0.8345125 0.3907515625 0.834553125 0.39078124999999997 0.8358953124999999 0.395915625 0.8358953124999999 0.3959296875 0.79129375 0.36964375 0.7910890625
7 0.24731718749999998 0.7617625 0.24730781249999997 0.774575 0.2654359375 0.7745921874999999 0.2654109375 0.7615765624999999 0.24731718749999998 0.7617625
7 0.321146875 0.7617468749999999 0.32104374999999996 0.7744875 0.3392234375 0.774603125 0.33914218749999997 0.762009375 0.321146875 0.7617468749999999
10 0.2867671875 0.763953125 0.28678750000000003 0.7724484375 0.292753125 0.7724203125 0.2927109375 0.763953125 0.2867671875 0.763953125
8 0.3423375 0.8402859375 0.34230312500000004 0.8387078125 0.36366718750000004 0.8387609375 0.3636921875 0.8402171875000001 0.3688921875 0.8402859375 0.36886718749999997 0.8351515624999999 0.367765625 0.83516875 0.3678625 0.792471875 0.3065109375 0.7923890625000001 0.3065109375 0.8043531249999999 0.33824062499999996 0.8043875 0.338253125 0.8402859375 0.3423375 0.8402859375
6 0.2473421875 0.7758984375 0.24730781249999997 0.7910999999999999 0.2677734375 0.7910999999999999 0.2677859375 0.775946875 0.2473421875 0.7758984375
6 0.268671875 0.7749828125 0.26871875 0.7908953125 0.279684375 0.7908953125 0.27972031249999996 0.7749828125 0.268671875 0.7749828125
13 0.2811703125 0.78224375 0.2810140625 0.8042078125 0.29165312499999996 0.8041874999999999 0.29162499999999997 0.7822015625 0.2811703125 0.78224375
6 0.30682343749999996 0.7749828125 0.3067875 0.7907609375 0.3177140625 0.7907953125 0.3177625 0.7749312500000001 0.30682343749999996 0.7749828125
8 0.22284687500000003 0.840228125 0.2228140625 0.8386921875000001 0.24417343749999998 0.8386921875000001 0.244209375 0.840228125 0.24819375 0.8402765625 0.24819375 0.8044234375 0.27999375 0.8043265625 0.27992343750000004 0.7925390625000001 0.2187046875 0.792371875 0.21870625000000002 0.8351734375 0.2176546875 0.8351734375 0.2176375 0.8401796875 0.22284687500000003 0.840228125
10 0.36955625 0.7714390625 0.36949375 0.7899796875 0.3719375 0.7899234374999999 0.371875 0.7714109375 0.36955625 0.7714390625
10 0.2941390625 0.7749375 0.294159375 0.7805015625 0.305609375 0.7805890625 0.305609375 0.774996875 0.2941390625 0.7749375
2 0.249171875 0.8057328125 0.249171875 0.8403046875 0.25228125 0.8402375 0.2522578125 0.8387375 0.2673 0.838665625 0.2673 0.8402703125000001 0.270384375 0.8402703125000001 0.270409375 0.8056609375000001 0.249171875 0.8057328125
7 0.2187046875 0.7429640625 0.218728125 0.7923375 0.24209375 0.79240625 0.24209375 0.7906765625000001 0.24638437500000002 0.7907437500000001 0.246396875 0.7621171875 0.24208124999999997 0.7621359375 0.24211875 0.760421875 0.2548421875 0.760421875 0.2548078125 0.7506609375 0.25063749999999996 0.7507265624999999 0.250709375 0.7429640625 0.2418546875 0.742946875 0.24182968749999997 0.744471875 0.22462343749999997 0.7444890625 0.224671875 0.742896875 0.2187046875 0.7429640625
3 0.1905984375 0.742990625 0.19055625 0.770203125 0.2057109375 0.7701 0.205725 0.742990625 0.20194218749999998 0.74303125 0.2019140625 0.7444328125 0.1953734375 0.7444531249999999 0.19532812500000002 0.7429281249999999 0.1905984375 0.742990625
13 0.37300468750000004 0.7809125 0.37300468750000004 0.789678125 0.38329843750000003 0.7897171875 0.3833578125 0.7809125 0.37300468750000004 0.7809125
10 0.29374375 0.7638375 0.2937875 0.7724484375 0.29975 0.7724484375 0.2997296875 0.763953125 0.29374375 0.7638375
12 0.26789999999999997 0.7229359375 0.2678859375 0.748378125 0.2993890625 0.7483984375 0.29936093750000003 0.7227515624999999 0.26789999999999997 0.7229359375
13 0.383690625 0.7714390625 0.383678125 0.7899625 0.3959234375 0.78988125 0.3959015625 0.7714734375 0.383690625 0.7714390625
10 0.27973593750000003 0.76385625 0.279778125 0.7723484375 0.28576250000000003 0.77240625 0.2857421875 0.7639421875 0.27973593750000003 0.76385625
13 0.294828125 0.7822015625 0.29476874999999997 0.8042187500000001 0.3054703125 0.8041328125 0.305409375 0.7822171875 0.294828125 0.7822015625
13 0.3730234375 0.771728125 0.3730375 0.7804734375 0.3833328125 0.780453125 0.38334687500000003 0.7717875000000001 0.3730234375 0.771728125
7 0.34466562500000003 0.7443109375 0.34468125 0.74294375 0.335625 0.7429187500000001 0.335640625 0.7507296875 0.33163906249999997 0.75068125 0.33170625 0.7601734375 0.3392296875 0.7601515625 0.3392296875 0.7604421875 0.34426875 0.76049375 0.34426875 0.76205625 0.3401109375 0.762103125 0.340075 0.790684375 0.3443203125 0.7907078125 0.3443546875 0.7923921875 0.3678859375 0.7924234375 0.367803125 0.7429671875 0.36186875 0.74299375 0.36185 0.7444109375 0.34466562500000003 0.7443109375
2 0.190578125 0.7912859375 0.1906453125 0.8359171875 0.19573281250000002 0.835846875 0.19573281250000002 0.8345437499999999 0.21076562499999998 0.8345921875 0.210815625 0.8359171875 0.2169109375 0.8357749999999999 0.2169265625 0.7912140625 0.190578125 0.7912859375
10 0.28090625 0.77496875 0.28092968749999997 0.78065 0.2923796875 0.7805328125 0.2923796875 0.774996875 0.28090625 0.77496875
2 0.6177265625 0.796490625 0.617690625 0.8310484375 0.6227734375 0.831078125 0.622725 0.8296015625000001 0.6356453125 0.8295640625 0.63571875 0.8311125 0.64190625 0.831078125 0.64190625 0.796528125 0.6177265625 0.796490625
10 0.758628125 0.75208125 0.7585859375 0.7642078125 0.7615671875000001 0.764146875 0.7615671875000001 0.7520234375 0.758628125 0.75208125
6 0.5834484375 0.7662828125 0.583496875 0.7828078125 0.5938859375 0.782671875 0.593825 0.766196875 0.5834484375 0.7662828125
10 0.7124203125 0.7657375 0.7124203125 0.7688906249999999 0.7184 0.7689421875 0.7183875 0.7657375 0.7124203125 0.7657375
13 0.7702546875 0.7839343750000001 0.7702546875 0.799796875 0.7785375 0.7998375 0.7785515625 0.7896890625 0.7791703125 0.7896687499999999 0.779125 0.7875734375000001 0.7820296875 0.7876140625 0.782015625 0.7838515625 0.7702546875 0.7839343750000001
13 0.7169265625000001 0.7769078125 0.7169265625000001 0.7989531249999999 0.7274359375 0.7989140625 0.727421875 0.7769671875 0.7169265625000001 0.7769078125
10 0.7192859375 0.7657375 0.7192859375 0.7688734375 0.7256484375000001 0.7689421875 0.725625 0.7657890625 0.7192859375 0.7657375
10 0.7832874999999999 0.7835921875 0.7832625 0.7882015625000001 0.787146875 0.78821875 0.7871578125 0.7836093749999999 0.7832874999999999 0.7835921875
13 0.77909375 0.789675 0.7790453125 0.799846875 0.7854796875 0.79979375 0.7854921874999999 0.7897609375 0.77909375 0.789675
13 0.64525 0.7897406250000001 0.6452015624999999 0.7999078125 0.6516359375 0.7998609375 0.6516484375 0.7898265624999999 0.64525 0.7897406250000001
10 0.5741234375000001 0.76071875 0.5741234375000001 0.763853125 0.5804875 0.7639218750000001 0.5804640625 0.76076875 0.5741234375000001 0.76071875
8 0.739215625 0.8361656249999999 0.739215625 0.8344390625000001 0.7586031249999999 0.8345062499999999 0.7586515625 0.83613125 0.7613953125 0.8361656249999999 0.761378125 0.8002874999999999 0.7688828125 0.8003109374999999 0.7689015625 0.7894015624999999 0.728421875 0.7893046874999999 0.7283875 0.8002390625 0.736134375 0.8001390625000001 0.7361 0.8361390625 0.739215625 0.8361656249999999
2 0.73215625 0.8345874999999999 0.73215625 0.8360484375 0.7351453125 0.8360484375 0.7351375 0.8016109374999999 0.7285953125 0.801525 0.7285953125 0.8074999999999999 0.7274765624999999 0.8075281249999999 0.7274140625000001 0.8016421875 0.7163359375 0.8016359375000001 0.7162390624999999 0.8360687499999999 0.7192578125 0.8361124999999999 0.71924375 0.8345874999999999 0.73215625 0.8345874999999999
2 0.56926875 0.8310546875 0.569209375 0.79655625 0.5569890625 0.7964984375 0.5502734375 0.7965187499999999 0.5502734375 0.8309749999999999 0.553321875 0.83099375 0.5533359375 0.82955 0.56630625 0.82956875 0.5663203125 0.83109375 0.56926875 0.8310546875
10 0.7051390625 0.765778125 0.7051734374999999 0.768896875 0.711453125 0.7689140625 0.711440625 0.765778125 0.7051390625 0.765778125
13 0.503546875 0.7788625 0.5035234375 0.7825921874999999 0.506375 0.7825921874999999 0.5063984375 0.784709375 0.506890625 0.784675 0.5069515625000001 0.794896875 0.5153015625 0.7948625 0.515278125 0.7788796875 0.503546875 0.7788625
10 0.716221875 0.771353125 0.7162328125 0.7753359375 0.7277250000000001 0.7753187500000001 0.7277125 0.77140625 0.716221875 0.771353125
13 0.7033046875 0.7769390625 0.7033046875 0.7989859375 0.7138171875 0.7989421875 0.713803125 0.7769984375 0.7033046875 0.7769390625
8 0.6722312500000001 0.8359609375 0.672265625 0.8344984375 0.6915390625 0.834546875 0.69155 0.8360140625 0.6945921875 0.8360375 0.694575 0.800159375 0.70208125 0.8001828124999999 0.7021 0.7892734375 0.6616203125 0.7891765625 0.661584375 0.8001109375000001 0.6693328125 0.8000109375 0.6692984375 0.8360125 0.6722312500000001 0.8359609375
10 0.7386765625 0.7448125 0.7386765625 0.7473890625 0.7416484375 0.747303125 0.7416 0.7448625 0.7386765625 0.7448125
10 0.7030171875 0.7714390625 0.7030046875 0.7753703125 0.714496875 0.7753015624999999 0.714471875 0.77140625 0.7030171875 0.7714390625
4 0.725853125 0.72198125 0.7258390625 0.7424828125 0.74166875 0.7424625 0.7416546875 0.7219421875 0.725853125 0.72198125
5 0.55908125 0.7638453125 0.559125 0.75933125 0.581496875 0.7592890625 0.581528125 0.7639078125000001 0.5925546875000001 0.7639484375000001 0.5925687500000001 0.739846875 0.5807359375 0.739846875 0.5807796875 0.7448921875 0.575703125 0.7448921875 0.57565625 0.7168640625 0.5673171875 0.716846875 0.5674781249999999 0.7449921875000001 0.548053125 0.74486875 0.5479953125 0.7638859375 0.55908125 0.7638453125
7 0.6725453124999999 0.7320125 0.672559375 0.7304671875000001 0.6649671875000001 0.730528125 0.6649671875000001 0.7507875 0.67301875 0.7508468749999999 0.6730921875 0.76545 0.6693953125000001 0.7653671875 0.669353125 0.7890734375 0.6864203125 0.78924375 0.68640625 0.7877390625 0.6906765625 0.787596875 0.6906625 0.7720374999999999 0.6914109374999999 0.7720578125 0.69138125 0.74986875 0.687440625 0.749828125 0.687440625 0.7304468749999999 0.6854859375 0.7304875 0.6854578124999999 0.7319718749999999 0.6725453124999999 0.7320125
5 0.704175 0.768865625 0.70421875 0.7643500000000001 0.7265921875 0.7643109375 0.7266203124999999 0.768928125 0.7376484375000001 0.76896875 0.7376625 0.744865625 0.7258296875 0.744865625 0.7258718749999999 0.7499125 0.7207953125000001 0.7499125 0.7208218750000001 0.72188125 0.7124953125 0.721846875 0.712571875 0.7500109375 0.6931453125 0.7498921875 0.6930890625 0.7689078125 0.704175 0.768865625
10 0.559840625 0.760721875 0.559875 0.7638390625 0.5661546875 0.76385625 0.5661421875 0.760721875 0.559840625 0.760721875
2 0.5163625 0.7828968749999999 0.5226437500000001 0.78294375 0.5225921875 0.7469953125 0.5204671875 0.7469953125 0.5195890624999999 0.7469953125 0.5195734375 0.7456296874999999 0.509390625 0.7456765625 0.5093578125 0.7471890625000001 0.49929218750000004 0.7471859375000001 0.49926250000000005 0.7457265625 0.4983234375 0.7457265625 0.49841875 0.77738125 0.51638125 0.77733125 0.5163625 0.7828968749999999
13 0.6250281249999999 0.778928125 0.6250281249999999 0.7947921874999999 0.6333109375 0.79483125 0.6333249999999999 0.7846828125 0.63394375 0.7846640625 0.6339 0.78256875 0.63680625 0.7826078125 0.6367921875 0.7788453125 0.6250281249999999 0.778928125
12 0.6891453125 0.7218640625 0.6890828124999999 0.7473171875 0.7123984375 0.7474062499999999 0.7123765625 0.7218953124999999 0.6891453125 0.7218640625
10 0.64361875 0.7835578125 0.6435953125 0.7881671875 0.647478125 0.7881843749999999 0.6474890624999999 0.783575 0.64361875 0.7835578125
2 0.623834375 0.7773578125 0.6419109375 0.777209375 0.6419312500000001 0.7456109375 0.6409171875 0.74566875 0.6409796875 0.7471609375 0.6309375 0.7471890625000001 0.6309375 0.7456109375 0.6207078125 0.74549375 0.6207281250000001 0.747015625 0.617746875 0.746984375 0.6176015625 0.78289375 0.6239171875 0.78289375 0.623834375 0.7773578125
11 0.766828125 0.730528125 0.7667859375 0.7492125 0.7746328124999999 0.74933125 0.7746109375 0.7304390625 0.766828125 0.730528125
6 0.6918656249999999 0.7713656249999999 0.6919125 0.787890625 0.7023015625 0.7877562499999999 0.7022406250000001 0.7712828125 0.6918656249999999 0.7713656249999999
10 0.5933890625 0.73988125 0.5933937499999999 0.7423484375 0.5963859375 0.7424390625 0.5964343750000001 0.7398625 0.5933890625 0.73988125
11 0.6561671875 0.7305046875000001 0.6561250000000001 0.749190625 0.663971875 0.7493078125 0.6639515625 0.73041875 0.6561671875 0.7305046875000001
10 0.498440625 0.7785171875 0.498415625 0.7831265625 0.5022968750000001 0.78314375 0.5023093750000001 0.7785359374999999 0.498440625 0.7785171875
13 0.6338109375000001 0.7846640625 0.6337640625 0.794834375 0.6402 0.7947828125 0.640209375 0.7847515625 0.6338109375000001 0.7846640625
10 0.7218140625 0.7219390625 0.7217828125 0.7473828124999999 0.7240265625 0.7473828124999999 0.724040625 0.7219578125 0.7218140625 0.7219390625
11 0.621475 0.7255984375 0.621434375 0.744284375 0.62928125 0.7444015625 0.6292609375 0.7255109375 0.621475 0.7255984375
7 0.5981359375 0.7255578125000001 0.5981109375 0.744846875 0.59419375 0.744896875 0.5948890625 0.78269375 0.599165625 0.7826421875 0.5991890625 0.784253125 0.6163234375 0.784353125 0.616278125 0.7604046875 0.612609375 0.760353125 0.612609375 0.7457953125000001 0.6207 0.74574375 0.6206875000000001 0.7255421875 0.6130656250000001 0.7253734374999999 0.6130656250000001 0.7269984375 0.600125 0.7269984375 0.600125 0.7255234374999999 0.5981359375 0.7255578125000001
8 0.5270109374999999 0.831003125 0.52704375 0.8295406249999999 0.546371875 0.8295890625 0.5463843749999999 0.8311140625 0.5493734375 0.831078125 0.5493546874999999 0.795203125 0.5568625 0.7952250000000001 0.556878125 0.784315625 0.5163984375 0.78421875 0.5163640625 0.7951515625 0.5241109374999999 0.795053125 0.5240765625 0.8310546875 0.5270109374999999 0.831003125
10 0.638059375 0.77840625 0.6380343749999999 0.783015625 0.64191875 0.7830328125 0.6419312500000001 0.7784203125 0.638059375 0.77840625
2 0.6615984375 0.787821875 0.6678796874999999 0.7878703125000001 0.667828125 0.7519218750000001 0.6657046875 0.7519218750000001 0.664825 0.7519218750000001 0.6648078125 0.7505531249999999 0.6546265625000001 0.7506015625 0.6545921875 0.7521140625 0.644528125 0.7521093750000001 0.6444984375 0.750653125 0.6435593749999999 0.750653125 0.6436531249999999 0.78230625 0.661615625 0.7822578124999999 0.6615984375 0.787821875
13 0.5001234375 0.7847328124999999 0.500075 0.7948999999999999 0.506509375 0.7948515625 0.506521875 0.7848171875000001 0.5001234375 0.7847328124999999
13 0.5580375 0.7719109375000001 0.5580375 0.79395625 0.5685484375 0.7939171875000001 0.568534375 0.771971875 0.5580375 0.7719109375000001
10 0.52395625 0.74705625 0.523915625 0.7591812499999999 0.526896875 0.7591218750000001 0.526896875 0.7469984375000001 0.52395625 0.74705625
2 0.7115109375 0.8344921875000001 0.7115296875 0.8359578125 0.714496875 0.8359328125 0.7145484375 0.80151875 0.702884375 0.80151875 0.70291875 0.8074734375 0.7021578125 0.8074734375 0.7021578125 0.8014718750000001 0.695515625 0.8012765625 0.69556875 0.836028125 0.6985890625 0.83598125 0.6986046875 0.8344687499999999 0.7115109375 0.8344921875000001
2 0.769053125 0.782246875 0.787146875 0.78226875 0.78715 0.7504984375 0.7861343749999999 0.7505578125000001 0.786196875 0.752053125 0.7761546874999999 0.75208125 0.7761546874999999 0.7504984375 0.7659265625 0.7503828125 0.765946875 0.7519078125 0.7629671874999999 0.7518765625 0.762821875 0.7877828124999999 0.7691359375 0.7877828124999999 0.769053125 0.782246875
12 0.5440343750000001 0.71685 0.543971875 0.7423 0.5672875000000001 0.7423859375 0.5672671874999999 0.716878125 0.5440343750000001 0.71685
10 0.6188890625 0.266796875 0.6154734375 0.26671093749999997 0.6154375 0.27235468749999997 0.618865625 0.272303125 0.6188890625 0.266796875
6 0.6254046875 0.3196953125 0.62539375 0.30877187500000003 0.6134515625 0.3087515625 0.6133984375 0.3237265625 0.6246859375 0.3237265625 0.6246875000000001 0.3197265625 0.6254046875 0.3196953125
10 0.624178125 0.1584890625 0.6161125000000001 0.15859375 0.6161 0.1567984375 0.6113562499999999 0.15694999999999998 0.6114046875 0.1585609375 0.606828125 0.158478125 0.606896875 0.177625 0.6176421875 0.17769375 0.6176296875 0.176696875 0.624303125 0.1767328125 0.624178125 0.1584890625
8 0.6123515625 0.30877656249999996 0.5743375000000001 0.3088828125 0.5742859375 0.31974375 0.5821375 0.319603125 0.5820640625 0.355521875 0.6047484375 0.3552734375 0.6045984375 0.31977812499999997 0.61245 0.31998906250000003 0.6123515625 0.30877656249999996
10 0.6606203125000001 0.2792703125 0.6538375000000001 0.2792109375 0.6537953125 0.3047171875 0.66049375 0.3047171875 0.6606203125000001 0.2792703125
2 0.68214375 0.32104374999999996 0.675165625 0.32104374999999996 0.675165625 0.3250140625 0.6629640625000001 0.3248375 0.662890625 0.3552734375 0.682021875 0.3553078125 0.68214375 0.32104374999999996
13 0.6434515625 0.226265625 0.6327265625 0.2263265625 0.632765625 0.24821093749999998 0.643290625 0.24816875 0.6434515625 0.226265625
13 0.7280046875 0.3093359375 0.724209375 0.30936093750000004 0.724284375 0.2993734375 0.7143265624999999 0.2993734375 0.7142703125 0.3196296875 0.7280390625 0.3196296875 0.7280046875 0.3093359375
11 0.6254390625 0.252721875 0.6105140625 0.25270000000000004 0.61055 0.2643421875 0.6253703125000001 0.2643421875 0.6254390625 0.252721875
2 0.7141578125 0.29786718749999996 0.7274546875000001 0.29785625 0.7273984375 0.291953125 0.7282015625 0.29186718749999996 0.7280515624999999 0.26687656249999997 0.7069703125 0.2669390625 0.706746875 0.3074625 0.71331875 0.3075421875 0.7132390625 0.291853125 0.7141578125 0.291853125 0.7141578125 0.29786718749999996
10 0.62259375 0.1406046875 0.6180203125 0.1406046875 0.618003125 0.1571515625 0.6224484375 0.1571515625 0.62259375 0.1406046875
2 0.6246671874999999 0.3249265625 0.6124906250000001 0.32498593750000004 0.6124703125 0.320971875 0.60555625 0.320971875 0.6056171875 0.3551796875 0.6246671874999999 0.35523906250000004 0.6246671874999999 0.3249265625
10 0.562325 0.2990765625 0.5595109375 0.2991359375 0.5595109375 0.30798125 0.5624281250000001 0.30798125 0.562325 0.2990765625
13 0.681896875 0.3072171875 0.6819124999999999 0.292209375 0.666975 0.2922859375 0.6669625 0.3072359375 0.681896875 0.3072171875
2 0.6823515625 0.1408671875 0.6472187500000001 0.1408328125 0.647146875 0.17691874999999999 0.6822796875 0.177021875 0.6823515625 0.1408671875
6 0.652975 0.2346265625 0.6443203125 0.2346265625 0.6442812499999999 0.2505421875 0.6527265625 0.2504734375 0.652690625 0.248575 0.655284375 0.24854375 0.655171875 0.23319218749999998 0.652975 0.233221875 0.652975 0.2346265625
8 0.7131937500000001 0.3088484375 0.675284375 0.3087859375 0.6751968749999999 0.3197171875 0.682884375 0.31965781249999997 0.682921875 0.3553703125 0.7054671875 0.3553078125 0.7053390625 0.3195953125 0.7132390625 0.319840625 0.7131937500000001 0.3088484375
13 0.5597859374999999 0.3194984375 0.573315625 0.31947187499999996 0.573296875 0.299509375 0.56339375 0.299509375 0.56339375 0.3093703125 0.5597515625 0.3093703125 0.5597859374999999 0.3194984375
7 0.6145625 0.26695625 0.5823109375 0.26706093750000004 0.5821859375 0.30870625 0.600328125 0.30879375 0.6003499999999999 0.3076171875 0.6046984375 0.3075453125 0.60465 0.2827703125 0.6004015625 0.2828765625 0.6004015625 0.2815390625 0.605940625 0.281471875 0.6058921875000001 0.2904328125 0.625325 0.2906078125 0.6253 0.2656578125 0.61960625 0.26565625000000004 0.6196546875 0.27352656249999996 0.6145125 0.2735609375 0.6145625 0.26695625
11 0.6164203125000001 0.13944218749999998 0.6056171875 0.1393703125 0.6056734374999999 0.15564375 0.6163359374999999 0.1557984375 0.6164203125000001 0.13944218749999998
2 0.5809375 0.3209140625 0.5595890625 0.321003125 0.5596015624999999 0.355421875 0.5807296875 0.3552671875 0.5809375 0.3209140625
7 0.6680296875 0.265553125 0.6622890625 0.265490625 0.662240625 0.2905078125 0.6818265625000001 0.2905703125 0.6817453125 0.2814640625 0.6872484375 0.2814875 0.6872671875 0.28283125 0.6829703125 0.28275625 0.6829765625 0.30753906249999996 0.6872625 0.307496875 0.687246875 0.3087171875 0.7054578125 0.308921875 0.705503125 0.26704374999999997 0.6731171875 0.26692187500000003 0.6731015625000001 0.2735609375 0.6678921875 0.2735609375 0.6680296875 0.265553125
4 0.6409671875 0.26360625 0.627128125 0.2635015625 0.62708125 0.286078125 0.640978125 0.2860171875 0.6409671875 0.26360625
6 0.6629484375 0.3236734375 0.6742296875 0.32364375 0.6741359375 0.30880625 0.6622265625 0.3088453125 0.66216875 0.3197140625 0.6629968749999999 0.3197265625 0.6629484375 0.3236734375
3 0.647171875 0.1470328125 0.646409375 0.1469765625 0.6463265625 0.1407078125 0.6232796875 0.14082343749999998 0.6232171875 0.1571984375 0.6471328125 0.157078125 0.647171875 0.1470328125
2 0.631765625 0.21525625 0.6064546875 0.21542500000000003 0.6065343750000001 0.24941093749999999 0.631565625 0.24943906249999998 0.6315171875 0.226134375 0.627425 0.22602812499999997 0.6273703125 0.22468593750000002 0.631625 0.224703125 0.631765625 0.21525625
10 0.6659796874999999 0.291971875 0.6623734375 0.2919640625 0.662253125 0.307625 0.6659437500000001 0.307625 0.6659796874999999 0.291971875
8 0.6442421875 0.2332875 0.6527390625 0.23344843750000002 0.6527078125 0.22109687500000003 0.6822578125 0.22113906249999998 0.6822765625 0.179121875 0.6444093750000001 0.1793640625 0.6443875 0.2154875 0.6325515625 0.21544375 0.6324640625 0.2248484375 0.644303125 0.2252671875 0.6442421875 0.2332875
10 0.6104359374999999 0.20953593750000002 0.6065 0.20954062499999998 0.606475 0.21411875 0.6104171875 0.21411875 0.6104359374999999 0.20953593750000002
10 0.6416906250000001 0.2528828125 0.627140625 0.252790625 0.6270796875 0.26114375 0.6417796874999999 0.26101718749999997 0.6416906250000001 0.2528828125
2 0.7281093750000001 0.3209484375 0.706740625 0.32073593749999996 0.7068015625 0.3554046875 0.7280546875 0.3554046875 0.7281093750000001 0.3209484375
10 0.6253359374999999 0.29205000000000003 0.62155625 0.29201875 0.62165625 0.30772499999999997 0.625325 0.307759375 0.6253359374999999 0.29205000000000003
10 0.660578125 0.252665625 0.6539234375 0.252725 0.6537531249999999 0.278115625 0.6605359375 0.27805625 0.660578125 0.252665625
5 0.651253125 0.32979375 0.6604875 0.3297140625 0.6605328125 0.305803125 0.6529953125 0.305803125 0.6529578125 0.252725 0.6426968750000001 0.252796875 0.6427546875 0.3059484375 0.6271484375 0.30577187499999997 0.6271078125 0.3203140625 0.651209375 0.32043125 0.651253125 0.32979375
2 0.682321875 0.24941874999999997 0.682321875 0.22228281249999998 0.6535828125 0.22214062499999998 0.6536500000000001 0.231353125 0.6564578125 0.23130781250000002 0.6565453125 0.24939218749999997 0.682321875 0.24941874999999997
11 0.67715625 0.25267343750000004 0.6622484375 0.252759375 0.6622171875 0.2643125 0.6770640625000001 0.2642734375 0.67715625 0.25267343750000004
10 0.6502421875 0.32165625000000003 0.6269890625000001 0.32177656250000003 0.6270578125 0.32887187500000004 0.6502421875 0.3288 0.6502421875 0.32165625000000003
8 0.22773906249999998 0.3462171875 0.25339375 0.3461828125 0.25346562499999997 0.34779375 0.254928125 0.3477078125 0.25498750000000003 0.3146921875 0.22150937499999998 0.203153125 0.1859328125 0.22416718750000003 0.1870109375 0.228015625 0.18799531249999998 0.2274234375 0.198046875 0.2612375 0.1971484375 0.2618125 0.1982625 0.26576093749999996 0.22624218749999997 0.248828125 0.2456765625 0.31401406249999997 0.21772343749999998 0.33074375 0.21823593749999998 0.3323375 0.21906562499999999 0.3318109375 0.2225640625 0.3433359375 0.221615625 0.3440828125 0.222803125 0.3477421875 0.22773906249999998 0.3477078125 0.22773906249999998 0.3462171875
7 0.23422187499999997 0.23850625 0.2359953125 0.2443390625 0.2510921875 0.23545625 0.2493796875 0.22927031250000002 0.2563515625 0.2253734375 0.256640625 0.22650781250000002 0.2692828125 0.21899843749999998 0.2668140625 0.21088125 0.2658671875 0.2115078125 0.2599 0.19145625 0.2609546875 0.19088125 0.2579828125 0.1812375 0.22153125 0.20311875000000001 0.2324734375 0.23967812500000002 0.23422187499999997 0.23850625
13 0.20910937500000001 0.160703125 0.21383125 0.17578906249999998 0.23155312499999997 0.1652734375 0.22714375000000003 0.1503078125 0.20910937500000001 0.160703125
6 0.2694859375 0.2675390625 0.2597203125 0.27340624999999996 0.26685 0.2975234375 0.2768203125 0.29169375 0.2694859375 0.2675390625
10 0.2696109375 0.29867656249999996 0.27120781250000003 0.3042078125 0.28851875 0.30410781249999996 0.28851875 0.28736875 0.2696109375 0.29867656249999996
2 0.21735000000000002 0.32958906250000003 0.244490625 0.313403125 0.23628437500000002 0.2857953125 0.2228390625 0.2937078125 0.2211734375 0.28798124999999997 0.20745312500000002 0.2962859375 0.2103046875 0.30574375 0.2112875 0.30521875 0.217146875 0.3250140625 0.2162015625 0.3257953125 0.21735000000000002 0.32958906250000003
10 0.2523984375 0.18305 0.2508765625 0.1778984375 0.2560296875 0.1748140625 0.25563437499999997 0.173578125 0.2547484375 0.1741359375 0.251284375 0.1624734375 0.25224375 0.16194999999999998 0.25194218749999997 0.1610359375 0.2345109375 0.1714421875 0.23858281250000002 0.18521875000000002 0.244453125 0.1817625 0.245978125 0.18688125 0.2523984375 0.18305
3 0.38835156249999997 0.254253125 0.388375 0.2827453125 0.39956718750000003 0.2827109375 0.3994109375 0.254253125 0.38835156249999997 0.254253125
12 0.31429999999999997 0.1937625 0.31429999999999997 0.228446875 0.3240484375 0.228446875 0.32406250000000003 0.193890625 0.31429999999999997 0.1937625
10 0.36911875 0.236490625 0.3691921875 0.2431359375 0.3737921875 0.243015625 0.3738171875 0.2365421875 0.36911875 0.236490625
13 0.2910203125 0.276528125 0.2910359375 0.2987171875 0.301675 0.298471875 0.30163281249999996 0.2765484375 0.2910203125 0.276528125
3 0.22811093750000003 0.14949218749999998 0.23400625000000003 0.1706609375 0.2516203125 0.15981406250000002 0.25005 0.1544765625 0.248959375 0.154796875 0.24642031250000002 0.146171875 0.2473421875 0.14556093750000001 0.245425 0.1392390625 0.22811093750000003 0.14949218749999998
7 0.36810624999999997 0.2871640625 0.3681203125 0.2865328125 0.3729953125 0.2866359375 0.3730375 0.2539515625 0.3739 0.2539109375 0.3738296875 0.2443734375 0.368234375 0.2444125 0.3682796875 0.236521875 0.36395 0.2364796875 0.363921875 0.238046875 0.3488375 0.23802812499999998 0.348853125 0.2364796875 0.3403109375 0.236521875 0.3402546875 0.28700156250000003 0.36810624999999997 0.2871640625
3 0.377434375 0.2650828125 0.37745937500000004 0.2829125 0.387428125 0.2828453125 0.3874046875 0.2651171875 0.377434375 0.2650828125
13 0.3995421875 0.30262500000000003 0.3995296875 0.284321875 0.388315625 0.284321875 0.388409375 0.302828125 0.3995421875 0.30262500000000003
5 0.31429687500000003 0.1937390625 0.32404687499999996 0.1938390625 0.3239765625 0.1775375 0.303875 0.1774859375 0.303840625 0.19210312499999999 0.30603125000000003 0.19210312499999999 0.3059640625 0.228446875 0.291159375 0.22856875 0.291159375 0.2401859375 0.2677421875 0.25421875 0.271678125 0.2675453125 0.2878984375 0.25785625 0.2961109375 0.25793125 0.2961109375 0.2639078125 0.30639531249999996 0.26395625 0.30639531249999996 0.24091718750000002 0.32404687499999996 0.24084374999999997 0.32404687499999996 0.228446875 0.31429687500000003 0.228446875 0.31429687500000003 0.1937390625
10 0.3748109375 0.2649828125 0.3747984375 0.286728125 0.37663281249999997 0.286728125 0.376571875 0.2649828125 0.3748109375 0.2649828125
2 0.333484375 0.3477078125 0.333484375 0.3000453125 0.32675156250000004 0.30007968749999997 0.326775 0.31099375 0.312240625 0.31109375 0.3122484375 0.3476734375 0.3153953125 0.3477375 0.31537031249999997 0.3463828125 0.3304390625 0.346353125 0.33046406250000004 0.347725 0.333484375 0.3477078125
11 0.5109390625 0.7255281250000001 0.5108984375000001 0.7442124999999999 0.51874375 0.74433125 0.518725 0.7254390625 0.5109390625 0.7255281250000001
13 0.377696875 0.28450156249999997 0.377696875 0.29328750000000003 0.38800625 0.2932671875 0.3880203125 0.28450156249999997 0.377696875 0.28450156249999997
10 0.3849875 0.23650156249999998 0.38500625 0.23806406249999998 0.3762578125 0.23801250000000002 0.3762578125 0.23650156249999998 0.375 0.236525 0.3749140625 0.26349374999999997 0.3873359375 0.2634203125 0.3872859375 0.2539984375 0.38840625 0.2539984375 0.38835312499999997 0.2364765625 0.3849875 0.23650156249999998
2 0.1733265625 0.1820671875 0.175675 0.189965625 0.1766828125 0.189540625 0.18426718749999998 0.2146953125 0.183284375 0.2155078125 0.1852140625 0.222015625 0.22022499999999998 0.2010359375 0.20833906249999998 0.1612546875 0.1733265625 0.1820671875
13 0.23757968749999997 0.1855703125 0.23190624999999998 0.166796875 0.21424375 0.17719218750000001 0.22111874999999998 0.20030156250000003 0.23290000000000002 0.1934171875 0.23163593750000003 0.1890859375 0.23757968749999997 0.1855703125