0 0.34280317031249996 0 0.09892383906249999 0.9101700562499999 0.43417374999999997 1 0.6571968296875 1 0.9010761609375001 0.08982994375 0.56582625 0 0.34280317031249996 0
1 0.6144711578125001 0.46980145 0.6426717828124999 0.3642473921875 0.6231876453125 0.3591156015625 0.5949228140625 0.46474627812499997 0.6144711578125001 0.46980145
2 0.59294964375 0.463936103125 0.62107524375 0.3589216375 0.5732198671875001 0.3458383921875 0.5449717125 0.4509057515625 0.59294964375 0.463936103125
1 0.558606575 0.5286267421875 0.574989653125 0.53312495625 0.5194561125 0.7404393218750001 0.5404052921875 0.7461707234375 0.6131571328125001 0.4744639765625 0.5757291109375 0.4642717890625 0.558606575 0.5286267421875
2 0.5173170218750001 0.7400068859375 0.5494540375 0.6198344703124999 0.5038734828125 0.6083976546875001 0.4717042 0.7280324625000001 0.5173170218750001 0.7400068859375
3 0.469757553125 0.72717763125 0.48755415625 0.6608745078125 0.47075059374999995 0.6561827453125 0.4528735640625 0.7228282828125 0.469757553125 0.72717763125
2 0.4509151328125 0.7220657328125 0.48842394687499996 0.5823586374999999 0.4393348828125 0.5692974656249999 0.4019534671875 0.7090241390625 0.4509151328125 0.7220657328125
6 0.55535513125 0.4036420828125 0.571142825 0.3450295015625 0.5508661874999999 0.33971609687500004 0.5351507890625 0.398221875 0.55535513125 0.4036420828125
12 0.5340026640625 0.3939462171875 0.5638383828125 0.2825555359375 0.47065346249999995 0.2576239171875 0.44089773593750003 0.36869795 0.5340026640625 0.3939462171875
13 0.51783504375 0.454640784375 0.532931840625 0.3984134734375 0.49660850156249997 0.3886806640625 0.481607371875 0.4450339 0.51783504375 0.454640784375
10 0.492526709375 0.39418845468749997 0.49418465312500004 0.38809751718749996 0.4867748703125 0.3860489859375 0.48514107500000003 0.3921463921875 0.492526709375 0.39418845468749997
10 0.4791005078125 0.444181015625 0.4822621609375 0.4322004578125 0.476479546875 0.4305992484375 0.473246734375 0.44266426562500005 0.4791005078125 0.444181015625
1 0.46639798125 0.380318871875 0.44927086562499996 0.444968621875 0.4409088296875 0.46075153281250003 0.43348414531249996 0.47939320781249994 0.42828399531250005 0.49679009531249996 0.4246264796875 0.513869165625 0.42169455468750006 0.530353259375 0.420003703125 0.5458580093750001 0.4192937609375 0.5607084015625 0.38095610468749996 0.703520853125 0.39979241718749997 0.708522734375 0.47564796875 0.42539577812499996 0.48360604531250007 0.42756534375 0.49124459531250003 0.398846590625 0.4818464390625 0.3963283625 0.48480668125 0.38528058593750003 0.46639798125 0.380318871875
7 0.5506485234375 0.6159018109375001 0.567184634375 0.55418820625 0.551080065625 0.5500994671874999 0.5739229234375001 0.4638767921875 0.5425413515625 0.4558466484375 0.503059590625 0.60313421875 0.5506485234375 0.6159018109375001
10 0.56833951875 0.550041115625 0.571888575 0.5367958578125 0.56847765 0.5358819031250001 0.56495425 0.5491340359375 0.56833951875 0.550041115625
10 0.5629975218750001 0.5486307609375001 0.56655979375 0.5352758109375 0.5575463093749999 0.5328493328125 0.55399240625 0.5463601984374999 0.5629975218750001 0.5486307609375001
8 0.541554846875 0.45545937500000006 0.5551664390625 0.40463003437499995 0.5349068609375001 0.399023559375 0.5188511828125 0.4589441640625 0.472118978125 0.44727155781250005 0.44072183593750003 0.56467065625 0.4916653453125 0.57825460625 0.4719772703125 0.6515081359375 0.4888163203125 0.6559829406250001 0.5425413515625 0.4558466484375 0.541554846875 0.45545937500000006