10 0.18081908124999999 0.362891959375 0.1793831890625 0.3417730046875 0.1735326046875 0.342198740625 0.1757214984375 0.3726045171875 0.1862008453125 0.37188543281249997 0.18558213750000002 0.36261528125 0.18081908124999999 0.362891959375
10 0.29766679375 0.2533331046875 0.2954809921875 0.22286844687500001 0.27830869062499997 0.22394068125 0.280443540625 0.25452290624999996 0.29766679375 0.2533331046875
10 0.2158997984375 0.2578109671875 0.2152507328125 0.2483861390625 0.1997381328125 0.24944234999999998 0.20041264062500003 0.258922746875 0.2158997984375 0.2578109671875
3 0.211031128125 0.1438929578125 0.2110360984375 0.1440920765625 0.19277169375 0.1453373421875 0.19569203125 0.1872696453125 0.2194545203125 0.1855492875 0.2164750828125 0.143526478125 0.211031128125 0.1438929578125
2 0.34181523125 0.22978126875 0.339295940625 0.193332715625 0.2952401765625 0.1963993 0.299035553125 0.253169290625 0.3188138125 0.2517512421875 0.317409859375 0.23151497499999998 0.34181523125 0.22978126875
1 0.3214097890625 0.235282521875 0.321476253125 0.23608890468750002 0.31944397812499997 0.236257853125 0.320690425 0.253283565625 0.322975959375 0.253149309375 0.3230166859375 0.25372877968749996 0.34038285468749996 0.2524293890625 0.340366915625 0.251955871875 0.34336125625 0.2517467125 0.342167840625 0.2346523015625 0.33947918125 0.2348295796875 0.33941828749999997 0.23407191875 0.3214097890625 0.235282521875
10 0.254025484375 0.30960031875 0.2537714859375 0.3054035125 0.250183709375 0.30565399375 0.2504994859375 0.3098397796875 0.254025484375 0.30960031875
1 0.5961027734375001 0.15787525 0.5967997406250001 0.16783448125 0.61746601875 0.1663618875 0.616602665625 0.1535918359375 0.67328279375 0.1496569015625 0.6723856421875001 0.136519703125 0.6186600921875 0.14024786718749999 0.617923553125 0.12929227031249999 0.5915402125 0.1312219921875 0.5933957546874999 0.15804841249999999 0.5961027734375001 0.15787525
10 0.6204294234375001 0.1825305578125 0.6197101765624999 0.1725408 0.608546784375 0.1733085546875 0.6092277578124999 0.1831712515625 0.6126009671875 0.1828914265625 0.6126202593750001 0.1830325859375 0.6204294234375001 0.1825305578125
2 0.755683821875 0.70750964375 0.727476521875 0.709507134375 0.7318366484375 0.7713342703125 0.7316456125 0.7717760234375 0.7318742171875 0.774750653125 0.7793068 0.7714397609375 0.772861978125 0.6792723578125 0.7537456031249999 0.6806468734375 0.755683821875 0.70750964375
7 0.7034429109375 0.7124175140625 0.69833899375 0.6397602828125 0.651055440625 0.6430725328125 0.6562415796875001 0.71560736875 0.7034429109375 0.7124175140625
10 0.649925984375 0.6501138890625 0.6494110796875 0.642758484375 0.6445318609374999 0.6430995515625 0.6450283609375 0.6504991015625 0.649925984375 0.6501138890625
10 0.6308297953124999 0.8046777265625 0.6265517890625001 0.7436304296875 0.605043703125 0.745076575 0.6092839062500001 0.8061394671875 0.6308297953124999 0.8046777265625
6 0.574114584375 0.6989219265625 0.5752791359375 0.7155678484375 0.578122159375 0.71536931875 0.57859511875 0.7226264921875 0.594934509375 0.7215889765625 0.5948011125 0.719833553125 0.5998233015625 0.719482909375 0.5974763000000001 0.68808930625 0.5763224390625 0.6895266828125 0.5769547562499999 0.698689246875 0.574114584375 0.6989219265625
3 0.77279635 0.677909915625 0.7694277406250001 0.629728628125 0.7325697812499999 0.632192590625 0.7347086 0.6632299578125 0.752515409375 0.6620132421875 0.753667453125 0.67920383125 0.77279635 0.677909915625
2 0.6076605359375 0.8062532593749999 0.6034046609375 0.7452329984375 0.5633064046875 0.7480103 0.56753808125 0.8091029296875 0.6076605359375 0.8062532593749999
10 0.7153730078125 0.708150215625 0.7135074796875001 0.6809738203125 0.7029126125 0.681722996875 0.7048120234375 0.7088573859375 0.7153730078125 0.708150215625
13 0.72314399375 0.647704003125 0.7224250796875 0.6380016859375 0.700367146875 0.639774053125 0.7031568390625 0.679291978125 0.719025225 0.6781814703125 0.7180850453125001 0.664492875 0.7331397390625 0.6634743203125 0.7319310921875 0.6470743640625 0.72314399375 0.647704003125
10 0.5961751875 0.6691859250000001 0.5952502234375 0.6562499374999999 0.57268723125 0.6578556437499999 0.57478334375 0.687839428125 0.5914559890625 0.6866618484375 0.5902508828124999 0.6695721328124999 0.5961751875 0.6691859250000001
10 0.71942596875 0.6838225984374999 0.7192098734375 0.6803033 0.7172964765625001 0.6804224328124999 0.7192165 0.707745484375 0.72591851875 0.707276546875 0.72425495 0.6834843671875 0.71942596875 0.6838225984374999
10 0.6195999765625 0.71781384375 0.6182118812499999 0.697818896875 0.59979105 0.69902045625 0.6012090890625 0.719127434375 0.6195999765625 0.71781384375
8 0.5952550140625 0.72160961875 0.595300746875 0.722191675 0.5772971671875 0.7233370265625 0.5786499515625 0.7429620921875 0.5817848718749999 0.7427035921875 0.5817747015625 0.7425466593750001 0.6660512562500001 0.7366402109375 0.669239284375 0.7817755843749999 0.668920546875 0.7818129171875 0.670284903125 0.80187461875 0.730829671875 0.7976375640625 0.729000578125 0.77204166875 0.72877551875 0.771716225 0.7244410046875001 0.709767703125 0.719351884375 0.710123290625 0.7193701203125 0.7102561015625 0.7155027765625 0.7105275625 0.7155026078125 0.7102275265625 0.7034434875 0.7110165859375 0.703648353125 0.7140579703125 0.6563931000000001 0.7172955796875 0.6564269375 0.7177788265625 0.6530797390624999 0.717995996875 0.6530348203125 0.7175153187500001 0.5952550140625 0.72160961875
13 0.7536140921875 0.7049392265625001 0.75085896875 0.6648197437500001 0.72000005625 0.66697755 0.720946678125 0.6813932515625 0.7257384328125001 0.681100665625 0.7275125515624999 0.7067359671875 0.7536140921875 0.7049392265625001
11 0.7810511234375 0.7960125375 0.7795763828125 0.7750491046875 0.7586574390624999 0.7765009703125 0.7601390265625 0.7974445296875 0.7810511234375 0.7960125375
10 0.5974710046875 0.68584305 0.5964377765625 0.671216315625 0.5920493812500001 0.6715372109375 0.5930488171875 0.6861094296875 0.5974710046875 0.68584305
2 0.6528493234375 0.71548864375 0.6487973640625 0.6524545234375 0.6167423140625 0.65470725625 0.62101601875 0.71756129375 0.6528493234375 0.71548864375
13 0.617707875 0.695111259375 0.6149710578125 0.65680385 0.5973588921874999 0.6580913203125001 0.6000227890625001 0.696476665625 0.617707875 0.695111259375
1 0.279557384375 0.3003945484375 0.27825564375 0.282627721875 0.2753352171875 0.282831640625 0.275287328125 0.28228114843749996 0.274477009375 0.2823372875 0.274450209375 0.28195375624999997 0.2522125625 0.283595284375 0.2522245703125 0.2838941171875 0.2514226 0.283949203125 0.25145918749999996 0.2844148484375 0.24853372343750002 0.28464835625 0.2497901515625 0.302188403125 0.2558213 0.3017983515625 0.2558611171875 0.3025373265625 0.2793281859375 0.3009092625 0.279299190625 0.300441196875 0.279557384375 0.3003945484375
10 0.22479148906250002 0.20890060625 0.22386220625000003 0.1958794765625 0.2207464328125 0.196111284375 0.22162895468750002 0.20915118906250002 0.22479148906250002 0.20890060625
1 0.2367028609375 0.3551805421875 0.2366514828125 0.3546301984375 0.23589411875000002 0.354698075 0.23587165312499997 0.3543835984375 0.219603546875 0.3554691390625 0.21961949062500002 0.355778296875 0.218798090625 0.3558370046875 0.218840690625 0.35636184375 0.20627598281249998 0.35721856406249997 0.2055543078125 0.3469085828125 0.2070811734375 0.346778609375 0.20596144375 0.331351240625 0.204450978125 0.33147212187499997 0.20408675468749998 0.326525346875 0.15352794218750002 0.3300524078125 0.1531668109375 0.325046753125 0.15357614375 0.32501815624999997 0.15005059375000002 0.2746264359375 0.149639909375 0.27463970312499997 0.1481149109375 0.2529055671875 0.1485535359375 0.252875025 0.1467430171875 0.2275350203125 0.1463414375 0.2275485984375 0.1452914578125 0.2128239609375 0.14612999843750002 0.21277361562500002 0.1456944046875 0.207233984375 0.146102996875 0.207187934375 0.1460170375 0.20613689062499999 0.14616213125 0.20612792343750003 0.144550871875 0.183023128125 0.14441062031250002 0.1830472765625 0.144338915625 0.1821669796875 0.1438486875 0.18220111562500002 0.1438626 0.1824131421875 0.14329300625000002 0.18243946093750002 0.143263959375 0.182184015625 0.13038484687500002 0.18314712500000002 0.1304134234375 0.1832599125 0.1300623765625 0.1832776390625 0.131782146875 0.207815790625 0.1320944828125 0.207808803125 0.13354870937500002 0.22879968593750002 0.13324607187499998 0.22882094843749998 0.1349500375 0.253382153125 0.1352995828125 0.2533456078125 0.13713813749999998 0.2800027953125 0.136827153125 0.2800251125 0.14029458749999998 0.3296093953125 0.140614678125 0.32958739062500003 0.1416078046875 0.34409343593749997 0.17105391406249998 0.342132790625 0.1708805125 0.3399957953125 0.18093532968749998 0.3393262359375 0.1824378875 0.36040109062500003 0.18703559218750002 0.3600517109375 0.187857146875 0.3717730359375 0.2507894125 0.3672666 0.249943490625 0.3541992625 0.2367028609375 0.3551805421875
13 0.246089975 0.2353380703125 0.243576809375 0.1986717421875 0.22597623125 0.1999027671875 0.22844302500000002 0.2364983296875 0.246089975 0.2353380703125
10 0.22851811562500002 0.23939905625 0.22986684999999998 0.258813775 0.24787976406249998 0.2574274328125 0.246497725 0.23808477031250003 0.22851811562500002 0.23939905625
8 0.198530896875 0.259111871875 0.198713134375 0.2588250609375 0.196545071875 0.22821837031249997 0.193743046875 0.22839417499999998 0.193619528125 0.2266243421875 0.18223635625 0.22742102812499998 0.1849607703125 0.26425252499999996 0.15596642968750002 0.26624501562499997 0.1559374390625 0.2660895828125 0.1509290359375 0.266468315625 0.151447565625 0.2743201421875 0.1532717171875 0.274207603125 0.156850509375 0.32494676093749997 0.1548910796875 0.32511820625 0.155059215625 0.3275260953125 0.2073570984375 0.3238264671875 0.2046719234375 0.28515457187500004 0.2512049765625 0.2818742359375 0.251050546875 0.279574871875 0.319530740625 0.274844409375 0.31807793281249996 0.254594134375 0.19882195625000001 0.26327562968749996 0.198530896875 0.259111871875
1 0.29283191875000003 0.32371397343749997 0.292862859375 0.32421133125 0.284557478125 0.3248204859375 0.2858002609375 0.3431416484375 0.32409410625 0.34046415625000004 0.32279734375 0.3220907359375 0.31441769062499997 0.3227625 0.314390403125 0.322252396875 0.31377176093750003 0.3223094765625 0.313739509375 0.3219128875 0.2936546484375 0.3233740484375 0.2936742625 0.32365437343750003 0.29283191875000003 0.32371397343749997
13 0.22801477343749998 0.256855171875 0.224812428125 0.21161339843750002 0.1975737171875 0.213575996875 0.19990653281249998 0.2469551078125 0.21693791562500003 0.24580913437500002 0.2177540203125 0.2575174015625 0.22801477343749998 0.256855171875
6 0.263621503125 0.2563978484375 0.2637603 0.2583789484375 0.279540809375 0.2572742765625 0.27729764375 0.22569091718749998 0.2762620921875 0.22576292812499998 0.27605346875 0.22220554531249997 0.264240034375 0.22301563125 0.2644758109375 0.226586546875 0.2569888296875 0.227099353125 0.25903504375 0.2567320609375 0.263621503125 0.2563978484375
1 0.2565437546875 0.310333915625 0.2567601109375 0.3135797359375 0.25065654843749996 0.3139938484375 0.25305440625000003 0.34648475 0.28224183593749996 0.34444418125 0.27948213125 0.30499002656249996 0.2561660828125 0.306600478125 0.25643221562499996 0.31032606875 0.2565437546875 0.310333915625
2 0.149186646875 0.20722046718749998 0.149645996875 0.21363124218750001 0.15297969375 0.2134090515625 0.15296230625 0.2131810859375 0.181303234375 0.21110237656250003 0.1816186625 0.2154938015625 0.1813781015625 0.215511025 0.182204115625 0.22717271249999998 0.19645184843750002 0.2261905703125 0.1954178046875 0.21098546406250002 0.2201671953125 0.2092825890625 0.2186585203125 0.187619796875 0.1944086984375 0.189360178125 0.191350159375 0.1454607375 0.14507839843749998 0.1484711828125 0.149088409375 0.20599579375000002 0.1492209078125 0.20598666250000003 0.14931914531249998 0.2072113359375 0.149186646875 0.20722046718749998
2 0.6662634515625 0.78199235 0.6634086828125 0.7410098453125 0.6279677546875 0.7434583140625 0.6322386015625 0.8045345906250001 0.6679990250000001 0.80205015625 0.6665967312500001 0.781984471875 0.6662634515625 0.78199235
10 0.7318373984375001 0.6449039062499999 0.7308255703125 0.6304350249999999 0.7234577484375 0.6309210828125 0.7239117078125 0.637254453125 0.7240021953125 0.6373757984374999 0.7245100984375 0.6453889390625 0.7318373984375001 0.6449039062499999
1 0.7584116765625 0.7975802296875 0.7570782406250001 0.7781963328125 0.73222550625 0.7800511765625 0.7335548468749999 0.799272984375 0.7584116765625 0.7975802296875
7 0.23959312656249998 0.78346349375 0.24536515625000002 0.8668980859375001 0.2843978 0.8640451015625 0.2787291765625 0.780871184375 0.23959312656249998 0.78346349375
13 0.2627550421875 0.7555144953124999 0.2595408890625 0.71024175 0.232300053125 0.7122037390625 0.235184475 0.757584225 0.2627550421875 0.7555144953124999
2 0.3588377140625 0.8372118687500001 0.3545375296875 0.77570880625 0.31748334375 0.7783279875 0.3187691578125 0.7967235546875 0.3188688890625 0.7967004296875 0.3218467359375 0.8397549265625001 0.3588377140625 0.8372118687500001
2 0.3780800984375 0.7486850171875 0.3741556515625 0.6919883578125 0.33007628125 0.6951412734375 0.3320596546875 0.72303304375 0.33192289375 0.72305704375 0.33394443125 0.7518298359375 0.3780800984375 0.7486850171875
2 0.23148744531249998 0.7248541203125 0.23042710937500002 0.7096885984375 0.2551863328125 0.7080195765624999 0.253551725 0.6863229734375 0.2292975234375 0.688042559375 0.2262362515625 0.6441446328125 0.1799688859375 0.6471597874999999 0.1845313140625 0.7123298578124999 0.18669515 0.7121790953125 0.186652140625 0.71192424375 0.2162693859375 0.7098598015625 0.21662862187499998 0.714146553125 0.21637758906250001 0.7141642218750001 0.21720831093749998 0.7258215109374999 0.23148744531249998 0.7248541203125
10 0.3173073375 0.7969193015625 0.3158546484375 0.776704690625 0.2799544359375 0.7790433 0.2813313796875 0.799433884375 0.3173073375 0.7969193015625
10 0.2596617140625 0.7076719015624999 0.25881217031250003 0.6955391203125 0.2556404734375 0.695689378125 0.2564848015625 0.7078804328125 0.2596617140625 0.7076719015624999
1 0.24337954062499997 0.866996509375 0.24145655625 0.8387979328125 0.21595587656249998 0.8405635281249999 0.21728616875 0.859264940625 0.2220126859375 0.8589513484375001 0.22269082812500002 0.8685994484374999 0.24337954062499997 0.866996509375
8 0.18668820625 0.765009475 0.17251345 0.7660136921875 0.1777045875 0.840787803125 0.24277583906250003 0.8360889968749999 0.23896687499999997 0.7816311109375 0.3543641984375 0.7736557359375 0.35299475468749997 0.7533592515625 0.233640740625 0.762037921875 0.23331555625 0.757532209375 0.23357360312500003 0.7574820703125 0.23143355312499997 0.72694203125 0.21712304375000002 0.72802685625 0.21930931718750002 0.7591111640625 0.21956079687500002 0.7591039671875001 0.2198029359375 0.7630054296875 0.1867014171875 0.7653201468749999 0.18668820625 0.765009475
10 0.21571812031249998 0.8616830125 0.214261596875 0.84055584375 0.20851133593750001 0.8409724171875 0.2106160234375 0.871355196875 0.22112678749999998 0.8706347750000001 0.2204070140625 0.8613563328125 0.21571812031249998 0.8616830125
2 0.217992934375 0.758779671875 0.2148172453125 0.714230571875 0.16916680312500001 0.7170824109375 0.172351571875 0.762453621875 0.1865609390625 0.7614409390625 0.1865441953125 0.761014315625 0.217992934375 0.758779671875
13 0.2808970125 0.7340050453125 0.2783676890625 0.697254775 0.2608453765625 0.6985335296875 0.26325142968750004 0.735164546875 0.2808970125 0.7340050453125
10 0.3323727203125 0.7520400484375 0.33038064375 0.7230883546875 0.3132803359375 0.724258240625 0.315282971875 0.753277328125 0.3323727203125 0.7520400484375
6 0.3144443125 0.75584133125 0.31221069687499997 0.7242687546875 0.2918914265625 0.72566155 0.293937640625 0.7552942578125 0.2985262234375 0.754960653125 0.29866441250000003 0.756943878125 0.3144443125 0.75584133125
10 0.29232149218750003 0.7553147234375001 0.28817459375 0.6960348375 0.28021688437500003 0.6966620796874999 0.2843573390625 0.7558562140625 0.29232149218750003 0.7553147234375001
10 0.2889219703125 0.8083642031249999 0.28854885625 0.8031919000000001 0.2849950515625 0.8034682140625 0.28538273593749997 0.8086378 0.2889219703125 0.8083642031249999
3 0.2542777375 0.68411975625 0.251359925 0.6422467953125001 0.227647625 0.644012578125 0.23055689531249998 0.6859313625000001 0.2542777375 0.68411975625
1 0.1668522109375 0.70582603125 0.16705513125 0.7058118078125 0.167576178125 0.7134103421875 0.180647678125 0.7124978015625001 0.18017225312500001 0.7057582906250001 0.18115094375000002 0.705632046875 0.1794523546875 0.681641325 0.1792835671875 0.681668784375 0.1792335640625 0.6807889640625 0.16537557187500002 0.6817587296875 0.165452609375 0.68261641875 0.16531862656250002 0.6825906421875 0.1668522109375 0.70582603125
11 0.17945418125 0.67813164375 0.177401975 0.64921328125 0.1631360453125 0.6501787125 0.163516359375 0.6549611421875 0.16308259218750001 0.654990778125 0.16420301875 0.671437846875 0.16468004218750001 0.671405671875 0.16518490937500002 0.6791007140625 0.16959863125000002 0.6787997234375001 0.1696053671875 0.6790568171875 0.1777698875 0.6784739359375 0.17774551875 0.6782462671875 0.17945418125 0.67813164375
1 0.290991996875 0.8053659640624999 0.2914821953125 0.8123706203125 0.2855458328125 0.8126706140625 0.28791154375 0.8452936703124999 0.3171156671875 0.8432509937500001 0.31433573593749997 0.803682996875 0.290991996875 0.8053659640624999
10 0.2634468828125 0.7380503640625 0.264684609375 0.7570585546874999 0.28271552187500004 0.7558980531249999 0.2813702828125 0.73679581875 0.2634468828125 0.7380503640625
7 0.20475482031249997 0.2852783390625 0.20940596718750001 0.3521071171875 0.2483875109375 0.349368209375 0.2437022453125 0.28251010781249997 0.20475482031249997 0.2852783390625
8 0.6805220656250001 0.21287511406249998 0.680562321875 0.213311928125 0.67754566875 0.21352273593749999 0.6773830875 0.21165664843749998 0.6150656624999999 0.2161152578125 0.6150885578125 0.2164562921875 0.61415996875 0.2165601234375 0.6188055718750001 0.28251838125 0.6186249609375001 0.28253095781250004 0.6186700796875 0.2832794984375 0.6969647390625 0.2778358421875 0.6937601765625 0.23221298906249999 0.75044121875 0.2279541921875 0.7490579187499999 0.2080226859375 0.6805220656250001 0.21287511406249998
10 0.6760618484375 0.1536777921875 0.67760775625 0.1760845640625 0.677918740625 0.1760622484375 0.6803489140625001 0.21079336093749998 0.6863207359375 0.210389746875 0.6838793953125 0.17607035625 0.7098538734375001 0.17431189062500002 0.7081412921875 0.1478046140625 0.6750974359375 0.1501266703125 0.6753504718750001 0.1537416140625 0.6760618484375 0.1536777921875
10 0.591794746875 0.15890192187500002 0.58989800625 0.131353371875 0.583392715625 0.13177757343750002 0.5853187328125 0.159340265625 0.591794746875 0.15890192187500002
10 0.712428309375 0.21054408125 0.7100397593750001 0.176249025 0.6854312140625 0.17794171406249998 0.68785355625 0.2122912859375 0.712428309375 0.21054408125
13 0.5926187921875 0.1748594234375 0.59192769375 0.164791534375 0.5813213 0.16553280625 0.5848398171875 0.21566045156250002 0.6096312609375001 0.21394319999999997 0.606828290625 0.1738663171875 0.5926187921875 0.1748594234375
10 0.68040271875 0.1460550546875 0.6797005109375001 0.136021909375 0.67403830625 0.13640396562499998 0.6747189765625 0.1464240390625 0.68040271875 0.1460550546875
10 0.72739710625 0.2079331421875 0.72483624375 0.1713129046875 0.711182375 0.172280284375 0.71372229375 0.2089014125 0.72739710625 0.2079331421875
11 0.59105511875 0.30820340156250003 0.589595021875 0.287321175 0.5689978765625 0.288709 0.5704665109375 0.3097097609375 0.59105511875 0.30820340156250003
1 0.6154519859375001 0.2867301125 0.59116353125 0.2884007984375 0.59284471875 0.3086763328125 0.610406453125 0.3074364671875 0.610364103125 0.30696687031250003 0.6312129515625 0.3054949046875 0.6312466265625 0.3059907484375 0.6876517921875 0.302020646875 0.68761198125 0.3015943046875 0.69996666875 0.30071644218750004 0.6986784703125 0.28259374375 0.6155707234375 0.288420415625 0.6154519859375001 0.2867301125
13 0.7685159968749999 0.204173840625 0.7658764734375 0.1658518046875 0.74826643125 0.167139884375 0.7509522859375 0.20541658749999997 0.7685159968749999 0.204173840625
2 0.611256509375 0.21663672968749997 0.565224378125 0.2199699 0.5697541312500001 0.28502945625 0.6158837296875 0.2818173328125 0.6155415015625 0.27704237656249997 0.615339353125 0.2770418796875 0.611256509375 0.21663672968749997
7 0.6773304953125 0.2099922078125 0.6735112937500001 0.1546521109375 0.620393678125 0.1582523109375 0.6222590765625 0.1847677765625 0.6129276078125 0.18539188906249998 0.6149542484375 0.21438337812500002 0.6773304953125 0.2099922078125
3 0.5830997890625 0.2185901046875 0.5790005593750001 0.1602502875 0.5611084109375 0.16151609375 0.5652218390625 0.2199266453125 0.5830997890625 0.2185901046875
1 0.7356472843749999 0.2986907125 0.7313007546875 0.23565373125 0.6985639890625001 0.23805924687500002 0.7029636109374999 0.3009631828125 0.7356472843749999 0.2986907125
1 0.7752257359375 0.2954494296875 0.773972578125 0.277344825 0.73734415625 0.2798941453125 0.7386018296875 0.2980391234375 0.7752257359375 0.2954494296875
1 0.5836060671875 0.1587192859375 0.582115965625 0.13683539218750002 0.558488471875 0.138473775 0.559762928125 0.1566844828125 0.5821445375 0.1551060734375 0.5824044625 0.15881724218749999 0.5836060671875 0.1587192859375
6 0.7462894437500001 0.1698096453125 0.7260732765625 0.1711435015625 0.72864278125 0.209365003125 0.744427196875 0.20830282968749997 0.744301903125 0.20680374218750003 0.7488496515625 0.20648026718749998 0.7462894437500001 0.1698096453125
2 0.7706962500000001 0.230906021875 0.7353487984375 0.23336520156249999 0.738306190625 0.274951821875 0.7737032859374999 0.27247584375 0.7733566796875 0.26751573125 0.7732360203125 0.267523659375 0.7706962500000001 0.230906021875
10 0.7658431593749999 0.16019994843750002 0.7656444203125 0.156940790625 0.747227909375 0.15822749375 0.74766168125 0.1645631234375 0.765976353125 0.163282846875 0.76573295625 0.16022351875000002 0.7658431593749999 0.16019994843750002
10 0.7505212765625 0.20812621718750002 0.7517341609375 0.2278824265625 0.7703974109375 0.22662509531250002 0.7690227968750001 0.206815615625 0.7505212765625 0.20812621718750002
11 0.1445670046875 0.179471575 0.1425304859375 0.15049449374999999 0.128283628125 0.15151366718749998 0.12862243281250002 0.15606006562500002 0.12850251562499998 0.15608544687499998 0.129695075 0.1729623796875 0.1298052625 0.172954896875 0.1303185140625 0.18045234999999998 0.13464933437499998 0.180191953125 0.13467447500000002 0.1804049015625 0.14287996249999999 0.1798314671875 0.142875171875 0.17960366562500002 0.1445670046875 0.179471575
2 0.3224815828125 0.3174118703125 0.319657053125 0.277025371875 0.2827993859375 0.279660675 0.2855531703125 0.3199131 0.3224815828125 0.3174118703125
0 0.48254449375 0 0.3545440515625 0.008950515624999999 0 0.2054774921875 0 0.5174555062499999 0.008950515624999999 0.6454559484375 0.2054774921875 1 0.5174555062499999 1 0.6454559484375 0.991049484375 1 0.7945225078125 1 0.48254449375 0.991049484375 0.3545440515625 0.7945225078125 0 0.48254449375 0
10 0.25743293437500003 0.2566714984375 0.25531606562500003 0.22680819375 0.2533942890625 0.19750310937499999 0.245328475 0.19802234531250001 0.24946680468750002 0.2572158703125 0.25743293437500003 0.2566714984375
2 0.1829526734375 0.2600722578125 0.1798746328125 0.21561552343749998 0.14913396875 0.217429090625 0.1523280640625 0.2624110375 0.155883978125 0.2621514203125 0.1559032640625 0.26197994687500004 0.1829526734375 0.2600722578125