10 0.672008953125 0.5338133171874999 0.68322059375 0.5332078828125 0.6806647453125 0.48111239218749996 0.6692567625 0.48206831406250006 0.672008953125 0.5338133171874999
13 0.6766897843749999 0.9106250062499999 0.678580746875 0.9494266796874999 0.7071511765625 0.9481618765625001 0.7056009015625 0.9167857749999999 0.6938260390625001 0.9172661312500001 0.6933907625 0.9097422281249999 0.6766897843749999 0.9106250062499999
10 0.713705425 0.7811635015625 0.7242239374999999 0.7805015921875 0.7237315625 0.77110836875 0.71325056875 0.7715452375 0.713705425 0.7811635015625
2 0.5808193968750001 0.17503948593750002 0.6078515171875 0.17395117031250001 0.603576896875 0.09521536875 0.5766282484375 0.096467009375 0.5808193968750001 0.17503948593750002
1 0.6436168328125 0.14218987656249998 0.656746146875 0.1415020328125 0.6541563 0.08965953125000001 0.6409005140625 0.090353084375 0.6436168328125 0.14218987656249998
10 0.6544406390625 0.19297731093749998 0.6585028359375 0.19260710781249998 0.6561503531249999 0.14901971875 0.6521115484375 0.14923165625 0.6544406390625 0.19297731093749998
5 0.7300928812499999 0.2813089984375 0.727740375 0.228201546875 0.672799078125 0.2319024484375 0.6711494609375 0.20040485624999999 0.6479030781249999 0.20211968125 0.650544471875 0.2539601453125 0.6539567109375 0.25444204375 0.6571242421875 0.31349305781250003 0.67937733125 0.3124914453125 0.6779306703125 0.28463544218750003 0.678447546875 0.284411340625 0.7106666828125 0.2832469484375 0.7226957671875 0.28212385625 0.7300928812499999 0.2813089984375
10 0.656318296875 0.09943252500000001 0.6704448140625 0.0986921796875 0.6699434171875 0.0884083546875 0.65577138125 0.08899055156249999 0.656318296875 0.09943252500000001
10 0.6800855609374999 0.3241203703125 0.67967214375 0.3186562109375 0.6726352531249999 0.31888826875 0.6746176687500001 0.35675785625 0.70275189375 0.3551460734375 0.7018705125 0.33833065625000003 0.6915539546875 0.33928230937500004 0.690759178125 0.3241086 0.6800855609374999 0.3241203703125
6 0.36607327343749996 0.24800027187499998 0.369622878125 0.24766904531249997 0.36828015937499997 0.2196867328125 0.3645986234375 0.21987838593750003 0.3640041734375 0.20615830625 0.343798921875 0.20817735937499998 0.3470015359375 0.2681108875 0.36700171406250004 0.26692222499999996 0.36607327343749996 0.24800027187499998
10 0.38763573125 0.3776557359375 0.397392565625 0.3771442 0.3941075484375 0.3164802640625 0.385157971875 0.3283569234375 0.38763573125 0.3776557359375
12 0.3934440140625 0.1889690640625 0.39710258125000003 0.256744578125 0.44847733749999996 0.252863903125 0.44485734218750006 0.18579679843750002 0.3934440140625 0.1889690640625
10 0.363037775 0.1782937796875 0.3675653765625 0.1781729671875 0.365842521875 0.143612084375 0.36131841875 0.143850125 0.363037775 0.1782937796875
10 0.3839349734375 0.35584513281249996 0.3688882703125 0.3567986234375 0.3672914109375 0.32836262031249996 0.3512529109375 0.328729178125 0.35380524375 0.379452821875 0.38503721562500004 0.3776557484375 0.3839349734375 0.35584513281249996
10 0.6540330734375 0.5345628265625 0.652723753125 0.5062069625000001 0.667855640625 0.5050157 0.6664608265624999 0.4817986296875 0.6330734765625 0.483549065625 0.6359844671875 0.53570586875 0.6540330734375 0.5345628265625
2 0.6080526734375 0.17767903125 0.5809856078125 0.179208359375 0.585303578125 0.25769051875 0.61214176875 0.25571043437499996 0.6080526734375 0.17767903125
10 0.6628409796875 0.197616696875 0.6711057515625 0.1972486546875 0.668914784375 0.1565758484375 0.660740428125 0.1570049203125 0.6628409796875 0.197616696875
1 0.651897234375 0 0.6563592265625 0.0857494625 0.6696519859375 0.084823075 0.665305340625 0 0.651897234375 0
8 0.571571921875 0 0.576318578125 0.0905601609375 0.6053060968749999 0.08887617812500001 0.61398593125 0.25587594375 0.627251353125 0.2546930265625 0.6265821109374999 0.23999296406249998 0.6258738640625 0.2401458671875 0.625657096875 0.2369563421875 0.6273265343750001 0.236639115625 0.6144063828124999 0 0.571571921875 0
7 0.614392753125 0 0.6188573296875 0.0802896640625 0.651072728125 0.07842225625 0.64895218125 0.036292553125 0.650341753125 0.035825734375 0.6484057546875001 0 0.614392753125 0
0 0.4869065390625 0 0.46947519531250004 0.000913553125 0.19322009375 0.0202311921875 0.244568465625 1 0.5130934609375 1 0.5305248046875 0.999086446875 0.8067799062500001 0.9797688078125001 0.755431534375 0 0.4869065390625 0
1 0.5548802609375 0 0.568262075 0.2583402328125 0.5819282328125001 0.2576242484375 0.568192496875 0 0.5548802609375 0
6 0.6451885234375 0.235000071875 0.647854775 0.2344455453125 0.6463181687499999 0.20628883281250002 0.6434961046875001 0.2062950796875 0.6429722390625 0.1939875796875 0.62538201875 0.1954588203125 0.6288654499999999 0.2549059515625 0.646077603125 0.25441190156250004 0.6451885234375 0.235000071875
10 0.623766496875 0.14717890625000002 0.6403840453125 0.1464022078125 0.6371217 0.085838496875 0.6206740703125 0.086514034375 0.623766496875 0.14717890625000002
10 0.682489228125 0.31833235000000004 0.689280684375 0.3181519109375 0.687819375 0.29026560468749996 0.6808932375000001 0.2903567828125 0.682489228125 0.31833235000000004
13 0.6262329671875 0.1918140203125 0.652990115625 0.1901309359375 0.65074928125 0.14952896875 0.6242364359375 0.150651459375 0.6262329671875 0.1918140203125
10 0.692791621875 0.335948790625 0.7018400453125 0.335475828125 0.6991883390625 0.28487660625 0.6901770171875 0.285252996875 0.692791621875 0.335948790625
4 0.7062309515625 0.35523955156250003 0.7342333984375 0.35353517343749996 0.730772259375 0.28952380624999996 0.703157309375 0.2904978125 0.7062309515625 0.35523955156250003
10 0.3817236046875 0.0896102296875 0.3932746796875 0.088998290625 0.39274146249999997 0.0796705765625 0.3811574140625 0.08037096875000001 0.3817236046875 0.0896102296875
4 0.40146745937499995 0.3772915578125 0.4295600265625 0.3756216015625 0.426624315625 0.316167496875 0.398341446875 0.31764713906250003 0.40146745937499995 0.3772915578125
2 0.28463871093750004 0.1808657609375 0.3242099984375 0.1790274921875 0.31947404218750003 0.0927758765625 0.2802357359375 0.094828940625 0.28463871093750004 0.1808657609375
7 0.3905555140625 0.07177257031249999 0.3872011 0.00666671875 0.33312533437499997 0.0104480640625 0.336384265625 0.075084434375 0.3905555140625 0.07177257031249999
2 0.2892933765625 0.2706363078125 0.3289561921875 0.268561390625 0.32457710781250004 0.183000625 0.28467163906250004 0.184606953125 0.2892933765625 0.2706363078125
5 0.37319546875 0.2777712859375 0.3485322796875 0.2791826421875 0.350854409375 0.3252030734375 0.3856776109375 0.3233788609375 0.39384705468750003 0.311859053125 0.4261108390625 0.3101683890625 0.4239647546875 0.2640448 0.39359395625000004 0.26563598593750004 0.3907604671875 0.21577468125000002 0.37008442812500003 0.21675059531250002 0.37319546875 0.2777712859375
8 0.321235209375 0.0870954359375 0.33091998125 0.2689816765625 0.3464613265625 0.2674861125 0.332861915625 0.010466484375 0.27611610781249996 0.0144345375 0.2797746359375 0.08789891250000001 0.321235209375 0.0870954359375
10 0.3699791140625 0.2128030140625 0.3905442671875 0.21205570312500002 0.389337215625 0.1890150265625 0.368788825 0.19009165781249998 0.3699791140625 0.2128030140625
10 0.41566314374999996 0.9326635515625 0.41676128593749995 0.95446035625 0.42954389375 0.953876640625 0.42460243750000004 0.9322874984375 0.41566314374999996 0.9326635515625
12 0.5130911109375 1 0.5204215046875 0.9996159453125 0.5174456203125 0.9428352171875 0.46618495937500004 0.94478604375 0.46902944843750005 1 0.5130911109375 1
2 0.31078048593749996 0.8533835484375001 0.3156463578125 0.94052984375 0.35396378125 0.9381871859375 0.349631140625 0.8526858265625 0.31078048593749996 0.8533835484375001
6 0.369020225 0.9184231328125 0.389865203125 0.9173320281249999 0.38835373125 0.8892659703125 0.3849947671875 0.8896355546875 0.3841926515625 0.8759472265625 0.366963634375 0.8775216468749999 0.369020225 0.9184231328125
10 0.45089106718750005 0.9525530625 0.4623045421875 0.9519444781249999 0.46161252656249996 0.938105915625 0.45017551874999995 0.9386691562499999 0.45089106718750005 0.9525530625
10 0.2914006640625 0.5735960546875 0.305016965625 0.5730182609375001 0.3031039859375 0.5341257125000001 0.28943828437499997 0.534982634375 0.2914006640625 0.5735960546875
13 0.36948949999999997 0.6226308 0.37284777812500003 0.6220498109375 0.3708736203125 0.5857318640625 0.353458071875 0.58712510625 0.3566549234375 0.649574540625 0.370825084375 0.6488311437500001 0.36948949999999997 0.6226308
2 0.30638960000000004 0.5384414078125 0.311566128125 0.63291983125 0.3539678328125 0.6300299984375 0.34889164687499996 0.5360457796875 0.30638960000000004 0.5384414078125
10 0.4421247609375 0.8773188015625 0.4535608203125 0.876719603125 0.4508780078125 0.8247348015625 0.43944194843749995 0.8253340015624999 0.4421247609375 0.8773188015625
7 0.399613365625 0.6562143984375 0.40218886249999997 0.656198765625 0.40032629843749995 0.6227534703125001 0.3772487453125 0.6247995125 0.378813021875 0.65462868125 0.35512230312500004 0.6563730109375 0.360761409375 0.7625288625 0.404885065625 0.759714409375 0.399613365625 0.6562143984375
4 0.48318224218749994 0.8227938312499999 0.45515667656250003 0.8245483828125 0.4580096359375 0.8838046531250001 0.4863120140625 0.8826040171875 0.48318224218749994 0.8227938312499999
2 0.3063378671875 0.7637783 0.3108859953125 0.8505693328125 0.3492705734375 0.8483582484375001 0.34476389531249996 0.7623615734375 0.3063378671875 0.7637783
2 0.36571516875 0.8292270296875 0.39633955468750004 0.8273424390624999 0.3929083453125 0.764162259375 0.36238914375000003 0.7657591234375001 0.36571516875 0.8292270296875
10 0.396046321875 0.8720467921875 0.40155151718750004 0.87210823125 0.3995525578125 0.8336884578125 0.39430353125 0.8338409203125 0.396046321875 0.8720467921875
1 0.2943464265625 0.6322083453125 0.3078743734375 0.6310838203125 0.30491471406250004 0.5758118859375 0.2915529375 0.5765128515625 0.2943464265625 0.6322083453125
10 0.4243712609375 0.878246984375 0.422829828125 0.8495956546875 0.4380956734375 0.8489761281250001 0.4368251859375 0.825476259375 0.40347462343749996 0.8269688125 0.40623457187499995 0.8796311328125 0.4243712609375 0.878246984375
10 0.39036607968750003 0.5803512203125 0.400984403125 0.57979510625 0.39880331875 0.5372028734375001 0.388188440625 0.5377634453125 0.39036607968750003 0.5803512203125
10 0.37567598593749996 0.62284821875 0.3740628890625 0.593508021875 0.38649851874999996 0.5926885609375 0.38604686250000003 0.5840568515625 0.372750921875 0.584579353125 0.3748201328125 0.6227717968750001 0.37567598593749996 0.62284821875
10 0.426846146875 0.8758293937499999 0.4395013234375 0.8751480781250001 0.4384224125 0.8548582890624999 0.425747628125 0.855326390625 0.426846146875 0.8758293937499999
10 0.3557599515625 0.93813676875 0.36954467968750004 0.9374140593750001 0.368685365625 0.9221461859375 0.355008265625 0.9226608796875 0.3557599515625 0.93813676875
8 0.354949984375 0.9190499000000001 0.368733153125 0.9183272984374999 0.35419518125 0.6375371140625 0.2998291125 0.639586053125 0.3060339421875 0.7579759921875 0.346455275 0.7552575328125 0.354949984375 0.9190499000000001
13 0.36840533125 0.8727156218750001 0.39417572968750003 0.8709433390625 0.392207203125 0.8321972109375 0.3663988875 0.833270434375 0.36840533125 0.8727156218750001
10 0.37744373593749997 0.6211817859375001 0.38899181562499996 0.62019100625 0.387737428125 0.5962718046875 0.37600374531249997 0.5969826609375 0.37744373593749997 0.6211817859375001
10 0.3971737375 0.7776287749999999 0.4079082203125 0.7774122593749999 0.4073394171875 0.767463640625 0.396669546875 0.76802179375 0.3971737375 0.7776287749999999
10 0.3762014890625 0.6516426421875 0.3770697140625 0.6515600015625 0.375745321875 0.6259900984375 0.371373578125 0.6262566421875 0.3725756484375 0.6492036890625 0.375978690625 0.6490612703124999 0.3762014890625 0.6516426421875
10 0.371097421875 0.937488740625 0.3873538359375 0.9363410171875 0.38655448125 0.9211018421875 0.37023527500000003 0.9219563562499999 0.371097421875 0.937488740625
11 0.3915108546875 0.615268921875 0.40208112968750004 0.614832075 0.40050399687500005 0.5836990640625 0.3897811328125 0.584260921875 0.3915108546875 0.615268921875
5 0.449638884375 0.9375131484375 0.46555602656249995 0.9364862609375001 0.4657977953125 0.9405261125000001 0.4784994828125 0.939860340625 0.47833053437500006 0.9358091328125001 0.48914160312500005 0.9348510937500001 0.486721984375 0.8887356687500001 0.45439574531250004 0.8904291328125 0.4537927046875 0.8805956828125 0.39021650625 0.8842770015625 0.3926426265625 0.9322997453124999 0.4250879921875 0.9306747 0.43016243281250005 0.9540088156250001 0.4503840875 0.9525603203124999 0.449638884375 0.9375131484375
3 0.3527280515625 0.582105990625 0.3870266390625 0.580171228125 0.3846254078125 0.534341153125 0.350274946875 0.536497259375 0.3527280515625 0.582105990625
2 0.3410793140625 0.14177876250000002 0.380747646875 0.1392899515625 0.377422634375 0.0762621109375 0.3378181125 0.0781402953125 0.3410793140625 0.14177876250000002
13 0.34493961562500003 0.2038826390625 0.36267989375 0.20278778437499997 0.3594321671875 0.14503145625 0.3418800234375 0.1454568671875 0.34493961562500003 0.2038826390625
10 0.3711225734375 0.3507389421875 0.3836252171875 0.3498474421875 0.382594253125 0.330176128125 0.36997474218750004 0.3308298890625 0.3711225734375 0.3507389421875
10 0.3702376140625 0.1803919671875 0.3849031765625 0.17978935625 0.3830762890625 0.14638385781250002 0.36848576093749996 0.146984353125 0.3702376140625 0.1803919671875
10 0.7175828546874999 0.9659024140625 0.733902259375 0.9651402984375 0.73311863125 0.950999578125 0.71687975625 0.9516589515625 0.7175828546874999 0.9659024140625
10 0.6568161328125 0.53205006875 0.6693257734375 0.531393028125 0.6681745859375 0.511122390625 0.6556858515624999 0.5121679828125 0.6568161328125 0.53205006875
5 0.6794921109375001 0.593945609375 0.695414125 0.5927868109375 0.6957124218749999 0.5969182546875 0.7082855968749999 0.5962066484374999 0.7080799609375 0.592123546875 0.719082815625 0.5908842578125 0.7167024890625 0.5454427328125 0.684182753125 0.5471465953125 0.6836499093749999 0.53697304375 0.6201078703125 0.5409636718749999 0.6226012328125 0.5885368796875 0.6549191890625 0.5871729203125 0.6598763375 0.6101064296875001 0.6804309625 0.6090293625000001 0.6794921109375001 0.593945609375
10 0.6967834015625 0.71623419375 0.7087334515625 0.7150336140625 0.7068265375 0.677818165625 0.6949214968749999 0.6782512374999999 0.6967834015625 0.71623419375
2 0.6696781984375 0.7876865125 0.695493503125 0.7863324296875 0.6923739875 0.7233090140625 0.6661627234374999 0.72413004375 0.6696781984375 0.7876865125
8 0.6321329265625 0.901398159375 0.6739506328125 0.8983549390625001 0.6594213812499999 0.6211165484375 0.6438169265625 0.6219336125 0.6520094609375 0.780687909375 0.6255955984375 0.7815011796875 0.6321329265625 0.901398159375
2 0.6208024437499999 0.686815821875 0.6455247890625 0.6849288687499999 0.640918028125 0.598710509375 0.6162637328125 0.60020425625 0.6208024437499999 0.686815821875
12 0.6761152046875 0.22473804999999997 0.7271422421875 0.22096940312500002 0.723671359375 0.153570778125 0.6723433562500001 0.1562609171875 0.6761152046875 0.22473804999999997
10 0.6454364609375001 0.5892300374999999 0.6464744265625 0.6109950265624999 0.6592020109375001 0.6099828546875 0.654253 0.588756059375 0.6454364609375001 0.5892300374999999
2 0.6322935203125 0.9064946828125 0.6354830453125 0.9698249000000001 0.7081740578125 0.9660152640625 0.7075200828125 0.9527206859374999 0.6772710796875 0.9543064875 0.6748116859375 0.9049343406249999 0.6322935203125 0.9064946828125
1 0.6185348687500001 0.970375675 0.6322668953125 0.96945929375 0.612854290625 0.6041078468750001 0.599671315625 0.6053946421874999 0.6185348687500001 0.970375675
1 0.634184290625 0.9776830765625 0.63488715 0.9917887203125 0.7170209625 0.986045365625 0.7163614796875 0.9734560140624999 0.634184290625 0.9776830765625
7 0.6742329781249999 0.8974423968749999 0.7045684921875 0.8964441796875 0.7012531656250001 0.834831609375 0.698811775 0.789950396875 0.6686707265625 0.791332859375 0.6742329781249999 0.8974423968749999
10 0.695393421875 0.9134286984375001 0.705637440625 0.912895625 0.7050784484375 0.90219135625 0.6763258140625 0.9038072250000001 0.6763638578125 0.9064344078125 0.695028778125 0.90557093125 0.695393421875 0.9134286984375001
10 0.6917364187499999 0.6756420609375 0.6915613328125 0.672197446875 0.6942358453125 0.671626678125 0.6939525984375 0.6652465203125 0.682377421875 0.6661185875 0.6828213671875 0.675961596875 0.6917364187499999 0.6756420609375
10 0.6807650234375 0.6089684109375 0.6920440906249999 0.6086104390625 0.6913212718749999 0.5948241515625 0.6801374499999999 0.595065821875 0.6807650234375 0.6089684109375
10 0.681996621875 0.662442446875 0.6934045171875 0.6616196671875 0.691168875 0.6199271828125 0.6798449875 0.6204057625 0.681996621875 0.662442446875
6 0.68110798125 0.6757399515625 0.6781160468749999 0.62061124375 0.6759185171875 0.6206114109375 0.67549206875 0.6134377453125001 0.662951146875 0.6140954078124999 0.6632294640625 0.6213906390624999 0.6595541078125 0.6214690859374999 0.662296596875 0.6767264453124999 0.68110798125 0.6757399515625
11 0.7149372656249999 0.9479369484375001 0.7330397828125 0.9468480906250001 0.7313655625 0.9160962187499999 0.7089673734375 0.9171283390625 0.7119638187499999 0.9696112250000001 0.716055596875 0.96926088125 0.7149372656249999 0.9479369484375001
2 0.625511140625 0.776485478125 0.6501460906250001 0.7746030703125 0.6455498359375 0.688579765625 0.6208830390625 0.6898723328125 0.625511140625 0.776485478125
12 0.6957257484375 0.6011855328125 0.6993837390625 0.6689751828125 0.75085470625 0.6660448 0.747225065625 0.598727759375 0.6957257484375 0.6011855328125
13 0.666684003125 0.7205866125 0.692400403125 0.71866930625 0.690375271875 0.680032078125 0.6645812671875 0.6812875609375 0.666684003125 0.7205866125
1 0.6971784484375 0.7228916046875 0.695910228125 0.7230554703125 0.6988284703125001 0.7811621984375 0.7021080375000001 0.781180346875 0.7089444640625 0.9132392140625001 0.7310731406250001 0.91198159375 0.7244044078125 0.784068003125 0.7122305515625 0.7847783125000001 0.708726759375 0.7180962281250001 0.6970647859375 0.7190934062500001 0.6971784484375 0.7228916046875
4 0.68778489375 0.540488478125 0.716314721875 0.5387550531249999 0.7132087765625 0.479464784375 0.684747925 0.4804822796875 0.68778489375 0.540488478125