0 0.3106764546875 0 0.1414937828125 0.8703666078125 0.32246196875 0.9748486390625001 0.4518540953125 1 0.6893235453125001 1 0.8585062171875 0.1296333921875 0.67753803125 0.0251513609375 0.5481459046875 0 0.3106764546875 0
2 0.423413784375 0.3870980921875 0.40489632656249996 0.48060251875000004 0.4648867671875 0.49260227656250005 0.48353878437500003 0.3981272859375 0.423413784375 0.3870980921875
13 0.5010713375 0.5881881390625 0.48994925 0.647586534375 0.5129607609375 0.6519106781249999 0.52464904375 0.592187853125 0.5010713375 0.5881881390625
7 0.4432348859375 0.2887388109375 0.4595487625 0.29160109843750004 0.44191545000000004 0.382667890625 0.4853213046875 0.3907523703125 0.5153337171875 0.233456846875 0.45562992968750005 0.22441371562499998 0.4432348859375 0.2887388109375
1 0.46801636406249997 0.5948410328125 0.475870990625 0.55413329375 0.45344630468749997 0.550248990625 0.4632014015625 0.5003995421874999 0.43093484374999996 0.49438373437500005 0.4135007703125 0.5842304359375 0.46801636406249997 0.5948410328125
3 0.64282648125 0.111873528125 0.622001465625 0.2207653890625 0.6465912828125 0.2253620734375 0.668023528125 0.11594033749999999 0.64282648125 0.111873528125
1 0.6624432875 0.0690149734375 0.6519759890625 0.065885490625 0.6443710578124999 0.10418261718749999 0.6693561609375 0.10866652343750001 0.6711706015625001 0.0915113203125 0.66858589375 0.0783475421875 0.6624432875 0.0690149734375
6 0.496928115625 0.4366394109375 0.483311384375 0.50525865625 0.508611684375 0.5102059999999999 0.5219582125 0.4415516359375 0.496928115625 0.4366394109375
1 0.3800142390625 0.974158934375 0.5069895390625 0.9982562640625 0.5302211125 0.8779023734375 0.5075769640625001 0.8732075640625 0.5280255484375 0.7665052015625 0.4690168703125 0.7547799796875 0.46061940156250003 0.798140446875 0.38705448124999997 0.7839867515625001 0.4027344515625 0.7008782453125 0.382659971875 0.697317015625 0.3619691125 0.804545259375 0.36155273125 0.8199727046874999 0.364881184375 0.8375514046875001 0.3687638953125 0.8467357265625 0.4038487421875 0.8527169875 0.3800142390625 0.974158934375
1 0.4625031921875 0.161883875 0.458353203125 0.17651249375 0.4506710328125 0.215268403125 0.46951152656249995 0.21861695937499998 0.48003858906249997 0.1653648046875 0.4625031921875 0.161883875
2 0.41207780312500003 0.5917263375 0.3926707203125 0.6906403921875001 0.4472824 0.7007814375 0.4663025546875 0.6025406875 0.41207780312500003 0.5917263375
13 0.54391964375 0.21354457187500003 0.5342423125 0.263078075 0.5650244625 0.2688430765625 0.5746659937499999 0.2194278296875 0.54391964375 0.21354457187500003
13 0.5848237703125 0.2216027953125 0.575372896875 0.2710721875 0.6353985703125 0.2827765484375 0.6450772375 0.23394385468749998 0.5848237703125 0.2216027953125
8 0.5224102109375 0.5212812515625 0.48146030624999997 0.513449190625 0.5418784249999999 0.205286315625 0.5527579625000001 0.20688927812500002 0.5889893171875 0.0201941078125 0.5680376453125 0.0163772171875 0.543341675 0.0270893921875 0.5238713578125 0.04279421875 0.5041389374999999 0.0666561515625 0.4905539140625 0.0910704765625 0.4755910484375 0.12316191875 0.46478649531249994 0.1554259546875 0.48513549375 0.1582273296875 0.47167990312499997 0.22626122187500003 0.515560153125 0.233136525 0.4966157796875 0.3312460171875 0.4996278140625 0.3317040203125 0.4589712875 0.5420325640625 0.48092028593749997 0.5469376593749999 0.449348275 0.7087688609375 0.4066119046875 0.7009716765625 0.3915809234375 0.7765217234375 0.4582418234375 0.7899929078125 0.49927398125 0.5794825015625 0.5106039390625 0.5814303125 0.5224102109375 0.5212812515625
1 0.45438805625 0.2990084546875 0.43659371562500005 0.29609790625 0.42073505000000005 0.3782065453125 0.43830145624999994 0.38173063749999997 0.45438805625 0.2990084546875
2 0.48797490625 0.6546468234375 0.4704399203125 0.746699559375 0.5184284156250001 0.7561560484375 0.536567084375 0.6642389515625 0.48797490625 0.6546468234375
2 0.592603721875 0.0214743984375 0.556237390625 0.20849398125000002 0.6179356734375 0.22053254687499999 0.64829725625 0.06473224375 0.616036471875 0.0593783109375 0.6224708765625 0.027508593749999997 0.592603721875 0.0214743984375