0 0.398274440625 0 0.15951772343749998 0.10134558593750001 0 0.35662730625 0 0.6017255593749999 0.10134558593750001 0.8404822765625 0.35662730625 1 0.6017255593749999 1 0.8404822765625 0.8986544140625 1 0.6433726937500001 1 0.398274440625 0.8986544140625 0.15951772343749998 0.6433726937500001 0 0.398274440625 0
8 0.3972824765625 0.3263503625 0.4051571078125 0.345793296875 0.43300445 0.33386587031250003 0.389182784375 0.2313362265625 0.361799840625 0.24311901875 0.3695063234375 0.26215287656249997 0.278719990625 0.300956996875 0.282104434375 0.3087503140625 0.28607032499999996 0.3070681875 0.3064333015625 0.355574925 0.3027847359375 0.3571236921875 0.30630551875 0.3652325109375 0.3972824765625 0.3263503625
7 0.715786215625 0.7093770078125 0.7353016578125 0.70112391875 0.7254322281250001 0.6779766453125 0.7215143671875001 0.6796408796875 0.7032594750000001 0.6365619609375 0.7072167515625 0.634867084375 0.7008321703125 0.6198890859375 0.578629353125 0.6713641265625 0.6084214390625 0.7420686515625 0.6830084984375 0.7100909484375 0.6786267453125 0.69964773125 0.6817603984375 0.6982507234375 0.69512089375 0.7305126578125 0.72044073125 0.7195871656249999 0.715786215625 0.7093770078125
2 0.4348537375 0.648581553125 0.440720571875 0.66174915625 0.4444469609375 0.6599873875 0.460529375 0.6979980640625 0.4568215234375 0.6996240171875 0.46363569218749995 0.7159077609375 0.5534288 0.6773839703125 0.5544581640625 0.679224790625 0.5778757031249999 0.6689936109375 0.5481616546875 0.6003608781249999 0.4348537375 0.648581553125
13 0.5891975703125001 0.62065796875 0.6004747703125 0.6469069296875001 0.6228906765625 0.6373616953125001 0.611802309375 0.6113412796875 0.5891975703125001 0.62065796875
3 0.6793277609375 0.57899705 0.6719989703125 0.562448853125 0.676120715625 0.560788575 0.6707084328125 0.5484503765625 0.60128415625 0.577918546875 0.6177187281250001 0.6163445765625 0.6868639375 0.5869839234375 0.6825586265625 0.57750049375 0.6793277609375 0.57899705
5 0.5101055390625 0.2033192234375 0.5155575140625 0.20094249375 0.5080354484375 0.18270742812500002 0.5021011843750001 0.185195503125 0.498524853125 0.176408953125 0.48579510781249996 0.18170185781249998 0.4614958640625 0.12405284218749998 0.41276754687499995 0.1446937578125 0.4140792875 0.14814078125000002 0.4254630453125 0.14330943437500002 0.449256996875 0.1995114328125 0.4378189078125 0.20427935156250002 0.4498658296875 0.232958615625 0.5114563515625 0.20660641562499998 0.5101055390625 0.2033192234375
6 0.6323576125 0.7977275546875 0.644347759375 0.8267895828125 0.6859523453125 0.809172153125 0.67367120625 0.7802101890625 0.6323576125 0.7977275546875
13 0.6118943 0.843004140625 0.623804665625 0.8708168687500001 0.6811313765625 0.846541009375 0.669256109375 0.818565965625 0.6118943 0.843004140625
9 0.6944467765625 0.615668740625 0.685546559375 0.5940428046874999 0.6891929718750001 0.5924945328125 0.6876289718749999 0.588902778125 0.61841868125 0.618364634375 0.631202921875 0.6465981328125 0.6996128875000001 0.616857275 0.6984626921875 0.6140510390625 0.6944467765625 0.615668740625
10 0.4872663421875 0.16926330625 0.48992172656250005 0.175519528125 0.5547449765625 0.14808649062499998 0.552103009375 0.14185891875 0.4872663421875 0.16926330625
13 0.44621387187500006 0.35883304531250004 0.449476709375 0.3662224140625 0.461187559375 0.3612066953125 0.44802574375 0.32996250625 0.40607353437500004 0.347832546875 0.42269406875 0.387668190625 0.44991952968750004 0.3761610125 0.44316136406249995 0.360114934375 0.44621387187500006 0.35883304531250004
10 0.69512089375 0.7305126578125 0.694113984375 0.7279341421875001 0.69115934375 0.7290358234375 0.6838769124999999 0.7123102375 0.6508261421875 0.726030875 0.6713084859375 0.7740281390625 0.7080877984375 0.7585452359375 0.69611029375 0.730073328125 0.69512089375 0.7305126578125
4 0.50443445625 0.174098928125 0.521323359375 0.214551828125 0.5740371015625 0.1921267609375 0.5567336578125001 0.1518920265625 0.50443445625 0.174098928125
11 0.5310885734374999 0.28487481406250004 0.53962329375 0.30513371875 0.5873307234375 0.2847466375 0.57873573125 0.26464905625 0.5310885734374999 0.28487481406250004
12 0.739164278125 0.7496471125 0.7727442890625 0.830108728125 0.830588703125 0.8054083234375 0.7966238062500001 0.725229465625 0.739164278125 0.7496471125
10 0.423418471875 0.214486828125 0.4339040859375 0.2100726078125 0.42133274218750005 0.1808113875 0.41097582499999996 0.1852968140625 0.423418471875 0.214486828125
6 0.4435217515625 0.24011552187500002 0.440530753125 0.23325529843749998 0.443311803125 0.2319714453125 0.43456194843749996 0.2118563234375 0.39287640625 0.22984509062499997 0.40397364375 0.2568567703125 0.4435217515625 0.24011552187500002
10 0.7061503 0.84118335 0.7129995078125 0.8566709328125001 0.7349568140625 0.8472905374999999 0.7284015953125 0.8318484749999999 0.7061503 0.84118335
11 0.6996215968749999 0.7307197624999999 0.7108978234375 0.757170784375 0.7518382703125 0.7397168890625 0.7405759546875 0.713237709375 0.6996215968749999 0.7307197624999999
12 0.48591701406250004 0.1676721109375 0.5517950609375 0.139532915625 0.532432103125 0.09431158125 0.46714199062499995 0.12208485625000001 0.48591701406250004 0.1676721109375
10 0.6981194546875 0.8213977531250001 0.7199166031249999 0.8120259875 0.71334431875 0.7965345703125 0.6916644234375 0.80579535625 0.6981194546875 0.8213977531250001
10 0.7193884625 0.7101816046875 0.7229124171875 0.7185448234375 0.7396701421875 0.7113524875 0.736150846875 0.703220646875 0.7193884625 0.7101816046875
2 0.343786709375 0.250625 0.34305081406250004 0.24859169531249997 0.35806706093749996 0.24209282812500002 0.3457348953125 0.21298843281250002 0.25739818125 0.2503550328125 0.2605764390625 0.25831614531249997 0.264351059375 0.25691063125 0.2781303921875 0.2888944421875 0.2743877734375 0.290679234375 0.2778807203125 0.2986674796875 0.36621858125 0.2611781515625 0.35884071875 0.2441128796875 0.343786709375 0.250625
10 0.6705111796875001 0.7723820703125 0.6675717828125001 0.77355960625 0.6482166671875 0.7271787328125 0.609635309375 0.7439031625 0.63147383125 0.7958837375 0.6730870312499999 0.7782790609375 0.6705111796875001 0.7723820703125
13 0.5768488515625 0.6568789265625 0.5993056718750001 0.64739795 0.5881604578124999 0.62096430625 0.5657609734375 0.6307574796875 0.5768488515625 0.6568789265625
10 0.4295014765625 0.18390564843749999 0.4380046375 0.18027568124999999 0.43143353125 0.1649710890625 0.4229785640625 0.1685740546875 0.4295014765625 0.18390564843749999
2 0.5062440484375 0.8472581984374999 0.5096533484375 0.8551739093749999 0.5980667359375 0.8177022953125 0.57510161875 0.7637888203125 0.48713045 0.8012751328125001 0.49031930625 0.8092133890625 0.4936210671875 0.807812721875 0.5102153953124999 0.8454818312500001 0.5062440484375 0.8472581984374999
10 0.5087784265625 0.219584353125 0.515747140625 0.2166556203125 0.512328578125 0.20886677812499999 0.5053393234375 0.21176056718749997 0.5087784265625 0.219584353125
7 0.443762221875 0.23993414062500001 0.44470896875 0.2420899875 0.4047398515625 0.258918228125 0.40939207499999997 0.2694033234375 0.406226959375 0.2708654234375 0.425031946875 0.3145441828125 0.48508770468750007 0.289029359375 0.48115339218750003 0.27952717968749996 0.5173708890625 0.2638700921875 0.5266289296875 0.284516490625 0.5780540000000001 0.262688290625 0.5696473796875 0.243185615625 0.565708484375 0.2448569734375 0.5520804984375001 0.212521859375 0.5559950406249999 0.210789221875 0.5535770765625 0.2054091328125 0.5049572421875 0.22602386874999997 0.5004475109375 0.21610685312500003 0.443762221875 0.23993414062500001
13 0.35129346875 0.21169719687500002 0.36339384531249996 0.239940034375 0.420698028125 0.215635359375 0.40875203437499996 0.1875995375 0.35129346875 0.21169719687500002
8 0.486150778125 0.799487471875 0.57708219375 0.76063398125 0.611067803125 0.8409123781250001 0.641481725 0.82786740625 0.6009544828125 0.7321959703124999 0.60373470625 0.7309429234375 0.578629353125 0.6713641265625 0.4681283109375 0.7181917999999999 0.46702401250000003 0.7155892781250001 0.4530781484375 0.7215722875 0.458612603125 0.735038875 0.4624814296875 0.7332703031250001 0.4854374109375 0.7869182828125 0.481521703125 0.7885820203125 0.486150778125 0.799487471875
10 0.42197153125 0.166432125 0.43055965625 0.16278707812499998 0.4235702703125 0.1466628484375 0.41516878906250004 0.150138940625 0.42197153125 0.166432125
10 0.6847453203125 0.846698840625 0.69972331875 0.8403142593749999 0.6870065624999999 0.8111058874999999 0.672263575 0.817373846875 0.6847453203125 0.846698840625
10 0.705332725 0.8388650125 0.7275401234375 0.8294677015625 0.7209360515625 0.8141038187499999 0.6986546203125 0.823504615625 0.705332725 0.8388650125
2 0.5449047515625 0.33706218125 0.534135128125 0.31191159687500003 0.5380548078125 0.31020612187499996 0.5272755015625 0.2842424859375 0.5266289296875 0.284516490625 0.52551386875 0.28194593437500004 0.52252943125 0.28321324375 0.5199504875 0.277916809375 0.4292308703125 0.31638122812499997 0.4358926765625 0.332790859375 0.45018202343749997 0.3265766046875 0.46930188125 0.37219877343749996 0.5499302265625 0.338039390625 0.54881003125 0.3354711546875 0.5449047515625 0.33706218125
5 0.7155635124999999 0.7928858156249999 0.7431617312500001 0.8582526296875 0.780617765625 0.8425624671874999 0.7767364859375 0.8334177 0.7691584625 0.8365902890625 0.7336891453125001 0.752341015625 0.6787369203125 0.7758214875 0.6900747453125 0.8039047343749999 0.7155635124999999 0.7928858156249999
2 0.3266690234375 0.41408043437500003 0.3335787234375 0.43000194687500004 0.421829453125 0.39236605 0.39536130625 0.330680965625 0.30693369531250003 0.3683611015625 0.31265545 0.38160755625 0.31676311875 0.37996980625 0.330753175 0.4124537828125 0.3266690234375 0.41408043437500003
10 0.43748068125 0.20227896875 0.44575843125 0.198708978125 0.4389343296875 0.1824853578125 0.430417915625 0.1860775640625 0.43748068125 0.20227896875
10 0.45009918437499996 0.3685994 0.4547008453125 0.37859044218750004 0.4667641265625 0.373382234375 0.46225025468750003 0.36347184375 0.45009918437499996 0.3685994
10 0.4844878171875 0.2802620734375 0.48794678593749996 0.28799509687499997 0.518890359375 0.27476888125 0.5156520312499999 0.2673432375 0.4844878171875 0.2802620734375
10 0.71363701875 0.8586611843749999 0.717976353125 0.8689010187499999 0.74011201875 0.8593206984374999 0.7357997093749999 0.8493943890625 0.71363701875 0.8586611843749999
3 0.5533666703125 0.611933909375 0.5618796703125 0.6319415640625 0.611748396875 0.6104397890625 0.5983126578125 0.5794039828125 0.5511534 0.5992971203125 0.5561889734375 0.61079928125 0.5533666703125 0.611933909375
2 0.5301215781249999 0.902795703125 0.53344940625 0.91087423125 0.6214460796875 0.87338543125 0.5987259546875 0.8198111328125 0.5106181265624999 0.8570886046874999 0.513823878125 0.8650558453125001 0.5176564499999999 0.863483871875 0.5339682265625 0.9012012046875 0.5301215781249999 0.902795703125
4 0.78259900625 0.8306286921874999 0.7861886484375 0.8400573671875 0.8362297953125 0.8186099015625 0.8325964593749999 0.8095076765625 0.78259900625 0.8306286921874999
10 0.5768587296875001 0.6597704 0.5796419953124999 0.6662170796875 0.6271612890625 0.6459777515625 0.6244500765625001 0.639592678125 0.5768587296875001 0.6597704