0 0.47816875000000003 0 0.1762421875 0.026415624999999998 0.2614203125 1 0.52183125 1 0.8237578125 0.9735843750000001 0.7385796874999999 0 0.47816875000000003 0
13 0.4967984375 0.2444484375 0.4915640625 0.1826765625 0.4539546875 0.18510312499999998 0.45440781250000006 0.1888078125 0.44657656250000005 0.18920625 0.4517015625 0.24877968749999999 0.4967984375 0.2444484375
7 0.5665703125 0.87436875 0.5644875 0.852471875 0.574353125 0.851534375 0.5675265625 0.77504375 0.5234078125 0.77920625 0.5318515625 0.87725625 0.5665703125 0.87436875
1 0.546475 0 0.548328125 0.021365625 0.565253125 0.01930625 0.5635484374999999 0 0.546475 0
4 0.5386953125 0.113503125 0.5452125 0.18893437500000002 0.5802265625 0.18591875 0.5736859375 0.11044218750000001 0.5386953125 0.113503125
8 0.4641484375 0.141475 0.4573015625 0.0637078125 0.5342156250000001 0.057553125000000004 0.5310609375 0.0229703125 0.5288078125 0.0232625 0.5286328124999999 0.0212609375 0.4542859375 0.028246874999999998 0.4519390625 0.0022953125 0.40709999999999996 0.0062171875000000005 0.4103796875 0.043709375 0.40774375 0.0440375 0.40904999999999997 0.059476562499999996 0.4396359375 0.0563234375 0.4470421875 0.1434515625 0.4641484375 0.141475
2 0.4247953125 0.2376703125 0.4262171875 0.2531375 0.45000156249999995 0.25074843750000003 0.44442031249999997 0.1857796875 0.46784218749999995 0.1838328125 0.46470312500000005 0.1461453125 0.41695000000000004 0.14978125 0.4183515625 0.164828125 0.42099374999999994 0.1647875 0.42729531249999997 0.2374140625 0.4247953125 0.2376703125
10 0.461209375 0.0680734375 0.463875 0.0990515625 0.48795 0.0971390625 0.48522187499999997 0.06645 0.461209375 0.0680734375
10 0.5710015625 0.9593109375 0.571203125 0.963003125 0.5851390624999999 0.961784375 0.581990625 0.9170265625 0.561740625 0.9191578125 0.5652578125 0.9598140624999999 0.5710015625 0.9593109375
11 0.60770625 0.8796609375 0.61295 0.93805625 0.6315703125 0.9361984375000001 0.6264875 0.8780921875000001 0.60770625 0.8796609375
10 0.5096984375 0.246009375 0.49770624999999996 0.11040000000000001 0.4910453125 0.1108875 0.49698281250000004 0.1822015625 0.493271875 0.1825265625 0.4989671875 0.24714062499999997 0.5096984375 0.246009375
2 0.63578125 0.852840625 0.6304375 0.7904296875 0.6326890625 0.79049375 0.6310687500000001 0.7697484375 0.5710203125 0.774915625 0.5762796875 0.8345874999999999 0.5854828125 0.8338265625 0.5858 0.8378984375 0.57669375 0.8386515625 0.5796875 0.873534375 0.6032234375 0.8713749999999999 0.6036140624999999 0.8762328125 0.639959375 0.8731453124999999 0.638140625 0.8528125 0.63578125 0.852840625
10 0.613128125 0.94203125 0.614859375 0.9595140625 0.6332734375 0.9576 0.6318374999999999 0.9403953125 0.613128125 0.94203125
10 0.496196875 0.10649843750000001 0.496446875 0.10935625 0.510878125 0.10809375000000002 0.507159375 0.063525 0.4866 0.0651609375 0.49051718749999995 0.107078125 0.496196875 0.10649843750000001
5 0.547409375 0.3071125 0.537390625 0.189634375 0.541834375 0.189128125 0.5352921875 0.113759375 0.5078437499999999 0.11604375 0.5248359375 0.3096625 0.547409375 0.3071125
2 0.5032640625 0 0.5051812499999999 0.019954687500000002 0.5282828125 0.0177390625 0.528765625 0.022784375000000003 0.544915625 0.021182812500000002 0.5430125 0.0008906249999999999 0.5404953124999999 0.0011109375 0.5404015625 0 0.5032640625 0
10 0.536028125 0.9222250000000001 0.5385875 0.9523796875 0.5625625000000001 0.9502828125 0.5599968750000001 0.919584375 0.536028125 0.9222250000000001
6 0.5837265625 0.917228125 0.587375 0.9614890624999999 0.6130671875 0.9593078125 0.609096875 0.914565625 0.5837265625 0.917228125
10 0.5135203125000001 0.251703125 0.5187171875 0.310071875 0.5228937499999999 0.3097078125 0.5178109375 0.2512640625 0.5135203125000001 0.251703125
10 0.5017328125 0.1166203125 0.5131921875 0.247265625 0.51725625 0.2467640625 0.5060984375 0.11637187499999999 0.5017328125 0.1166203125
2 0.48656249999999995 1 0.5200109375 0.99713125 0.5128999999999999 0.9141203125 0.46407499999999996 0.9186796875000001 0.4653875 0.9340078125 0.46755781250000006 0.9338171875000001 0.4721046875 0.9857765625000001 0.46982187499999994 0.9860671875 0.4709671875 1 0.48656249999999995 1
4 0.6132953125 0.9670734375000001 0.6155062499999999 0.9918046875 0.6505984375 0.9887343749999999 0.6484156249999999 0.9639640625 0.6132953125 0.9670734375000001
10 0.5621125 0.195134375 0.564078125 0.2185875 0.5829140625 0.2167484375 0.5808796875 0.1934921875 0.5621125 0.195134375
11 0.533125 0.026271875 0.538240625 0.0844234375 0.5568 0.08266875 0.55171875 0.0244203125 0.533125 0.026271875
2 0.4092859375 0.06294999999999999 0.410896875 0.0785390625 0.41340937499999997 0.0782609375 0.41778125 0.13023281250000002 0.4152796875 0.1303390625 0.4168234375 0.14654375 0.44528125 0.14373750000000002 0.438075 0.0605421875 0.4092859375 0.06294999999999999
13 0.5390875 0.9566703125 0.542828125 0.9981625 0.5661328125 0.9961234375 0.562525 0.9548890625 0.5390875 0.9566703125
10 0.53856875 0.0886 0.5401312500000001 0.10573593750000002 0.5586765625 0.1037890625 0.5571234375 0.0869765625 0.53856875 0.0886
10 0.5413328125 0.197053125 0.5433656250000001 0.220284375 0.56220625 0.21863281250000002 0.5602078125000001 0.1954671875 0.5413328125 0.197053125
13 0.46453437500000005 0.103721875 0.47149062500000005 0.179725 0.4945875 0.17770468749999999 0.4879125 0.1014 0.46453437500000005 0.103721875
8 0.538878125 0.994825 0.532028125 0.9177125 0.608959375 0.9110125 0.60584375 0.8761734375 0.603534375 0.876375 0.6033031249999999 0.8748859375 0.52889375 0.8817656250000001 0.51986875 0.7791125 0.4523125 0.785696875 0.4540078125 0.805625 0.456396875 0.8051937499999999 0.46450781250000006 0.8989984375000001 0.462271875 0.8989765625 0.46365625 0.9142625000000001 0.514146875 0.909834375 0.5221953125 0.9971984375 0.538878125 0.994825
10 0.5664734375 0.85590625 0.5680078125 0.8740062500000001 0.5763453125 0.8732734375 0.574540625 0.8548765625 0.5664734375 0.85590625
10 0.49164375 0.0016546875 0.49333125000000005 0.0205828125 0.5015359375 0.0202015625 0.49993125000000005 0.001125 0.49164375 0.0016546875
6 0.5088640625 0.0635203125 0.5127312500000001 0.1082234375 0.5383312499999999 0.1060765625 0.5344218749999999 0.0608984375 0.5088640625 0.0635203125
1 0.4226859375 0.2533171875 0.4011578125 0.0067375 0.38425937499999996 0.008215625 0.40583125000000003 0.2547921875 0.4226859375 0.2533171875
12 0.54345 0.22471562500000003 0.55085 0.3069265625 0.5905796875 0.303565625 0.5836515624999999 0.220853125 0.54345 0.22471562500000003