2 0.4903003484375 0.6669401625 0.482929046875 0.672483040625 0.50308783125 0.6988842125 0.5654851359374999 0.651817090625 0.54552900625 0.6253343203124999 0.5211573390625001 0.643749634375 0.5221713609374999 0.6450975265625 0.4914132515625 0.668275153125 0.4903003484375 0.6669401625
8 0.9487599859375001 0.337972109375 0.80936923125 0.443009846875 0.785104146875 0.411268278125 0.77447435 0.4193982765625 0.775672190625 0.4205236 0.7088708515625 0.4708712046875 0.7078173062500001 0.46959432031250004 0.69212328125 0.4818836703125 0.7239310156250001 0.5243745296875 0.8421929312499999 0.4352044359375 0.8431328046875001 0.43613596875000005 0.9317434390624999 0.3692932953125 0.930975315625 0.3684813984375 0.9567790031250001 0.3489304484375 0.9487599859375001 0.337972109375
10 0.4489460671875 0.786142484375 0.45323217343750005 0.7918669375 0.4590410859375 0.7875018640625 0.454755121875 0.7817438640625001 0.4489460671875 0.786142484375
10 0.366549996875 0.8482199375 0.37085175000000004 0.853961559375 0.3765519828125 0.8496378 0.3721340734375 0.8439848375000001 0.366549996875 0.8482199375
8 0.43220417031249997 0.7684384671875 0.433336375 0.7700633234375001 0.536921246875 0.691928903125 0.5287759375000001 0.6811847875 0.43706971093749997 0.7502782531250001 0.409811109375 0.7137826546875 0.39784478125 0.7227522125 0.3989109125 0.7241685125 0.33217665625000004 0.77443321875 0.3310726765625 0.77310474375 0.31923401406249996 0.7820006109375 0.35378406562500003 0.8274980203125001 0.43220417031249997 0.7684384671875
13 0.3405600015625 0.8566522750000001 0.348831546875 0.8675749984375001 0.36653534374999996 0.8542183078125 0.3584048546875 0.843273253125 0.3405600015625 0.8566522750000001
13 0.3219508453125 0.8707132375000001 0.3302451984375 0.88164631875 0.34803972656250004 0.8681555968750001 0.339759290625 0.8572529203125001 0.3219508453125 0.8707132375000001
2 0.24002735625 0.8417373546875 0.27334296406249997 0.8860917484374999 0.348625665625 0.829361625 0.315453946875 0.7848996968749999 0.30341125 0.793876428125 0.30447166718749996 0.7953533968750001 0.2558332859375 0.8319566875 0.2547762671875 0.8306230984375 0.24002735625 0.8417373546875
11 0.5184530484375001 0.630407365625 0.5243706875 0.6383884875 0.5441068765625 0.6235358421874999 0.5380810968749999 0.6156582562499999 0.5184530484375001 0.630407365625
6 0.47121703593750003 0.7433482812500001 0.48802808750000004 0.76565828125 0.5226633281249999 0.7395853984375 0.51685891875 0.7317441140625001 0.51468029375 0.733385290625 0.5036738828125 0.718879534375 0.47121703593750003 0.7433482812500001
2 0.8641142609375001 0.37620376875 0.8760369656250001 0.36718978125 0.8877423734375001 0.38228132656249997 0.9479961359375 0.3369058875 0.9247044125 0.3062658453125 0.9161601609375 0.31270340625 0.91688495625 0.3138497328125 0.87434723125 0.3458820671875 0.8734049078125 0.34468555625 0.8522657109375 0.3605760078125 0.8641142609375001 0.37620376875
7 0.8083192640625001 0.495416915625 0.80608160625 0.49718243281249996 0.7892918203125 0.47533499843750004 0.72389685625 0.5243988374999999 0.7600748187499999 0.5722695578125 0.7831314015624999 0.5550095828125 0.781915721875 0.5537314328125 0.8243642781249999 0.5216870796874999 0.8254730953125 0.5229898140625 0.8278754921875 0.521177396875 0.8083192640625001 0.495416915625
4 0.8321851468749999 0.5179812265625 0.8772789109374999 0.48389078437500005 0.8598466 0.4609053765625 0.8149685265625 0.4947565734375 0.8321851468749999 0.5179812265625
10 0.8885064843749999 0.41246889531250003 0.9041605796875001 0.400657353125 0.900579840625 0.3959060890625 0.8848858921874999 0.4077459890625 0.8885064843749999 0.41246889531250003
6 0.505809253125 0.7171233390625 0.5174305453125 0.7324196781250001 0.549336771875 0.7083341640625 0.5377250703125 0.6929898359375 0.505809253125 0.7171233390625
2 0.9410267765624999 0.2937832359375 0.9290734578125001 0.302791565625 0.9616901406249999 0.34516219062500003 0.9920931124999999 0.3222098296875 0.9609604875000001 0.2808955078125 0.9422726203125 0.29500133125 0.9410267765624999 0.2937832359375
10 0.906341478125 0.3989253640625 0.9307714718750001 0.38055344999999996 0.9271767750000001 0.375885015625 0.9027476562500001 0.394222003125 0.906341478125 0.3989253640625
7 0.378919815625 0.84789371875 0.45088683124999995 0.7936619109375 0.4321551640625 0.768497353125 0.36595326250000004 0.8183266437500001 0.36664862343750004 0.81930866875 0.3544568609375 0.828515828125 0.3675526796875 0.8458349359374999 0.3738449390625 0.8410933328124999 0.378919815625 0.84789371875
9 0.4564184671875 0.7788518671875 0.46151885625 0.7856941328125 0.4850531203125 0.7678652640625 0.46836778749999997 0.7456150312500001 0.43725672031249996 0.769070403125 0.44871759375 0.7846318343750001 0.4564184671875 0.7788518671875
3 0.274261734375 0.8871961015625001 0.2834946140625 0.8994493203125 0.3191353140625 0.8727501640625001 0.3096893140625 0.8602986859374999 0.274261734375 0.8871961015625001
2 0.8131838312499999 0.43856476093749996 0.88547365625 0.38419844375 0.8748471890625 0.3696770421875 0.8627085250000001 0.3787177734375 0.850330053125 0.362395921875 0.8411383609374999 0.3692590265625 0.8421096968749999 0.37035770625 0.799554103125 0.4024336296875 0.79855693125 0.401110625 0.7897113265625 0.40785867812500004 0.8131838312499999 0.43856476093749996
0 1 0.332702965625 0.8326077625 0.110565659375 0.666597059375 0.022296203125 0 0.524614040625 0 0.667297034375 0.1673922375 0.889434340625 0.333402940625 0.977703796875 1 0.47538595937499994 1 0.332702965625
5 0.9211644109374999 0.41144862499999996 0.9421521390625 0.395633365625 0.9317907765625 0.3817183375 0.855561240625 0.4391342171875 0.8675136703125 0.454995946875 0.864615509375 0.4571782921875 0.8821583765625001 0.4802985796875 0.939770378125 0.4368595734375 0.9211644109374999 0.41144862499999996
10 0.8548111609375001 0.4379089703125 0.8860268765624999 0.41434997500000004 0.8824911468750001 0.4095040765625 0.8510929265625 0.4332332484375 0.8548111609375001 0.4379089703125
10 0.9842060265624999 0.36402508125 0.9975991375 0.35384985625 0.98119198125 0.33207491562499997 0.9675313203125 0.3423273171875 0.9842060265624999 0.36402508125
6 0.8273731984375001 0.482240134375 0.8617228921875 0.4564047453125 0.8452568171875001 0.4345542359375 0.8108239015625 0.46050287343749996 0.8273731984375001 0.482240134375
10 0.8039411843750001 0.48848090468749994 0.8194979671875 0.47675919218749996 0.808559559375 0.462245353125 0.7930261640625 0.4739264125 0.793426921875 0.474307615625 0.790440446875 0.47649962968750004 0.8008386281250001 0.489949353125 0.8034892062500001 0.488079546875 0.8039411843750001 0.48848090468749994
13 0.9496278984375 0.3875110328125 0.9803751406250001 0.36446035 0.96512991875 0.3444906515625 0.93464966875 0.3674585515625 0.9496278984375 0.3875110328125
2 0.413653575 0.7108760453125 0.44048919687500004 0.7460637218749999 0.50065855625 0.7007371953125 0.48141417343750004 0.675112440625 0.48362587343749996 0.67346230625 0.48290269218750004 0.6725026515625 0.48355813437500006 0.67200880625 0.476941965625 0.663228015625 0.4652540890625 0.672020015625 0.4662529703125 0.6733863999999999 0.42361520625000004 0.7055336578125 0.42242552968749997 0.7042498687500001 0.413653575 0.7108760453125
13 0.5318666765625 0.67923933125 0.5468933015624999 0.6988946015625 0.576954878125 0.6762048968750001 0.5620376328125001 0.6564803703125001 0.5318666765625 0.67923933125
2 0.0860722640625 0.5615950468750001 0.055895493750000004 0.5843349890625 0.06748280625 0.5998716296875 0.097894378125 0.5771061140625 0.0860722640625 0.5615950468750001
10 0.23117089375000002 0.518646921875 0.21034259375 0.534431925 0.213222096875 0.537989221875 0.2339124890625 0.522463584375 0.23117089375000002 0.518646921875
10 0.2763431125 0.5177276390625 0.27074688281250003 0.5219456609375001 0.2722717546875 0.5240235125 0.277858065625 0.5198108343750001 0.2763431125 0.5177276390625
8 0.22205206562500002 0.5576765953125 0.238871284375 0.5450316859375001 0.23581094687499998 0.5407128515624999 0.21886238281249998 0.5531916578125 0.21623237343750001 0.5495245765625 0.2041138984375 0.5585406515625 0.20833880468750002 0.56405736875 0.16637120625 0.5956531359375 0.180566171875 0.6145494390625 0.234249196875 0.573926803125 0.22205206562500002 0.5576765953125
10 0.16549561875000002 0.535398496875 0.16025704375 0.5393465796875 0.1655034015625 0.546416878125 0.17062637812499998 0.542563059375 0.16549561875000002 0.535398496875
2 0.24309909531249999 0.5353363484375 0.23705364375000001 0.5398800296874999 0.2400505671875 0.5442748625 0.275930578125 0.5171189703125 0.2643127390625 0.5019359531250001 0.22876183437500003 0.528705859375 0.236720978125 0.539124475 0.2425675234375 0.5347918 0.24309909531249999 0.5353363484375
3 0.24127168281250003 0.591405525 0.242374178125 0.5906167203125 0.2446139359375 0.59334366875 0.2772970375 0.5686324484374999 0.271842790625 0.561210940625 0.23792786718749998 0.5868510203125 0.24127168281250003 0.591405525
6 0.159075209375 0.528932075 0.1430689765625 0.5410164890625 0.14822664375 0.5475812921875 0.16512071718750002 0.534822225 0.1615245671875 0.5298769546875 0.1603442484375 0.530758871875 0.159075209375 0.528932075
4 0.22272592812499997 0.5074479453125 0.2030187453125 0.522342559375 0.21061998593750003 0.53239921875 0.23030279999999997 0.5176402984374999 0.22272592812499997 0.5074479453125
7 0.1383746125 0.5732992 0.14449954375000001 0.568735840625 0.13610099375 0.5576093249999999 0.1300302515625 0.562213884375 0.129641115625 0.5616477390625 0.1037148921875 0.5810397468749999 0.117827553125 0.599901134375 0.16384963125000002 0.5653062109375 0.1616250640625 0.5623077359375 0.169021603125 0.5567340359374999 0.17153783125 0.5604786484375001 0.1797084125 0.554364446875 0.1713083671875 0.5430743296875 0.143479490625 0.5640011890625 0.146677021875 0.5680054203125 0.1388534765625 0.57388296875 0.1383746125 0.5732992
2 0.2950600359375 0.404100284375 0.26511627187500003 0.4267747671875 0.276450421875 0.4424280875 0.306729221875 0.4195495046875 0.2950600359375 0.404100284375
11 0.2972781265625 0.5431382140625 0.282086025 0.5544769296875 0.28750279375 0.5619156703125 0.302867359375 0.550389053125 0.2972781265625 0.5431382140625
7 0.25569508281250003 0.48493452656249997 0.26169212656249996 0.4803421015625 0.262144725 0.48094198906249996 0.254301703125 0.486899434375 0.25133597343749997 0.48282202500000004 0.223687978125 0.5035318359375001 0.232167575 0.514715603125 0.24025298281250002 0.5086251296875 0.23751980625 0.5051420953125 0.2448086953125 0.4996244140625 0.2469740078125 0.5026444703124999 0.2927294109375 0.4680917953125 0.27880776875 0.44925057031250004 0.25302048906249996 0.46862089375 0.25338690625 0.46917318750000003 0.24724080312500002 0.4738562421875 0.25569508281250003 0.48493452656249997
13 0.3069579203125 0.420437359375 0.2877594078125 0.4349211265625 0.294543990625 0.44387109843749994 0.308604678125 0.4332757265625 0.30526543125 0.42884575781249995 0.3104355984375 0.42494978281250007 0.3069579203125 0.420437359375
8 0.10027052031250001 0.5761185484375 0.0889714125 0.584458953125 0.092756925 0.5893509515625001 0.14660054218750002 0.5488190125 0.1430247234375 0.5438155359375 0.1321312 0.5520654453125 0.1199879671875 0.5360633328125 0.08799836562499999 0.5602124625 0.10027052031250001 0.5761185484375
6 0.20074794218749997 0.5612599859375 0.20385616718750002 0.5588955734375001 0.2033812875 0.558264371875 0.21566802031250001 0.5490050703125 0.21033731875 0.54181383125 0.1983685421875 0.5508811859375 0.1990632296875 0.5516947375 0.1953901 0.5544825671875 0.20074794218749997 0.5612599859375
2 0.2311916046875 0.577953284375 0.1812757328125 0.6154947734375 0.19341100312499998 0.631814728125 0.24330459375000002 0.5942419250000001 0.2311916046875 0.577953284375
13 0.16398581875 0.5473406749999999 0.15893989375 0.5406123093749999 0.1377444765625 0.5565985125 0.1428022046875 0.5633579281250001 0.16398581875 0.5473406749999999
10 0.31124846875 0.425314746875 0.30710563281250003 0.4284368109375 0.3102661640625 0.4323275765625 0.314242653125 0.4292887203125 0.31124846875 0.425314746875
2 0.21300434375 0.48741390625000003 0.23027138906250003 0.474359421875 0.2316582953125 0.476140940625 0.24147569062500002 0.46874340312499996 0.2298105484375 0.453439675 0.20274179375 0.473795628125 0.21300434375 0.48741390625000003
10 0.2792599359375 0.5556517375000001 0.2729491296875 0.5604082546875 0.278344671875 0.567996746875 0.284837109375 0.56310498125 0.2792599359375 0.5556517375000001
10 0.22310095156249998 0.49191878281249996 0.217882915625 0.4958282359375 0.22318239687500002 0.5028984671875001 0.22856149062500003 0.49886583125 0.22310095156249998 0.49191878281249996
10 0.1875556796875 0.5395592859375 0.1779444859375 0.5468452578125 0.1864781890625 0.55829669375 0.195907665625 0.5511494640625 0.1875556796875 0.5395592859375
5 0.19374786718749998 0.5152895765625 0.2159649140625 0.49867331249999997 0.21110043125 0.49209628125 0.176839946875 0.5178304546875 0.173608578125 0.5136702015625 0.1605253390625 0.523585475 0.168556275 0.5343749546875001 0.17925849062500002 0.5263117765625 0.19727768437499998 0.5501171234375 0.211823415625 0.539105421875 0.19374786718749998 0.5152895765625
2 0.1567061328125 0.5830179281250001 0.1658923359375 0.5952091640625 0.2067431640625 0.564525565625 0.20353185625 0.56045738125 0.199559209375 0.5634823546875001 0.19331356718749998 0.555452475 0.1567061328125 0.5830179281250001
11 0.18020944375 0.5548166625000001 0.15914333281249998 0.5707194296875 0.1629393890625 0.5760275906250001 0.1840760765625 0.5600420140625 0.18020944375 0.5548166625000001
10 0.2082727953125 0.4881984765625 0.1753810296875 0.51303588125 0.1777995234375 0.516245415625 0.21077407187500002 0.49131222656249995 0.2082727953125 0.4881984765625
8 0.7322932703125 0.079993925 0.7302463078125 0.08159715937499999 0.7413373125 0.09649297343749999 0.8266280687500001 0.110782140625 0.8287158953124999 0.1084963171875 0.8037091640625 0.0952000015625 0.75478733125 0.086836428125 0.7656030781250001 0.0749386359375 0.7508799265625 0.0671101984375 0.7329404125 0.080640625 0.7322932703125 0.079993925
7 0.7534356890625 0.1547744984375 0.7596888046875 0.155781109375 0.760822184375 0.1544849140625 0.7760825031249999 0.15710954375 0.774778375 0.1584972234375 0.782262928125 0.159650715625 0.8266075296875 0.11082076874999999 0.7986975859375 0.106103134375 0.7966118328125 0.108501546875 0.79211936875 0.10777809375 0.7736919875 0.1279206328125 0.77821800625 0.1288672046875 0.7696378312500001 0.138078159375 0.7688425390625 0.1378765 0.7534356890625 0.1547744984375
13 0.840797528125 0.1214325125 0.8251903046875 0.138544275 0.8365168390625 0.14054961562499999 0.8467974046875 0.129395425 0.840797528125 0.1214325125
6 0.7303077859375 0.11689701718750001 0.7181256890625 0.130183028125 0.73671626875 0.133187453125 0.748594853125 0.12010283749999999 0.7303077859375 0.11689701718750001
10 0.6973134937500001 0.13712131249999998 0.70298055 0.1446418140625 0.725997628125 0.11933197656250001 0.7218587750000001 0.11855587031249999 0.6973134937500001 0.13712131249999998
2 0.77767495625 0.0894640921875 0.782664659375 0.084010440625 0.7662777046875 0.0752973421875 0.7566771578125 0.0858415734375 0.77767495625 0.0894640921875
10 0.7969400296875 0.1621740609375 0.79767663125 0.162263109375 0.818904215625 0.1389376140625 0.8084575875000001 0.1371045984375 0.8012937812500001 0.1449397703125 0.797396884375 0.144271078125 0.7895774125 0.1528601140625 0.7934808578125 0.15354644374999998 0.7872093421875 0.160445653125 0.7881880953125 0.1605785140625 0.789258915625 0.1593800078125 0.7981250125 0.1609106109375 0.7969400296875 0.1621740609375
3 0.5468919296875 0.26554425625 0.5567447578125 0.2781625 0.57244763125 0.2663291125 0.5627692390625 0.25355586875 0.5468919296875 0.26554425625
12 0.67248085625 0.209125765625 0.6841576 0.22466394687500002 0.698062115625 0.2142757578125 0.6863214390625 0.1986947359375 0.67248085625 0.209125765625
10 0.596922290625 0.255800990625 0.5990799578125 0.258735578125 0.6057660046875 0.25373263125 0.60341406875 0.25082393125 0.596922290625 0.255800990625
13 0.6805424875 0.1537293078125 0.6880242 0.1635348328125 0.70309836875 0.15218827031249998 0.6955650921875 0.14223676406250002 0.6805424875 0.1537293078125
3 0.80944713125 0.1642921546875 0.81430980625 0.1650815 0.8354206359375 0.141952290625 0.8198847671875 0.1387475875 0.798548765625 0.16246669375 0.8025835015625 0.163185671875 0.8040241234375 0.16187410468750002 0.810548846875 0.1630322109375 0.80944713125 0.1642921546875
7 0.60434109375 0.2492268921875 0.6069492249999999 0.2528186328125 0.6131096609375 0.2482051375 0.6126198546875 0.2474722078125 0.6340439499999999 0.23134215 0.634544759375 0.23205438437499998 0.646659103125 0.2228963125 0.6296504515625 0.20015917187499999 0.5900510765625 0.2298836515625 0.5902441953124999 0.2301827640625 0.5832897906250001 0.235350940625 0.5942940953125 0.25008032187499996 0.593082234375 0.2510215609375 0.5964116421875 0.255230403125 0.60434109375 0.2492268921875
3 0.5640783796875 0.2524982375 0.5701152640625 0.260434815625 0.5842814890625 0.2497840734375 0.5782115484375 0.241799834375 0.5640783796875 0.2524982375
13 0.5623210171874999 0.25278134375 0.5559219296875 0.244570775 0.5401840671875 0.2565731390625 0.546396571875 0.26478183125 0.5623210171874999 0.25278134375
5 0.6981578671875 0.1897764453125 0.719136396875 0.17388196875 0.71520460625 0.16866267343750002 0.7436987828125 0.13730536875 0.7336002046875 0.13552999999999998 0.713853109375 0.1572359734375 0.702166196875 0.165989553125 0.7001434953125 0.163303690625 0.685525115625 0.17428561250000002 0.6933245218749999 0.1846352203125 0.6682874062499999 0.2035532171875 0.6724844359375 0.209122359375 0.6863263984375 0.1986920640625 0.6980759125 0.21428309375 0.684200071875 0.22467060156250002 0.689817334375 0.23191864843749999 0.7183738187500001 0.21043544375 0.7134750203125 0.20383308906250003 0.7103645609375 0.20617507812500002 0.6981578671875 0.1897764453125
10 0.5780934640625001 0.23920292187499997 0.5855414078125001 0.2489055484375 0.588042059375 0.2470215 0.5806981515625 0.2372397 0.5780934640625001 0.23920292187499997
2 0.644386525 0.14627826093750002 0.644877334375 0.146859534375 0.62349433125 0.162995515625 0.6229946859375 0.1624042359375 0.6187119234375 0.1656430203125 0.63484785 0.1870560796875 0.644393778125 0.179836275 0.6406659140625 0.17495900312499998 0.6612671578125 0.159364728125 0.6488731125 0.142939034375 0.644386525 0.14627826093750002
2 0.56266119375 0.207893009375 0.5631362156249999 0.20849066249999998 0.5357362265625001 0.22915006875000002 0.535214575 0.2286001765625 0.5234199578125 0.2374398296875 0.5381656828125 0.257007678125 0.5723735671875 0.23125261562500002 0.5777721109375 0.2385259390625 0.5872202015625 0.23141692187500001 0.5669971687500001 0.204650665625 0.56266119375 0.207893009375
13 0.5597304046875 0.248434434375 0.5626775953125 0.2523869578125 0.5773367031250001 0.24134175 0.5743621296875 0.23739413125 0.5597304046875 0.248434434375
10 0.5707871859375 0.261124775 0.5740467921875 0.2653018125 0.57245658125 0.2665019875 0.5784629796874999 0.274316178125 0.5832324953125 0.2707044421875 0.5826777734374999 0.27002370937500003 0.5951160609375 0.2606857234375 0.595627490625 0.26136467343750003 0.5974047296875 0.2600091140625 0.5883992953125 0.24780073749999998 0.5707871859375 0.261124775
13 0.8281484609374999 0.1116436359375 0.8137509390625001 0.12734228593750002 0.817011528125 0.1279363234375 0.8097647640625001 0.1358742671875 0.8241746578125 0.1382378390625 0.8402326109375 0.12068442187499999 0.8342063124999999 0.1126879953125 0.8281484609374999 0.1116436359375
4 0.7014684140624999 0.18910166718750002 0.7080903296875001 0.197848353125 0.7314582734374999 0.18026905 0.72490270625 0.17144084843750002 0.7014684140624999 0.18910166718750002
2 0.6318685562499999 0.2003741046875 0.647996428125 0.2218855203125 0.650935525 0.219659465625 0.6504191703125 0.21900974999999998 0.662791775 0.20969877656250002 0.66325615625 0.210386334375 0.6672058890625 0.20741111406249998 0.664887703125 0.2042991546875 0.675796490625 0.19605382031250002 0.6618275703125 0.17762101875 0.6318685562499999 0.2003741046875
6 0.7605597859375 0.11983917031249999 0.7773451546875 0.1227207859375 0.7912618390625 0.10749379218749999 0.774452075 0.10458150937499999 0.7605597859375 0.11983917031249999
6 0.6899790609374999 0.185392303125 0.6822222828125 0.1750989828125 0.685074740625 0.1728994171875 0.67898068125 0.1649572125 0.674966396875 0.1680538375 0.6745068468750001 0.1674803375 0.6627261265625 0.17640701406249998 0.67694855 0.1952117375 0.6899790609374999 0.185392303125
6 0.73733019375 0.1335138828125 0.7457924296875 0.134898765625 0.7741856375 0.1037213671875 0.7660692250000001 0.102231909375 0.7650795671874999 0.10328775781249999 0.7624079703125 0.102927259375 0.7480038921875 0.11874806874999999 0.7506429859375 0.1192063109375 0.73733019375 0.1335138828125
2 0.642351315625 0.1745349953125 0.64568361875 0.1788515546875 0.66492844375 0.164360559375 0.6616362375 0.1600617796875 0.642351315625 0.1745349953125
10 0.706137578125 0.14242191875000001 0.7234242953125001 0.145352440625 0.7325270046875 0.135428325 0.71517059375 0.1324058859375 0.706137578125 0.14242191875000001
8 0.6339894421875 0.1886205859375 0.6173568171875 0.1666939078125 0.61425343125 0.169032578125 0.6147662406250001 0.1697122609375 0.5761605203125 0.1987794171875 0.5756941140625 0.19808901406249999 0.56927715625 0.202925353125 0.5899367718749999 0.2299821421875 0.682999234375 0.1599321796875 0.6788973078125 0.1547799203125 0.6339894421875 0.1886205859375
13 0.5566081859375 0.24424196562499997 0.55954510625 0.24821380468749998 0.574211146875 0.23719882499999997 0.571244675 0.23326259375 0.5566081859375 0.24424196562499997
10 0.771597871875 0.1288670328125 0.776186740625 0.123844403125 0.7595395484374999 0.120915921875 0.74671040625 0.1350860234375 0.7483039875 0.1353139703125 0.7493119828125 0.1342236328125 0.7560703390625 0.135375009375 0.7547555234375001 0.13674285 0.7675357734375 0.13892300625 0.7759662296875 0.12971738906250002 0.771597871875 0.1288670328125
2 0.6736708390625 0.1509338640625 0.6769136890625 0.1553055 0.6961575515625 0.140852925 0.69292878125 0.136421528125 0.6736708390625 0.1509338640625
13 0.7366414140625 0.1164475515625 0.7469149125000001 0.1181602 0.7537910609375 0.1105631671875 0.7435386265624999 0.10879093437500001 0.7366414140625 0.1164475515625
2 0.675838234375 0.12261823125 0.676262103125 0.123248853125 0.654897734375 0.139366428125 0.654446153125 0.138698065625 0.65011881875 0.1420140203125 0.6661467796875 0.16352363125 0.67565385 0.1563203296875 0.6719060125 0.15134749375 0.6923833390625 0.1359563171875 0.6800403140625 0.11939140468750001 0.675838234375 0.12261823125
10 0.7371150828124999 0.1010823265625 0.7227808687499999 0.11182602187499999 0.7248288406250001 0.11450762343750001 0.7371150828124999 0.1010823265625
13 0.7362208031249999 0.1163566328125 0.75063464375 0.100480846875 0.7402128218749999 0.09885745 0.7256478953125 0.11482101874999999 0.7362208031249999 0.1163566328125
10 0.7169141906250001 0.1680267796875 0.7205409390625 0.17289452968750002 0.724037465625 0.1702924015625 0.7199228625 0.1647812421875 0.7169141906250001 0.1680267796875
10 0.7034703421875 0.1452915640625 0.7123648234375 0.157269290625 0.71317023125 0.1566764515625 0.7223388859375001 0.14671484375 0.705005653125 0.143632175 0.7034703421875 0.1452915640625
1 0.555963896875 0.28064951875 0.561036296875 0.2873813421875 0.5772529890625 0.2752106328125 0.5721232046875 0.26845360625 0.555963896875 0.28064951875
10 0.7016605796875 0.1622044359375 0.7031637484375 0.1641999625 0.7110297984375 0.15835563125000002 0.7094349296875 0.156309578125 0.7016605796875 0.1622044359375
10 0.680094415625 0.1639708765625 0.686266534375 0.17200590468750002 0.707492478125 0.1560288546875 0.7045747765625 0.1522105765625 0.6871070687499999 0.16532294218750002 0.68396713125 0.1610007171875 0.680094415625 0.1639708765625
2 0.7251876 0.08539666875 0.7256758718749999 0.08607923125 0.6892304703125001 0.11356626249999999 0.6887196875 0.1128894265625 0.6826395703125 0.1174217546875 0.6963183359375 0.135717975 0.72334533125 0.1154106046875 0.7211482609375001 0.112207315625 0.739290525 0.0984519984375 0.728122275 0.083235509375 0.7251876 0.08539666875
10 0.7832130937499999 0.1597807625 0.7862643796875 0.160359071875 0.791625190625 0.15451699218749998 0.7885964171875 0.15393295468749998 0.7832130937499999 0.1597807625
13 0.743933625 0.10839751093750001 0.75415988125 0.11018236875000001 0.761150859375 0.102465890625 0.750883175 0.1007722609375 0.743933625 0.10839751093750001
1 0.75226059375 0.1545549359375 0.7656520109375 0.139843221875 0.7553961375 0.1380408453125 0.7420367671875 0.15272889843749998 0.75226059375 0.1545549359375
10 0.798419309375 0.14310700781250002 0.80140238125 0.1436738234375 0.8147405109375001 0.12905234062499998 0.8124829109375 0.1287119984375 0.805203646875 0.1366078875 0.8044049421875 0.13654244531249998 0.798419309375 0.14310700781250002
12 0.16045071875 0.52352279375 0.17355817812500002 0.5136451734375 0.1731178015625 0.513115490625 0.2074603234375 0.48720373125 0.198812684375 0.475780196875 0.1513008640625 0.5115827046875 0.16045071875 0.52352279375
7 0.23450461250000001 0.573775928125 0.287649771875 0.533808753125 0.27783035 0.5208614218750001 0.27132787187499996 0.5257354609375 0.2692818796875 0.5229469625000001 0.22386720468750002 0.5572914875 0.2258067671875 0.5598641265625 0.2247023671875 0.560673153125 0.23450461250000001 0.573775928125
2 0.2903441015625 0.4413459859375 0.28101967656250004 0.44834556406250003 0.2951034078125 0.46635276093750005 0.324992309375 0.44383138125 0.314422478125 0.42997893437499995 0.2948342109375 0.44478635625 0.29691960625 0.4474807796875 0.295647546875 0.4484254046875 0.2903441015625 0.4413459859375
13 0.2458047921875 0.47517910781249995 0.2246945328125 0.4910584015625 0.2297768390625 0.4977017015625 0.250882621875 0.481917359375 0.2458047921875 0.47517910781249995
10 0.16814129687499998 0.55827981875 0.1632707 0.56190859375 0.16521176875000002 0.564365240625 0.17002965781249998 0.5607756859374999 0.16814129687499998 0.55827981875
10 0.216446753125 0.49913832812500003 0.195597953125 0.514848725 0.20120864218749998 0.5219127718750001 0.2219765828125 0.50622131875 0.216446753125 0.49913832812500003
13 0.2621671203125 0.5548027734375001 0.23250578593750001 0.5770292875 0.2386335484375 0.5853840406249999 0.26838221562500003 0.56288011875 0.2621671203125 0.5548027734375001
10 0.07587486875 0.6027464 0.0719124390625 0.6057821140625 0.07484134375 0.6097390734375 0.07883362187500001 0.6066838375 0.07587486875 0.6027464
2 0.10237776093749999 0.5830752625 0.0930198765625 0.59007120625 0.09844651875 0.5970320859375 0.09714132812500001 0.5980157234375 0.0951057390625 0.5953141609375 0.07623016406250001 0.6095466921875 0.078308353125 0.6121381828125 0.0771975390625 0.6130358203124999 0.0858709203125 0.62410141875 0.11577950781249999 0.6015197203125 0.10237776093749999 0.5830752625
11 0.2535569234375 0.4995262140625 0.232513640625 0.5153827203125 0.23634993437500001 0.5206751140625 0.25754814531250003 0.504716940625 0.2535569234375 0.4995262140625
13 0.0715621546875 0.604976490625 0.0769422109375 0.600905434375 0.08021720156249999 0.60547289375 0.0943548375 0.5948193374999999 0.0875783515625 0.5856577749999999 0.06802904843749999 0.6003885859375 0.0715621546875 0.604976490625
13 0.2274765640625 0.5305406671874999 0.21254596874999998 0.541820228125 0.21973033281249998 0.5518321937499999 0.2349397828125 0.54033105 0.2274765640625 0.5305406671874999
2 0.132711121875 0.550651934375 0.1426204328125 0.5431847046875 0.1412769078125 0.5414014765624999 0.158659403125 0.5284260749999999 0.14846102187500002 0.5146738 0.1212870609375 0.5351277718749999 0.132711121875 0.550651934375
10 0.17848950937500002 0.527654846875 0.168978440625 0.5348224 0.177412753125 0.5463908749999999 0.18706454687500002 0.5391583453125001 0.17848950937500002 0.527654846875
8 0.2432395953125 0.46825495781250004 0.2320189375 0.47656098125 0.2359551421875 0.48149240156250006 0.28989365 0.440772015625 0.2862895203125 0.435838428125 0.2751879046875 0.44430330625 0.2631353015625 0.42808747656249996 0.2310106046875 0.45246738437499995 0.2432395953125 0.46825495781250004
10 0.2881003703125 0.534572153125 0.2728190921875 0.546038646875 0.273173778125 0.5464732156250001 0.2636875640625 0.55359735625 0.270040046875 0.5616592703125 0.2814566515625 0.5529814 0.2820798078125 0.553776384375 0.2887644828125 0.5486329046875 0.288152234375 0.5479605171874999 0.2946767 0.5431017078125 0.2881003703125 0.534572153125
6 0.21372743437500002 0.490553709375 0.217440890625 0.495448096875 0.23440232187499999 0.482678834375 0.2294101890625 0.4758958984375 0.2133852890625 0.48797215625 0.21473471718749998 0.48977090937499995 0.21372743437500002 0.490553709375
10 0.24390502343749998 0.5011542343750001 0.23905380781250002 0.5048464046875 0.24088408437500003 0.507345009375 0.24576416406249998 0.5037283546875 0.24390502343749998 0.5011542343750001
3 0.2843461125 0.9005603765625001 0.29332788593750003 0.91237393125 0.328655540625 0.88575430625 0.31975459375000004 0.8738952453125 0.2843461125 0.9005603765625001
10 0.547259878125 0.700807834375 0.5515735015625001 0.70663363125 0.586783984375 0.680171140625 0.582389334375 0.674231475 0.547259878125 0.700807834375
13 0.3127745625 0.85851665625 0.32154172187499996 0.8703311250000001 0.3581727515625 0.8427445953125 0.349187303125 0.8310777359375001 0.3127745625 0.85851665625
10 0.808924790625 0.49607865 0.8250045109374999 0.48396252500000003 0.8201334515625 0.477927046875 0.8042952296875001 0.48986189218750004 0.808924790625 0.49607865
12 1 0.3647976984375 0.995352840625 0.3586669484375 0.9226667796875001 0.41339240625 0.9398121703125 0.436837553125 1 0.39152362812499997 1 0.3647976984375