10 0.8608767343749999 0.3855491671875 0.8532266906249999 0.3809520890625 0.841425875 0.4004444546875 0.8490806734375 0.405121384375 0.8608767343749999 0.3855491671875
0 0.21711317968750002 0 0.02135979375 0.3257887203125 0 0.46064914999999995 0 0.7828868203125 0.3257887203125 0.97864020625 0.46064914999999995 1 0.7828868203125 1 0.97864020625 0.6742112796875 1 0.53935085 1 0.21711317968750002 0.6742112796875 0.02135979375 0.53935085 0 0.21711317968750002 0
10 0.164815628125 0.5121748796875 0.1593800921875 0.508937846875 0.14974272187499998 0.5249587234375 0.1551623515625 0.5281663437499999 0.164815628125 0.5121748796875
10 0.853099053125 0.2885080453125 0.8403369359375 0.28083906718749996 0.8361925890625 0.2877381875 0.8489701546875 0.2953795546875 0.853099053125 0.2885080453125
5 0.3540486234375 0.502975115625 0.31777479531249997 0.4809054875 0.2627269203125 0.5723464546875 0.29920089375000003 0.594261109375 0.3540486234375 0.502975115625
3 0.7540739671875001 0.22961548125000003 0.73348241875 0.21724349531249998 0.6940446125 0.283010325 0.7148217171875 0.2953294359375 0.7540739671875001 0.22961548125000003
10 0.455717178125 0.046386340625 0.45384234687499997 0.045258859375 0.45401648124999994 0.0449684625 0.43898312656250005 0.036007971875 0.4376855734375 0.038167514062500005 0.4368765875 0.03768185625 0.4268906 0.054335678124999995 0.4446074359375 0.064931403125 0.455717178125 0.046386340625
7 0.4178609546875 0.1163507 0.46225136093749997 0.14295841250000002 0.4901264125 0.09673905625 0.479075390625 0.0903124234375 0.4769428140625 0.0939485828125 0.44317213593749993 0.0735141015625 0.4178609546875 0.1163507
11 0.6674932828125 0.357309021875 0.6521502859375 0.34798625781250003 0.639558496875 0.36890684687499997 0.6549440140625 0.37815091875 0.6674932828125 0.357309021875
2 0.224139125 0.6355332406249999 0.18967238125000002 0.614759128125 0.1516691515625 0.6782204265625 0.1861213015625 0.698936859375 0.224139125 0.6355332406249999
1 0.43593670468749995 0.03437695 0.41180430156250003 0.0199998046875 0.4006784078125 0.0385169953125 0.42475964531250004 0.0530474 0.43593670468749995 0.03437695
10 0.27679599375 0.6379155453124999 0.267957834375 0.6325497015625 0.2562749296875 0.6519468421875 0.26517021875 0.6572616171875 0.27679599375 0.6379155453124999
3 0.15789240625 0.473973084375 0.1387494984375 0.46250288125 0.098151509375 0.5300713375 0.11753271406250002 0.5417849390625 0.15789240625 0.473973084375
10 0.5492818484375 0.7493749109375 0.5178972125 0.7305158984375 0.4984964109375 0.7628841390625001 0.5296793921875 0.78199755 0.5492818484375 0.7493749109375
1 0.23600361250000002 0.5183037781250001 0.24693222656249997 0.5002330984375 0.24089138437500002 0.49660278125 0.251024175 0.47974124375000005 0.22885317187499998 0.4663644953125 0.20796077500000001 0.50119850625 0.23600361250000002 0.5183037781250001
10 0.22899450312499997 0.57588181875 0.21146851875 0.56553938125 0.1994608296875 0.5854988859375 0.21694114843749998 0.5960397484375 0.22899450312499997 0.57588181875
1 0.3785115484375 0.18632376875 0.3462242296875 0.1668914890625 0.3348732359375 0.1859409578125 0.48988226093750004 0.2789472734375 0.4966326828125 0.2677197296875 0.4960449203125 0.267335553125 0.5007055296875 0.2596639328125 0.4239800546875 0.2135958125 0.4271551171875 0.20831182187500003 0.3816817234375 0.18107064374999998 0.3785115484375 0.18632376875
13 0.265110584375 0.5840050671875 0.23640822187500002 0.56675895 0.21846402343750002 0.5966226546875 0.2472430453125 0.6139141359375 0.265110584375 0.5840050671875
10 0.5266011578125 0.11295555312500001 0.538073409375 0.119789028125 0.5314654953125 0.1307860265625 0.537909559375 0.1345972734375 0.5550488890625 0.105999809375 0.5372498140624999 0.0953040515625 0.5266011578125 0.11295555312500001
6 0.5606988937499999 0.1566351953125 0.5511009984374999 0.150902234375 0.553479125 0.1469442765625 0.5395151546875 0.1385233421875 0.53713271875 0.14248852812499999 0.5310281296875 0.13882122187499998 0.5110007203125 0.1721991828125 0.540635365625 0.1901213390625 0.5606988937499999 0.1566351953125
6 0.48114248593750003 0.69402315625 0.4690995796875 0.7140751671875 0.47194832968749995 0.71578561875 0.46707346406249994 0.7239010609375 0.4894763875 0.737431609375 0.494120290625 0.7295358656250001 0.49526742500000004 0.7302237859375 0.508266721875 0.708677996875 0.48472134218749996 0.6945298765625 0.483997409375 0.6957345859374999 0.48114248593750003 0.69402315625
10 0.49383248750000003 0.6793843328125 0.4859304578125 0.6924892125000001 0.508168309375 0.7058733859374999 0.5160289015624999 0.6927904171875 0.49383248750000003 0.6793843328125
7 0.55274076875 0.8006298515625 0.4947468265625 0.7660822609375 0.4666095453125 0.8128485796874999 0.5244877484375 0.8475376171875 0.55274076875 0.8006298515625
10 0.5343599 0.0935538578125 0.5205115874999999 0.0853315875 0.5148532015625 0.09474829375 0.5287954359375 0.1029269078125 0.5343599 0.0935538578125
1 0.5744300640625 0.7647197546875 0.5506658578125 0.7503851046875 0.5302134578125 0.7842589375 0.5540564765625 0.798555446875 0.5744300640625 0.7647197546875
1 0.100413815625 0.6248689171875 0.1020040078125 0.6222700578125 0.07891916875 0.608370478125 0.07737267656249999 0.610973096875 0.07220496875 0.60788289375 0.06040408125 0.6275255359374999 0.09073260625 0.645771159375 0.1025671234375 0.6261259328125 0.100413815625 0.6248689171875
11 0.0718886890625 0.6052652515625 0.055873328124999996 0.5956429937500001 0.04293361875 0.617092228125 0.0590616375 0.626732328125 0.0718886890625 0.6052652515625
2 0.7350565765625 0.3097537015625 0.6930866921875001 0.284473803125 0.6571382203125 0.34430085625 0.699236928125 0.3695964125 0.7350565765625 0.3097537015625
13 0.395070734375 0.10279836093750001 0.41493858906250003 0.114685540625 0.42955155781250004 0.0903626828125 0.4232494390625 0.0864742546875 0.4340146546875 0.0684963421875 0.42061185781250005 0.0603477984375 0.395070734375 0.10279836093750001
10 0.5825508046875 0.162397975 0.5682722 0.15369623906250002 0.554987084375 0.175858025 0.5693112625000001 0.1843818875 0.5825508046875 0.162397975
10 0.5394486281249999 0.1924202453125 0.531797040625 0.1878229234375 0.5200093859375 0.20748190000000002 0.52773445 0.21198486718749998 0.5394486281249999 0.1924202453125
10 0.155984840625 0.5374562593750001 0.15226929843749998 0.535195625 0.1402548421875 0.555207846875 0.1439964796875 0.557423571875 0.155984840625 0.5374562593750001
1 0.5141337421875 0.121784228125 0.525096421875 0.10347848281250001 0.512295325 0.09578592968750001 0.5192018078125 0.084352134375 0.458366309375 0.0479987328125 0.4472252140625 0.0665419921875 0.4809776890625 0.08682172031249999 0.4804319546875 0.087730346875 0.4919445609375 0.09459868906249999 0.492468753125 0.09372619843749999 0.49707100937500004 0.096491128125 0.49049732031250004 0.10743185 0.5141337421875 0.121784228125
10 0.25770089218750003 0.48319226249999997 0.25260406875 0.48016390937500003 0.24330697343750002 0.49550464375000003 0.24844992812500002 0.4985513765625 0.25770089218750003 0.48319226249999997
1 0.385691325 0.8472686359375 0.373714634375 0.8671223140625001 0.39937567500000004 0.88260533125 0.41287945 0.8601317249999999 0.3898668703125 0.8463052875000001 0.3883026078125 0.8488702874999999 0.385691325 0.8472686359375
8 0.559435790625 0.609514865625 0.5379194609375 0.6453716765624999 0.5441295578124999 0.6490620218750001 0.4045860171875 0.881301228125 0.4779065796875 0.92527498125 0.5244877484375 0.8475376171875 0.466602975 0.8128301375 0.58108898125 0.6224852953125 0.559435790625 0.609514865625
13 0.8501740234374999 0.332545771875 0.8214229046874999 0.315337809375 0.8035306562500001 0.3451132421875 0.83229321875 0.3623388375 0.8501740234374999 0.332545771875
4 0.2989448421875 0.5057042093749999 0.2713547765625 0.48912625781249996 0.24356297031250002 0.5353793640625 0.27120880468749997 0.5518649015625 0.2989448421875 0.5057042093749999
3 0.46647238281250003 0.7241902796875 0.4419005953125 0.709321153125 0.41060202500000004 0.7616141046875 0.4351831546875 0.776144584375 0.46647238281250003 0.7241902796875
12 0.539601925 0.59330794375 0.5068472640625 0.5735801671874999 0.45559660312499994 0.6588754234375 0.4883938609375 0.6785340125 0.539601925 0.59330794375
8 0.149287028125 0.5552035515625 0.09551005781250001 0.6444934109375 0.1490267109375 0.676545815625 0.1882636109375 0.6109987 0.25504251875 0.6512280125000001 0.26826458125 0.6292745531249999 0.18596691406250002 0.5801929609375 0.1872325171875 0.5780853078125 0.149287028125 0.5552035515625
2 0.2638644609375 0.6594230249999999 0.2257243828125 0.63646140625 0.187610128125 0.69988455625 0.22589490625000003 0.722791575 0.2638644609375 0.6594230249999999
13 0.4366892453125 0.7770032609374999 0.4564745390625 0.788782446875 0.471103121875 0.7644209296875 0.46480647812500003 0.760637778125 0.47564315781250005 0.7426980796875 0.46212837812499996 0.7346472828125 0.4366892453125 0.7770032609374999
10 0.44164097812499997 0.07292355625 0.43548490156249997 0.06940154531250001 0.425746165625 0.0854032046875 0.43194189843749997 0.0890643796875 0.44164097812499997 0.07292355625
2 0.4137565953125 0.1167447390625 0.3716720203125 0.09144983749999999 0.3357925484375 0.15120081093749999 0.377941709375 0.176477465625 0.4137565953125 0.1167447390625
10 0.5277151359375 0.6194958578125 0.544394934375 0.6295176 0.55391159375 0.6134997515625 0.5520469375 0.6123280046875 0.5571537375 0.6038269078125 0.54252093125 0.59503426875 0.5277151359375 0.6194958578125
2 0.8110872578125001 0.4677616109375 0.8475710609375 0.40704168437500005 0.7834948765624999 0.3686357453125 0.7770775984375 0.37931806562500003 0.7697750390625 0.374934221875 0.7397332343749999 0.42491562656250004 0.8110872578125001 0.4677616109375
2 0.4352865578125 0.20367679375 0.43610715625 0.20416903749999998 0.432895165625 0.209556334375 0.5033225015625 0.25191067500000003 0.5260771171874999 0.21399883593750002 0.46206735468750004 0.17564296562499998 0.4557483234375 0.186244346875 0.4483527984375 0.1817682625 0.4352865578125 0.20367679375
10 0.5306575109375 0.12310253281250001 0.519345590625 0.1163055265625 0.5128124671875 0.127179903125 0.524095828125 0.133907525 0.5306575109375 0.12310253281250001
8 0.45429350937499996 0.16783226874999999 0.5185325078125 0.20651869375 0.5317187109375 0.1846418171875 0.4178609546875 0.1163507 0.3838367078125 0.1726984328125 0.43346198437499994 0.20260156718750003 0.45429350937499996 0.16783226874999999
11 0.385450603125 0.8446234125000001 0.3688679875 0.8347072359375 0.35595028281249996 0.8561773562500001 0.372544021875 0.8661032046875 0.385450603125 0.8446234125000001
13 0.11896738281250001 0.5425152375 0.1388822203125 0.5543355062499999 0.15350331718750002 0.5300012796875 0.147250478125 0.5261712796875 0.15806460312499998 0.5081742203124999 0.144633196875 0.4998866765625 0.11896738281250001 0.5425152375
2 0.1426861984375 0.5595336390625001 0.096959690625 0.53212265 0.0611354359375 0.5917447359375 0.10692544687500001 0.6191942593750001 0.1426861984375 0.5595336390625001
10 0.4986331953125 0.12139682656249999 0.4841880578125 0.1127177546875 0.466157034375 0.1428999234375 0.4805826546875 0.15145250937500002 0.4986331953125 0.12139682656249999
10 0.8197828578124999 0.314495884375 0.8055731390625 0.3059585109375 0.78750973125 0.3359156546875 0.8018968484375 0.344471634375 0.8197828578124999 0.314495884375
10 0.2982971984375 0.6020943046875 0.28949149531249996 0.5968032109375 0.269249428125 0.6304477484375 0.278052290625 0.6357368109375 0.2982971984375 0.6020943046875
6 0.2899187453125 0.5912390421875 0.27577234375000004 0.582621525 0.2731999 0.5869473640625 0.2674130734375 0.5834711828125 0.2485037390625 0.6151136187499999 0.25360530312499996 0.6182518796875 0.252525825 0.619963459375 0.26826458125 0.6292745531249999 0.28829261875 0.59594256875 0.2874113578125 0.595413825 0.2899187453125 0.5912390421875
7 0.8229644140625 0.2713055953125 0.7782293953125 0.244426571875 0.7389533296875 0.3098314328125 0.7835287937500001 0.33657919375 0.8229644140625 0.2713055953125
10 0.47821528750000003 0.7415804390625 0.4674931875 0.759425965625 0.47353644375000004 0.763100959375 0.4879190203125 0.7391639984375 0.46700680468750005 0.7265592984375 0.46332513437499995 0.73263471875 0.47821528750000003 0.7415804390625
10 0.26840637031250003 0.48738578437499996 0.262637590625 0.4838855671875 0.23367909843749998 0.532121196875 0.2394984234375 0.5355819609375 0.26840637031250003 0.48738578437499996
10 0.580042134375 0.7561847828125 0.567229625 0.7485742671875 0.56320815 0.75519701875 0.57600771875 0.7628592734375 0.580042134375 0.7561847828125
13 0.5287693875 0.139428478125 0.5000076625000001 0.12214764687499999 0.48214415468749994 0.1519513609375 0.5108000984375 0.16927080781249998 0.5287693875 0.139428478125
8 0.7379945046875 0.4238777265625 0.7757311625 0.360870946875 0.839933659375 0.399618034375 0.853099178125 0.377851784375 0.7835287937500001 0.33657919375 0.7485521265624999 0.3155487171875 0.7473425359375 0.3175624125 0.7377403124999999 0.31170695312499996 0.6882413671875 0.393982815625 0.7379945046875 0.4238777265625
2 0.5909645734375 0.7051320734375001 0.54869010625 0.679957384375 0.519346090625 0.728709375 0.5615661859375 0.75411749375 0.5909645734375 0.7051320734375001
10 0.859347721875 0.3128002546875 0.8528459578125 0.3238362125 0.8592446578124999 0.32772411875 0.8764284218749999 0.29912578437500004 0.8587033453125 0.288432253125 0.848021346875 0.3059946296875 0.859347721875 0.3128002546875
13 0.7164523140625 0.2958914375 0.73623469375 0.3078188671875 0.7509041015625 0.28335940625 0.7446691109375 0.279576528125 0.7554993109375 0.261597834375 0.7419901671875 0.2534814875 0.7164523140625 0.2958914375
10 0.7629686671875 0.2660871953125 0.7568743921875 0.2624246875 0.7471768984375 0.278475590625 0.7533354734375 0.2822115625 0.7629686671875 0.2660871953125
10 0.8520511765625001 0.3162291640625 0.8407782359375 0.3094557328125 0.834180540625 0.32031829843750004 0.8454857359375 0.3270778546875 0.8520511765625001 0.3162291640625
2 0.4552404859375 0.7908207421875 0.409367496875 0.76362543125 0.3701899234375 0.8289478109375 0.4160887296875 0.8560000875 0.4552404859375 0.7908207421875
7 0.153930175 0.5335887859375 0.1600229359375 0.5371909390625 0.149287028125 0.5552035515625 0.196589678125 0.583750084375 0.23525056875 0.5204214234375 0.181334075 0.4879070328125 0.153930175 0.5335887859375
1 0.805938953125 0.3029996203125 0.83281293125 0.3194942125 0.8465535578125 0.2965439765625 0.833753759375 0.2888532109375 0.8386537437499999 0.28069903281249997 0.8245554421874999 0.27205749375 0.805938953125 0.3029996203125
6 0.8749771187500001 0.3400114953125 0.8608589906249999 0.331555071875 0.858487371875 0.3354919125 0.8524478 0.3319234953125 0.8335242062500001 0.36348615624999997 0.838997346875 0.3667354734375 0.8378891328125 0.3685785515625 0.8618562640625 0.383230096875 0.8821488499999999 0.34976599531249997 0.87258126875 0.34400145000000004 0.8749771187500001 0.3400114953125
13 0.5414061125 0.6501462046875 0.5202801578125 0.63741273125 0.4958309640625 0.6781030640625 0.5169589171875 0.6907340234375 0.5414061125 0.6501462046875
10 0.2711604453125 0.5573641046875 0.2324530625 0.5340389515624999 0.22361160937500002 0.548830134375 0.26237093906250003 0.5720670140624999 0.2711604453125 0.5573641046875
10 0.5413068812499999 0.6330736140625 0.5253965390625 0.62347748125 0.520659384375 0.63137269375 0.5365226187500001 0.64095661875 0.5413068812499999 0.6330736140625
11 0.3460450984375 0.164206978125 0.3306523546875 0.154958596875 0.318149321875 0.17576826875 0.33359967031250004 0.1849925515625 0.3460450984375 0.164206978125
1 0.6562844390625 0.3789169140625 0.6835009875 0.3953661 0.6949874234375 0.3764203453125 0.693640196875 0.375607396875 0.6950000125 0.373364378125 0.67194854375 0.35949381406250003 0.67062576875 0.3617426984375 0.66770069375 0.359964790625 0.6562844390625 0.3789169140625
2 0.6248643671874999 0.6488010156249999 0.5826443359375 0.62343245625 0.5511492265625 0.675817671875 0.5933198156249999 0.70129863125 0.6248643671874999 0.6488010156249999
10 0.1666205015625 0.5031365734375 0.1790988625 0.48245271562500003 0.1642199046875 0.47336639218750004 0.1614221734375 0.4781058296875 0.1592394046875 0.4767951078125 0.14956796249999998 0.49289126874999994 0.1666205015625 0.5031365734375
10 0.7587323609375 0.23185617500000003 0.7564907171875 0.23050765312500002 0.7469977203125 0.2463061890625 0.764889453125 0.2570561734375 0.7760327625000001 0.23846896874999998 0.7603954921875 0.22909643281249997 0.7587323609375 0.23185617500000003
3 0.4193812046875 0.059178384375000004 0.4158780734375 0.0571048453125 0.41801494375 0.0534915140625 0.4069737 0.04700315 0.404913953125 0.050369251562499995 0.39857373281249997 0.046661460937499996 0.3726685171875 0.0898326890625 0.3934542921875 0.102366740625 0.4193812046875 0.059178384375000004
10 0.9039820125 0.35549732968750003 0.8896604265624999 0.3468172609375 0.8763373703124999 0.3689888578125 0.8907058484375 0.37762256562499996 0.9039820125 0.35549732968750003