0 0 0 0 1 1 1 1 0 0 0
9 0.4867125 0.47334062499999996 0.48778125 0.47336875 0.4876828125 0.4588421875 0.47055625 0.458921875 0.47056875 0.48063593750000005 0.48683125 0.48072187499999997 0.4867125 0.47334062499999996
10 0.4906796875 0.46016250000000003 0.490628125 0.4681671875 0.5049718750000001 0.46840624999999997 0.504921875 0.46002656249999996 0.4906796875 0.46016250000000003
10 0.5161421875000001 0.47260625 0.5161625 0.481271875 0.5181171875 0.48124218750000003 0.518078125 0.4725765625 0.5161421875000001 0.47260625
10 0.5195890624999999 0.4902515625 0.516465625 0.49036406250000003 0.5165296875000001 0.5773484375 0.5213421874999999 0.577309375 0.5213625000000001 0.5865328125 0.516628125 0.58641875 0.51671875 0.6613390625 0.5212921875000001 0.6613109374999999 0.52123125 0.6664453124999999 0.566675 0.66646875 0.566815625 0.6613687500000001 0.5744671875 0.661425 0.574465625 0.6665062500000001 0.6045874999999999 0.6666531250000001 0.6044906250000001 0.6612828125 0.6092546875 0.6612484375000001 0.6092484375 0.5865671875 0.6045125 0.586621875 0.6044859375 0.5772203124999999 0.609390625 0.57728125 0.6091984375 0.49045937500000003 0.604578125 0.49045937500000003 0.6044421875 0.481271875 0.6092890625 0.4812078125 0.6091984375 0.4612140625 0.5390328125 0.46134531250000005 0.5390796875 0.47253749999999994 0.5192859375000001 0.4725484375 0.5195890624999999 0.4902515625
10 0.50634375 0.4599515625 0.50634375 0.46832343749999994 0.5154578125 0.46840624999999997 0.515478125 0.45994843750000003 0.50634375 0.4599515625
10 0.5360375000000001 0.46004531249999997 0.5170609374999999 0.45994843750000003 0.5170953125 0.4683984375 0.5360984375 0.4685125 0.5360375000000001 0.46004531249999997
10 0.5137437499999999 0.47252031250000004 0.4879421875 0.47267187499999996 0.488059375 0.48047031249999994 0.513503125 0.48050156250000003 0.5137437499999999 0.47252031250000004
5 0.535875 0.3846515625 0.5098546875000001 0.38455 0.51011875 0.43163906250000006 0.49056249999999996 0.43155312500000004 0.49062343750000004 0.45725781249999997 0.6092578125 0.45678437499999996 0.6091109375 0.3896859375 0.60456875 0.3897484375 0.604521875 0.38456718749999996 0.56858125 0.3846890625 0.5686 0.4317390625 0.53605 0.4315515625 0.53605 0.4143671875 0.5390046875000001 0.41444375000000006 0.539065625 0.3975921875 0.53605625 0.3975921875 0.535875 0.3846515625
1 0.5135421874999999 0.564225 0.43391718749999997 0.5640828124999999 0.4337359375 0.582496875 0.5135421874999999 0.5821265624999999 0.5135421874999999 0.564225
2 0.45452031249999997 0.4970328125 0.417571875 0.49691875 0.4175171875 0.5600734375 0.43432812500000006 0.5600484375 0.43420781249999996 0.5576187499999999 0.45239062499999994 0.5579156249999999 0.452365625 0.55983125 0.45478593749999996 0.559865625 0.45452031249999997 0.4970328125
7 0.513684375 0.48289687499999995 0.46909375000000003 0.4827375 0.469346875 0.5212078124999999 0.513684375 0.5207531249999999 0.513684375 0.48289687499999995
8 0.46930625 0.5213234375 0.4691375 0.44034218750000004 0.457178125 0.44027656249999997 0.45739375000000004 0.465103125 0.44661249999999997 0.4651734375 0.44656250000000003 0.4950375 0.45729375 0.4950375 0.4571921875 0.560153125 0.46822656250000005 0.5600828124999999 0.46817656249999995 0.5576 0.5005703125000001 0.5577421874999999 0.5005703125000001 0.560153125 0.5136437500000001 0.56011875 0.5137046875 0.5208375000000001 0.46930625 0.5213234375
2 0.4290046875 0.40701875000000004 0.41756562500000005 0.4070875 0.4175234375 0.46285156250000004 0.45582500000000004 0.46274218749999996 0.4559109375 0.406978125 0.44734375000000004 0.407053125 0.4473640625 0.4093046875 0.4290046875 0.4091390625 0.4290046875 0.40701875000000004
4 0.565578125 0.38449218749999997 0.5390765625 0.38480625 0.5389453125 0.42769375 0.5655625 0.4276 0.565578125 0.38449218749999997
13 0.4449015625 0.467075 0.4294640625 0.46710312500000006 0.4294640625 0.47651093749999995 0.4198515625 0.4765671875 0.41987031249999995 0.494384375 0.4449609375 0.49455625000000003 0.4449015625 0.467075
10 0.4198109375 0.46701875 0.419890625 0.47502812499999997 0.4283953125 0.47505781249999995 0.4283953125 0.46693281249999996 0.4198109375 0.46701875
12 0.46119374999999996 0.38472968750000003 0.461028125 0.42758593749999996 0.510096875 0.42745156250000005 0.5098546875000001 0.38455 0.46119374999999996 0.38472968750000003
1 0.4581625 0.3846640625 0.41758125 0.3845953125 0.4174125 0.4029640625 0.4583078125 0.40279375 0.4581625 0.3846640625
11 0.41758125 0.564053125 0.41755000000000003 0.5822859375 0.43207968750000003 0.5823140625 0.4320421875 0.5638609375 0.41758125 0.564053125
6 0.46914375 0.45676249999999996 0.48790625 0.45678437499999996 0.48763750000000006 0.4314984375 0.45737656250000003 0.43141406250000003 0.457178125 0.44027656249999997 0.4691375 0.44034218750000004 0.46914375 0.45676249999999996