2 0.21544679218749999 0.3076957 0.200483884375 0.2642402578125 0.16681511875 0.275489615625 0.1816981453125 0.31966332343750004 0.21544679218749999 0.3076957
8 0.1275732640625 0.3408201265625 0.136616428125 0.3670833828125 0.221236309375 0.338187690625 0.2362254859375 0.38270327656249997 0.2999413734375 0.3602882078125 0.275224853125 0.2899796078125 0.1275732640625 0.3408201265625
2 0.1857045734375 0.3997800828125 0.17104302031250002 0.3582220921875 0.125173221875 0.3741832359375 0.1395750859375 0.4156637390625 0.1857045734375 0.3997800828125
10 0.0577540609375 0.33760063281249997 0.045484790625 0.342157440625 0.06483625625 0.39835817812499996 0.0925164625 0.3884916546875 0.0819450625 0.358130828125 0.06674605 0.3630337609375 0.0577540609375 0.33760063281249997
10 0.1173653375 0.3674555765625 0.1290133671875 0.363638184375 0.121443796875 0.3422448703125 0.112249025 0.352615925 0.1173653375 0.3674555765625
2 0.29438308750000003 0.2257805796875 0.287278590625 0.2281458796875 0.3048104359375 0.2790620546875 0.2784448390625 0.2878991875 0.3027139046875 0.3595335046875 0.3365131328125 0.348135115625 0.29438308750000003 0.2257805796875
6 0.6284708984375 0.7007204390624999 0.6417942 0.74035958125 0.66387880625 0.7325899875 0.652889434375 0.699129159375 0.645307365625 0.7013697078125001 0.6433931265624999 0.695810353125 0.6284708984375 0.7007204390624999
12 0.5439543640625 0.6334263015625 0.580313984375 0.6209066796875 0.5494755328125 0.5337977546875 0.5139934453125 0.5464134765625001 0.5439543640625 0.6334263015625
10 0.7404472015625 0.70523385625 0.735292915625 0.6904518984375 0.7100687140625 0.6991339828124999 0.7152650375 0.7142204046875 0.7404472015625 0.70523385625
2 0.7614853984375001 0.80535154375 0.7378215499999999 0.7389688 0.6910627015624999 0.7550691625 0.7137244859375 0.8219060125000001 0.7614853984375001 0.80535154375
11 0.33591265625 0.7716429859375 0.3305536765625 0.75579621875 0.3114646546875 0.7622302828125 0.31686636562500003 0.7782011484375 0.33591265625 0.7716429859375
10 0.39318863125000003 0.82494173125 0.382257809375 0.7929083593749999 0.35159050468749997 0.803467959375 0.3626011453125 0.8357283375 0.39318863125000003 0.82494173125
1 0.333006859375 0.7556786343749999 0.347791496875 0.79764208125 0.43966004375 0.765767934375 0.427091703125 0.7287772953125 0.35696463437500003 0.7531619453125 0.35512940937500004 0.7473473359375 0.333006859375 0.7556786343749999
10 0.35160651875000004 0.8392116765625 0.34086028437500004 0.8077575828124999 0.3353005375 0.8099826328124999 0.3460161953125 0.8412423421874999 0.35160651875000004 0.8392116765625
10 0.5365373828125 0.8862859375 0.528623025 0.863300971875 0.5103182640624999 0.8697426187499999 0.518234325 0.8924493734375 0.5365373828125 0.8862859375
10 0.444837196875 0.7685892515625 0.45576936718749994 0.7996570796875 0.46305228749999994 0.79764678125 0.453347053125 0.7701374359375001 0.4676051765625 0.7652279703125 0.4662266 0.761224290625 0.444837196875 0.7685892515625
2 0.526559053125 0.8580410546874999 0.5020521359375001 0.786589440625 0.444519253125 0.8065450234375 0.4691999421875 0.8779301937499999 0.526559053125 0.8580410546874999
10 0.326100721875 0.7800105 0.3335095796875 0.8019929203125 0.347140478125 0.7977670921875 0.3400654984375 0.7776230015625 0.3383563796875 0.778332134375 0.33758443125 0.775965453125 0.326100721875 0.7800105
10 0.294355528125 0.7766220546875 0.2870991515625 0.75537043125 0.2762958546875 0.75916466875 0.28349046875 0.7803665 0.294355528125 0.7766220546875
4 0.2924288921875 0.723009678125 0.27608944062499996 0.6755564640625 0.24458678125 0.6862384453125 0.260767315625 0.7339116328124999 0.2924288921875 0.723009678125
1 0.5472374265625 0.855037378125 0.5109824703125 0.749155028125 0.49603229843749996 0.7545886734375 0.532206990625 0.85964760625 0.5472374265625 0.855037378125
12 0.191037728125 0.7543585953124999 0.22757315781249998 0.7417784375 0.1968831265625 0.6551389546874999 0.1612264046875 0.6675834546875 0.191037728125 0.7543585953124999
10 0.217418365625 0.791988796875 0.20583390937499998 0.7571596609375 0.1936077296875 0.7613760828125 0.2053702390625 0.796021621875 0.217418365625 0.791988796875
10 0.331990184375 0.80330104375 0.3248967125 0.7829352703125 0.3191460140625 0.7846873453125001 0.326269596875 0.805150165625 0.331990184375 0.80330104375
10 0.3605948 0.8360110015625001 0.34997033593750004 0.8052801 0.3424040171875 0.807614378125 0.3530977890625 0.8386089546875001 0.3605948 0.8360110015625001
13 0.3437399796875 0.840866028125 0.3338335265625 0.8112413203125 0.303080534375 0.8218304249999999 0.3131158671875 0.8515462640625 0.3437399796875 0.840866028125
2 0.3999644109375 0.9020772703125 0.38511782656250004 0.8602458734375 0.33815866875 0.8765275796875001 0.3525961234375 0.9186105703124999 0.3999644109375 0.9020772703125
13 0.45628922968749996 0.772054303125 0.46463311406249996 0.7961043296875 0.4984316625 0.7842864296875 0.48790581250000004 0.755036946875 0.4684575671875 0.7615219890625 0.4704386140625 0.7672417703125001 0.45628922968749996 0.772054303125
7 0.40591152968750005 0.8231421421875 0.4054515046875 0.8211390281250001 0.44178740625 0.80846893125 0.44040567499999994 0.8047968437499999 0.45220333437500004 0.8005693296875 0.44240017187499997 0.7720988796875 0.38462878749999996 0.79232166875 0.396008059375 0.8263869265625001 0.40591152968750005 0.8231421421875
10 0.30181155937500004 0.75037890625 0.2902121765625 0.754419165625 0.2990055203125 0.7799520906249999 0.2835730890625 0.7850362015625 0.292932 0.8124516187499999 0.320122025 0.8034363734375001 0.30181155937500004 0.75037890625
10 0.2790423796875 0.8642454374999999 0.2869936 0.8615076125 0.27593361562499996 0.8291039296875 0.2678535171875 0.8317506234375 0.2790423796875 0.8642454374999999
8 0.2899190234375 0.8635294 0.29788374218749997 0.8866606265625 0.3878884265625 0.8558380859374999 0.402888065625 0.9007632031249999 0.4660029078125 0.8790310203124999 0.4422555609375 0.8107452171875 0.2899190234375 0.8635294
1 0.5168021890625 0.8932862234375 0.5087709515625 0.870374553125 0.3029433515625 0.941644940625 0.3105412984375 0.9637109796875001 0.5168021890625 0.8932862234375
2 0.35061803125 0.9187017281250001 0.3360603 0.8769989218750001 0.288810303125 0.8931510703125 0.303248265625 0.9352355390625 0.35061803125 0.9187017281250001
6 0.275609275 0.822220440625 0.28986489375 0.86315143125 0.3119265015625 0.8555550109375 0.30001610625 0.820494378125 0.292772190625 0.8231026828125 0.2907516328125 0.8172345578125 0.275609275 0.822220440625
10 0.2959341734375 0.8874393312500001 0.28804829062500004 0.86433549375 0.2798868171875 0.8670482140625 0.28804795781250003 0.8901547734375 0.2959341734375 0.8874393312500001
10 0.300336128125 0.745973959375 0.29484497187500003 0.729551353125 0.262187903125 0.74102248125 0.273986 0.7550767828125 0.300336128125 0.745973959375
5 0.2595285203125 0.7412755140625 0.2409765046875 0.687674909375 0.21672522968750002 0.695904659375 0.23436586875 0.747631121875 0.2072643265625 0.7572008968749999 0.21910229062500003 0.7915808375 0.25216855312500003 0.7797143234374999 0.266355578125 0.8214059625000001 0.2910374296875 0.8131452843750001 0.2710394046875 0.75506680625 0.2595285203125 0.7412755140625
10 0.648768046875 0.7660315125 0.6407895921875 0.7428603984375 0.632819521875 0.7454906875 0.6408330765625 0.7687637421875 0.648768046875 0.7660315125
10 0.88941506875 0.7648613796875 0.8814742578124999 0.741799590625 0.8630575328125 0.7479112765625 0.8709596734374999 0.7711103203125 0.88941506875 0.7648613796875
5 0.624026290625 0.6335418515625 0.612317515625 0.6203276796875 0.5935748640625 0.5662358140625 0.569306240625 0.574760728125 0.5866608546875 0.625843690625 0.5600275484374999 0.6353431281249999 0.5721362937500001 0.6698231781249999 0.6051568546875 0.65878379375 0.6192965859374999 0.7001893046875 0.64393473125 0.6917057109375 0.624026290625 0.6335418515625
8 0.7290114109375 0.6667906703125001 0.7430960171875001 0.70651470625 0.6426917203125 0.7417807421875 0.650481275 0.7655886765625 0.7405433953125 0.7345778000000001 0.764438465625 0.8042140859375 0.827451825 0.7828638781249999 0.7932755703125001 0.6831336984374999 0.8049616421874999 0.6787644828125 0.792476653125 0.6432109390625 0.7290114109375 0.6667906703125001
10 0.7132765953125 0.7145646578125 0.7025542140625001 0.6838757359375001 0.6953131703125 0.6863244078124999 0.7059095640625 0.717064975 0.7132765953125 0.7145646578125
10 0.70431963125 0.7177842953125 0.6934239343749999 0.6867072140625 0.6879622000000001 0.6884490265625 0.6986391328125 0.7197402484375 0.70431963125 0.7177842953125
2 0.7119192484375 0.8223887921875 0.6887310125 0.7557315625000001 0.6419706859375001 0.771832434375 0.6646344562500001 0.8386702515625 0.7119192484375 0.8223887921875
10 0.64274455 0.6328028328124999 0.6516295078125001 0.6586066265625 0.6364808562500001 0.66365581875 0.64577013125 0.6909745796875 0.6730810234375 0.68173924375 0.6547447203125001 0.6291682546875 0.64274455 0.6328028328124999
10 0.6533669578125 0.6245958234375 0.6474511625 0.6082549828125 0.6149040171875 0.6195990234375001 0.6267220796874999 0.6337736953124999 0.6533669578125 0.6245958234375
3 0.8622404859374999 0.686209425 0.8628756578125 0.6880349015625 0.85766059375 0.6900371578125 0.8740063062500001 0.73852600625 0.89620256875 0.7304039859375 0.8797868890625 0.6819854999999999 0.8740636015625001 0.6840619484375 0.8731482578125 0.68183553125 0.8790029718750001 0.6799584046875 0.8612787703125001 0.6289779125 0.8437674703125 0.6350075375 0.8543550484375 0.665756096875 0.8481648578125001 0.66788755 0.8552267499999999 0.6879072500000001 0.8622404859374999 0.686209425
1 0.8245608484375 0.7606362843750001 0.8324657390624999 0.784064084375 0.8694868671875 0.7714307125000001 0.86143000625 0.748977353125 0.8536781281250001 0.7515358187500001 0.8532179109375001 0.749964084375 0.8245608484375 0.7606362843750001
10 0.6787873906249999 0.6582567609375001 0.6864768453125001 0.680833321875 0.7004635343750001 0.6762585890625 0.69343776875 0.6560942468750001 0.6909229234375001 0.657074203125 0.6901091593750001 0.6544756921875 0.6787873906249999 0.6582567609375001
10 0.640118671875 0.7402160078125 0.628593659375 0.7072056718749999 0.62033035625 0.7101649796875 0.6318513484375 0.7431684375 0.640118671875 0.7402160078125
10 0.67904973125 0.6838550437500001 0.684659315625 0.681923509375 0.6776720625 0.661405484375 0.6717768859375 0.6634386625 0.67904973125 0.6838550437500001
11 0.6886379984375 0.65020313125 0.6832705703124999 0.6344518140625001 0.6642320703125 0.641248565625 0.6695289859375 0.656463953125 0.6886379984375 0.65020313125
2 0.872026190625 0.7388128593750001 0.8477810031249999 0.6675454453125 0.797281446875 0.6849338375 0.82174415625 0.7562618609375 0.872026190625 0.7388128593750001
13 0.8090804328125 0.65072893125 0.8171660671875 0.674446484375 0.8508738031249999 0.6628399796875 0.8406253734375 0.6333115406250001 0.821217690625 0.64010155625 0.8231392578125 0.6459029625 0.8090804328125 0.65072893125
7 0.689001328125 0.636289296875 0.702480359375 0.6754352421875 0.79219241875 0.643350121875 0.7808516 0.611229875 0.7087201328125 0.6356436828125 0.706951609375 0.6302291546875 0.689001328125 0.636289296875
10 0.636048965625 0.658994009375 0.647058346875 0.655203175 0.63970559375 0.6338492296875 0.6289593640625 0.6377180109375 0.636048965625 0.658994009375
13 0.6972857453125 0.72034506875 0.6867350203125 0.689425178125 0.6551977703125 0.7000066984375 0.6655312 0.730588278125 0.6972857453125 0.72034506875
10 0.7972774265625 0.6471996453125 0.8084607203124999 0.6784784609375001 0.8154469609375001 0.6758465078125 0.8060548859375001 0.6483251796875 0.8202136703124999 0.64356394375 0.8188612828125 0.6401114546875 0.7972774265625 0.6471996453125
4 0.6453312109375 0.6016278671874999 0.6285966671875001 0.5542462453125 0.597273434375 0.5646334390625001 0.613755321875 0.6125003171875 0.6453312109375 0.6016278671874999
10 0.7342276390625 0.6876028734374999 0.7280328218750001 0.6694246453125 0.7026992062499999 0.67788495625 0.70891665 0.69615289375 0.7342276390625 0.6876028734374999
10 0.57028875 0.670375059375 0.558464546875 0.6356367374999999 0.5463855468750001 0.639795871875 0.558271328125 0.6743146859375 0.57028875 0.670375059375
1 0.34614673749999997 0.37669865156250004 0.33807809375 0.35360155781249997 0.14364644375 0.42104715625000005 0.1516186375 0.4431826359375 0.34614673749999997 0.37669865156250004
1 0.341640675 0.3495837359375 0.35617292031250003 0.344712084375 0.308465325 0.20629354531250002 0.29405650781250003 0.2112548984375 0.341640675 0.3495837359375
7 0.257308146875 0.2384688359375 0.22454213437499998 0.24991633124999998 0.2006881453125 0.258296825 0.218046421875 0.3090496734375 0.2745578671875 0.28958791562499997 0.257308146875 0.2384688359375
10 0.260255628125 0.2370655921875 0.27697984062500003 0.2854538578125 0.2784339 0.28513661562500003 0.2676800140625 0.253708290625 0.2718919125 0.25234890781249997 0.265955840625 0.235104503125 0.260255628125 0.2370655921875
10 0.136777546875 0.27725243437499997 0.1333495765625 0.2783352796875 0.1402093 0.2977966296875 0.1454907453125 0.2961119359375 0.1404057390625 0.2810896421875 0.13856829843750001 0.2817140609375 0.136777546875 0.27725243437499997
10 0.1090106921875 0.30593973750000003 0.10260511406249999 0.28693345 0.09526405 0.28946118125 0.10155055312500001 0.308318428125 0.1090106921875 0.30593973750000003
10 0.13835422343749998 0.298787371875 0.13161535 0.27960500312500003 0.10943846406249999 0.2873369640625 0.11593758125 0.3064085421875 0.13835422343749998 0.298787371875
6 0.12168884687499999 0.335527228125 0.1256309015625 0.334363215625 0.1276977140625 0.3405624453125 0.1572125375 0.3306872171875 0.146309565625 0.2990226859375 0.1170033453125 0.3093069734375 0.118212996875 0.3130168296875 0.1144205390625 0.314418525 0.12168884687499999 0.335527228125
11 0.25359818125 0.1913683953125 0.2665017640625 0.2290830875 0.2943176390625 0.21904425781249998 0.29186860000000003 0.21216689843749997 0.2805120359375 0.2160772765625 0.2699431734375 0.185623034375 0.25359818125 0.1913683953125
2 0.2334560703125 0.3833230515625 0.21884437031249998 0.3419098421875 0.17307946406250002 0.35783486875000003 0.1873759765625 0.39935495312499997 0.2334560703125 0.3833230515625
12 0.0964101890625 0.2814202671875 0.132458121875 0.2688113171875 0.10249274687500001 0.1821982875 0.0666968875 0.19471383125 0.0964101890625 0.2814202671875
13 0.1794217515625 0.3191185125 0.1641966765625 0.27588554374999996 0.14361982812500002 0.2829707203125 0.158515259375 0.32639816875 0.1794217515625 0.3191185125
1 0.1833065328125 0.21564942031249998 0.190401175 0.23613377343750003 0.15489465156249999 0.24837617500000003 0.1618678515625 0.2679703140625 0.1639382421875 0.26741771718749996 0.1647285828125 0.2695450578125 0.1957454078125 0.2591030734375 0.193950453125 0.253563790625 0.264330128125 0.22949042031250003 0.2514495078125 0.1922503609375 0.1833065328125 0.21564942031249998
4 0.0667029 0.30058950625 0.0500338828125 0.25258710624999997 0.018455040625 0.2634605734375 0.0346847578125 0.3114109765625 0.0667029 0.30058950625
0 0.41632869375 0 0 0.143353465625 0 0.5836713062500001 0.143353465625 1 0.5836713062500001 1 1 0.856646534375 1 0.41632869375 0.856646534375 0 0.41632869375 0
10 0.071634415625 0.327855384375 0.06512690625 0.3089849984375 0.037287031250000005 0.318243834375 0.0440983953125 0.337411159375 0.071634415625 0.327855384375
13 0.620836671875 0.11337359531249999 0.6276152109375001 0.133271075 0.6236933109375 0.1344744171875 0.6331956062499999 0.16234944375 0.653774240625 0.1555958109375 0.6375491015625 0.10765870468750001 0.620836671875 0.11337359531249999
5 0.4538942078125 0.187958553125 0.4308438234375 0.1216008890625 0.406331253125 0.13004124374999998 0.424941940625 0.18468091874999998 0.42002672187499995 0.1863733640625 0.45681084843750003 0.29340379375 0.4824772453125 0.2845661453125 0.463951521875 0.230374796875 0.473904871875 0.2194616109375 0.46205673437500006 0.185052121875 0.4538942078125 0.187958553125
10 0.4617464453125 0.1844533328125 0.45506494999999997 0.16532722187499999 0.44794685625 0.167916990625 0.45437400781250004 0.1868563578125 0.4617464453125 0.1844533328125
10 0.4893587703125 0.1556291953125 0.48630208750000004 0.156681696875 0.49292912187500004 0.1763983359375 0.498096971875 0.17461890156249998 0.4929923203125 0.159558753125 0.49117367500000003 0.1601849625 0.4893587703125 0.1556291953125
7 0.5704305796875 0.18718526562499999 0.627420128125 0.1678018078125 0.608616134375 0.11385335156250001 0.6182702515625 0.11042671562499999 0.6113330375 0.0907739125 0.609059415625 0.0916625453125 0.603100765625 0.075134853125 0.5396315578124999 0.0967593515625 0.5704305796875 0.18718526562499999
10 0.513070046875 0.1474581390625 0.5061334093750001 0.127312684375 0.486065415625 0.1339367609375 0.49304078906250004 0.1542523078125 0.513070046875 0.1474581390625
2 0.59482875 0.2872416515625 0.5716806765625 0.22029792499999998 0.525811440625 0.2363662890625 0.5490017843749999 0.303437578125 0.59482875 0.2872416515625
13 0.5322838484375 0.19826779375 0.5171114609374999 0.1539640203125 0.49556387968750004 0.160922390625 0.5107348890625001 0.20568769687500002 0.5322838484375 0.19826779375
10 0.6366730953124999 0.10426031875 0.629844228125 0.0848213953125 0.6135842640625 0.09042015 0.62005176875 0.109793459375 0.6366730953124999 0.10426031875
10 0.4318273125 0.23234546875 0.42456703593749995 0.2115000578125 0.41384873281249995 0.21499401406250002 0.4212930609375 0.2359132109375 0.4318273125 0.23234546875
4 0.41887705000000003 0.17872470000000001 0.40247750312499997 0.1315912875 0.3714547203125 0.1420303671875 0.3874754921875 0.189537125 0.41887705000000003 0.17872470000000001
10 0.641985640625 0.0884936046875 0.6324284890625 0.061068778125 0.62671299375 0.063033475 0.6362954484375 0.09036861562500001 0.641985640625 0.0884936046875
10 0.4912575484375 0.17720691093750002 0.48453434062499995 0.15795965625 0.4622074359375 0.1660622109375 0.4689321203125 0.1853089578125 0.4912575484375 0.17720691093750002
11 0.6283685265625001 0.080338871875 0.62293411875 0.064359434375 0.606311775 0.0698896203125 0.6118367671875 0.08593536562500001 0.6283685265625001 0.080338871875
10 0.424236965625 0.20603971875 0.4176813453125 0.18700081562499998 0.390436084375 0.1969786765625 0.3967440390625 0.2157062484375 0.424236965625 0.20603971875
2 0.7056404578125 0.22141777187499997 0.68072015 0.14938469062499998 0.631072509375 0.16697715625 0.6551610953125 0.2382984921875 0.7056404578125 0.22141777187499997
10 0.48164565625 0.242182446875 0.47427916875 0.22078861249999998 0.46497210468750005 0.23099672343750002 0.470083265625 0.24596539375 0.48164565625 0.242182446875
6 0.4745387390625 0.21429071406250003 0.47833088437500004 0.2129073046875 0.48044940468749997 0.2190887296875 0.5101762609375 0.20901820624999998 0.4989804765625 0.177424753125 0.469676940625 0.187630446875 0.47091500937499997 0.1914660265625 0.46701882031249997 0.1929216171875 0.4745387390625 0.21429071406250003
10 0.5403064671875 0.11258461875 0.5341347609375 0.0948958453125 0.52911169375 0.0966254265625 0.535031790625 0.11405380312499999 0.5403064671875 0.11258461875
3 0.65669700625 0.155243825 0.68024994375 0.147251228125 0.660074384375 0.08865714531249999 0.6364139546875001 0.09657273125 0.65669700625 0.155243825
2 0.5679906984375 0.18614645624999998 0.544483815625 0.117642346875 0.5107389921875 0.12914594375 0.5346049765625 0.1979874609375 0.5679906984375 0.18614645624999998
8 0.4805490265625 0.22002115937500002 0.48951893750000003 0.2460716734375 0.5743696109374999 0.21637766093750002 0.5975836109375 0.2862484578125 0.6609191984375 0.2642023015625 0.62827386875 0.16939338125 0.4805490265625 0.22002115937500002
10 0.4105253578125 0.2159102953125 0.3980734390625 0.2203349953125 0.4175220171875 0.2768129703125 0.44538526875000006 0.2672188828125 0.43466464374999997 0.23635749218750002 0.41963796249999996 0.241799303125 0.4105253578125 0.2159102953125
2 0.5471976125 0.3034771140625 0.524222165625 0.236751571875 0.4780057390625 0.2523875390625 0.501066421875 0.31963898125 0.5471976125 0.3034771140625
10 0.61301555 0.11552459374999999 0.6295290671875 0.1641936265625 0.6312147484375 0.1636132 0.6203606015625 0.1323400328125 0.6246508921875 0.1308627671875 0.6186233062500001 0.1138085171875 0.61301555 0.11552459374999999
12 0.48487445312500005 0.1471027390625 0.45507518906250005 0.0606985703125 0.4195680125 0.072924671875 0.44911931562499996 0.159338203125 0.48487445312500005 0.1471027390625
1 0.6987190703125 0.25502559375 0.6910622703125 0.23255346562499998 0.65895305 0.24360955781250002 0.666645459375 0.26618510156249997 0.6987190703125 0.25502559375
10 0.07900152499999999 0.35367118125 0.07175152968750001 0.3326156640625 0.06100428125 0.3364814921875 0.0684640640625 0.3574647734375 0.07900152499999999 0.35367118125
13 0.284922121875 0.2292018515625 0.2681605921875 0.234798140625 0.274908853125 0.25463168125 0.2709236328125 0.25607826718750004 0.28060613437500004 0.2841886984375 0.3013511296875 0.27731829218750004 0.284922121875 0.2292018515625
10 0.187561990625 0.23398809687500002 0.1814030703125 0.21629326718750003 0.1764006859375 0.2180157265625 0.1824124203125 0.23566704062500002 0.187561990625 0.23398809687500002
10 0.28914244375 0.2099079390625 0.27973894062500004 0.1824302078125 0.27222875625 0.18509549218750002 0.28153416249999996 0.21244670625 0.28914244375 0.2099079390625
5 0.1295380953125 0.40607135781250003 0.11099271718749999 0.3516405484375 0.1211409359375 0.341096534375 0.109227684375 0.306497940625 0.1012762375 0.30951346874999996 0.0918668671875 0.2827433890625 0.09402481562500001 0.2818499671875 0.0867061015625 0.2606908671875 0.08452683125 0.2614263765625 0.077775815625 0.2429670390625 0.053574971875 0.25130005781250003 0.07242333437500001 0.3060396734375 0.0670058078125 0.307905078125 0.1042026296875 0.41479505781250003 0.1295380953125 0.40607135781250003
10 0.16041803125 0.2687174078125 0.15316993437499998 0.2486560609375 0.1333260515625 0.255407884375 0.140118528125 0.2754658171875 0.16041803125 0.2687174078125