0 0.302575 0 0.1361984375 0.943565625 0.45625625000000003 1 0.697425 1 0.8638015625 0.056434375 0.54374375 0 0.302575 0
1 0.47750000000000004 0.0660265625 0.4603453125 0.1631890625 0.477140625 0.16615156250000002 0.49432968749999995 0.0687921875 0.47750000000000004 0.0660265625
10 0.5729890625 0.1273015625 0.5700390625 0.14403749999999998 0.5774015625 0.1452765625 0.58031875 0.12860156250000002 0.5729890625 0.1273015625
10 0.5644578124999999 0.21862656249999998 0.5570265625 0.2175234375 0.55395 0.23566250000000002 0.5611984375 0.2369984375 0.5644578124999999 0.21862656249999998
8 0.43837187499999997 0.9294515625 0.44009375000000006 0.91953125 0.43750625000000004 0.9192 0.45388124999999996 0.82633125 0.456371875 0.8268968750000001 0.4590953125 0.811303125 0.44193125 0.8084625000000001 0.4409546875 0.8138296875 0.4168578125 0.8095203124999999 0.42342500000000005 0.7733625 0.4049734375 0.7704796875000001 0.39413906249999997 0.8316250000000001 0.397334375 0.8322499999999999 0.373625 0.9668640625 0.3938703125 0.9702265625000001 0.40222499999999994 0.9228296874999999 0.43837187499999997 0.9294515625
13 0.3681109375 0.7676093749999999 0.3585890625 0.8212921874999999 0.393228125 0.8273999999999999 0.40264218749999997 0.7736984375 0.3681109375 0.7676093749999999
1 0.4469125 0.9983531250000001 0.4791609375 0.81528125 0.4637875 0.812571875 0.4641390625 0.8104968749999999 0.4627390625 0.810234375 0.430134375 0.9953937500000001 0.4469125 0.9983531250000001
3 0.552075 0.23540156250000002 0.5560078125000001 0.21321718750000002 0.5667171875 0.21519375 0.572678125 0.18094062500000002 0.53361875 0.1745046875 0.5238890625 0.2304125 0.552075 0.23540156250000002
13 0.557428125 0.1245140625 0.54848125 0.1754265625 0.56229375 0.17795 0.571228125 0.1270234375 0.557428125 0.1245140625
10 0.31255781250000003 0.9598578124999999 0.31003125 0.9742171875000001 0.3366625 0.9789125000000001 0.33921875 0.964475 0.31255781250000003 0.9598578124999999
13 0.5428390624999999 0.1220578125 0.5338499999999999 0.1726 0.547809375 0.17534531250000002 0.5566875 0.1244515625 0.5428390624999999 0.1220578125
1 0.6265078125 0.24838749999999998 0.6665 0.0216453125 0.6498171875 0.018703125 0.609828125 0.245453125 0.6265078125 0.24838749999999998
2 0.628140625 0.12215781249999999 0.6325000000000001 0.09701562500000001 0.58894375 0.0891171875 0.57845 0.149403125 0.569390625 0.1478046875 0.5644203125 0.1756828125 0.57348125 0.1771734375 0.5629546875 0.2372421875 0.60650625 0.2447515625 0.6118859375000001 0.21434999999999998 0.6093359375 0.213940625 0.6255531249999999 0.12174531250000001 0.628140625 0.12215781249999999
2 0.50120625 0.0492984375 0.4948796875 0.08466875 0.49746562499999997 0.085196875 0.48660781249999996 0.1467 0.48408749999999995 0.1465265625 0.48144687499999994 0.1615 0.532628125 0.17054375 0.5418765624999999 0.117834375 0.5609234375 0.12121718749999999 0.5678109375 0.0818765625 0.5429578125 0.0777671875 0.546584375 0.057201562500000004 0.50120625 0.0492984375
3 0.5220453125 0.22999375 0.5317671875000001 0.17440781249999998 0.480746875 0.1654109375 0.4709515625 0.220965625 0.5220453125 0.22999375
7 0.423459375 0.7731828125 0.4241671875 0.7692390625 0.42998906249999996 0.7701828125 0.44179531250000004 0.7024796875 0.4161171875 0.69803125 0.4033234375 0.7700796875 0.423459375 0.7731828125
7 0.5124875 0 0.5087203125 0.0213578125 0.506134375 0.0210328125 0.5025171875 0.0419859375 0.5478875000000001 0.0496765625 0.551265625 0.0299078125 0.55314375 0.030239062500000004 0.545396875 0.07377343750000001 0.5701640625 0.07814062499999999 0.5827546875 0.0068781250000000006 0.54374375 0 0.5124875 0
2 0.4242734375 0.9943609375 0.43241874999999996 0.9479515624999999 0.4349796875 0.9484031249999999 0.437690625 0.9330234374999999 0.4032125 0.9271078125000001 0.392346875 0.9887312500000001 0.4242734375 0.9943609375
11 0.485459375 0.7102515625 0.4795328125 0.7435421875 0.49310312500000003 0.7458796875 0.499015625 0.7125843749999999 0.485459375 0.7102515625
1 0.4486828125 0.8016953125 0.4652234375 0.804659375 0.4819859375 0.7094437499999999 0.4653625 0.7066421875 0.4486828125 0.8016953125
1 0.48553125 0 0.477159375 0.0476703125 0.4973515625 0.0514484375 0.506459375 0 0.48553125 0
10 0.3500671875 0.8530453124999999 0.3565328125 0.854034375 0.3615328125 0.82545625 0.35519687499999997 0.8242234375 0.3500671875 0.8530453124999999
8 0.633965625 0.0738046875 0.643896875 0.017659374999999998 0.5827625000000001 0.0068796874999999995 0.562525 0.1215265625 0.5809828125000001 0.1248703125 0.5885687500000001 0.08128125 0.63395 0.0891953125 0.6365171875 0.0744265625 0.633965625 0.0738046875
2 0.42507031250000005 0.773346875 0.41962656249999997 0.8042203125 0.4439375 0.8082484375 0.44561406249999996 0.798965625 0.44310312500000004 0.7986500000000001 0.4522421875 0.747153125 0.45461093750000003 0.747609375 0.461990625 0.7059828125000001 0.4435953125 0.702840625 0.43097343749999995 0.7742625000000001 0.42507031250000005 0.773346875
10 0.4950046875 0.0651609375 0.496759375 0.054953125000000005 0.47644062500000006 0.0516 0.47622968749999994 0.0527734375 0.47969687499999997 0.053553125 0.4781734375 0.062090624999999997 0.4950046875 0.0651609375
7 0.3318171875 0.850053125 0.31311875 0.9560906250000001 0.3718703125 0.9663578125000001 0.375771875 0.9438421874999999 0.37765624999999997 0.9440843750000001 0.3972796875 0.8324140625 0.363184375 0.8258796875 0.3575203125 0.8582218749999999 0.350640625 0.8571843749999999 0.351278125 0.853575 0.3318171875 0.850053125
11 0.45968125000000004 0.1668765625 0.450653125 0.21762968749999997 0.4675296875 0.220346875 0.47646718750000006 0.1696625 0.45968125000000004 0.1668765625