0 0.42282878906250004 0 0.033791804687499996 0.8342925078125001 0.38915266875 1 0.5771712109375 1 0.9662081953125 0.1657074921875 0.61084733125 0 0.42282878906250004 0
11 0.47684280625 0.2324714421875 0.508954521875 0.1635817625 0.48646817656249997 0.1530962078125 0.4543131140625 0.22224151874999998 0.47684280625 0.2324714421875
10 0.358569178125 0.6857509171875 0.371187025 0.6585402734375 0.3516428625 0.6493835796874999 0.3388289453125 0.676863115625 0.358569178125 0.6857509171875
2 0.4802181984375 0.24704630781249998 0.4410118203125 0.3309730734375 0.4370756828125 0.3290583171875 0.42995747812499996 0.34428268906250004 0.5097494921875 0.3815454859375 0.5945810093749999 0.1994758234375 0.51481541875 0.1625149859375 0.47611898437500005 0.245252046875 0.4802181984375 0.24704630781249998
5 0.701577675 0.1746084390625 0.6511052328125 0.2827471140625 0.6690129375 0.2914424203125 0.64663845 0.339546671875 0.683490984375 0.3566726734375 0.7107855359374999 0.29883069375 0.7188360984375 0.3025847328125 0.715875025 0.3089051953125 0.7383282171875 0.31963561875 0.741202459375 0.31336086875 0.7991752296875 0.34019747499999997 0.8503940015625 0.230950015625 0.8315695375000001 0.22160309374999998 0.828298646875 0.22850662656249998 0.799589615625 0.21500559843749997 0.802709615625 0.20825927812499997 0.7782922625 0.19653536875 0.7748489125 0.203753284375 0.7586327671875 0.1960777859375 0.7756686687500001 0.1593815 0.7388196765624999 0.14210371093750002 0.7197471984375 0.18288276406249998 0.701577675 0.1746084390625
10 0.48084634687500005 0.6384332453125 0.48270380937499996 0.6348307140625 0.47421225 0.6301590125 0.43215527500000006 0.7202026 0.44435644375 0.725892096875 0.48431430625000005 0.64040553125 0.48084634687500005 0.6384332453125
12 0.710291759375 0.31611656718750003 0.6541509921875 0.43623354062499997 0.73675625625 0.4745323328125 0.7927574921875 0.3546813078125 0.710291759375 0.31611656718750003
6 0.6322863828124999 0.3497462203125 0.5970149265625 0.42538610156249995 0.6421702125000001 0.44679750625 0.6776042421875 0.3706093359375 0.6688670906249999 0.3666454734375 0.67183263125 0.3604374328125 0.6687663953125 0.3590455515625 0.66658970625 0.3636543234375 0.6429313390625 0.35276878906250003 0.6451309359375 0.348051740625 0.6422926625 0.34666271875 0.6394133125 0.3529040546875 0.6322863828124999 0.3497462203125
13 0.5970969187499999 0.41917645625000005 0.6297482484375 0.3488781640625 0.5831264078125 0.32698115625 0.5499533703124999 0.3976292375 0.5970969187499999 0.41917645625000005
2 0.5355827828125 0.65235628125 0.5310194109374999 0.662331021875 0.5415906265625 0.666569125 0.5748652109375 0.5952115484375 0.570958175 0.5933896671875 0.607912790625 0.5142918234375 0.545391821875 0.48358101875 0.47926575156249995 0.6244608390625 0.486306634375 0.62807679375 0.4815967078125 0.6381883546875 0.493258125 0.6441813015625 0.49755077031250006 0.6351457671875 0.5355827828125 0.65235628125
1 0.4299008015625 0.3374239375 0.47394456875 0.23868672968750002 0.4514113578125 0.228046571875 0.40579353749999997 0.32507570937499997 0.4299008015625 0.3374239375
7 0.41975316406249996 0.6070193515625 0.4329629890625 0.613218846875 0.3976434578125 0.6919602484375 0.4334568328125 0.7091740609375 0.5429402875 0.47613480468749997 0.4920144515625 0.45262388906249995 0.41975316406249996 0.6070193515625
3 0.6333675671875 0.2981847390625 0.6642892390624999 0.23115204843749998 0.5971702078125001 0.20129176875 0.5666999921875 0.2669385265625 0.6333675671875 0.2981847390625
13 0.547222671875 0.39644209375 0.5977436765624999 0.2881364203125 0.5633684921875 0.27349140312500003 0.513582296875 0.380676025 0.547222671875 0.39644209375
8 0.38766575625 0.3748206 0.3178941609375 0.5245756703125 0.31332668125 0.5228613109375 0.2967509265625 0.559794578125 0.3793193171875 0.5985347671875 0.3837343921875 0.589502878125 0.4197908609375 0.6061731921875 0.4920370515625 0.45212066718750005 0.610943465625 0.5074486796875 0.6370452765625 0.45192792031250006 0.4285279359375 0.3559997765625 0.4333472234375 0.346385734375 0.40278252343750004 0.33233144375 0.38371408125 0.3723882859375 0.38766575625 0.3748206
2 0.5811849375 0.6078423500000001 0.586122009375 0.598164275 0.623816809375 0.6168484750000001 0.6197121296875 0.6256509890624999 0.629541790625 0.6308656296875 0.699910584375 0.4813235234375 0.644008275 0.45039064062499995 0.57229381875 0.604485959375 0.5811849375 0.6078423500000001
1 0.37132445000000003 0.606950753125 0.35465391875 0.64258990625 0.37698252656250003 0.6536984140625 0.36552914062499997 0.679036690625 0.3930242109375 0.6913958124999999 0.4272561671875 0.618210671875 0.380786309375 0.59665693125 0.3750239515625 0.60890343125 0.37132445000000003 0.606950753125
10 0.6328843187500001 0.3422082984375 0.6476260578125 0.310605628125 0.601003534375 0.28863244374999997 0.5860857921875 0.320701284375 0.6328843187500001 0.3422082984375