10 0.23659844375 0.21878014375000002 0.24590511093749998 0.2772805296875 0.25370072499999996 0.27603146875 0.24438832812500003 0.217502846875 0.23659844375 0.21878014375000002
11 0.4133234453125 0.8112613640624999 0.41662420468750005 0.8319974953125 0.43733355781250005 0.8287479953125001 0.4340378625 0.8079925078124999 0.4133234453125 0.8112613640624999
1 0.403213859375 0.663339471875 0.40315115468749996 0.6630372890625 0.39420940625 0.664435753125 0.3942600671875 0.6647569828125001 0.3745181078125 0.6679435 0.377389325 0.6858862796875 0.394526140625 0.6832062859375 0.3949312171875 0.6857026625 0.40561109687499997 0.684040021875 0.4051877859375 0.681560315625 0.413754775 0.6801114875 0.41095973125 0.6622014953125 0.403213859375 0.663339471875
13 0.37221756875 0.7190935546875 0.3762173578125 0.7444768171875 0.40206240156249995 0.7404116796875 0.39582263125 0.70068541875 0.36526768125000003 0.7055237171875001 0.36746859062500004 0.7198020125 0.37221756875 0.7190935546875
7 0.297170328125 0.7036243875 0.305990465625 0.7595261234375 0.352734778125 0.7522346828125 0.3437984203125 0.6961948421875 0.297170328125 0.7036243875
13 0.2423196375 0.707360284375 0.2483174546875 0.74536759375 0.2658174296875 0.7424660484375 0.2597563671875 0.7045433390625 0.2423196375 0.707360284375
2 0.2969477515625 0.7230198703124999 0.2962092578125 0.7186759406250001 0.29620016875 0.71836356875 0.29619577656249996 0.7181961984375 0.2645982578125 0.7231360796875 0.2710698015625 0.7645430625 0.3025910609375 0.759681603125 0.296816796875 0.7233980140625 0.2969477515625 0.7230198703124999
10 0.2575583734375 0.7933442765625001 0.2638366828125 0.8330533765625001 0.28508998124999996 0.82971563125 0.2788561078125 0.7900295046875 0.2575583734375 0.7933442765625001
10 0.3495315203125 0.7217026171875001 0.35378802187499997 0.74856906875 0.36425010156250004 0.7469435359375 0.360020065625 0.7200328046875 0.3495315203125 0.7217026171875001
3 0.397226009375 0.6977447546875 0.4043093921875 0.7426849015625 0.42320749218750003 0.7397235828125 0.4145520203125 0.6850176265625 0.3764774546875 0.6910334140625001 0.3780648921875 0.700737659375 0.397226009375 0.6977447546875
1 0.2371072171875 0.7242533484375 0.2363997671875 0.7195911515625 0.24222360312500002 0.71866924375 0.23989410625000002 0.70377944375 0.2339325625 0.7046993796875001 0.2338422921875 0.7042161984375 0.2249156421875 0.7056524109375 0.22497306093749997 0.7061194328125 0.21741220781249998 0.7073118625 0.22047679375 0.7269182562500001 0.2232404703125 0.726479690625 0.22364399218750003 0.7290263593749999 0.23434708437500001 0.7274389015625 0.2339279453125 0.7247880109375 0.2371072171875 0.7242533484375
10 0.286621115625 0.6870219734375 0.288018678125 0.69579650625 0.2939895171875 0.6947783609375 0.292609446875 0.686066165625 0.286621115625 0.6870219734375
8 0.30304912812499996 0.7621817515625 0.302962671875 0.761707134375 0.24576005781250002 0.7708208296875 0.2458553046875 0.771395865625 0.22898101718750002 0.77402396875 0.2319920984375 0.79332579375 0.23418027968750002 0.793008334375 0.23415431875 0.7928539875 0.31759459687499997 0.7796234953125001 0.3237676609375 0.8185122968749999 0.32367488906249997 0.8185689953124999 0.3244662375 0.8234349999999999 0.3840480140625 0.8139564453125001 0.3830564453125 0.8076265671874999 0.3828108453125 0.80736305625 0.3734204859375 0.7477642453125 0.36838139999999997 0.7485625296875 0.36841258125 0.748694028125 0.3645830609375 0.749300984375 0.3645558953125 0.7490017921875001 0.3526155125 0.750837390625 0.353081371875 0.753850603125 0.30628854687499996 0.761194428125 0.30636437656250004 0.7616720671875 0.30304912812499996 0.7621817515625
10 0.365593 0.66931403125 0.36788645 0.6836657203125001 0.3750910234375 0.6825412671875 0.3727926359375 0.6681592796875 0.365593 0.66931403125
1 0.354481865625 0.6762313718749999 0.3544119328125 0.6757938671875 0.345353909375 0.6772116046875001 0.3454316046875 0.677631971875 0.319053771875 0.681864196875 0.3189835171875 0.6814182843750001 0.30172948593750004 0.6841384921875 0.3017924171875 0.6845449078125 0.2942522453125 0.6858221999999999 0.29600732500000004 0.69690561875 0.2857141890625 0.6985072453125001 0.285385940625 0.6965598984375 0.28343239531250003 0.69687038125 0.2833373640625 0.6963841890625 0.26608905312500003 0.6991172437500001 0.26615850625 0.6995498312499999 0.2608688015625 0.700415228125 0.2637166390625 0.7182709265625 0.2687224359375 0.7175131203125 0.26889103593749997 0.7184180953125 0.286633303125 0.7155728703124999 0.2864848828125 0.7147170625 0.2950784078125 0.7133316749999999 0.29280501718749996 0.6993285234375 0.30472587500000003 0.6974759609375 0.3048457359375 0.6983290906249999 0.32269730937499996 0.69547966875 0.32255919375 0.69461243125 0.346481428125 0.6907962015625 0.3512020296875 0.7206527031250001 0.3655448 0.7183084921875 0.363134465625 0.70328706875 0.37627973593749997 0.7011459171875 0.3736602828125 0.6851246734374999 0.3666418125 0.686263759375 0.3647937140625 0.6746179953125 0.354481865625 0.6762313718749999
2 0.3864880921875 0.8118883 0.43348613125 0.8044291609374999 0.4232782609375 0.73998625625 0.3764230296875 0.747239853125 0.3858560796875 0.8066195421875 0.3857425421875 0.8071866234374999 0.3864880921875 0.8118883
10 0.24831071875 0.7479224640625 0.2514744984375 0.7678284796875 0.2696834640625 0.7649174265625 0.2665554515625 0.745118634375 0.24831071875 0.7479224640625
10 0.23820354843749997 0.721218490625 0.24046833437499998 0.7356479359375 0.24484960312499998 0.73499715 0.2425451234375 0.7205169625 0.23820354843749997 0.721218490625
2 0.2162486421875 0.7998152796875 0.222520178125 0.8395975218749999 0.26213454999999997 0.833294684375 0.255936871875 0.7936437546875 0.2162486421875 0.7998152796875
10 0.3746768546875 0.7451541421875 0.3709449484375 0.7215980109375 0.36616443125 0.7223547171875 0.365643528125 0.7188682953125001 0.36374565312499996 0.71915399375 0.368040034375 0.7462054046875 0.3746768546875 0.7451541421875
2 0.3216921109375 0.8239038765625001 0.320913265625 0.8189929656249999 0.3207867609375 0.818897065625 0.3153440046875 0.7842070375 0.280252175 0.789734615625 0.28658331875 0.8294509812499999 0.3216921109375 0.8239038765625001
1 0.2360368953125 0.8607983078125001 0.23610317187500002 0.8612237578125 0.256837259375 0.8579529828125001 0.256763503125 0.857491525 0.2712503765625 0.8552251156249999 0.2713098390625 0.8556621515625 0.2849462625 0.853487046875 0.28487329843750003 0.853023525 0.29744532343749996 0.85104695 0.2975062234375 0.8514987390625001 0.3182395078125 0.8482146390624999 0.31816798125 0.847765871875 0.335240846875 0.8450613296875 0.335310946875 0.8455107328125001 0.3806533515625 0.8383166687499999 0.380590221875 0.8378521890625 0.3975612828125 0.835218628125 0.39763201718749996 0.8356694593749999 0.41477181406249997 0.8329385374999999 0.414641184375 0.8323570203124999 0.4149114640625 0.8322726015624999 0.41170380937499995 0.8119876046875 0.39397577500000003 0.8147649187500001 0.3941125046875 0.8156943468750001 0.388023390625 0.8165889828124999 0.38828644218749997 0.8183053812500001 0.377991596875 0.8199607890625 0.37786426562500003 0.8190870406249999 0.33193349843750003 0.8263771546875001 0.332071896875 0.8271912453124999 0.3156881640625 0.8298455203125 0.315547496875 0.828957184375 0.294293125 0.8323501406249999 0.294413121875 0.833169003125 0.2823568265625 0.8350938375 0.2822196703125 0.8342364359375001 0.2679548875 0.8364792203125001 0.2680941171875 0.837352803125 0.25427539375 0.8395064515625 0.2541469765625 0.8386725234375 0.232790103125 0.8420427015625 0.23292108125 0.8429131171875 0.22326804843749998 0.8444503890625 0.22613809843750002 0.8623098796875001 0.2360368953125 0.8607983078125001
2 0.6773335703125001 0.7590337734375 0.6765682171875 0.7541339578125 0.676440284375 0.7540386953125 0.6714321296875 0.7223569796875 0.6399599828125 0.7273556359375 0.64572975625 0.7640517124999999 0.6773335703125001 0.7590337734375
2 0.64409760625 0.7643234343749999 0.6382513171875 0.7275553828125 0.6150647046875 0.7313297234375 0.6150919265625 0.7314715374999999 0.6031771015625 0.7333299656250001 0.6089475859375 0.7699008671875001 0.64409760625 0.7643234343749999
10 0.646284021875 0.6612289671875 0.6524723390625 0.7006360609375 0.6758372828125 0.696878103125 0.6688907656249999 0.6528331171875 0.64541588125 0.6565938453125 0.6461437921875001 0.6612520625 0.646284021875 0.6612289671875
13 0.6286065171875 0.6827858734375 0.6461475234375 0.6802799687500001 0.6401844171875 0.6439179734375 0.6228840734375 0.646657090625 0.6286065171875 0.6827858734375
10 0.6286961703125 0.6857185796875 0.6315302375 0.703866040625 0.6495601921875 0.7011099453125 0.6466813250000001 0.6828695453125 0.6286961703125 0.6857185796875
1 0.6191410453125 0.6778411453125 0.615554825 0.6553267593750001 0.6206665828125 0.654545721875 0.618868296875 0.6433806265625 0.600675334375 0.6462623187500001 0.6055594359375001 0.6772313109375 0.6081300578125 0.6768239656249999 0.6085670015625 0.6795302125 0.6191410453125 0.6778411453125
10 0.72879163125 0.6863206374999999 0.7245489859375 0.659535246875 0.7281254703125 0.6589400375000001 0.726078740625 0.6460759875 0.7191884453124999 0.6471956343749999 0.7197741359375 0.6510158078125 0.7199290734375 0.6511640421875 0.7255566515625 0.6868185296875 0.72879163125 0.6863206374999999
8 0.732699121875 0.75028474375 0.7317972484374999 0.7445289546875 0.731660115625 0.7444360765625 0.7231845984375 0.6912560359375 0.61152950625 0.7092065296875 0.6147063890625 0.7292572234375 0.671381340625 0.7203835921875 0.67126849375 0.7198266531249999 0.67399430625 0.719468228125 0.6794082421875001 0.75375546875 0.6793359640625 0.7538543546875001 0.68007284375 0.758640278125 0.732699121875 0.75028474375
6 0.6117043828125001 0.7090346000000001 0.6253760328125 0.706869465625 0.6250911203125 0.70520385 0.6298575 0.7044192296875 0.6259306140625001 0.678923121875 0.6076320125 0.6818364531250001 0.6109424859375 0.7028709937500001 0.610795446875 0.7031553875000001 0.6117043828125001 0.7090346000000001
10 0.72405171875 0.6138794109375 0.725931446875 0.6256154265625 0.7344437953125 0.624308940625 0.732541228125 0.61258309375 0.72405171875 0.6138794109375
10 0.6192762562499999 0.6590062234375 0.6221152625 0.6771839828124999 0.625767284375 0.6766201374999999 0.6228946468750001 0.65844366875 0.6192762562499999 0.6590062234375
1 0.7455818984375 0.636775178125 0.7463168703124999 0.6415568203124999 0.7570519203125 0.6398336984374999 0.756736371875 0.6378995109375001 0.762066565625 0.6370827921875 0.7601335640625 0.6249121171875001 0.735183953125 0.629255890625 0.734781328125 0.6266267234375 0.724678421875 0.628244565625 0.7224632125 0.6141761703124999 0.6644386843750001 0.6233530703125 0.666383221875 0.635453615625 0.64412496875 0.6389121156249999 0.6461095875 0.6514138546875 0.710718571875 0.6411679593749999 0.7108833234375 0.6422525265625 0.7455818984375 0.636775178125
2 0.734484934375 0.7438505609375 0.7352789359374999 0.748891553125 0.7774012796875 0.7422058421875 0.7679223296875 0.6825079359374999 0.7259370171875 0.6891326359375001 0.73457176875 0.7436921734374999 0.734484934375 0.7438505609375
3 0.7439383828125 0.644888871875 0.75033024375 0.6852640609375 0.7678799359374999 0.682454975 0.761555965625 0.6420632421875 0.7439383828125 0.644888871875
1 0.7381200109375 0.7527833890625 0.7381955578125 0.7533141750000001 0.7365393078125 0.7536085984375 0.7366614390625 0.754535975 0.726667359375 0.7561447015625 0.7265362750000001 0.7553547218750001 0.6874908453125 0.7614641125 0.6876288046875 0.762334840625 0.6712867609375001 0.764932928125 0.6711540921875 0.7641470734375 0.6533906671875 0.7669025171875 0.65351670625 0.767742634375 0.6361879609375001 0.770475584375 0.6360391015625 0.7696764125 0.6181781421875 0.77248554375 0.6183067046875 0.7733005937499999 0.6086251125000001 0.7748351859375 0.6091362046875 0.778119021875 0.6088657375000001 0.7781607640625 0.6111425828125 0.7928362640625 0.621498984375 0.791180815625 0.62158241875 0.79164480625 0.63874841875 0.788953528125 0.638683853125 0.7884742953125 0.6566318953125 0.7856417859375 0.6567027859375 0.7860891265625 0.6739439703125 0.7833746374999999 0.673863203125 0.7828667 0.690818384375 0.78021284375 0.6908883171875 0.7806503484375 0.7292289125 0.774598215625 0.7291581765624999 0.774147384375 0.7414751046875 0.7721817640624999 0.7415599671875001 0.7726451187500001 0.7589291484375 0.7698839046875 0.7556566703125001 0.7499373453125 0.7381200109375 0.7527833890625
13 0.72668199375 0.661698440625 0.7304498390624999 0.6856234046874999 0.7479735546875 0.68287890625 0.7418184703125 0.6440727484375001 0.7278896796875001 0.646278821875 0.730227575 0.6611529093749999 0.72668199375 0.661698440625
11 0.7573808765625001 0.749000353125 0.7605184265625 0.76907026875 0.7824062125 0.7655748874999999 0.779257596875 0.7455646312499999 0.7573808765625001 0.749000353125
7 0.6775765781249999 0.6986333546875 0.7230430671875 0.6912301109375 0.7227337781250001 0.689406021875 0.7229542765625 0.6893711328125 0.7169135359375 0.6512290000000001 0.71698930625 0.6511302718749999 0.71647230625 0.6477909140625 0.7083518171875001 0.6490939703125 0.707957584375 0.646683415625 0.6702778281249999 0.6525986796875001 0.6775765781249999 0.6986333546875
6 0.22403664843749999 0.7404187640625 0.22926579375 0.7733036796875 0.24543864218749997 0.7708288140625 0.2451520953125 0.7690903796875 0.25012566718749996 0.76830245 0.24502525937500003 0.737227940625 0.23919054375 0.7382521843750001 0.23773946562499998 0.7291576921875 0.22226084687499997 0.7316091 0.2236610109375 0.7404816765625 0.22403664843749999 0.7404187640625
13 0.512432434375 0.2150177640625 0.5160970828125 0.23834215468750003 0.53364716875 0.23564919843749998 0.5275598375 0.19734480000000001 0.5134830453125 0.19957572031249998 0.51582711875 0.21443679375000002 0.512432434375 0.2150177640625
2 0.6593032609375 0.2174718734375 0.64945866875 0.154928221875 0.6131909078125 0.16064583906250002 0.6197429875 0.203174884375 0.6077894953125 0.2051001296875 0.6109915328125 0.2250421328125 0.6593032609375 0.2174718734375
10 0.6342911140624999 0.1342914015625 0.6333810546875001 0.1344485828125 0.6354145140624999 0.14715605625 0.6362831984375 0.14704808281249998 0.636709075 0.1498139890625 0.6482891796875 0.14799512343750001 0.6453882046875 0.129670496875 0.6338314390625001 0.1315148890625 0.6342911140624999 0.1342914015625
10 0.6494787296875 0.22603815156249998 0.6493875015625 0.22554513437499998 0.6252264859375 0.229335978125 0.6253104406250001 0.2298664421875 0.6023566328125 0.23350292499999997 0.6022928578125 0.233021628125 0.5710273531250001 0.2379043375 0.5711246437499999 0.2384493875 0.555925690625 0.2408566671875 0.555840671875 0.24039680156249998 0.53859564375 0.24305655937499998 0.538691809375 0.2435798765625 0.48887025 0.2514238390625 0.4976233546875 0.306229996875 0.6693767703125 0.279027634375 0.660717425 0.22422077968749998 0.6494787296875 0.22603815156249998
13 0.19028324375 0.23838332968749998 0.1971097859375 0.283342046875 0.2243962015625 0.27887633125 0.2172465828125 0.234056325 0.19028324375 0.23838332968749998
7 0.2553837875 0.385027959375 0.24248922187500002 0.30266103125 0.2037292859375 0.30865870625 0.21674997812500002 0.3912705046875 0.2553837875 0.385027959375
1 0.125873378125 0.24526179374999998 0.13890258125 0.24321336875 0.1340067578125 0.211787796875 0.1207884203125 0.21379557187499998 0.125873378125 0.24526179374999998
10 0.2438593421875 0.302476896875 0.2467319953125 0.32091846562500004 0.28234935 0.31527663281249996 0.279424165625 0.29680543125000003 0.2438593421875 0.302476896875
10 0.24439661093749998 0.27764942187499997 0.241333753125 0.25850405625 0.223538359375 0.261379778125 0.22657191718749997 0.280601471875 0.24439661093749998 0.27764942187499997
2 0.290453575 0.2404212609375 0.29497671406250003 0.26890844375 0.338600940625 0.261923490625 0.32972657656250004 0.20582697187500001 0.2862558859375 0.2127572484375 0.290590146875 0.2403861109375 0.290453575 0.2404212609375
10 0.25069575624999996 0.3244660921875 0.25151822031250004 0.3296055859375 0.255011925 0.329062628125 0.2541693203125 0.323935521875 0.25069575624999996 0.3244660921875
2 0.1744220203125 0.2416464703125 0.1762643390625 0.25318705625 0.190406509375 0.2509800484375 0.18802743125000002 0.23596352187499997 0.212546496875 0.232143253125 0.20902695468750002 0.2106698703125 0.1850166796875 0.21449964375000002 0.1781408203125 0.1710320890625 0.1323115828125 0.17807004531249998 0.1425367984375 0.2425941671875 0.14468054218749998 0.24225373281249998 0.1446167625 0.242006759375 0.1739394671875 0.23736646718749999 0.1746693265625 0.24160648906249999 0.1744220203125 0.2416464703125
2 0.283872946875 0.3149454890625 0.2905953203125 0.35757659375 0.32720011875 0.351720890625 0.31759370625 0.29094918125 0.28089004375000004 0.29676338125 0.2837750796875 0.3149753796875 0.283872946875 0.3149454890625
0 0.46064793125000003 0 0.3567672359375 0.016453196875 0 0.1752962046875 0 0.53935206875 0.016453196875 0.6432327640625 0.1752962046875 1 0.53935206875 1 0.6432327640625 0.9835468031250001 1 0.8247037953125 1 0.46064793125000003 0.9835468031250001 0.3567672359375 0.8247037953125 0 0.46064793125000003 0
10 0.21212217656250001 0.219880684375 0.21397034062500003 0.23186849375000002 0.2171187078125 0.231383509375 0.21523944374999998 0.21938731093750002 0.21212217656250001 0.219880684375
1 0.19271278125 0.3852400125 0.1942314265625 0.39479358593749997 0.21470207343749997 0.3913921 0.21032858906250002 0.36346770156249997 0.18507969062500002 0.36745042968749997 0.1880329859375 0.38596555781249997 0.19271278125 0.3852400125
6 0.2507141859375 0.246719896875 0.255306990625 0.2759628328125 0.2598465359375 0.2752296046875 0.26015797812499997 0.2771929859375 0.27578238125 0.27471943125 0.270835125 0.2434895046875 0.26979863125 0.24365850781249998 0.26924329375 0.24016005156250003 0.2576301921875 0.241981634375 0.25816285781250004 0.2455021578125 0.2507141859375 0.246719896875
3 0.17968666093750002 0.1707509046875 0.186237115625 0.212254453125 0.20875185468750002 0.20872280625 0.20217878281249999 0.167083946875 0.17968666093750002 0.1707509046875
11 0.11597365156249999 0.1825904671875 0.12049138906250001 0.21130753281249998 0.13465465000000001 0.209082584375 0.1300932671875 0.1803404796875 0.11597365156249999 0.1825904671875
13 0.23162340312500002 0.2587601265625 0.23142310625 0.25742285625 0.24063401093749998 0.2559182375 0.23489771718750002 0.21947407187499998 0.217553309375 0.2222755671875 0.22343960625 0.26005544999999997 0.23162340312500002 0.2587601265625
8 0.1822806578125 0.2898913796875 0.149507403125 0.2950793625 0.14946737968749998 0.2947705015625 0.1354329515625 0.297008215625 0.1471191953125 0.371044859375 0.21153709687500002 0.36069247656250003 0.202997321875 0.30677651250000004 0.3172155640625 0.2888820875 0.3140919453125 0.26876663125 0.195983396875 0.28771924531250004 0.19526624374999998 0.283258059375 0.19551829062499998 0.28319031093749997 0.190723984375 0.2529492953125 0.176562378125 0.255277840625 0.18145238125000002 0.28605264375 0.18170128125 0.2860239234375 0.1822806578125 0.2898913796875
10 0.1926574375 0.395453321875 0.19143715 0.387749228125 0.1867940078125 0.3884841109375 0.1834609625 0.367625525 0.178843025 0.3683286625 0.18335908750000002 0.3969113546875 0.1926574375 0.395453321875
10 0.27172405781250003 0.2418366046875 0.27643953906249996 0.27186984375 0.2934960765625 0.269186253125 0.2887242609375 0.23913020624999998 0.27172405781250003 0.2418366046875
2 0.1489451109375 0.2913770484375 0.1488905765625 0.290954921875 0.1800268890625 0.2859894828125 0.1729808609375 0.24188617968749998 0.12775259375 0.2487027453125 0.1348781640625 0.29362239843750004 0.1489451109375 0.2913770484375
10 0.5234736984375 0.140147778125 0.5276843765625 0.1670534453125 0.5537130859375 0.1629167953125 0.5547158171875 0.169575225 0.5971507859375 0.1627811109375 0.596102584375 0.156216471875 0.6338123062500001 0.1502724734375 0.63095503125 0.132299540625 0.6021225109375 0.136880653125 0.6006837453125 0.127932903125 0.5234736984375 0.140147778125
8 0.5539487249999999 0.17679928125 0.5547214765625 0.18161199374999998 0.5548316140625 0.18166728906250001 0.5597773109374999 0.21269779687499998 0.532573440625 0.2169916421875 0.5357290171875 0.236971434375 0.6087100999999999 0.22541137187500002 0.6050797453125 0.20333567656249998 0.6047923046875 0.20338155468750002 0.6002069203125 0.17456632968750002 0.6003013515625 0.1743789046875 0.5995369968750001 0.16955048125 0.5539487249999999 0.17679928125
10 0.6031870078125 0.174152846875 0.6040375109375 0.1797125796875 0.6143255515625 0.1780841453125 0.61132033125 0.1590106109375 0.6010030546875 0.1605733828125 0.603037165625 0.17403142031250002 0.6031870078125 0.174152846875
10 0.5283376093750001 0.18268443437499998 0.53372220625 0.21650241406249998 0.557380496875 0.2127541 0.5519928875 0.17894088125000002 0.5283376093750001 0.18268443437499998
10 0.5267638765625 0.1723463828125 0.5279943609375 0.18011948125 0.55279591875 0.1762076453125 0.551573196875 0.1684174078125 0.5267638765625 0.1723463828125
10 0.514852303125 0.2421768546875 0.510165325 0.2127877078125 0.51364413125 0.21226506562499997 0.5113168625 0.19738795625 0.5272874359374999 0.1949159203125 0.5247038500000001 0.178671753125 0.5249996875 0.1786101625 0.5243827249999999 0.1745199890625 0.479527003125 0.18163932968750002 0.48016499843749993 0.1858689390625 0.480284971875 0.185923278125 0.48871192187499995 0.23931308125 0.48866745 0.23947826249999998 0.48973321406250003 0.24621296093749998 0.514852303125 0.2421768546875
10 0.6074303796875 0.20301430312500002 0.607475778125 0.20329682500000001 0.6182316234375 0.20159352031250002 0.6147945734375 0.180355359375 0.6044250140625 0.1820235078125 0.6077481171875 0.20296348593750002 0.6074303796875 0.20301430312500002