0 0.35189375 0 0 0.22852187499999999 0 0.2464640625 0.4893515625 1 0.64810625 1 1 0.771478125 1 0.7535359374999999 0.5106484375 0 0.35189375 0
10 0.5718062500000001 0.7556109375 0.5820734375 0.7712749999999999 0.592653125 0.7639765625 0.5824765625 0.7483593749999999 0.5718062500000001 0.7556109375
5 0.580915625 0.738390625 0.596446875 0.7621890625 0.6144437500000001 0.7516546875000001 0.5640968749999999 0.6744515625 0.5556328125000001 0.6799078125 0.483665625 0.5690593749999999 0.4919875 0.5634421875 0.44206406249999997 0.486390625 0.4246078125 0.49875468749999996 0.4352265625 0.5150187500000001 0.41603593749999995 0.5278640625000001 0.4253671875 0.5421437499999999 0.4219828125 0.5445562500000001 0.4439046875 0.5784312500000001 0.4474125 0.5762375 0.46666875 0.60595 0.4722640625 0.6022296875 0.5667625000000001 0.747625 0.580915625 0.738390625
13 0.5160890625000001 0.5789015625 0.5351734375 0.6084203125000001 0.5512296875 0.597565625 0.5317406250000001 0.567265625 0.5160890625000001 0.5789015625
10 0.5143703125 0.612571875 0.53671875 0.646896875 0.5432828125 0.6425484375 0.521053125 0.6083171875 0.5143703125 0.612571875
10 0.487703125 0.5715578125 0.5120296875 0.6090109375 0.51871875 0.6045828125 0.494184375 0.5669625 0.487703125 0.5715578125
10 0.529246875 0.6133765624999999 0.5338078125 0.6103234375000001 0.5142703125 0.5801203125 0.50965625 0.583203125 0.529246875 0.6133765624999999
10 0.4567640625 0.485265625 0.47169375 0.47585468750000004 0.4634796875 0.46324375 0.44103125 0.47770625000000005 0.481596875 0.5403875 0.4894078125 0.535109375 0.4567640625 0.485265625
13 0.4612015625 0.48851093749999996 0.49087500000000006 0.5340843750000001 0.50371875 0.525225 0.474225 0.47925781250000005 0.4612015625 0.48851093749999996
13 0.4866890625 0.5419296874999999 0.5101140625 0.5775734375 0.53115625 0.5629609375 0.5085968750000001 0.5284296875 0.4866890625 0.5419296874999999
10 0.5389125 0.6503687499999999 0.5549265625 0.6749828124999999 0.5616218749999999 0.670753125 0.5454453125 0.645759375 0.5389125 0.6503687499999999
2 0.4564375 0.40583749999999996 0.5037874999999999 0.47893125000000003 0.5378734374999999 0.45745781250000006 0.5414765625 0.46315156249999995 0.5646265625 0.44778124999999996 0.5571765625 0.436384375 0.5548124999999999 0.437815625 0.5149734375 0.376528125 0.5171390625 0.375046875 0.5130015625000001 0.3684140625 0.4564375 0.40583749999999996
2 0.32720937499999997 0.42647031249999995 0.3238046875 0.421375 0.369496875 0.390909375 0.306296875 0.2936625 0.240021875 0.336771875 0.2497140625 0.35194375 0.252084375 0.35031093750000003 0.29601875 0.41827812499999995 0.293946875 0.41962343750000003 0.30670156249999997 0.4392046875 0.32720937499999997 0.42647031249999995
13 0.329271875 0.42532812499999995 0.37778125 0.50019375 0.40124843749999994 0.4843984375 0.35307656249999997 0.40973125 0.329271875 0.42532812499999995
10 0.379834375 0.5040218750000001 0.38515156250000004 0.512340625 0.40980625000000004 0.49658281249999997 0.4043140625 0.488125 0.379834375 0.5040218750000001
10 0.4052421875 0.51133125 0.41314375 0.523290625 0.43074375 0.5120328125 0.42272499999999996 0.49959375 0.4052421875 0.51133125
6 0.37996875 0.44563593749999997 0.4121046875 0.495034375 0.43739531249999997 0.478996875 0.4050640625 0.4293390625 0.37996875 0.44563593749999997
9 0.441925 0.47622656250000006 0.4392359375 0.4721203125 0.4605671875 0.4582078125 0.4349265625 0.419359375 0.4112703125 0.43490624999999994 0.43924375 0.4779265625 0.441925 0.47622656250000006
4 0.36704375 0.5360640625 0.42870625 0.6309765625 0.46343750000000006 0.608421875 0.4017421875 0.513465625 0.36704375 0.5360640625
12 0.5385093750000001 0.8001296874999999 0.5785625 0.7736703125 0.474371875 0.6119953125 0.43347187500000006 0.6390046875000001 0.5385093750000001 0.8001296874999999
11 0.5829187499999999 0.516128125 0.6111015625 0.559525 0.629321875 0.5473890625 0.6009234375 0.503975 0.5829187499999999 0.516128125
2 0.5490296875 0.4704890625 0.543403125 0.4620125 0.5369671874999999 0.46680625 0.5371140624999999 0.46795 0.488784375 0.49793750000000003 0.5535062500000001 0.5967875 0.600740625 0.566003125 0.6010984374999999 0.566025 0.6082578125 0.5620140625000001 0.5771296875 0.5138234374999999 0.5745890625000001 0.5156453125 0.546421875 0.472271875 0.5490296875 0.4704890625
10 0.3386328125 0.273046875 0.3493671875 0.289703125 0.36169531250000003 0.2817703125 0.35075781250000004 0.26487656249999997 0.3386328125 0.273046875
7 0.3661859375 0.2845671875 0.35015625 0.2949765625 0.336646875 0.2738828125 0.31005625000000003 0.29135468750000004 0.3758546875 0.3931671875 0.418353125 0.3641203125 0.3661859375 0.2845671875
8 0.48538437500000003 0.4926109375 0.5020421875000001 0.4800984375 0.44957343749999995 0.39941875 0.5083015625 0.361809375 0.4941140625 0.3397875 0.4919203125 0.3409125 0.429646875 0.24505 0.43218750000000006 0.24348593749999997 0.41747968750000003 0.2208640625 0.35275 0.2637921875 0.418353125 0.3641203125 0.3543734375 0.40703281249999995 0.37948593750000004 0.44590625 0.4324671875 0.4108609375 0.48538437500000003 0.4926109375
1 0.551253125 0.46740000000000004 0.5796796875 0.510996875 0.598365625 0.499628125 0.5696046875 0.45582500000000004 0.551253125 0.46740000000000004