9 0.603391415625 0.42966796093750004 0.650671165625 0.4272247671875 0.6492819671875 0.40360221406249996 0.6419863765625 0.40407278125 0.6410251625 0.3854643328125 0.6011991484375 0.3876384984375 0.603391415625 0.42966796093750004
2 0.784562740625 0.525715503125 0.734529115625 0.528300428125 0.7390159109375001 0.621224846875 0.78940331875 0.61839346875 0.784562740625 0.525715503125
10 0.7539382812500001 0.4081479703125 0.716312684375 0.409793984375 0.7183828765625 0.44928658906249996 0.756216559375 0.4473050578125 0.7539382812500001 0.4081479703125
11 0.579591571875 0.6306079 0.6109601109375 0.62898375 0.6099498890625 0.6111257390625 0.6086946625 0.61111846875 0.6079470109375 0.5988442140625 0.578008165625 0.6004065062499999 0.579591571875 0.6306079
1 0.61311985625 0.6320021984374999 0.6461689015625 0.6300574328125 0.6444955 0.596884146875 0.6407122671875001 0.5971917046875 0.6405897031250001 0.595602609375 0.611145721875 0.596985621875 0.61311985625 0.6320021984374999
10 0.196576790625 0.40605033749999997 0.1510095390625 0.40833312812500006 0.1525227421875 0.43526134531249994 0.19790379375 0.43305974531249997 0.196576790625 0.40605033749999997
12 0.8361144312500001 0.279052053125 0.7545559359375 0.2838934421875 0.75812573125 0.3518357046875 0.8396514109375 0.34679000000000004 0.8361144312500001 0.279052053125
2 0.787080125 0.5261374453125 0.7882042171875 0.5485422296875 0.7915970812500001 0.6140011359375 0.8475261453125 0.6113005046875 0.8428563984374999 0.52366219375 0.787080125 0.5261374453125
10 0.2423505046875 0.44239325 0.23577744374999998 0.4426926390625 0.2375959296875 0.479138259375 0.24410090312500002 0.4787973484375 0.2423505046875 0.44239325
6 0.20622047812500002 0.555019453125 0.20449074375 0.5147971625000001 0.1893108734375 0.515576225 0.18905461875000001 0.5109132562500001 0.1693381734375 0.5118751968749999 0.1695600234375 0.516572296875 0.158983221875 0.5171987421875001 0.161221175 0.559707290625 0.16928394687499998 0.5591773640625 0.1693364640625 0.559909965625 0.19158668437499998 0.558722990625 0.1914546296875 0.5557219359375 0.20622047812500002 0.555019453125
13 0.5949598484374999 0.4928127953125 0.6384617921875 0.490243728125 0.6368562828125001 0.463112028125 0.620196375 0.46387444999999994 0.61955353125 0.4486048546875 0.5930428828125 0.44988425468750004 0.5949598484374999 0.4928127953125
2 0.2385082359375 0.5914590859375 0.1881986140625 0.5943652953125 0.19307224375 0.6873671984375 0.2435839578125 0.6846651953125 0.2385082359375 0.5914590859375
10 0.75609475625 0.451241825 0.736069515625 0.4521017984375 0.73827161875 0.49267819843750005 0.758206896875 0.49156238593749996 0.75609475625 0.451241825
10 0.1128776953125 0.3418838421875 0.103497096875 0.3425079171875 0.1077690640625 0.4293449984375 0.11719201562499999 0.42871232968750006 0.1128776953125 0.3418838421875
10 0.9170506265625 0.37877065 0.9059897609374999 0.379350928125 0.9089375703125 0.43068364218750005 0.9199361500000001 0.4301978 0.9170506265625 0.37877065
8 0.2287924328125 0.511176296875 0.23118794999999998 0.5566317859375001 0.16133975 0.5607765 0.16299385 0.5923352390625001 0.24319809218750002 0.58768289375 0.248342084375 0.6843614421875001 0.331890671875 0.6802674109375 0.32289737500000004 0.5062408656249999 0.32159461562499997 0.4862160734375 0.30833689375 0.48694834687500005 0.309385653125 0.5072093734374999 0.2287924328125 0.511176296875
10 0.7670782921875 0.3570190578125 0.7582603578125 0.357308809375 0.762609828125 0.4386997765625 0.771189178125 0.43795866875 0.7670782921875 0.3570190578125
9 0.31112710312499997 0.481967196875 0.33330662968749997 0.48087498125000006 0.3331397265625 0.47819901875 0.356376240625 0.4769799859375 0.3540022453125 0.431684240625 0.30866844531250004 0.43433002343749993 0.31112710312499997 0.481967196875
10 0.5926598937499999 0.4459892234375 0.62207223125 0.44425085937500003 0.6230276515625001 0.46006885468750003 0.63696560625 0.4590166203125 0.63544115625 0.43187106249999996 0.5921829203125 0.43399639062500006 0.5926598937499999 0.4459892234375
3 0.39536109062499997 0.539486790625 0.394088034375 0.514911165625 0.383438509375 0.5154434203125 0.3833156328125 0.513377271875 0.36137457500000003 0.514501853125 0.36301544375 0.541359546875 0.39536109062499997 0.539486790625
13 0.8383773124999999 0.4471162578125 0.8083053250000001 0.44862152499999997 0.812030759375 0.5211774828125 0.8425937187500001 0.5193612625 0.8383773124999999 0.4471162578125
10 0.3355671265625 0.48439247031250005 0.3241578046875 0.48511591718749997 0.3250981171875 0.5028169140625 0.3364913703125 0.5022648171874999 0.3355671265625 0.48439247031250005
6 0.794188546875 0.4418771265625 0.774513778125 0.4427674890625 0.7746274734374999 0.44728697500000003 0.7609394828125 0.44823989218750004 0.7632387875 0.4887388078125 0.776902334375 0.48825344375 0.7769750953125001 0.49082936093749996 0.8077466265625001 0.48918196406250003 0.8054818859375 0.44574121718750004 0.794368346875 0.44607641875 0.794188546875 0.4418771265625
2 0.39681888125000003 0.5438097843749999 0.329990515625 0.547184665625 0.33426924375 0.642895553125 0.40200170156250004 0.6392156359375 0.39681888125000003 0.5438097843749999
3 0.59348195625 0.4737776046875 0.59135015625 0.47394510468749995 0.5908691296875 0.46424426093750004 0.5521995640624999 0.46578894843749996 0.5538122234375 0.49753888437500005 0.558936959375 0.5933981890625 0.5777189828125 0.5922160234375 0.57250735 0.49690680781249996 0.592659978125 0.49627917187500004 0.59223830625 0.49096807499999995 0.5943498093749999 0.490816453125 0.59348195625 0.4737776046875
3 0.39101476874999996 0.4393983765625 0.35724342187499997 0.44065048281249997 0.36118298125 0.510706328125 0.39466066875 0.5089675234375 0.39101476874999996 0.4393983765625
7 0.7123067625 0.38231482968749997 0.6513453671875 0.38570982656249997 0.654277328125 0.4324623859375 0.640748896875 0.4328670703125 0.6440277125 0.4927838453125 0.7374384359375 0.48788726093749996 0.735208209375 0.4530599609375 0.718666928125 0.4540004671875 0.7186050765625 0.452820484375 0.71636496875 0.453063571875 0.7123067625 0.38231482968749997
10 0.199511628125 0.46252848750000003 0.190698565625 0.462990528125 0.1929625390625 0.5057457578125 0.201715025 0.5053243703125 0.199511628125 0.46252848750000003
10 0.1530223546875 0.5046133015625001 0.12519504374999998 0.5060701375 0.1258537171875 0.5188629125 0.15361026718749998 0.5171587890625 0.1530223546875 0.5046133015625001
10 0.1262136546875 0.497244365625 0.1586039859375 0.49552959375 0.15934184375 0.5073823281250001 0.1630293640625 0.5072439531249999 0.1611141609375 0.47355062031250006 0.125172265625 0.47539796718750005 0.1262136546875 0.497244365625
13 0.3387036578125 0.5053282875 0.3278463875 0.5059855343749999 0.3296725171875 0.5439311640625 0.35934032031249996 0.5425015203125 0.3568975765625 0.48064409374999995 0.337361065625 0.4816490671875 0.3387036578125 0.5053282875
10 0.5519518718749999 0.46305830468750003 0.5906439203125 0.46023109375000004 0.5894276765625001 0.43059313593750004 0.6006786515625 0.4298444078125 0.5982514265625001 0.3878135125 0.548256428125 0.3902700671875 0.5519518718749999 0.46305830468750003
11 0.401733503125 0.6468418546875 0.37192610625 0.6482960234374999 0.3736743390625 0.681391521875 0.40357009843749997 0.67993221875 0.401733503125 0.6468418546875
10 0.7996492734375 0.436647690625 0.8041977515625 0.43623032500000003 0.8037071093750001 0.42419910937500005 0.8349488703124999 0.422547596875 0.83366008125 0.39841682968750003 0.797747109375 0.40033681718749997 0.7996492734375 0.436647690625
10 0.2285272015625 0.5119443265625 0.20862563125000003 0.5129322468749999 0.210780884375 0.5570682609375 0.23080337499999998 0.5561291234375 0.2285272015625 0.5119443265625
4 0.15410040625000002 0.40168391718749996 0.19608556875 0.3994344078125 0.19288195156250001 0.33830741875000003 0.1508940609375 0.3405085421875 0.1518395296875 0.356876575 0.147422196875 0.3572081859375 0.148858475 0.38561933437499996 0.1532284703125 0.3854387875 0.15410040625000002 0.40168391718749996
5 0.8417745062499999 0.2788033953125 0.8450854124999999 0.3383005265625 0.8566571937499999 0.3378228765625 0.857020921875 0.3442869046875 0.845375590625 0.344860584375 0.8458503328125 0.3527187375 0.768142371875 0.3570618296875 0.772375496875 0.4378803140625 0.7986024078125 0.4364860796875 0.796611534375 0.39892337499999997 0.8504547828125 0.3956291796875 0.8735407578125001 0.39467899375000004 0.8801713828125 0.40330605 0.8814953234375 0.4321794125 0.9078682453125 0.43086726249999996 0.9056187046874999 0.38980400312499996 0.9050436171875 0.37770605156250003 0.9170638125 0.3771023 0.915202771875 0.3413255671875 0.9121553640625001 0.341414978125 0.9119678578125001 0.3365914125 0.902194225 0.33712023750000003 0.902474075 0.3419591328125 0.876841471875 0.3433743953125 0.8764934999999999 0.336745996875 0.8882467593750001 0.335761665625 0.8850359484375 0.2767313703125 0.8417745062499999 0.2788033953125
2 0.186026675 0.5947730140624999 0.1300700875 0.5978382359375 0.13479285000000002 0.6903668328125 0.190736378125 0.6874682 0.186026675 0.5947730140624999
2 0.6382056921875 0.49405557031249997 0.5762516703125 0.49701509374999997 0.5812313390625 0.5920530140625 0.64418898125 0.5886278375 0.6382056921875 0.49405557031249997
7 0.30594892812499996 0.4401844828125 0.24512484687499997 0.44346532187500004 0.248152221875 0.50994726875 0.309164271875 0.5071078250000001 0.30594892812499996 0.4401844828125
0 0.48691042500000004 0 0.38128879375 0.0055354953125 0 0.175296203125 0 0.513089575 0.0055354953125 0.61871120625 0.175296203125 1 0.513089575 1 0.61871120625 0.9944645046874999 1 0.824703796875 1 0.48691042500000004 0.9944645046874999 0.38128879375 0.824703796875 0 0.48691042500000004 0
8 0.644132471875 0.49431758437499995 0.6493570515625 0.6023752578125 0.6507941859375 0.6255522953125 0.7346055687499999 0.6210881234375 0.729122734375 0.5246972671875 0.787346721875 0.5221225265625 0.8094726921875001 0.5206487984375 0.8076489328124999 0.4894734640625 0.7372620125 0.49296521875000004 0.737015234375 0.489449109375 0.644132471875 0.49431758437499995
10 0.7219157796875 0.38066716875 0.7150847234375 0.3809172265625 0.7162905 0.40619840468749996 0.7233107453125001 0.40583161562500003 0.7219157796875 0.38066716875
10 0.8108068140625001 0.4446360796875 0.8081387093749999 0.44469002187499995 0.8081978624999999 0.44538374999999997 0.8389532890625 0.44409585937499996 0.8381696140624999 0.431563984375 0.810224921875 0.4330491375 0.8108068140625001 0.4446360796875
10 0.8789320484375001 0.4035841765625 0.8732327578125 0.3962767796875 0.8347535562499999 0.39828745 0.836027184375 0.42252245781250003 0.87682105 0.4207434859375 0.877428790625 0.4323154984375 0.8804367109375001 0.4322488 0.8789320484375001 0.4035841765625
10 0.24637535625 0.48206575156250003 0.20762897656249998 0.484294578125 0.2089370296875 0.5126482218749999 0.247872025 0.5099095359375 0.24637535625 0.48206575156250003
13 0.156764365625 0.5203399937500001 0.126054384375 0.5217376390624999 0.1296236015625 0.5941271203125 0.1604356109375 0.5925130125 0.156764365625 0.5203399937500001
5 0.1896848296875 0.46157414843750005 0.1992825265625 0.461053528125 0.19818833281249998 0.43464000937499997 0.1515836984375 0.43670565625 0.146415746875 0.3407492875 0.11358246875 0.3422182859375 0.11795307343749999 0.42996070625 0.0844527328125 0.43223639062499997 0.086706090625 0.47549406562499996 0.1621406546875 0.471918571875 0.16393371875 0.507339025 0.19205626250000002 0.5058653375 0.1896848296875 0.46157414843750005
1 0.36876944843750004 0.6482322500000001 0.335014296875 0.65023141875 0.3367529 0.6834013296875 0.370759971875 0.6823521390625 0.36876944843750004 0.6482322500000001