13 0.6330456671875 0.6555262296875 0.6104899031250001 0.6684928765625 0.6302919 0.7028440640625 0.6528122671875 0.6897192375000001 0.6330456671875 0.6555262296875
2 0.57494716875 0.6880716796875 0.5719866796875 0.6897033375 0.6117969078125001 0.7587160500000001 0.63462874375 0.7455088234375 0.5949014703125 0.67675854375 0.575117534375 0.6882042609375 0.57494716875 0.6880716796875
11 0.27234102656250003 0.19530496718749998 0.268916290625 0.1971794 0.2926955890625 0.238453853125 0.305158221875 0.2312116390625 0.2813954140625 0.19007200156249998 0.2803042328125 0.1906695203125 0.27928001406249997 0.1888955203125 0.27129346875000004 0.1934686671875 0.27234102656250003 0.19530496718749998
3 0.343871878125 0.15941566093749998 0.32307943125 0.17148333437500002 0.34457178593750004 0.2087466875 0.3739904953125 0.19183576093750002 0.31853760625 0.0957104125 0.3100702109375 0.10054133125 0.31114336875 0.10233759375 0.31097390156250004 0.1024065671875 0.343871878125 0.15941566093749998
10 0.63691509375 0.714697025 0.6521421453125 0.7058804249999999 0.649906890625 0.7020307265625 0.6588510859375 0.6968162765625 0.6562096796875 0.6922412265625 0.631982184375 0.70617485 0.63691509375 0.714697025
1 0.7153413140625 0.9435164703125001 0.7137210984375 0.9406883 0.7131080015625 0.9410170125 0.7014741734375 0.9209447546874999 0.7020059671875 0.9206377234374999 0.6578259015625 0.84407498125 0.6573152015625 0.844418546875 0.6387486984375 0.8122822953125001 0.6393023671875 0.8120131531249999 0.6191696515625 0.7771203921875001 0.6186569140625 0.7774416796875 0.5989777015625 0.7433750328125 0.5995094953125 0.7430680015625 0.5792548078124999 0.7079858546875 0.5787339515625 0.7083118296875 0.5691209765624999 0.6916429187500001 0.5579542281250001 0.69803591875 0.5679647625 0.715415296875 0.5677218765625 0.71557898125 0.5871634515624999 0.7492902765625 0.5874648859375 0.749087375 0.6077948531249999 0.7843624124999999 0.6075242203125 0.7845186625 0.6270637578125 0.818380884375 0.6273695734375 0.8182043218749999 0.646559221875 0.85148551875 0.6462804703125 0.8516464562499999 0.6896914078124999 0.92683640625 0.689970159375 0.9266754687500001 0.703863128125 0.9507387968750001 0.7035734390624999 0.9508807890625001 0.7074402640625 0.9575845765625 0.7198163078125 0.9504392640624999 0.7157189578125001 0.9433236968750001 0.7153413140625 0.9435164703125001
10 0.69274309375 0.7695814578125 0.6745513828125 0.780006865625 0.6912450359375 0.8089429953125 0.70939368125 0.7984648703125 0.69274309375 0.7695814578125
1 0.7980932359375 0.9018126296875 0.7957610359375 0.8977356421874999 0.794521215625 0.898422584375 0.783446521875 0.8792219031249999 0.79025608125 0.8753445281250001 0.7820190546875 0.8610963328125001 0.7823329890624999 0.8609150828125 0.7627569015625 0.8270270546875 0.76245920625 0.8271989296875001 0.7340257796875 0.7779882921875 0.7343506515625 0.7778259859375 0.7240596234375001 0.7600420265625 0.7237349875 0.7601266140625 0.71119408125 0.7383426296875 0.6939696484375 0.7482871609374999 0.717392375 0.7889158890625 0.7214510625 0.786651990625 0.74895575 0.8342915078124999 0.748443584375 0.8346106609374999 0.768570525 0.86951216875 0.7691104375 0.8692004499999999 0.7849426375 0.8966601234375 0.78439990625 0.8969482109375001 0.79141901875 0.9090994203125 0.7998830625 0.9042127015625001 0.7984203546875001 0.9016760906249999 0.7980932359375 0.9018126296875
13 0.7495942 0.9064254625 0.7611960843750001 0.9265486390625 0.7735545375 0.9194134828125 0.76196235 0.899335225 0.7495942 0.9064254625
2 0.6494904890625001 0.8239657484375 0.6525303671875 0.8221872187500001 0.652480796875 0.8219794859375 0.6721882875 0.8106013609374999 0.6364662890624999 0.7488321703125 0.61368464375 0.761907578125 0.6494904890625001 0.8239657484375
8 0.6588981328125 0.7559133890624999 0.6586112625 0.7560790140625 0.6422321875 0.727672125 0.6425173828124999 0.7274785984375 0.6374949625 0.7187013859375 0.6373160234374999 0.7187758296875 0.630623484375 0.7070621359375 0.6181263359375 0.7141258140625 0.6736345 0.8103906500000001 0.67397414375 0.8101945562499999 0.677021703125 0.8154949578125 0.655733940625 0.827835971875 0.6555182625 0.8276249078125 0.6525788671874999 0.8292931015624999 0.7121836265625 0.932590946875 0.7157941921875 0.930535253125 0.7157140546874999 0.930296453125 0.7495366046874999 0.9102475765625 0.7477302828125 0.9070595609375 0.7476179703125 0.9071244046875 0.69261794375 0.811942815625 0.6915599484375 0.8124634390625 0.6743247359375 0.782598675 0.6740473375 0.78275883125 0.669667553125 0.7751946968750001 0.6699544234375 0.7750290718749999 0.6588981328125 0.7559133890624999
10 0.7633669984375 0.898233771875 0.77350540625 0.9158658859375001 0.77656594375 0.914070015625 0.77812688125 0.9167736390625001 0.7790443265625 0.9162439515624999 0.7673718234375 0.896017209375 0.7633669984375 0.898233771875
10 0.692052203125 0.765931675 0.6926649625 0.7655273796875 0.710762384375 0.79695115625 0.7155664921875 0.7940439921875 0.6912657109375 0.7519538031249999 0.6858060390625 0.7550536250000001 0.692052203125 0.765931675
10 0.6764888484375 0.748490778125 0.6613928453125 0.757228109375 0.6712136890625 0.774269559375 0.6863691640625 0.7656133609375 0.6764888484375 0.748490778125
6 0.6435956203125001 0.7269336609375 0.64258480625 0.7275172546875 0.65877230625 0.7555548265625001 0.6750696234375 0.7460138578125 0.6537488546875 0.7092883296875 0.6385912390625 0.71824706875 0.6435956203125001 0.7269336609375
1 0.3114724921875 0.076623278125 0.37692296718749996 0.1900055765625 0.38460443906249997 0.18564465000000002 0.3770868890625 0.1726301203125 0.3774213859375 0.1724532375 0.36722657812500004 0.15490781250000002 0.3669690578125 0.15504927500000001 0.33812986875 0.1050264578125 0.336876184375 0.1058206375 0.325841053125 0.08662598125 0.33263281093749997 0.08275527656250001 0.3242957859375 0.068333875 0.324560684375 0.0681520671875 0.30541615312500003 0.0349927671875 0.2913635390625 0.0431060484375 0.31097588125 0.076909996875 0.3114724921875 0.076623278125
10 0.31577451875 0.1230464828125 0.318864646875 0.121323740625 0.339778346875 0.15755358125000002 0.3406864578125 0.1569733515625 0.3096393734375 0.10319509843750001 0.305578425 0.10538632968749999 0.31577451875 0.1230464828125
7 0.7443748328125 0.9014696265625 0.765536740625 0.889329375 0.765794553125 0.8897759203125 0.7741563140625 0.884899540625 0.722307709375 0.7950576218750001 0.6926311546874999 0.811906321875 0.7443748328125 0.9014696265625
10 0.6085937968749999 0.6689055984375 0.5961405359375 0.67598904375 0.61658636875 0.7115616390625 0.6289036921875 0.70424274375 0.6085937968749999 0.6689055984375
7 0.3077826953125 0.0965323640625 0.308105659375 0.09707300156250001 0.31657499375000003 0.09228606875 0.28896708437499996 0.0444896421875 0.259455915625 0.0615279234375 0.28672057500000003 0.10866732500000001 0.3077826953125 0.0965323640625
8 0.254853421875 0.13983429687499999 0.2547595296875 0.1395529203125 0.2581953265625 0.13759452187500001 0.258156903125 0.1374092203125 0.29206937499999996 0.11792546875000001 0.2900535671875 0.1143496109375 0.2899043265625 0.11434736875 0.25938284375 0.0615701109375 0.2218203453125 0.0832568296875 0.25454332343749997 0.1399628140625 0.254853421875 0.13983429687499999
2 0.344503459375 0.20880959062499999 0.2954142796875 0.12358463906249999 0.2612925578125 0.14325595625 0.26114059218749996 0.14303336875 0.2582569984375 0.14469821249999998 0.3074932875 0.23009984218750001 0.344503459375 0.20880959062499999
13 0.32245530625 0.1666366953125 0.337992096875 0.15787220625 0.3192902015625 0.12557957343749998 0.3162980078125 0.127359440625 0.3043503515625 0.10666549218750002 0.291908809375 0.113769234375 0.32245530625 0.1666366953125
1 0.23231394062500002 0.13408539375 0.24626887812499998 0.1582248046875 0.2460009515625 0.1583794921875 0.26572507343749996 0.19256454843749998 0.2783233015625 0.1853071953125 0.25820554218749997 0.15046533906249998 0.25764308593749996 0.1507630109375 0.25549621093749997 0.14704451406250002 0.2548705015625 0.14732638125 0.21885420781249998 0.0849693296875 0.207392903125 0.09158651718750001 0.23203248125 0.13424789374999999 0.23231394062500002 0.13408539375
0 0.3660254046875 0 0.006430354687500001 0.2076122984375 0.46391560781249996 1 0.6339745953125 1 0.9935696453125 0.7923877015625 0.5360843921875 0 0.3660254046875 0