8 0.20442539062499998 0.2605247140625 0.212182765625 0.3339724515625 0.2740583921875 0.32741721562500004 0.26887016406250003 0.278727178125 0.3464750796875 0.2706711234375 0.343759575 0.2451636765625 0.20442539062499998 0.2605247140625
1 0.527045228125 0.13320585468749999 0.5109634984375 0.1348961125 0.52664281875 0.285315565625 0.5428060015625 0.2836528828125 0.527045228125 0.13320585468749999
7 0.6005759578125 0.2738653484375 0.6255556999999999 0.2713309953125 0.623562259375 0.2511239828125 0.6339222312499999 0.24994398125 0.6288205890625 0.20140509843749999 0.5932881859375 0.20513970312500002 0.6005759578125 0.2738653484375
8 0.5482364343749999 0.2795487015625 0.6005759578125 0.2738653484375 0.5932881859375 0.20513970312500002 0.691965528125 0.19478872187500001 0.6892928671874999 0.1693600390625 0.623998234375 0.1763311890625 0.62309635 0.1677503296875 0.5880627625 0.1714325078125 0.5889533765625 0.1799061453125 0.5383571875000001 0.1855539515625 0.5482364343749999 0.2795487015625
10 0.35588710625000003 0.2469589640625 0.34558659999999997 0.24809186562500002 0.34797929375000003 0.27051302499999996 0.3582189359375 0.2694886421875 0.35588710625000003 0.2469589640625
10 0.24737939999999997 0.1348557453125 0.24156895937499998 0.1355387171875 0.24346610000000002 0.153394478125 0.24925411249999999 0.1528269828125 0.24737939999999997 0.1348557453125
10 0.25859269218750003 0.1317494328125 0.251965453125 0.132508828125 0.25779962031250003 0.1884806109375 0.264557959375 0.1877278609375 0.25859269218750003 0.1317494328125
10 0.19062919843749998 0.21398844062500003 0.184402559375 0.2146428875 0.1864054921875 0.23325108593750002 0.1927175984375 0.23258765625 0.19062919843749998 0.21398844062500003
10 0.199018209375 0.2394981703125 0.1946109171875 0.2398985515625 0.1970119078125 0.2631311 0.2014240390625 0.262642228125 0.199018209375 0.2394981703125
13 0.7129852046875 0.1446214328125 0.6884003125 0.14720540937499998 0.6934836546875001 0.1945835984375 0.7178682609375 0.1919625421875 0.7129852046875 0.1446214328125
10 0.62174851875 0.1574378484375 0.608646434375 0.15877722656249998 0.6095450109375 0.1670724921875 0.6225938921874999 0.16548104375 0.62174851875 0.1574378484375
2 0.578991334375 0.10066964687499999 0.5299407046875 0.10588006406249999 0.5378651609375 0.1809174828125 0.586778303125 0.17575922187499998 0.578991334375 0.10066964687499999
10 0.640473121875 0.1396660515625 0.6219184390625 0.1414905375 0.62532900625 0.1739399234375 0.643787028125 0.1720627515625 0.640473121875 0.1396660515625
2 0.672105934375 0.19941495781250002 0.6323198921875 0.20368147812499998 0.6372020953125 0.24968409375 0.6769503390625 0.24550638593750002 0.672105934375 0.19941495781250002
11 0.5256854625 0.10360143749999999 0.507744953125 0.105619034375 0.5106815890624999 0.1327968921875 0.5286094 0.1309126046875 0.5256854625 0.10360143749999999
10 0.5808067046875001 0.30782721875 0.5686205265625001 0.30919602031250004 0.57006738125 0.32326089375 0.582289375 0.321933890625 0.5808067046875001 0.30782721875
10 0.686730053125 0.1454249328125 0.669025915625 0.1473595546875 0.671302021875 0.16901526875 0.6891149359375001 0.1670692140625 0.686730053125 0.1454249328125
10 0.27888124062499997 0.2125070375 0.25860780625 0.214586015625 0.2598030234375 0.22595775156250003 0.2801775625 0.2237644546875 0.27888124062499997 0.2125070375
2 0.3124396140625 0.27683915 0.27258700937499997 0.28104039687500004 0.27739633124999996 0.3271119453125 0.31724469375000003 0.3228404453125 0.3124396140625 0.27683915
2 0.358492609375 0.27195793749999997 0.314189840625 0.2766599078125 0.3190647546875 0.3227277046875 0.3634328625 0.318064428125 0.358492609375 0.27195793749999997
10 0.18428509843750002 0.18144675 0.1667571875 0.1835183890625 0.16725810624999998 0.188807503125 0.1642170453125 0.1891271328125 0.1636170703125 0.183926984375 0.13708446093749999 0.18656013437500002 0.1397123671875 0.21054653124999997 0.18690125156249998 0.20581459062500002 0.18428509843750002 0.18144675
13 0.31410898125000003 0.2109411578125 0.2808343734375 0.2144227484375 0.28444685937499997 0.2490174671875 0.31776393125 0.245416721875 0.31410898125000003 0.2109411578125
13 0.5878140828125 0.16917111406250002 0.60788345625 0.167138721875 0.606718453125 0.1565776421875 0.621605203125 0.1550129828125 0.6191646265624999 0.1328388078125 0.5842470468750001 0.1362794109375 0.5878140828125 0.16917111406250002
3 0.5803001390625 0.1006703421875 0.5840239296874999 0.1342462828125 0.623281278125 0.13021129375 0.61972159375 0.0963431609375 0.5803001390625 0.1006703421875
10 0.5631087484374999 0.28605319218749997 0.54793451875 0.2876480671875 0.5518609578125 0.325483975 0.5669722921875 0.3239035640625 0.5631087484374999 0.28605319218749997
1 0.56587214375 0.2857674609375 0.568187440625 0.306809465625 0.5821754296874999 0.3054083984375 0.5838351453125 0.32172271874999997 0.6432779359375 0.315548871875 0.6390547390625 0.274336425 0.7255952375 0.265240653125 0.7238344234375 0.2484876203125 0.6299378046874999 0.25843353750000003 0.6320871703125001 0.27888339375000004 0.56587214375 0.2857674609375
10 0.31681809375 0.8593490875 0.3097182984375 0.8601267281249999 0.311643959375 0.8786424984375 0.3187937984375 0.8779224421875 0.31681809375 0.8593490875
13 0.3039937828125 0.7356148890624999 0.2794309015625 0.73812428125 0.28431316406249996 0.7853083625 0.30889135625 0.7826905265625 0.3039937828125 0.7356148890624999
1 0.2212030890625 0.768877653125 0.204908815625 0.7704739875 0.214144884375 0.8583493203125 0.2303462671875 0.8566464874999999 0.2212030890625 0.768877653125
1 0.285851453125 0.634453984375 0.283789871875 0.6138079390625 0.220387546875 0.6204717921875 0.2224503140625 0.640336871875 0.20983753906249997 0.6417426546875 0.21159133125000001 0.6584288671875 0.24325574218749998 0.6550238187499999 0.24156373437499998 0.639149659375 0.285851453125 0.634453984375
2 0.6519152906250001 0.766392353125 0.616553821875 0.77010899375 0.6244475171875 0.845212490625 0.677671196875 0.839675015625 0.6649305437499999 0.7180671578125 0.647161953125 0.7200462609375 0.6519152906250001 0.766392353125
10 0.6764767765624999 0.573999153125 0.6707775015624999 0.57455889375 0.67191813125 0.5851272484375001 0.6776117687500001 0.584528821875 0.6764767765624999 0.573999153125
8 0.5635918265625001 0.6291038390625 0.5734268109375 0.72320065 0.6644305953125 0.71337025 0.6624982234375 0.6948803234375001 0.7705491265625 0.6833666046875 0.76786849375 0.6581759984375 0.6675686640625 0.6687556406249999 0.6673326578125 0.666510196875 0.63979689375 0.6695394375 0.6347601484375 0.6217824281250001 0.5635918265625001 0.6291038390625
13 0.6794010687500001 0.8394366390625001 0.695130053125 0.8377834562500001 0.69294998125 0.817041459375 0.7004026796875 0.8162581484375 0.6973796234375 0.7878843343749999 0.674333678125 0.790476240625 0.6794010687500001 0.8394366390625001
2 0.7600927375000001 0.5840750406249999 0.7158746015624999 0.5888796640625 0.7233377828124999 0.6603205984375 0.7675954875000001 0.6556233640625 0.7600927375000001 0.5840750406249999
1 0.6329688109375 0.6191788484375 0.6289517124999999 0.5805700593750001 0.606097 0.5830381734375 0.607782359375 0.599073284375 0.5949405953125 0.6004230078125 0.5966358125 0.61720964375 0.599030434375 0.616957959375 0.5996608250000001 0.62273150625 0.6329688109375 0.6191788484375
2 0.714053975 0.5889421890625 0.6742389125 0.5931269203125 0.6817051234375 0.664551825 0.7215352171875 0.6604802046875 0.714053975 0.5889421890625
6 0.7235611390625001 0.6884105046875 0.706244759375 0.690252525 0.709751378125 0.722479715625 0.710665253125 0.7224150859375 0.71101689375 0.7257607187499999 0.7273363765624999 0.724045471875 0.7269847359375 0.7206998390625 0.733467775 0.72001844375 0.7302316484375 0.6896921421875 0.7237470546875 0.6903737015625 0.7235611390625001 0.6884105046875
10 0.5903493109375 0.58089595625 0.5769744703125 0.582256146875 0.5808048171875 0.6190133765625 0.594174921875 0.617608121875 0.5903493109375 0.58089595625
13 0.6890519687500001 0.6946157515625 0.6645060421875 0.6969725343750001 0.669498909375 0.7444764953125 0.6940100484375 0.741788721875 0.6890519687500001 0.6946157515625
10 0.6042044890625 0.582566221875 0.5950788546875 0.583501796875 0.5966252453124999 0.5980652484375 0.60571661875 0.5970877109375 0.6042044890625 0.582566221875
3 0.6964752453124999 0.74365846875 0.6695499359375 0.746606265625 0.6739359703125001 0.7877984546875 0.7007631984375 0.7849788 0.6964752453124999 0.74365846875
12 0.7761789984374999 0.712251984375 0.7380515671875 0.71645415625 0.7483860671875 0.815408175 0.7864754296875 0.81145666875 0.7761789984374999 0.712251984375
10 0.7047839609375 0.6925726171875 0.6909567734375 0.6938892265625001 0.6940706624999999 0.72402413125 0.707990353125 0.7226758046875 0.7047839609375 0.6925726171875
10 0.6955400218750001 0.74165148125 0.69779101875 0.741468309375 0.6979141656250001 0.74263998125 0.7072100109375 0.7416048171875 0.7055510093749999 0.7254318203125 0.693919765625 0.7266543140625 0.6955400218750001 0.74165148125
6 0.658561353125 0.1328504796875 0.6423522 0.1345541296875 0.6428909703125 0.1394260640625 0.64206738125 0.139512628125 0.6456897828125 0.1739774734375 0.6633507078124999 0.17222964062499999 0.66311548125 0.1702307796875 0.6695095546875 0.169450328125 0.6660937609375 0.1369512171875 0.659088853125 0.1376151921875 0.658561353125 0.1328504796875
2 0.71815575625 0.1944288125 0.67392003125 0.1992604234375 0.6787619859375 0.2453285421875 0.7230195953125 0.24070515937499998 0.71815575625 0.1944288125
1 0.61752795 0.8154618671874999 0.6135723640624999 0.7778269828125 0.611502515625 0.7780445328125001 0.611028759375 0.7732081843749999 0.5948320375 0.7749105296875001 0.5992857671875 0.81728493125 0.61752795 0.8154618671874999
7 0.6690878671875 0.57636100625 0.6303703859375 0.5803753890625 0.63979689375 0.6695394375 0.6783959859375 0.6652955484375 0.6690878671875 0.57636100625
9 0.5922351375 0.725882146875 0.5967800953125 0.769572975 0.6500692171875 0.7639406390625 0.6455388281250001 0.7201791515625 0.5922351375 0.725882146875
10 0.7078233015625 0.7932109140625 0.7041114375 0.793546059375 0.7085283875 0.8378426484375 0.7215419765625 0.8365282828125 0.7122270296875 0.7478426921875 0.703153003125 0.7487759875 0.7078233015625 0.7932109140625
10 0.773797784375 0.690164265625 0.7357542140625 0.69416280625 0.7375787484375 0.7118957953125 0.7756207640625 0.70789741875 0.773797784375 0.690164265625
10 0.7020096812500001 0.8182887953125 0.6946926515625 0.8191521125 0.6966704140625 0.8376404109375001 0.7039239703125 0.8368308984375 0.7020096812500001 0.8182887953125
11 0.617103740625 0.8180029421875 0.599609478125 0.8198416625 0.602204396875 0.8450538468750001 0.6197170734374999 0.84313620625 0.617103740625 0.8180029421875
7 0.2550325671875 0.7125721234375 0.293692053125 0.7086188265625 0.2865758109375 0.6423323640625 0.2614084203125 0.6450843984375 0.260965153125 0.6408670046875 0.247790034375 0.642214059375 0.2550325671875 0.7125721234375
10 0.388649309375 0.731141471875 0.350591753125 0.73514148125 0.352501484375 0.753027340625 0.390567696875 0.7491096890625 0.388649309375 0.731141471875
1 0.1862833203125 0.7680372203125 0.20124310625000003 0.766464884375 0.2008920125 0.76276569375 0.20196423125 0.7626529984375 0.1917219109375 0.6652038390625 0.1756526125 0.6668927906250001 0.1862833203125 0.7680372203125
2 0.338201259375 0.7012321312500001 0.35428454375 0.6995417109375001 0.35370130781250003 0.6939925890625 0.3687807453125 0.6924076765625 0.36474856093749997 0.65404399375 0.33361396875 0.65734779375 0.338201259375 0.7012321312500001
10 0.205196753125 0.6218343140625 0.191925196875 0.623265346875 0.195730265625 0.66006608125 0.20898203125 0.6586261312499999 0.205196753125 0.6218343140625
1 0.36031495156250004 0.70116085625 0.36313725625000004 0.7293436703125 0.38821179687499996 0.726739653125 0.37707761562500003 0.6214627109374999 0.2912015609375 0.6304226609375 0.293595915625 0.653203428125 0.3697748984375 0.6452281171875 0.37541614375 0.69957365625 0.36031495156250004 0.70116085625
10 0.21882412499999998 0.6206046921875 0.20857734843750003 0.6217555140625 0.2104034234375 0.6390547171875001 0.220688875 0.6379579609375 0.21882412499999998 0.6206046921875
10 0.32265659062499996 0.8341790390625 0.319006459375 0.8346082453125 0.3235258953125 0.8788485015624999 0.3364169609375 0.877594146875 0.3269963609375 0.788830109375 0.3180104265625 0.789689728125 0.32265659062499996 0.8341790390625
10 0.3192916453125 0.7336566625 0.30582413750000004 0.7350470171875 0.3089853078125 0.765123534375 0.322479325 0.7636565515625 0.3192916453125 0.7336566625
6 0.34827620625 0.7609593296875 0.34504172187500004 0.7305888656249999 0.338813528125 0.7312434750000001 0.3386283171875 0.7294813062500001 0.320803065625 0.731354815625 0.32414521875 0.763556871875 0.34827620625 0.7609593296875
10 0.2926923875 0.6129319484375 0.285628175 0.6136744281250001 0.28692258125 0.6261842171875001 0.29402719843749997 0.6254374921875 0.2926923875 0.6129319484375
3 0.311147259375 0.7851101625 0.2846669609375 0.7879420578125 0.2889159359375 0.8290559578125001 0.31550851875 0.826260965625 0.311147259375 0.7851101625
2 0.266867896875 0.807404496875 0.2314106578125 0.8111217765625 0.23932782187499999 0.8862542281250001 0.2928715328125 0.8806674062500001 0.28005874999999997 0.7590309953125 0.26204006875 0.760962540625 0.266867896875 0.807404496875
9 0.2265469296875 0.764652171875 0.231125953125 0.8085923671874999 0.2650593515625 0.8050258234375001 0.26034269062500004 0.7610466765624999 0.2265469296875 0.764652171875
13 0.2943158859375 0.8804778921875 0.31002826250000004 0.87886101875 0.3078172796875 0.858093990625 0.3152660453125 0.857362940625 0.3122295203125 0.8288161484375 0.28911905625 0.8313472781250001 0.2943158859375 0.8804778921875
12 0.39099188125 0.7534893421875 0.3530583890625 0.7575187328124999 0.36341465781250004 0.8563809109375 0.40133455625 0.8524613546875001 0.39099188125 0.7534893421875
2 0.3319147078125 0.657428984375 0.2919941359375 0.661656228125 0.2964895875 0.7055187968750001 0.33653698906249996 0.701407053125 0.3319147078125 0.657428984375
10 0.310381584375 0.782533896875 0.31269384843750003 0.78229086875 0.31290388125 0.7837959078125001 0.3222669546875 0.78274268125 0.3205259453125 0.766432190625 0.3088559171875 0.7677640234374999 0.310381584375 0.782533896875
11 0.2322272484375 0.8586829015624999 0.2145448 0.8605099796875001 0.2170906796875 0.886047825 0.23465642187500002 0.8842015906249999 0.2322272484375 0.8586829015624999
8 0.20778317343750002 0.761991128125 0.27954097031249997 0.754343815625 0.27757350625 0.7358937125 0.357285128125 0.727283159375 0.35451999375 0.7016772359375001 0.2550325671875 0.7125721234375 0.2498729875 0.6626897484375001 0.19792009531250002 0.6681502171875 0.20778317343750002 0.761991128125
10 0.260048809375 0.2284158375 0.26247599374999997 0.251508946875 0.2827518078125 0.2493778734375 0.28043029218750004 0.22627365781250003 0.260048809375 0.2284158375
1 0.21603260624999998 0.17854829218749999 0.18736731874999998 0.181518715625 0.18992259218750002 0.20556144999999998 0.234865746875 0.20079374218749999 0.22788560625 0.13495016875000002 0.21163424531250002 0.136700675 0.21603260624999998 0.17854829218749999
13 0.17249055468750002 0.265766528125 0.195406121875 0.2632495984375 0.19243800312499998 0.2350098390625 0.1850233421875 0.23575144531249997 0.18284730625 0.2148236328125 0.1672037890625 0.21646783281249998 0.17249055468750002 0.265766528125
2 0.20174976249999999 0.26488924062499997 0.14846980625 0.27048918906249997 0.15575380625 0.3397918265625 0.2090337625 0.3341918765625 0.20174976249999999 0.26488924062499997
7 0.2044115734375 0.2604978859375 0.25945695 0.25431018125 0.24915046875 0.1550547078125 0.2420429125 0.1557734609375 0.23998598906250002 0.1362031359375 0.23378871562499998 0.1368230734375 0.24122072656250002 0.20834112500000002 0.19219251875 0.21346591718750002 0.1947327234375 0.23763435312499998 0.198692159375 0.23724805 0.198642671875 0.23677720624999998 0.20189506875 0.236435365625 0.2044115734375 0.2604978859375
10 0.35153073749999997 0.2053913046875 0.34126540781250003 0.206470234375 0.34536805625 0.24557907031249998 0.35559879843750003 0.24445507187499999 0.35153073749999997 0.2053913046875
6 0.33781807656249996 0.201863153125 0.32166160312500003 0.20349999218749998 0.32213410468750003 0.2079955421875 0.315484784375 0.20875411718749998 0.3193796125 0.24581093437499998 0.32595122656250003 0.2451202296875 0.3261619171875 0.24712481406250003 0.343759575 0.2451636765625 0.339710403125 0.206638384375 0.338385209375 0.2068405125 0.33781807656249996 0.201863153125
10 0.25800290000000003 0.1908033359375 0.25986319375 0.207889984375 0.30470231875 0.203119071875 0.3028418515625 0.186090571875 0.25800290000000003 0.1908033359375
1 0.1746273109375 0.3461428609375 0.1769541046875 0.3689684359375 0.3690815078125 0.34875775 0.36675389687500004 0.32592440625 0.1746273109375 0.3461428609375
4 0.293956275 0.128112696875 0.2619202390625 0.13147981875 0.26744111406250004 0.185203284375 0.2996544765625 0.181729540625 0.293956275 0.128112696875
5 0.2939983234375 0.0973460078125 0.305114109375 0.2031056421875 0.3475242515625 0.19864815625 0.3362238734375 0.092911065625 0.2939983234375 0.0973460078125
3 0.1484016125 0.26831566093750003 0.1705571953125 0.26604200312500004 0.16535279375 0.21618162187499998 0.16321065625 0.21633921093750003 0.16278780625 0.21231605937500003 0.14988822968749999 0.21360901562499998 0.150304546875 0.217570009375 0.1429248828125 0.21834564374999998 0.1484016125 0.26831566093750003
0 0.473796109375 0 0 0.049797978124999996 0 0.526203890625 0.049797978124999996 1 0.526203890625 1 1 0.9502020218749999 1 0.473796109375 0.9502020218749999 0 0.473796109375 0