6 0.45511621562500004 0.1593446796875 0.45511493593749996 0.1051032234375 0.4198517328125 0.1051175265625 0.419938940625 0.15923713125 0.42460707812500004 0.159192759375 0.42460707343750004 0.16289470781249998 0.4410625453125 0.1627176265625 0.44095799218750004 0.15908061406250001 0.45511621562500004 0.1593446796875
10 0.4677856171875 0.057368421875 0.4594111140625 0.0573285296875 0.4594110953125 0.06771776874999999 0.4678038375 0.0677175890625 0.4677856171875 0.057368421875
1 0.5616653609375 0.8979023703125 0.561677059375 0.997453815625 0.5749135828124999 0.9967601187499999 0.574841265625 0.8979926078125 0.5616653609375 0.8979023703125
2 0.5539200703125 0.8306029968749999 0.5538718671875 0.814397371875 0.5228965640625 0.81439661875 0.5227854484375001 0.896468034375 0.553857990625 0.896443353125 0.5538580890625 0.8720834 0.5515283296875 0.872113184375 0.5515524390625 0.8306863984374999 0.5539200703125 0.8306029968749999
7 0.50529088125 1 0.5054595421875 0.88308145625 0.476105915625 0.8831240156250001 0.4761068328125 0.90293549375 0.4411962546875 0.9037371078125 0.44124523125000004 0.99999928125 0.47849048906249997 1 0.50529088125 1
1 0.4307458171875 1 0.43592545625 0.999999571875 0.43588414999999997 0.8344107375 0.42274299531250004 0.8342670453125001 0.42276841875000004 1 0.4307458171875 1
2 0.553865071875 0.763155628125 0.553967359375 0.72910204375 0.5228858796875 0.7294338640625 0.5228228828125 0.8115277937500001 0.5538769984374999 0.81127094375 0.5538649046875 0.80438245 0.5515632312500001 0.8044107609375001 0.551586975 0.7631561046875001 0.553865071875 0.763155628125
9 0.4392674953125 0.8508123953125001 0.4392827796875 0.87579426875 0.43874298281249996 0.8757943953125 0.43871016406249996 0.8999479640624999 0.47483199374999996 0.8998073015625 0.47488925625 0.8342034593750001 0.4387953765625 0.834220615625 0.43877451093750003 0.8508100671875001 0.4392674953125 0.8508123953125001
1 0.5699483828125 0.7293957515625 0.556752221875 0.7295459656250001 0.55677130625 0.8913072796874999 0.5699636781249999 0.8912042031249999 0.5699483828125 0.7293957515625
6 0.489895596875 0.7489637703125 0.4736129296875 0.7490645140625001 0.473612578125 0.774554153125 0.476260140625 0.7745875109375 0.4762287953125 0.7902903593749999 0.474973953125 0.7902904078125 0.47498764062500004 0.82721373125 0.4762594 0.8272081015625 0.4762453984375 0.8362258812500001 0.5038489640625 0.8355114921875 0.503867678125 0.8245235796875001 0.5051940578125 0.8244853593749999 0.5052310328125 0.7776614421875 0.48989505937500005 0.7774950859375 0.489895596875 0.7489637703125
0 0.623565984375 0 0.48690626718749996 4.0624999999999995e-8 0.218749271875 0.014053553125000002 0.21874972499999998 1 0.376434015625 1 0.5130937328125 0.999999959375 0.7812507281250001 0.985946446875 0.781250275 0 0.623565984375 0
12 0.477625209375 0.8392672093750001 0.477625715625 0.8373661406249999 0.476151675 0.8374230515625 0.476178490625 0.8799111265624999 0.505469028125 0.8799485421875 0.5055225437499999 0.839232128125 0.477625209375 0.8392672093750001
8 0.513092946875 1 0.5563827625 0.997731278125 0.5564176468750001 0.9135484578125 0.5587390453125 0.913448703125 0.5587385984375 0.902572884375 0.519943546875 0.9028473859374999 0.5198495953125 0.777752740625 0.5056145062499999 0.7774848796875 0.50529088125 1 0.513092946875 1
10 0.47336703281250003 0.827160975 0.47347908125 0.7810231296875 0.43616525624999997 0.7806911546874999 0.4361651875 0.8269952421875001 0.47336703281250003 0.827160975
13 0.519944984375 0.77351225 0.51994543125 0.7299321890625 0.49172566093750003 0.7300545765625001 0.49167081250000005 0.7734325203125 0.519944984375 0.77351225
7 0.48938794999999996 0 0.48690626718749996 4.0624999999999995e-8 0.459431471875 0.0014399328125 0.4594226703125 0.053757406249999994 0.469325996875 0.0537109171875 0.469347721875 0.0711727734375 0.5113704015625 0.071162525 0.5112458531249999 0 0.48938794999999996 0
5 0.44794167968750004 0.1663782421875 0.4110336125 0.1664740546875 0.411119315625 0.30093509375 0.43130907812499997 0.300449653125 0.43130852343750004 0.2116795890625 0.4478546203125 0.21167925781250002 0.44794167968750004 0.1663782421875
10 0.45965119374999996 0.1664624046875 0.448339740625 0.16633078125 0.4483705265625 0.2116412671875 0.45956033906249993 0.2118402859375 0.45965119374999996 0.1664624046875
10 0.5048087203125 0.22367119375 0.49641441718749996 0.22367145625 0.4964142171875 0.23671434218749998 0.5048101015625 0.23698311562500002 0.5048087203125 0.22367119375
2 0.3926157984375 0.0323870203125 0.3926162375 0.064639009375 0.41690994843749996 0.065972528125 0.41682431875 0.0036728796874999996 0.3950838421875 0.00481225 0.395035084375 0.032304040625 0.3926157984375 0.0323870203125
11 0.5688663796875 0.24014281249999997 0.5688033031249999 0.19012600468750002 0.5557823453124999 0.19012621875 0.5558136546875 0.24007428281249998 0.5688663796875 0.24014281249999997
3 0.5064081515625001 0.183194515625 0.5064246296875 0.1553555 0.5001720749999999 0.155470390625 0.5001720078125 0.15245376093750002 0.5052496343749999 0.152311259375 0.5052496390625 0.11108131875 0.48930736093749994 0.1112283734375 0.48930845468750006 0.15489753906249998 0.4763871625 0.1550380421875 0.476258446875 0.182765590625 0.5064081515625001 0.183194515625
10 0.46591449999999995 0.1251733359375 0.4659241953125 0.1306725515625 0.47637785781249997 0.1304986484375 0.47637779687500004 0.138498678125 0.48726861406250005 0.138635134375 0.48726860624999996 0.1103322828125 0.4676850359375 0.1102633640625 0.46762619375 0.1251728140625 0.46591449999999995 0.1251733359375
10 0.47473630624999996 0.162469 0.46228078437500003 0.162391078125 0.462496575 0.2368474484375 0.46852671562500003 0.23684748125000002 0.468455278125 0.1834467859375 0.47473573125 0.18344621562500002 0.47473630624999996 0.162469
10 0.4081827140625 0.166441965625 0.3981748765625 0.166345290625 0.39817470625 0.200227671875 0.40809578125 0.20013174843749998 0.4081827140625 0.166441965625
1 0.5556629953125001 2.8125000000000002e-8 0.5556383109375 0.1871390375 0.5689945609375 0.186849003125 0.5689703171875 4.53125e-7 0.5556629953125001 2.8125000000000002e-8
13 0.5044466109375 0.21974726875 0.5044472625 0.18739664843749998 0.470258825 0.1873186390625 0.47022266718749994 0.2363674390625 0.4947004296875 0.23652565 0.49470007968749996 0.220068740625 0.5044466109375 0.21974726875
8 0.52837401875 0 0.5112584171875 5.484375e-7 0.5113573390624999 0.071181984375 0.3926842734375 0.071460421875 0.392684625 0.07540800156250001 0.3950707140625 0.0754081234375 0.395070746875 0.1002781421875 0.392063875 0.10034497656250001 0.3920943265625 0.10519534374999999 0.5505121625 0.10443303749999999 0.5505121468749999 0 0.52837401875 0
10 0.487528840625 0.15124348125 0.4875093453125 0.1421836484375 0.476351259375 0.1422317453125 0.47635172187499997 0.1511971328125 0.487528840625 0.15124348125
10 0.39673557812500004 0.166378475 0.37668025625 0.1664735328125 0.376679225 0.200160378125 0.396736415625 0.20016066718749997 0.39673557812500004 0.166378475
4 0.459573503125 0.2886401609375 0.4595732703125 0.21829689531250002 0.43426765156249997 0.2183745203125 0.43430296874999996 0.28864084375 0.459573503125 0.2886401609375
13 0.418077065625 0.1536253203125 0.41801576718750005 0.109255221875 0.395271371875 0.10912195 0.39545298125 0.153488875 0.418077065625 0.1536253203125
12 0.40808543906250005 0.30093449843750003 0.40812962343750003 0.20083719375000003 0.376504271875 0.20103166562500002 0.376722103125 0.300933740625 0.40808543906250005 0.30093449843750003
2 0.5466065828125 0.23674689531249998 0.5466355453125 0.24201666406250003 0.5527767984375 0.24201713125 0.5527438625000001 0.17543855 0.5505431546875 0.175303540625 0.550512625 0.12590775625 0.552805534375 0.1257719421875 0.5528064828125 0.1112207015625 0.506461221875 0.11136047812500001 0.5063661265625 0.23681864218749998 0.5466065828125 0.23674689531249998
2 0.4562633015625 0.0648269875 0.456416859375 0.001597921875 0.41986389687500003 0.0035135828125 0.4198149 0.0648267359375 0.4562633015625 0.0648269875
12 0.4659200109375 0.13065243124999998 0.46591982343750005 0.10500322656250001 0.45651973593750006 0.10509844531250001 0.45648642187500005 0.1590679015625 0.463969353125 0.1592922078125 0.4639443484375 0.1561579703125 0.4749231375 0.156211584375 0.47488821249999996 0.13055637656250002 0.4659200109375 0.13065243124999998
1 0.389280915625 0.1590804953125 0.38926013125000003 0.09986918593750001 0.389904715625 0.0998682625 0.38989096875 0.005084396875 0.376498409375 0.0057862703124999994 0.3764996921875 0.15899773749999999 0.389280915625 0.1590804953125