0 0 0 0 0.2848609375 0.00022343749999999998 1 1 1 1 0 0 0
10 0.64686875 0.41021718749999997 0.6468203124999999 0.45301093750000004 0.6505921875 0.45301093750000004 0.6506171875 0.41025156249999994 0.64686875 0.41021718749999997
10 0.40266875 0.4015984375 0.4026203125 0.44439531250000003 0.4063921875 0.44439531250000003 0.40641718750000005 0.40163593750000004 0.40266875 0.4015984375
4 0.409334375 0.4017328125 0.4093109375 0.43621406250000005 0.4359375 0.43618125 0.4359125 0.4016640625 0.409334375 0.4017328125
4 0.6536625 0.4102875 0.6536375 0.44476875 0.6802640625 0.44473593749999996 0.6802390625 0.41021875 0.6536625 0.4102875
8 0.31922968749999997 0.5936546875000001 0.3192859375 0.5911921875 0.35179375 0.5912765624999999 0.3518140625 0.5938421875000001 0.35684062499999997 0.5937796875 0.35681250000000003 0.5334375 0.3694359375 0.533478125 0.36946406249999997 0.515128125 0.3013828125 0.514965625 0.3013234375 0.53335625 0.314353125 0.5331890625 0.31429687500000003 0.5937375 0.31922968749999997 0.5936546875000001
8 0.431940625 0.5935921875 0.4319984375 0.591128125 0.464415625 0.5912078125 0.46447031250000004 0.5938421875000001 0.46955 0.5937140624999999 0.46952187500000003 0.533371875 0.48214687500000003 0.5334125000000001 0.4822046875 0.51539375 0.41409375 0.5149 0.41403437500000007 0.5332890625 0.427065625 0.5331234375 0.42700781250000003 0.593671875 0.431940625 0.5935921875
8 0.5634765625 0.6019921874999999 0.5635343749999999 0.5995296875 0.5959515625 0.5996125 0.59596875 0.60208125 0.6010875 0.6021171875 0.6010578125 0.5417765625000001 0.61368125 0.541815625 0.6137125 0.5234671875 0.545628125 0.523303125 0.5455703125 0.5416937500000001 0.5586015625 0.5415281249999999 0.5585421875 0.6020749999999999 0.5634765625 0.6019921874999999
8 0.6761390625 0.6023375 0.6761390625 0.5994296875 0.708746875 0.59954375 0.7088265625 0.60228125 0.7134421875 0.6023343750000001 0.7134140625 0.5419921875 0.7260375 0.5420328125 0.726065625 0.5236828124999999 0.6579843750000001 0.5235203125 0.6579265624999999 0.5419109375 0.6709578125 0.54174375 0.6708984375 0.6022921875 0.6761390625 0.6023375
7 0.3196375 0.41876875 0.3196609375 0.41616875000000003 0.3068921875 0.41627187499999996 0.3068921875 0.4503421875 0.3204359375 0.45044375 0.32055625 0.47500625 0.314340625 0.47486875 0.31434843749999997 0.5149078125 0.342975 0.515028125 0.34295 0.512496875 0.3501328125 0.5122578125 0.350109375 0.48608906249999995 0.351365625 0.48612343750000003 0.35131875 0.44880312499999997 0.3446921875 0.448734375 0.3446921875 0.41613437500000006 0.341403125 0.416203125 0.34135468750000003 0.4187 0.3196375 0.41876875
2 0.27108750000000004 0.5356921875 0.27108750000000004 0.5936734375 0.281675 0.5935937499999999 0.28161875 0.5912453125 0.30332499999999996 0.59120625 0.30332499999999996 0.5937140624999999 0.311828125 0.5937140624999999 0.31185625 0.5355328125 0.27108750000000004 0.5356921875
2 0.3013203125 0.5127421875 0.311884375 0.5128250000000001 0.31179843749999997 0.45236093750000006 0.30822656249999997 0.45236093750000006 0.30674687500000003 0.45236093750000006 0.30671875000000004 0.45006250000000003 0.28959687500000003 0.4501421875 0.2895390625 0.4526875 0.27261250000000004 0.4526796875 0.2725609375 0.450225 0.2709796875 0.45022812500000003 0.27113906249999997 0.5034671875 0.30135 0.5033828125 0.3013203125 0.5127421875
2 0.39030156250000003 0.5937390625 0.39020625 0.53571875 0.36965 0.535621875 0.35835625000000004 0.53565625 0.35835625000000004 0.593603125 0.3634828125 0.5936375 0.36350625000000003 0.5912078125 0.3853203125 0.5912421875 0.38534531250000004 0.5938078124999999 0.39030156250000003 0.5937390625
2 0.4200234375 0.591196875 0.4200234375 0.5936609374999999 0.425053125 0.5936609374999999 0.42503906249999995 0.5357375 0.41403437500000007 0.5355890624999999 0.41403437500000007 0.5456421875 0.4121546875 0.5456890624999999 0.41204999999999997 0.5357890624999999 0.39341875000000004 0.53578125 0.393253125 0.5936921875000001 0.39833124999999997 0.5937625 0.3983078125 0.591196875 0.4200234375 0.591196875
5 0.617203125 0.48914375000000004 0.617275 0.4815515625 0.6549046875 0.4814828125 0.654953125 0.48924687499999997 0.673503125 0.489315625 0.6735265625 0.44877968749999997 0.6536234375000001 0.44877968749999997 0.6536953125 0.4572625 0.645159375 0.4572625 0.645203125 0.41011875 0.631196875 0.4100625 0.6313265625 0.45743437499999995 0.598653125 0.45722968750000004 0.5985578125 0.4892125 0.617203125 0.48914375000000004
5 0.3731703125 0.4807015625 0.3732421875 0.4731078125 0.41087187500000005 0.4730390625 0.41092031249999994 0.480803125 0.4294703125 0.48087187499999995 0.42949374999999995 0.4403359375 0.409590625 0.4403359375 0.4096640625 0.44881875000000004 0.4011265625 0.44881875000000004 0.40104843749999997 0.40168125000000005 0.38702187499999996 0.401653125 0.38729375 0.448990625 0.354621875 0.4487859375 0.354525 0.48076875 0.3731703125 0.4807015625
2 0.6295421875 0.599521875 0.6295734375 0.601984375 0.6345625 0.60194375 0.6346515625 0.5440640625000001 0.6150328125 0.5440640625000001 0.615090625 0.5540796875 0.6138125 0.5540796875 0.6138125 0.5439828125 0.602640625 0.5436546875 0.602728125 0.6021062500000001 0.6078078125 0.6020234375 0.6078359375 0.59948125 0.6295421875 0.599521875
2 0.54559375 0.5210265625 0.55615625 0.521109375 0.5560703124999999 0.46064375 0.5525015625 0.46064375 0.5510203125 0.46064375 0.5509921875 0.45834374999999994 0.53386875 0.45842656249999997 0.5338109375 0.460971875 0.516884375 0.4609640625 0.516834375 0.45850937500000005 0.5152515625 0.4585125 0.5154124999999999 0.5117499999999999 0.5456234375 0.5116671875 0.54559375 0.5210265625
2 0.48207812499999997 0.5034265625 0.512478125 0.503178125 0.512515625 0.45002812499999995 0.5108078125 0.450128125 0.5109125 0.4526390625 0.49402187499999994 0.4526875 0.49402187499999994 0.45002812499999995 0.4768203125 0.44983125 0.47685468750000004 0.45239375 0.471840625 0.45234375 0.471596875 0.5127375 0.48221718750000003 0.5127375 0.48207812499999997 0.5034265625
2 0.5152984375 0.5438875000000001 0.5152984375 0.6018703125 0.525884375 0.6017890625 0.525828125 0.5994421875 0.5475328125 0.5994015625 0.5475328125 0.6019109375 0.5560359375 0.6019109375 0.5560640625 0.543728125 0.5152984375 0.5438875000000001
10 0.2711765625 0.5053765625 0.2711359375 0.5131296875 0.27766562499999997 0.5131578125 0.2776859375 0.5054046875 0.2711765625 0.5053765625
2 0.47180625000000004 0.5356046875 0.47174531249999996 0.5937281249999999 0.48029374999999996 0.5937765625 0.4802109375 0.59129375 0.5019421875 0.591234375 0.5020671875 0.5938343749999999 0.5124734375 0.5937765625 0.5124734375 0.5356687499999999 0.47180625000000004 0.5356046875
2 0.6642640625 0.599678125 0.6642640625 0.602140625 0.6692921875 0.602140625 0.6692781250000001 0.54421875 0.6582749999999999 0.5440734375 0.6582749999999999 0.554121875 0.6563953125 0.5541703124999999 0.6562890625 0.5442703125 0.6376578125 0.5442625 0.6374921875 0.602171875 0.642571875 0.60224375 0.6425468750000001 0.599678125 0.6642640625 0.599678125
2 0.716021875 0.543953125 0.7159609375 0.602078125 0.7245109375000001 0.6021265625 0.724428125 0.59964375 0.746159375 0.599584375 0.746284375 0.6021859375 0.7566890625 0.6021265625 0.7566890625 0.54401875 0.716021875 0.543953125
2 0.726321875 0.5116515625 0.7567515625000001 0.5116875000000001 0.756759375 0.458253125 0.755053125 0.45835312500000003 0.7551578125 0.46086406249999995 0.7382671875 0.46091249999999995 0.7382671875 0.458253125 0.7210640625 0.45805625 0.7210984375 0.46061874999999997 0.716084375 0.4605671875 0.715840625 0.5209609375 0.7264609375 0.5209609375 0.726321875 0.5116515625
6 0.3521359375 0.48500624999999997 0.35221718750000003 0.5127984375 0.3696890625 0.512571875 0.3695890625 0.48486250000000003 0.3521359375 0.48500624999999997
6 0.414153125 0.48479687499999996 0.41423437500000004 0.5125921875 0.43170624999999996 0.5123624999999999 0.43160625 0.48465468749999996 0.414153125 0.48479687499999996
6 0.5965 0.4933484375 0.5965796875 0.52114375 0.6140531250000001 0.5209140624999999 0.6139515624999999 0.4932078125 0.5965 0.4933484375
6 0.6582390625000001 0.4931734375 0.6583187500000001 0.5209671874999999 0.6757921875 0.5207375 0.675690625 0.49303125000000003 0.6582390625000001 0.4931734375
7 0.5640046875 0.42716093749999995 0.564028125 0.4245609375 0.551259375 0.42466406250000005 0.551259375 0.45873437499999997 0.564803125 0.4588375 0.5649234375 0.4833984375 0.5587078125 0.4832609375 0.5586359375 0.5231296875 0.5873421875 0.5234203125 0.5873171875 0.5208890625 0.5945 0.5206500000000001 0.5944765624999999 0.49448125000000004 0.5957328125 0.494515625 0.5956859375 0.4571953125 0.5890593749999999 0.45712656249999994 0.5890593749999999 0.4245265625 0.5857703125 0.4245953125 0.5857218750000001 0.4270921875 0.5640046875 0.42716093749999995
7 0.4388546875 0.41630625 0.438815625 0.4487453125 0.432225 0.44883125 0.43339375 0.5124 0.44058906249999996 0.5123140625 0.44062812500000004 0.5150234375 0.4694484375 0.51519375 0.46936718749999995 0.4749140625 0.46319999999999995 0.474828125 0.46319999999999995 0.4503421875 0.476803125 0.45025624999999997 0.47678281250000004 0.41627656249999995 0.463965625 0.4159921875 0.463965625 0.418728125 0.4422 0.418728125 0.4422 0.4162484375 0.4388546875 0.41630625
10 0.5583671875 0.4608671875 0.558296875 0.4812609375 0.5633109375 0.48116250000000005 0.5633109375 0.46076875 0.5583671875 0.4608671875
10 0.6752312500000001 0.4486890625 0.6752312500000001 0.453021875 0.6802296875 0.45287812499999996 0.6801484375 0.4487734375 0.6752312500000001 0.4486890625
10 0.430875 0.44039375 0.43088125 0.44454374999999996 0.4359125 0.44469843750000004 0.43599375 0.44036406250000004 0.430875 0.44039375
12 0.3478640625 0.40165625 0.347759375 0.4444609375 0.3869703125 0.44460937500000003 0.3869375 0.4017046875 0.3478640625 0.40165625
12 0.591925 0.41009375 0.5918203125 0.4529015625 0.631034375 0.45305 0.630996875 0.41014531249999997 0.591925 0.41009375
13 0.279765625 0.5059578124999999 0.2797265625 0.5122296875 0.284521875 0.5122296875 0.2845625 0.5157921875 0.2853890625 0.5157359375 0.2854890625 0.532925 0.2995359375 0.5328671875000001 0.299496875 0.5059859375 0.279765625 0.5059578124999999
13 0.5239625 0.51438125 0.5239234374999999 0.520653125 0.5287203125 0.520653125 0.5287609375 0.524215625 0.5295875 0.524159375 0.5296875 0.5413484375000001 0.543734375 0.5412921875000001 0.54369375 0.5144109375 0.5239625 0.51438125
13 0.48408749999999995 0.506065625 0.48408749999999995 0.5327484375 0.4980171875 0.5328171875 0.49804062499999996 0.5157468749999999 0.49908125 0.5157125 0.49900781250000004 0.5121890625 0.50389375 0.5122578125 0.50386875 0.5059296875 0.48408749999999995 0.506065625
13 0.728340625 0.5144875 0.728340625 0.54116875 0.7422718749999999 0.5412375 0.7422953125 0.5241671875 0.7433359375 0.5241328125 0.7432624999999999 0.5206109375 0.7481484375 0.520678125 0.7481234375 0.5143500000000001 0.728340625 0.5144875
13 0.7432078125 0.52414375 0.7431281249999999 0.5412484375 0.75395 0.5411625 0.7539703125 0.5242875 0.7432078125 0.52414375
13 0.518096875 0.524253125 0.5180171875 0.54135625 0.5288390625 0.541271875 0.528859375 0.5243953125 0.518096875 0.524253125
13 0.498859375 0.515715625 0.498778125 0.532821875 0.5096015625 0.5327375 0.509621875 0.5158609375000001 0.498859375 0.515715625
13 0.27400625 0.5158296874999999 0.27392656249999997 0.5329328125 0.2847484375 0.5328484375 0.28476875 0.515971875 0.27400625 0.5158296874999999
13 0.37141406250000003 0.4942640625 0.37141406250000003 0.5313453124999999 0.38909375 0.5312765625 0.38906874999999996 0.49436718749999997 0.37141406250000003 0.4942640625
13 0.3945953125 0.49432656250000007 0.3945953125 0.5314078125 0.4122734375 0.5313390625000001 0.4122484375 0.4944296875 0.3945953125 0.49432656250000007
13 0.6157421875 0.50271875 0.6157421875 0.5398 0.6334203125 0.5397328124999999 0.6333953125 0.502821875 0.6157421875 0.50271875
13 0.6386499999999999 0.50266875 0.6386499999999999 0.5397484375 0.656328125 0.53968125 0.6563046875 0.5027703125 0.6386499999999999 0.50266875
10 0.7502625 0.5139109375 0.750221875 0.5216640625 0.7567515625000001 0.5216937500000001 0.756771875 0.5139390625 0.7502625 0.5139109375
10 0.7087875 0.4609140625 0.708715625 0.4813078125 0.7137328125 0.4812078125 0.7137328125 0.46081562500000006 0.7087875 0.4609140625
10 0.6374640625 0.4933296875 0.637484375 0.5000281249999999 0.6568125 0.5 0.6567921875 0.49341406250000003 0.6374640625 0.4933296875
10 0.6152562500000001 0.493471875 0.6152359374999999 0.5000859375 0.6345625 0.49997187500000007 0.634521875 0.49341406250000003 0.6152562500000001 0.493471875
10 0.6188234375 0.4839515625 0.6188828125 0.48919687500000003 0.62944375 0.48922499999999997 0.6294234375000001 0.4839515625 0.6188234375 0.4839515625
10 0.6310718750000001 0.48388593750000003 0.6310718750000001 0.4891875 0.641128125 0.48927343749999996 0.6411078125 0.48388593750000003 0.6310718750000001 0.48388593750000003
10 0.6426203125 0.48388593750000003 0.6426203125 0.489159375 0.6533218749999999 0.48927343749999996 0.65328125 0.48397187500000005 0.6426203125 0.48388593750000003
11 0.722578125 0.4246609375 0.7225078125 0.4560890625 0.7357046875 0.4562859375 0.735671875 0.42451249999999996 0.722578125 0.4246609375
11 0.5364578125 0.42462343750000003 0.5363859375 0.4560515625 0.549584375 0.45624843750000005 0.54955 0.424478125 0.5364578125 0.42462343750000003
11 0.4781109375 0.416371875 0.47804062500000005 0.44779843750000003 0.49123906249999993 0.447996875 0.49120468749999996 0.41622343749999996 0.4781109375 0.416371875
11 0.2921984375 0.41625468750000005 0.2921296875 0.44768281249999997 0.305328125 0.447878125 0.3052921875 0.41610625 0.2921984375 0.41625468750000005
10 0.3932609375 0.4849421875 0.393240625 0.49155625000000003 0.4125671875 0.4914421875 0.41252656249999997 0.4848859375 0.3932609375 0.4849421875
10 0.371059375 0.48502343750000004 0.3710375 0.4916390625 0.3903640625 0.49152500000000005 0.390325 0.48496875 0.371059375 0.48502343750000004
10 0.3744453125 0.47544375 0.37450625 0.48068906250000004 0.3850671875 0.48071875000000003 0.385046875 0.47544375 0.3744453125 0.47544375
10 0.38675000000000004 0.47545937499999996 0.38675000000000004 0.48076093750000004 0.39680624999999997 0.480846875 0.3967859375 0.47545937499999996 0.38675000000000004 0.47545937499999996
10 0.3984703125 0.4754421875 0.3984703125 0.48071562500000004 0.409171875 0.4808296875 0.40913125 0.475528125 0.3984703125 0.4754421875
7 0.6831015625 0.42488125 0.6830609375 0.4573203125 0.6764718750000001 0.45740625 0.677640625 0.520975 0.684834375 0.5208890625 0.684875 0.523596875 0.71369375 0.52376875 0.7136140625 0.4834890625 0.707446875 0.483403125 0.707446875 0.4589171875 0.72105 0.45883124999999997 0.7210296875 0.42485156249999995 0.7082124999999999 0.4245671875 0.7082124999999999 0.427303125 0.686446875 0.427303125 0.686446875 0.4248234375 0.6831015625 0.42488125
10 0.46447031250000004 0.4523890625 0.4644015625 0.47278281250000004 0.469415625 0.4726828125 0.469415625 0.4522921875 0.46447031250000004 0.4523890625
10 0.31409375 0.45246250000000005 0.314025 0.47285625 0.3190390625 0.47275625000000004 0.3190390625 0.4523625 0.31409375 0.45246250000000005
10 0.5153546875 0.513853125 0.5153140625 0.5216078125 0.52184375 0.5216359374999999 0.5218640625 0.5138828125 0.5153546875 0.513853125
10 0.506003125 0.5051875 0.5059640625 0.5129421875 0.5124921875 0.5129703125 0.5125124999999999 0.5052171875 0.506003125 0.5051875