2 0.5854828125 0.25915937499999997 0.5838046875 0.25944218750000003 0.586375 0.2777234375 0.64131875 0.27009375 0.6282 0.1767484375 0.57323125 0.184203125 0.57524375 0.1990890625 0.5770500000000001 0.198878125 0.5854828125 0.25915937499999997
10 0.39045625 0.718915625 0.3836921875 0.71979375 0.3844609375 0.7250359375000001 0.39121562499999996 0.7240859375 0.39045625 0.718915625
10 0.40271093750000003 0.88195 0.40098124999999996 0.8822546875 0.40252499999999997 0.8933109375000001 0.40426875000000007 0.89304375 0.40271093750000003 0.88195
10 0.3790796875 0.7648453125 0.3765046875 0.7651625 0.37745625 0.7720015625000001 0.3800296875 0.7716624999999999 0.3790796875 0.7648453125
10 0.3731125 0.6509031249999999 0.37136718750000003 0.6511484375000001 0.372903125 0.6623578125 0.374653125 0.66206875 0.3731125 0.6509031249999999
7 0.40018750000000003 0.9527640625 0.399296875 0.9529296875 0.403478125 0.9831046875 0.41680624999999993 0.9811453125 0.41592812500000004 0.9746874999999999 0.4240375 0.973546875 0.426065625 0.9877796875 0.4373171875 0.986178125 0.43552656250000005 0.972746875 0.4346203125 0.9728749999999999 0.43141875 0.95009375 0.4322390625 0.949978125 0.4317296875 0.9464796874999999 0.420978125 0.9479468750000001 0.41998125000000003 0.9410515625 0.3991 0.9452359375 0.40018750000000003 0.9527640625
10 0.4235734375 0.9750421875 0.4168078125 0.9759171875 0.41757968749999996 0.9811624999999999 0.4243328125 0.9802140625 0.4235734375 0.9750421875
10 0.3695765625 0.6257578125000001 0.3678484375 0.6260625 0.36939375 0.63711875 0.37113593749999996 0.636853125 0.3695765625 0.6257578125000001
10 0.3683109375 0.561515625 0.361546875 0.56239375 0.3623171875 0.5676359375 0.3690703125 0.5666859375 0.3683109375 0.561515625
2 0.320775 0.5567015625 0.31994375 0.5568187499999999 0.3211953125 0.5657203125 0.34046875 0.5630390625 0.3344203125 0.520375 0.3152171875 0.5230734375 0.3168 0.5341515625000001 0.3175703125 0.5339828125 0.320775 0.5567015625
10 0.3444734375 0.5190578125 0.3418984375 0.5193765625 0.34285 0.5262109374999999 0.3454203125 0.525871875 0.3444734375 0.5190578125
10 0.4062328125 0.9068515625 0.40448593749999995 0.907096875 0.406021875 0.9183031250000001 0.407771875 0.9180140625 0.4062328125 0.9068515625
13 0.34142656250000003 0.52250625 0.3357515625 0.5232171875 0.3373703125 0.5345421875 0.3429640625 0.533778125 0.34142656250000003 0.52250625
6 0.36312968749999996 0.6028515624999999 0.3539359375 0.6042296875 0.35658124999999996 0.6225046875 0.36574375 0.6211125 0.36312968749999996 0.6028515624999999
8 0.3609640625 0.8688828125000001 0.3809453125 0.8660421875000001 0.3827890625 0.879259375 0.388871875 0.8784375000000001 0.378909375 0.8071671874999999 0.372809375 0.807959375 0.3747828125 0.8215921875 0.35472031249999997 0.8243499999999999 0.3554734375 0.8295078124999999 0.3562984375 0.8294546875 0.3610390625 0.8633906250000001 0.360225 0.8635234374999999 0.3609640625 0.8688828125000001
8 0.327796875 0.6128390625 0.3477765625 0.6099984375 0.34962031250000003 0.623215625 0.3557015625 0.622390625 0.34573906249999997 0.55111875 0.3396421875 0.551915625 0.34161406250000004 0.5655453125000001 0.32155 0.568303125 0.32230625 0.573465625 0.323128125 0.5734078125 0.327884375 0.6074390625 0.3270375 0.6075796875 0.327796875 0.6128390625
6 0.3723203125 0.6677546875 0.3631265625 0.6691328125 0.3657734375 0.6874125 0.3749359375 0.686015625 0.3723203125 0.6677546875
11 0.404390625 0.731515625 0.3939734375 0.7329078124999999 0.39585 0.7467296875 0.406365625 0.7452140625 0.404390625 0.731515625
2 0.38224375 0.8807765625 0.378934375 0.881303125 0.378746875 0.879965625 0.382090625 0.8794953124999999 0.3805546875 0.8677875 0.3612109375 0.8705984375 0.36198437499999997 0.8759124999999999 0.36283125 0.8758250000000001 0.3660109375 0.8985468750000001 0.36519843750000003 0.89869375 0.365946875 0.9039140625 0.3851296875 0.9013109375000001 0.38224375 0.8807765625
7 0.4030796875 0.8242328125 0.3949640625 0.8255046875 0.3940953125 0.818990625 0.3808796875 0.8207718749999999 0.3850078125 0.8508328125 0.3858421875 0.8506890625000001 0.386978125 0.858196875 0.395640625 0.8569546875 0.395815625 0.858271875 0.4081671875 0.8564828125 0.40721562499999997 0.8495421875 0.41801093749999996 0.848025 0.41750625 0.8445874999999999 0.4166703125 0.844653125 0.41345312500000003 0.821925 0.41431874999999996 0.821828125 0.41240625 0.80846875 0.401121875 0.8100546874999999 0.4030796875 0.8242328125
13 0.3762671875 0.7904140625 0.37058749999999996 0.7913203125 0.372671875 0.8060203125 0.3815703125 0.8047281249999999 0.37867656250000004 0.7840703125 0.37659375 0.7843234375 0.3773 0.78934375 0.3761265625 0.7895515625 0.3762671875 0.7904140625
11 0.41024062499999997 0.7929734374999999 0.399821875 0.7943609375 0.4016984375 0.8081859375 0.412215625 0.8066718749999999 0.41024062499999997 0.7929734374999999
13 0.374575 0.7580890625000001 0.37573124999999996 0.7578484375000001 0.376428125 0.76296875 0.378521875 0.7626484375 0.37556406249999996 0.7419453125000001 0.36672812499999996 0.7431859375000001 0.36875468749999996 0.757771875 0.3744109375 0.757003125 0.374575 0.7580890625000001
12 0.3901046875 0.5944984375 0.3759125 0.5963812500000001 0.38163281250000003 0.6374328125 0.3958359375 0.6354 0.3901046875 0.5944984375
11 0.37708125 0.5369125 0.3666625 0.53830625 0.3685390625 0.5521265625 0.37905781250000004 0.5506125 0.37708125 0.5369125
2 0.39720625 0.767540625 0.39470625 0.7498625 0.395584375 0.7497390625 0.39311875 0.7317203125 0.39227500000000004 0.7318749999999999 0.39155625 0.7266265625 0.37151718749999996 0.7291796875000001 0.3730796875 0.7403015625 0.37614375 0.7397218750000001 0.3807 0.77153125 0.3983046875 0.76909375 0.398021875 0.7673125 0.39720625 0.767540625
6 0.405453125 0.9236328125 0.3962609375 0.9250109375 0.39890781249999996 0.943290625 0.40806718750000004 0.9418953125 0.405453125 0.9236328125
10 0.36590625 0.6226609375 0.3637125 0.62294375 0.3665921875 0.6431671875 0.368759375 0.6428203124999999 0.36590625 0.6226609375
6 0.39631249999999996 0.8590203125 0.3871203125 0.8603953125 0.389765625 0.8786734375 0.39892656249999997 0.8772781249999999 0.39631249999999996 0.8590203125
10 0.39903125 0.87865625 0.3968390625 0.8789421875000001 0.3997203125 0.8991671875 0.401884375 0.89881875 0.39903125 0.87865625
10 0.43125468749999996 0.9078734374999999 0.417075 0.9098109375 0.4176296875 0.913759375 0.4317953125 0.91179375 0.43125468749999996 0.9078734374999999
13 0.3662875 0.6477265625 0.3540078125 0.649453125 0.35663125 0.6679546875 0.3688515625 0.666209375 0.3662875 0.6477265625
2 0.35547968750000003 0.6699937499999999 0.3521515625 0.6704625 0.3518609375 0.6684984375 0.35512343749999997 0.667928125 0.35238593749999997 0.648425 0.3331828125 0.650946875 0.3339046875 0.656265625 0.33475156250000004 0.6561203124999999 0.3379453125 0.6788515625 0.33713125 0.678965625 0.337871875 0.6842312500000001 0.357053125 0.6815218749999999 0.35547968750000003 0.6699937499999999
2 0.3672640625 0.553821875 0.3680203125 0.5536875 0.3654765625 0.535765625 0.36462500000000003 0.535825 0.3621359375 0.5181046874999999 0.362940625 0.5179390625 0.3627078125 0.516284375 0.3451 0.5189296875 0.34957343750000003 0.55055 0.3464671875 0.550953125 0.34799531250000004 0.5620140625000001 0.36800781250000003 0.5591078125 0.36748125 0.55536875 0.3672640625 0.553821875
10 0.398184375 0.6518625 0.3840046875 0.6538046875 0.384559375 0.6577531249999999 0.398725 0.6557875 0.398184375 0.6518625
10 0.37758437499999997 0.7750375 0.3750125 0.77535625 0.3759640625 0.78219375 0.3785328125 0.7818515625 0.37758437499999997 0.7750375
2 0.42800000000000005 1 0.426325 0.9877593750000001 0.42548125 0.9879140625 0.42476250000000004 0.9826656249999999 0.40472343750000006 0.9852187499999999 0.4062859375 0.9963359374999999 0.40935 0.99575625 0.4099453125 1 0.42800000000000005 1
8 0.3774203125 0.9864953125 0.39740156249999997 0.983659375 0.3992453125 0.9968718750000001 0.40532812500000004 0.99605 0.395365625 0.9247796875000001 0.3892671875 0.925575 0.3912390625 0.9392046875 0.371178125 0.9419640625 0.3719328125 0.9474515625000001 0.37289531249999996 0.9473156250000001 0.37765468750000003 0.9814515625 0.3767625 0.9816640624999999 0.3774203125 0.9864953125
8 0.344396875 0.7308109375 0.3643796875 0.7279703125 0.3662234375 0.7411890624999999 0.3722 0.7404109375 0.36234375 0.669090625 0.35624375 0.6698875 0.35821562500000004 0.6835218750000001 0.3381546875 0.686275 0.33890625 0.6914374999999999 0.33973125 0.6913828125 0.3444734375 0.72531875 0.343609375 0.7254984375 0.344396875 0.7308109375
12 0.42321406250000004 0.8503546875 0.40902031250000004 0.8522359375 0.41474062500000003 0.893290625 0.42894531249999995 0.8912546875 0.42321406250000004 0.8503546875
2 0.3886015625 0.9260421875 0.3852734375 0.926509375 0.38498125 0.9245421875 0.38824375 0.923971875 0.38550625 0.9044671875000001 0.366303125 0.90699375 0.3670265625 0.9123109375 0.36787187499999996 0.9121671875 0.3710671875 0.9348984375 0.3702515625 0.9350125 0.370990625 0.940275 0.390171875 0.9375656250000001 0.3886015625 0.9260421875
11 0.43936875000000003 1 0.4376078125 0.987790625 0.4271890625 0.9891796875000001 0.4286578125 1 0.43936875000000003 1
5 0.375875 0.6836046875 0.3893015625 0.6817421875 0.386375 0.660909375 0.383575 0.66138125 0.38231875 0.65244375 0.39788437499999996 0.65004375 0.39587812499999997 0.6354421875 0.38022812500000003 0.6379734375 0.37549062499999997 0.6037656250000001 0.3648828125 0.6051515625 0.36765 0.624665625 0.37017500000000003 0.624390625 0.3757328125 0.6637734375 0.3731671875 0.6641874999999999 0.375875 0.6836046875
10 0.37138125 0.6386359374999999 0.369625 0.6388828125 0.3710765625 0.6494125000000001 0.3728578125 0.649140625 0.37138125 0.6386359374999999
13 0.37454375 0.778390625 0.36886874999999997 0.7791015625 0.37048749999999997 0.790428125 0.37608125000000003 0.7896625 0.37454375 0.778390625
2 0.35398593749999996 0.8127000000000001 0.35315625 0.8128171875 0.3544078125 0.8217171875 0.3736796875 0.8190390624999999 0.36762968749999997 0.776375 0.3484265625 0.7790734375 0.3500109375 0.7901546875000001 0.35078125 0.7899828125 0.35398593749999996 0.8127000000000001
10 0.36919843750000003 0.6458921875 0.36700625 0.6461812499999999 0.3698859375 0.6664046875 0.372053125 0.666059375 0.36919843750000003 0.6458921875
7 0.367096875 0.6967046875 0.3662046875 0.6968734375000001 0.37038906250000003 0.727046875 0.3837171875 0.7250890625 0.3828390625 0.7186281250000001 0.39094843749999997 0.7174890625 0.3929765625 0.7317265625 0.40422812500000005 0.7301234375 0.40243593750000006 0.7166921875 0.40153125 0.7168187500000001 0.39832968750000003 0.6940375000000001 0.39915 0.6939234375 0.3986390625 0.6904234375 0.3878890625 0.691890625 0.38689062500000004 0.6849984375 0.366009375 0.6891812500000001 0.367096875 0.6967046875
10 0.3894875 0.6831890625 0.38811249999999997 0.6833890625000001 0.388803125 0.6886640625 0.39025 0.6885484374999999 0.3894875 0.6831890625
13 0.28243125 0.0892265625 0.2759109375 0.097334375 0.2792625 0.1070796875 0.2857421875 0.0989234375 0.28243125 0.0892265625
6 0.29791249999999997 0.054965625 0.28721562500000003 0.06825624999999999 0.293825 0.0878046875 0.3044828125 0.07452031249999999 0.29791249999999997 0.054965625
13 0.33319062499999996 0.0185296875 0.323275 0.0199234375 0.31942499999999996 0.0247171875 0.3261765625 0.04491875 0.32827656250000004 0.0423546875 0.3317046875 0.052542187500000004 0.34075781250000003 0.041084375 0.33319062499999996 0.0185296875
6 0.293940625 0.11512968750000001 0.28825625 0.098396875 0.2765875 0.11283593750000001 0.2823 0.1299328125 0.293940625 0.11512968750000001
13 0.306128125 0.3076859375 0.301246875 0.308371875 0.3037546875 0.32649531249999997 0.30865156250000003 0.32585156249999997 0.306128125 0.3076859375
4 0.3325703125 0.142553125 0.321671875 0.1440078125 0.32575468750000003 0.173065625 0.336615625 0.1715140625 0.3325703125 0.142553125
2 0.269846875 0.027432812499999997 0.27138125 0.03193125 0.26861875 0.0355 0.2761546875 0.057371875 0.2919734375 0.037428125 0.28778125 0.0249109375 0.269846875 0.027432812499999997
10 0.342321875 0.08187187500000001 0.34795937499999996 0.07485937499999999 0.348490625 0.07650781250000001 0.34892500000000004 0.0759078125 0.338815625 0.0460328125 0.3321484375 0.0542828125 0.335528125 0.0643453125 0.333053125 0.0674296875 0.336775 0.0784328125 0.3392671875 0.0753515625 0.3422609375 0.08418125 0.34285156250000004 0.0833890625 0.342321875 0.08187187500000001
10 0.2685015625 0.1169609375 0.271840625 0.11647031249999999 0.2660546875 0.0992140625 0.2685015625 0.1169609375
1 0.3072421875 0.10114375 0.31361249999999996 0.11995 0.320165625 0.11189374999999999 0.313790625 0.0930484375 0.3072421875 0.10114375
7 0.31417812500000003 0.08870781250000001 0.3136171875 0.08930312500000001 0.320928125 0.11097187500000001 0.3248390625 0.105990625 0.32425468749999997 0.104371875 0.33394843750000003 0.092296875 0.3345296875 0.094109375 0.3391671875 0.088121875 0.317959375 0.0256640625 0.3003015625 0.0477890625 0.30138750000000003 0.0507765625 0.2985765625 0.054353125 0.3072609375 0.08023593749999999 0.3102828125 0.07673593749999999 0.31417812500000003 0.08870781250000001
2 0.2809828125 0.15431875 0.275540625 0.1549953125 0.278896875 0.1788734375 0.28429375 0.1781578125 0.2809828125 0.15431875
6 0.2958703125 0.2007953125 0.3192125 0.1974734375 0.31694062500000003 0.181315625 0.304178125 0.183109375 0.3036375 0.1795484375 0.29373593750000004 0.181028125 0.29449843750000004 0.18604062500000002 0.293775 0.1861640625 0.2958703125 0.2007953125
8 0.29128906250000003 0.1750765625 0.28479375 0.1761671875 0.2926203125 0.23184999999999997 0.26537968749999996 0.23576718749999998 0.2659203125 0.23961562500000003 0.2667640625 0.239496875 0.2734703125 0.28735468750000004 0.272640625 0.2874265625 0.27375937499999997 0.295384375 0.30743906249999997 0.29043125000000003 0.29128906250000003 0.1750765625
2 0.307378125 0.29350468749999997 0.2741625 0.298215625 0.274896875 0.3035796875 0.2756484375 0.303453125 0.280434375 0.3374328125 0.2797015625 0.3376234375 0.2817140625 0.3522234375 0.3059765625 0.3488140625 0.3000359375 0.306409375 0.3090140625 0.3052140625 0.307378125 0.29350468749999997
12 0.3461234375 0.1882484375 0.32680312499999997 0.1909640625 0.329215625 0.2081265625 0.3484671875 0.20544687499999997 0.3461234375 0.1882484375
5 0.3444609375 0.16970625 0.34500312499999997 0.1735625 0.324740625 0.17628749999999999 0.321009375 0.1502328125 0.3145390625 0.1511421875 0.300928125 0.11101875000000001 0.29447968750000003 0.11899062499999999 0.30388906250000003 0.1467859375 0.3058796875 0.16125 0.30255 0.1617171875 0.30506875 0.1798265625 0.3179015625 0.178021875 0.322309375 0.20909218749999997 0.3292140625 0.208121875 0.32680312499999997 0.1909578125 0.3461359375 0.188240625 0.3484921875 0.2054125 0.35755625 0.2040125 0.3526109375 0.168621875 0.3444609375 0.16970625
3 0.3516625 0.07016718749999999 0.3558375 0.06502187499999999 0.35640625 0.066596875 0.35945312500000004 0.0627265625 0.349459375 0.0330484375 0.339125 0.045084374999999996 0.349525 0.07524375 0.3521109375 0.0720625 0.3516625 0.07016718749999999
10 0.33013593750000003 0.0568875 0.329690625 0.0575546875 0.33253125 0.065971875 0.33447343749999997 0.0636375 0.3281515625 0.0448828125 0.326759375 0.046692187499999996 0.33013593750000003 0.0568875
10 0.2766265625 0.1177859375 0.273940625 0.12103124999999999 0.2782796875 0.1514984375 0.287603125 0.1501890625 0.2766265625 0.1177859375
13 0.306575 0.3468390625 0.3167671875 0.34538437499999997 0.3139921875 0.32563906249999997 0.3037078125 0.32725468750000003 0.306575 0.3468390625
2 0.2864015625 0.193028125 0.28104687500000003 0.1938234375 0.2843546875 0.2177078125 0.2897453125 0.2168859375 0.2864015625 0.193028125
13 0.3487640625 0.0314109375 0.3439921875 0.0170109375 0.33411875 0.0184 0.34151875 0.0403453125 0.3487640625 0.0314109375
10 0.337321875 0.29845781250000003 0.322278125 0.30041562499999996 0.32539375000000004 0.322278125 0.330628125 0.321453125 0.3309046875 0.3234265625 0.3406515625 0.3219609375 0.33980625 0.31603906249999997 0.338940625 0.31619375 0.33680468750000003 0.3007875 0.33764531249999996 0.3006703125 0.337321875 0.29845781250000003
2 0.319390625 0.1988890625 0.296496875 0.2021703125 0.301871875 0.239403125 0.32850625 0.23572656250000001 0.3279828125 0.2320765625 0.327165625 0.23221406249999998 0.32501875 0.21687812499999998 0.325846875 0.21680468749999998 0.32515937500000003 0.211909375 0.3213140625 0.21242812500000002 0.319390625 0.1988890625
13 0.2789171875 0.0788640625 0.272459375 0.0870234375 0.27575781250000003 0.0967984375 0.2822765625 0.08871875 0.2789171875 0.0788640625
10 0.3214234375 0.30035 0.3093078125 0.30203125000000003 0.3097625 0.3052609375 0.321859375 0.3034515625 0.3214234375 0.30035
7 0.327365625 0.29788125 0.3326609375 0.29701093749999996 0.33125312500000004 0.2871640625 0.33566093750000003 0.286625 0.3346125 0.279 0.3337328125 0.27907187499999997 0.3300125 0.252515625 0.330878125 0.252421875 0.328740625 0.2373875 0.30060937499999996 0.2412390625 0.307409375 0.29028437500000004 0.3077640625 0.290259375 0.30891250000000003 0.2988484375 0.3271296875 0.2963640625 0.327365625 0.29788125
13 0.2942609375 0.15374375 0.28190468750000003 0.1555078125 0.2846734375 0.17421875 0.2968765625 0.172428125 0.2942609375 0.15374375
10 0.339215625 0.0774453125 0.33723749999999997 0.0798109375 0.3397421875 0.0873546875 0.3417265625 0.0849671875 0.339215625 0.0774453125
10 0.3138984375 0.09095468749999999 0.309934375 0.07911875 0.3070734375 0.0825265625 0.3049046875 0.076078125 0.2942734375 0.08921875 0.300446875 0.107309375 0.3014171875 0.106025 0.30095312500000004 0.10461562499999999 0.3052375 0.0992625 0.305796875 0.101075 0.3138984375 0.09095468749999999
2 0.28025781250000004 0.193809375 0.2598828125 0.19668593750000002 0.2606265625 0.20222812499999998 0.261375 0.20208125 0.2651203125 0.2286078125 0.2643609375 0.22875625 0.26511874999999996 0.23407343749999998 0.29166875000000003 0.23034218750000002 0.2899828125 0.21849218750000002 0.283909375 0.21938906249999998 0.28025781250000004 0.193809375
2 0.27486875 0.1552453125 0.25439687499999997 0.1580109375 0.2551828125 0.1632515625 0.255940625 0.1631859375 0.259678125 0.1896859375 0.258875 0.18975625000000002 0.259678125 0.1951484375 0.2862609375 0.19155781249999998 0.28456875 0.1797515625 0.278403125 0.18061875 0.27486875 0.1552453125
2 0.24728750000000002 0.030603125 0.26220937499999997 0.074715625 0.27555625 0.0581078125 0.267821875 0.0350578125 0.2706 0.0316765625 0.269184375 0.027525 0.24728750000000002 0.030603125
3 0.3220171875 0.304978125 0.312090625 0.3064171875 0.314596875 0.3239640625 0.324465625 0.3225328125 0.3220171875 0.304978125
3 0.33075 0.32334999999999997 0.3148859375 0.325621875 0.3176734375 0.345321875 0.3334875 0.3428203125 0.33075 0.32334999999999997
1 0.3408484375 0.323453125 0.33245 0.3246640625 0.33528281249999997 0.344709375 0.34363125 0.3435359375 0.3408484375 0.323453125
3 0.65185 0.22357187500000003 0.63638125 0.2258 0.64273125 0.269821875 0.6579234375 0.26768749999999997 0.65185 0.22357187500000003
9 0.6184375 0.0699984375 0.6376046875 0.06751875 0.6362828125 0.0579828125 0.6447390625 0.0568375 0.6405546875 0.027609375000000002 0.61300625 0.031415625 0.6184375 0.0699984375
6 0.6084875000000001 0 0.6124046875 0.027821875000000003 0.6400671874999999 0.023934375 0.6367140625000001 0 0.6084875000000001 0
13 0.6618453125 0.1960640625 0.6482953124999999 0.19802187499999999 0.651434375 0.2201234375 0.66501875 0.21816874999999997 0.6618453125 0.1960640625
13 0.6586234375 0.1731328125 0.6451078125 0.1749375 0.6481578125 0.197028125 0.661721875 0.19509218749999999 0.6586234375 0.1731328125
8 0.5933359375 0 0.6019109375 0.0610484375 0.5567765625 0.0671984375 0.55881875 0.0820140625 0.5605749999999999 0.0817671875 0.5721828125 0.1645 0.5704875 0.164825 0.572528125 0.17948906250000002 0.6290703125 0.17133125 0.615434375 0.07410625 0.6174046875 0.0739109375 0.60698125 0 0.5933359375 0
10 0.6594734375 0.16214843750000002 0.6523875 0.163275 0.653384375 0.17021250000000002 0.660490625 0.169234375 0.6594734375 0.16214843750000002
10 0.64511875 0.05988125 0.6380046875 0.0608390625 0.6390359375 0.0680484375 0.6461203125 0.0670734375 0.64511875 0.05988125
7 0.6517828125 0.16817500000000002 0.6506875 0.16037656250000001 0.65909375 0.15923125 0.646553125 0.0699984375 0.6154625 0.074178125 0.62695 0.15624218750000002 0.6281453124999999 0.1561109375 0.6302875 0.17123125 0.6517828125 0.16817500000000002
0 0.4650359375 0 0.15189999999999998 0.0440078125 0.28625625 1 0.5349640625000001 1 0.8481 0.9559921875 0.71374375 0 0.4650359375 0
10 0.76935625 0.7146625 0.765171875 0.7117671875 0.76383125 0.7411218749999999 0.7681359375000001 0.7405171875 0.76935625 0.7146625
13 0.644534375 0.174884375 0.6299734375 0.1770875 0.6363203125 0.2222375 0.6509015625 0.22029375 0.644534375 0.174884375
3 0.6678390624999999 0.2215484375 0.653153125 0.2235875 0.6593078125 0.26748125 0.6739953125 0.26535625 0.6678390624999999 0.2215484375
2 0.5869484375 0.491028125 0.5965640624999999 0.559375 0.5948484374999999 0.5596375 0.5974515625000001 0.5778796875000001 0.6574078125 0.5692359375 0.6422171875 0.46108281250000005 0.5821890625 0.46934531249999994 0.5852875 0.49126250000000005 0.5869484375 0.491028125
10 0.7622718749999999 0.7819875 0.7755640625 0.7914578125 0.7749671874999999 0.8055546874999999 0.78514375 0.8128624999999999 0.7715265625 0.7160828125 0.7707796874999999 0.7157421875 0.7694953124999999 0.743540625 0.7292875000000001 0.7491187499999999 0.734478125 0.7859296875 0.7622718749999999 0.7819875
3 0.680009375 0.49807968750000003 0.6742640625 0.45660156250000006 0.643578125 0.4607375 0.6494187499999999 0.5023187499999999 0.680009375 0.49807968750000003
3 0.7114640624999999 0.49349999999999994 0.7098093750000001 0.49395 0.7064453125 0.47031718749999996 0.708215625 0.46998125 0.7056640625 0.4519421875 0.675596875 0.45643593750000006 0.683528125 0.5128609375 0.7135421875 0.508575 0.7114640624999999 0.49349999999999994
10 0.7479328125 0.7872 0.7349296875 0.78900625 0.7436625 0.8510031250000001 0.756621875 0.8491593749999999 0.7479328125 0.7872
6 0.7314468749999999 0.7828265625 0.7140359375 0.7851250000000001 0.723265625 0.8509203125000001 0.7406734375 0.8485859375 0.7314468749999999 0.7828265625
10 0.7158765625 0.6720609375000001 0.7040140625 0.673834375 0.7060562499999999 0.688646875 0.699609375 0.6896203125 0.7080578125 0.749590625 0.72636875 0.74693125 0.7254796875 0.7405359375 0.7238156250000001 0.7408125 0.7206171875 0.71779375 0.7222875 0.7175374999999999 0.7158765625 0.6720609375000001
13 0.6589078125000001 0.5685296875 0.6790703125 0.5656734375 0.6773687500000001 0.5540390625 0.6874328125 0.552625 0.680303125 0.5017796875 0.6501265625 0.5055734375000001 0.6589078125000001 0.5685296875
10 0.724334375 0.8885671875 0.7250687499999999 0.873859375 0.7072875 0.876396875 0.724334375 0.8885671875
13 0.7192609375 0.8334187500000001 0.6989734375000001 0.836375 0.70418125 0.8734328124999999 0.7243828125 0.8705937499999999 0.7192609375 0.8334187500000001
8 0.698053125 0.9550015625 0.7016671875 0.87538125 0.6595453124999999 0.5747609375 0.5981875 0.583071875 0.5996984375000001 0.5939203125 0.601425 0.59376875 0.6141984375 0.684465625 0.6124765625 0.684740625 0.613975 0.695403125 0.6619203125 0.6886375 0.686540625 0.86449375 0.6386890625 0.8712515625 0.63935625 0.8758984375000001 0.64091875 0.875678125 0.6453359375 0.9068093749999999 0.643671875 0.907009375 0.64519375 0.9175453125 0.6535015625 0.9233796875 0.6536765625000001 0.919884375 0.695878125 0.9497921874999999 0.6957046874999999 0.9532875000000001 0.698053125 0.9550015625
2 0.703965625 0.9591484375 0.704184375 0.955565625 0.7284640625 0.9728046875 0.754621875 0.9691296875000001 0.757984375 0.8979703125 0.7264062499999999 0.8750249999999999 0.72565625 0.8923609375 0.7043484375 0.8772625 0.70058125 0.956784375 0.703965625 0.9591484375
13 0.703625 0.79745 0.6937828125000001 0.7988765625 0.698959375 0.83549375 0.708890625 0.8340984375 0.703625 0.79745
10 0.6807609375 0.565996875 0.6908640625 0.5645109374999999 0.6912671875 0.5672296875 0.6999140625 0.566015625 0.69840625 0.554740625 0.6795546875 0.5574734375 0.6807609375 0.565996875
10 0.7197218750000001 0.5519109375 0.7120609375 0.5529640625 0.7136421875 0.56414375 0.7212421875 0.5630765625 0.7197218750000001 0.5519109375
7 0.7254234375 0.5928796875 0.721690625 0.5662140625000001 0.659546875 0.5747859375 0.673446875 0.6741718750000001 0.6759000000000001 0.6738296874999999 0.6782296875 0.6897875 0.7043453125 0.6860671875000001 0.7020765625000001 0.6696296875 0.71395 0.6680125 0.7145234375 0.6722234375 0.7361390625 0.669225 0.7329749999999999 0.6463890625000001 0.73120625 0.6464546875 0.7237625000000001 0.5930875 0.7254234375 0.5928796875
2 0.6613046875 0.6942609375 0.6146953125 0.700678125 0.6162375 0.7115203125 0.617915625 0.7112421875 0.625475 0.7647359375 0.62374375 0.765065625 0.62524375 0.7757390625 0.6499484375 0.7722671875 0.6520859375 0.7871796875 0.6739124999999999 0.7841125 0.6613046875 0.6942609375
10 0.698215625 0.6898625 0.678625 0.692590625 0.6870406250000001 0.7525593749999999 0.7066609374999999 0.7497765625 0.698215625 0.6898625
13 0.713928125 0.7960921875 0.7041703125 0.7974921875 0.7093015625 0.8340093749999999 0.719040625 0.8325781250000001 0.713928125 0.7960921875
6 0.6930015625 0.7953718750000001 0.713840625 0.7925734375 0.7124171875 0.7824484375 0.7310984375 0.7799796875 0.7268265625 0.7500640625 0.68665 0.7556859375 0.69080625 0.7853546875 0.6916578125 0.785234375 0.6930015625 0.7953718750000001
2 0.67435625 0.786996875 0.6512046875 0.7903015625 0.64909375 0.775190625 0.6256765625 0.77848125 0.629221875 0.8042093749999999 0.630990625 0.8039609375 0.6384734375 0.8572984375000001 0.6367468749999999 0.8576671875 0.6382796875000001 0.868396875 0.6848375 0.8618281250000001 0.67435625 0.786996875
11 0.7253000000000001 0.6765984375 0.718046875 0.6775453125 0.7228828125 0.7119546875 0.7417484375 0.7092265624999999 0.7365765625 0.6721874999999999 0.7249546875 0.673784375 0.7253000000000001 0.6765984375
10 0.763334375 0.7856687499999999 0.762471875 0.7851203124999999 0.7493015625 0.787021875 0.758040625 0.8490359375000001 0.7602984375 0.8486687500000001 0.763334375 0.7856687499999999
9 0.7186828125 0.545215625 0.716965625 0.54540625 0.7126375 0.5144437500000001 0.7143296875 0.51423125 0.713934375 0.5114203125000001 0.6838640625 0.5155453125 0.689115625 0.553165625 0.69916875 0.5517015625 0.7011359374999999 0.5656984375 0.7122546875 0.564084375 0.71030625 0.54998125 0.7192265625 0.54883125 0.7186828125 0.545215625
10 0.7740109375 0.7932812499999999 0.7647078125 0.7867375 0.76416875 0.797915625 0.77350625 0.8045359375000001 0.7740109375 0.7932812499999999
10 0.7601921875000001 0.8514875 0.727403125 0.8561249999999999 0.7295703125 0.8715437500000001 0.7583031250000001 0.8918078125 0.7601921875000001 0.8514875
2 0.5490546875 0 0.556253125 0.05112656249999999 0.5545546875 0.051545312499999996 0.5560968749999999 0.062428125 0.5998812499999999 0.056014062499999996 0.5920171875 0 0.5490546875 0
4 0.43223124999999996 0.9149859375 0.4208078125 0.9165656249999999 0.424734375 0.9444328125 0.4361625 0.9428015625 0.43223124999999996 0.9149859375
10 0.4226875 0.9393484375 0.4212515625 0.93955 0.42203437499999996 0.9447765625000001 0.42338125 0.9445 0.4226875 0.9393484375
2 0.3280765625 0.6144171875 0.3288203125 0.6197828125 0.329628125 0.6196953125 0.3328265625 0.6425296875 0.33198125 0.6426734374999999 0.33273125000000003 0.6478625 0.351934375 0.6450578124999999 0.3489421875 0.6235390625 0.34727031249999996 0.6117203124999999 0.3280765625 0.6144171875
13 0.3431328125 0.5344171875 0.3374546875 0.5353234375 0.3395390625 0.550021875 0.3484359375 0.548728125 0.34554375 0.5280750000000001 0.3434609375 0.5283234375 0.344165625 0.5333453125000001 0.34299375 0.533553125 0.3431328125 0.5344171875
13 0.3994265625 0.9035718749999999 0.387146875 0.905296875 0.38976875 0.9237968750000001 0.401990625 0.922053125 0.3994265625 0.9035718749999999
2 0.3990296875 1 0.3971359375 0.986478125 0.377878125 0.9891234375 0.37911875 0.9980734375000001 0.3799296875 0.99786875 0.38023125 1 0.3990296875 1
13 0.3960390625 0.8795937500000001 0.38375781249999996 0.8813203125 0.386384375 0.899821875 0.3986046875 0.8980796874999999 0.3960390625 0.8795937500000001
4 0.39912187499999996 0.6588468749999999 0.3877 0.6604265625 0.3916265625 0.6882937499999999 0.40305468749999995 0.6866625 0.39912187499999996 0.6588468749999999
10 0.40146249999999994 0.81759375 0.394696875 0.8184687500000001 0.39546562500000004 0.8237109374999999 0.40222187500000006 0.8227625 0.40146249999999994 0.81759375
2 0.3499859375 0.7646 0.3491421875 0.7648515625 0.35069218750000003 0.775740625 0.3699359375 0.7730359375 0.363975 0.730465625 0.34471562499999997 0.7331078125 0.3459578125 0.74205625 0.34676874999999996 0.74185625 0.3499859375 0.7646
7 0.3699109375 0.568059375 0.361796875 0.5693312500000001 0.3609265625 0.5628171875 0.34766718750000003 0.564690625 0.35183749999999997 0.5946578125 0.3526734375 0.594515625 0.353809375 0.6020234375 0.362471875 0.6007796875 0.362646875 0.6020984375 0.3749984375 0.6003078125 0.3740453125 0.59336875 0.38484375000000004 0.5918515625 0.3843359375 0.5884125 0.383503125 0.5884796875 0.380284375 0.5657515625 0.38115156250000004 0.5656546875 0.3792375 0.55229375 0.36795468750000004 0.5538796875 0.3699109375 0.568059375
10 0.402346875 0.9018953125 0.40013125 0.902228125 0.4029828125 0.9224578125 0.4051609375 0.9221296875 0.402346875 0.9018953125
5 0.4007515625 0.88049375 0.40327812500000004 0.880215625 0.40883593749999997 0.9196031250000001 0.40627031249999995 0.9200140625 0.40897500000000003 0.9394312499999999 0.4224046875 0.93756875 0.41947812500000003 0.9167390624999999 0.41667812499999995 0.9172078125 0.415421875 0.9082703125 0.43246874999999996 0.905928125 0.43333281250000005 0.9120015625000001 0.44279843750000003 0.910621875 0.43404999999999994 0.8482171875000001 0.4245203125 0.8495296874999999 0.4304046875 0.8913234375 0.41333125 0.8937984374999999 0.40859218750000004 0.859590625 0.397984375 0.86098125 0.4007515625 0.88049375
13 0.3745421875 0.75785625 0.36886562500000003 0.7585703125000001 0.3704859375 0.7698953125 0.376075 0.7691265625 0.3745421875 0.75785625
13 0.3628984375 0.623459375 0.35061875 0.625184375 0.35324062500000003 0.6436875 0.3654609375 0.6419453125000001 0.3628984375 0.623459375
2 0.400453125 0.8098921875 0.4012125 0.8097546875000001 0.39866562499999997 0.7918359374999999 0.397815625 0.7918937500000001 0.395328125 0.774175 0.39613125 0.7740078125000001 0.3958984375 0.7723546875 0.378290625 0.775 0.3827609375 0.8066171875 0.37965781249999997 0.807021875 0.3811859375 0.818084375 0.401196875 0.8151796875 0.400671875 0.8114421875 0.400453125 0.8098921875
10 0.4045328125 0.8947640625 0.4027765625 0.8950109375 0.40422812500000005 0.9055421875 0.406009375 0.90526875 0.4045328125 0.8947640625
8 0.2397859375 0.0477953125 0.2461515625 0.09295624999999999 0.24527187499999997 0.09320937500000001 0.24568125 0.0957765625 0.2640875 0.0932984375 0.317934375 0.025628125 0.31634375000000003 0.020896875000000002 0.289284375 0.0247 0.2936640625 0.037534374999999995 0.26216249999999997 0.076853125 0.246521875 0.0307109375 0.24547500000000003 0.030857812499999998 0.2456640625 0.031396875000000005 0.24010937499999999 0.0384578125 0.23945937499999997 0.0368484375 0.237715625 0.039224999999999996 0.2389546875 0.047912500000000004 0.2397859375 0.0477953125
10 0.2979953125 0.1740984375 0.29269375000000003 0.1747484375 0.2934140625 0.17957499999999998 0.3034328125 0.178071875 0.29975 0.1517625 0.294996875 0.1524625 0.2979953125 0.1740984375
10 0.3035 0.149796875 0.30093749999999997 0.1502 0.302325 0.1598578125 0.30479687499999997 0.159509375 0.3035 0.149796875
10 0.320246875 0.1442078125 0.31343125 0.14513437499999998 0.3148125 0.1493390625 0.3208265625 0.14852656250000001 0.320246875 0.1442078125
13 0.311265625 0.30695937500000003 0.306371875 0.30764843750000004 0.308934375 0.325796875 0.3138203125 0.32513593749999997 0.311265625 0.30695937500000003
10 0.2988015625 0.1342625 0.2877015625 0.14792812500000002 0.28840937499999997 0.15007500000000001 0.303196875 0.148103125 0.30306875 0.14711093749999998 0.2988015625 0.1342625
10 0.29386875 0.1198796875 0.28281093749999997 0.13359375 0.2871921875 0.14635 0.2981375 0.13265156250000001 0.29386875 0.1198796875
13 0.26561093750000003 0.0954265625 0.2725109375 0.1159046875 0.2789796875 0.10740156249999999 0.2720828125 0.0870984375 0.26561093750000003 0.0954265625
10 0.3358859375 0.28810156249999996 0.33220312500000004 0.2887484375 0.3334078125 0.29683906250000003 0.33702031250000003 0.296375 0.3358859375 0.28810156249999996
6 0.2867828125 0.09825625 0.2884640625 0.0961703125 0.29452500000000004 0.11474999999999999 0.2998375 0.1080203125 0.286334375 0.068071875 0.28109687499999997 0.07444843749999999 0.281540625 0.0758265625 0.2799296875 0.0779875 0.2867828125 0.09825625
2 0.264809375 0.0960375 0.246084375 0.098428125 0.246553125 0.1020421875 0.2473875 0.10194687499999999 0.253759375 0.1471484375 0.25291874999999997 0.1472671875 0.2539359375 0.1547828125 0.27656875 0.1516890625 0.2719109375 0.11820468749999999 0.26804375 0.1185734375 0.264809375 0.0960375