0 0.36673609687500003 0 0.0780068578125 0.888617228125 0.42080778125 1 0.633263903125 1 0.9219931421875 0.11138277187500001 0.57919221875 0 0.36673609687500003 0
2 0.6435685078125 0.5147659296875 0.7151601125 0.2941818625 0.618851 0.262852990625 0.547012546875 0.4841158765625 0.6435685078125 0.5147659296875
6 0.401316234375 0.5484169203125 0.43940603749999996 0.5601408109375 0.4696221953125 0.4678731546875 0.4319574890625 0.455518503125 0.401316234375 0.5484169203125
12 0.39734915000000004 0.5508524125 0.3429464109375 0.533133175 0.2483538296875 0.8249013609375 0.302582484375 0.8426001781249999 0.39734915000000004 0.5508524125
4 0.45168236874999995 0.3837381453125 0.5028815890625 0.2252428890625 0.448791909375 0.20749558124999998 0.397320590625 0.3663377984375 0.45168236874999995 0.3837381453125
1 0.520123259375 0.8949896609374999 0.5438317859375 0.8217189375 0.4724424171875 0.7987580609375 0.44856528593749995 0.8722746546875 0.520123259375 0.8949896609374999
2 0.342662253125 0.7285257453125 0.4009446671875 0.746419603125 0.457121059375 0.57352644375 0.3990433703125 0.5550025125 0.342662253125 0.7285257453125
13 0.5594834750000001 0.648443628125 0.6042138203125 0.5100800046875 0.5700749078125 0.49853908437500005 0.52471955625 0.6374307265625 0.5594834750000001 0.648443628125
7 0.5043767640625 0.6897800546874999 0.43064852187499997 0.66581608125 0.403842025 0.748611265625 0.422366996875 0.7544578875 0.39038655 0.8527420031249999 0.445682309375 0.8701550250000001 0.5043767640625 0.6897800546874999
8 0.54180148125 0.4898338640625 0.616121725 0.26190869375000003 0.5061120359375 0.22646503125 0.4319574890625 0.455518503125 0.4696221953125 0.4678731546875 0.43940603749999996 0.5601408109375 0.4623052078125 0.5675171296875 0.43064852187499997 0.66581608125 0.5043767640625 0.6897800546874999 0.5668854328124999 0.4977672703125 0.54180148125 0.4898338640625
10 0.56827993125 0.6513247703125 0.57707524375 0.62411400625 0.5710542328125 0.6220755171875 0.56223801875 0.6494618515624999 0.56827993125 0.6513247703125
2 0.5461201765625 0.8150956734375001 0.5939771578124999 0.6675339859375 0.5226542281250001 0.6437568140625001 0.4747260875 0.7920987625 0.5461201765625 0.8150956734375001
13 0.6073718875 0.6267390374999999 0.6413917 0.5217031015625 0.6075106640625 0.5109359921875 0.5732368625 0.6160356234375 0.6073718875 0.6267390374999999
1 0.639336040625 0.18341887031249998 0.6454439546875 0.1646206453125 0.5387088140625 0.1294392078125 0.5091868296875 0.2200709984375 0.717386475 0.2877191640625 0.7405864078125 0.21631710937499998 0.639336040625 0.18341887031249998
1 0.3407563859375 0.73502850625 0.32057946406250004 0.79705589375 0.35945421875 0.8094685593750001 0.34968931406250003 0.8399819703125001 0.38742805156250004 0.8521947421875 0.41712330781249995 0.7601094171875 0.3407563859375 0.73502850625
10 0.585910240625 0.6573916453125 0.5946964015625 0.630016903125 0.5799196234374999 0.6252501374999999 0.5710867453125 0.652849565625 0.585910240625 0.6573916453125
5 0.4493636671875 0.390404134375 0.3951898921875 0.3728397953125 0.34530213125000003 0.5262015625 0.39955544375 0.54428461875 0.4493636671875 0.390404134375
10 0.5964062140624999 0.6606294875 0.6053339078125 0.6331528703125 0.5975796578125 0.630871584375 0.5887724624999999 0.658144203125 0.5964062140624999 0.6606294875