2 0.5488500000000001 0.5017671874999999 0.4919734375 0.5094109375 0.5073578125 0.6150609375 0.5638046875 0.6073296874999999 0.5488500000000001 0.5017671874999999
0 0.4650359375 0 0 0.06535625 0 0.5349640625000001 0.06535625 1 0.5349640625000001 1 1 0.93464375 1 0.4650359375 0.93464375 0 0.4650359375 0
7 0.39461875 0.473809375 0.4620828125 0.46446875 0.45145625 0.3900328125 0.4358734375 0.3922234375 0.4328046875 0.3709984375 0.3812328125 0.37831562500000004 0.39461875 0.473809375
6 0.4779453125 0.360678125 0.4842359375 0.4043796875 0.512065625 0.40067343749999995 0.510275 0.3882234375 0.512703125 0.387825 0.50005 0.2974515625 0.46953125 0.301640625 0.47773125 0.35653437499999996 0.48589374999999996 0.3554984375 0.4865015625 0.35939375 0.4779453125 0.360678125
10 0.491896875 0.460196875 0.512496875 0.45710625 0.505475 0.405090625 0.4845921875 0.40814218750000003 0.491896875 0.460196875
2 0.44035156249999996 0.31032187499999997 0.44328593749999995 0.30995 0.44261875 0.30540781250000004 0.44345156250000006 0.305171875 0.4325828125 0.23157031250000001 0.3618265625 0.24145781249999998 0.3802765625 0.370709375 0.44745937500000005 0.3610703125 0.44035156249999996 0.31032187499999997
8 0.543475 0.460728125 0.49023593749999994 0.4684859375 0.46707187499999997 0.3022421875 0.44259062499999996 0.3055328125 0.46616406250000003 0.47174375 0.39585625 0.48169843749999997 0.416559375 0.6274203125 0.5042734375 0.6152640625 0.4894484375 0.5056171875000001 0.548925 0.49739843749999996 0.543475 0.460728125
2 0.5715234375 0.45678906250000006 0.5465265625 0.460303125 0.5669625 0.606915625 0.6375265625 0.59696875 0.6239656250000001 0.5007312500000001 0.579090625 0.5069578124999999 0.5715234375 0.45678906250000006
13 0.6079171875 0.39973125 0.5658109375 0.405396875 0.5774671875 0.4864796875 0.57915 0.486159375 0.5815078125 0.50251875 0.62180625 0.49710625 0.6079171875 0.39973125
10 0.448590625 0.368715625 0.4361 0.37052968750000004 0.4385625 0.38774375 0.45101874999999997 0.38599375 0.448590625 0.368715625
13 0.514815625 0.4570765625 0.568246875 0.4497328125 0.5612 0.397875 0.50770625 0.405225 0.514815625 0.4570765625
10 0.49347812500000005 0.253140625 0.481709375 0.2547953125 0.48748593749999997 0.29472343749999996 0.4991171875 0.2932640625 0.49347812500000005 0.253140625
10 0.605634375 0.37230625 0.5131890625 0.3852953125 0.5150703125 0.39953125 0.5640390625 0.39306874999999997 0.5651546875 0.40142656250000003 0.609075 0.39508437500000004 0.605634375 0.37230625
11 0.4449953125 0.3012796875 0.4847015625 0.295525 0.47914218750000004 0.255390625 0.439503125 0.2610203125 0.4449953125 0.3012796875