1 0.41431874999999996 1 0.41431874999999996 0.6867703125 0.31777968749999996 0.5955203124999999 0.3130015625 0.620990625 0.4019953125 0.7049890624999999 0.401971875 1 0.41431874999999996 1
2 0.3995015625 0.7362984375 0.367315625 0.7363203125 0.367259375 0.8118359375 0.3906921875 0.81185625 0.390634375 0.8270640625000001 0.3994546875 0.8271515624999999 0.3994828125 0.8009499999999999 0.397728125 0.80099375 0.3977578125 0.7470328125 0.39947343750000003 0.7470328125 0.3995015625 0.7362984375
1 0.301396875 1 0.30138750000000003 0.919740625 0.28972031249999997 0.9197484375 0.28971718750000003 1 0.301396875 1
13 0.3392484375 0.7604140625 0.3293625 0.7604765625 0.3293921875 0.7973140625 0.3392203125 0.797378125 0.3392484375 0.7604140625
10 0.30759375 0.8417078124999999 0.307578125 0.8045296875 0.2794171875 0.8046015625 0.26771875 0.7934625 0.270275 0.7795359375 0.261196875 0.7709984375000001 0.26122968750000003 0.8684890624999999 0.26186875 0.8689875 0.2670953125 0.8416328125 0.30759375 0.8417078124999999
13 0.349778125 0.101784375 0.32937812499999997 0.101784375 0.3292765625 0.1393109375 0.349778125 0.13920625 0.349778125 0.101784375
10 0.27229375 0.22450625 0.267946875 0.22450625 0.263140625 0.24993906250000003 0.26688125 0.25338906250000004 0.27229375 0.22450625
2 0.41434531249999995 0.5189171875 0.4143265625 0.49678281249999995 0.4126484375 0.49678281249999995 0.4126390625 0.4277640625 0.414375 0.4277421875 0.41433593750000003 0.40931562499999996 0.353759375 0.40953125 0.35375 0.5187453125 0.41434531249999995 0.5189171875
10 0.3076140625 0.22139531250000002 0.307596875 0.18422031249999998 0.27952499999999997 0.18425625 0.26768125 0.173028125 0.27023437499999997 0.1591515625 0.2611734375 0.1504984375 0.2611890625 0.24823125 0.26188125 0.24867187500000001 0.267021875 0.2213234375 0.3076140625 0.22139531250000002
3 0.3523546875 0.5188984375000001 0.3523578125 0.47690937499999997 0.321475 0.4768484375 0.3213921875 0.5187234375 0.3523546875 0.5188984375000001
3 0.3200484375 0.461721875 0.2897296875 0.4617890625 0.28968906250000004 0.47700624999999997 0.291390625 0.476790625 0.29143281249999997 0.5006625 0.2896328125 0.5007484375 0.2896484375 0.5189671875 0.3200484375 0.5187015625 0.3200484375 0.461721875
10 0.30755937499999997 0.11850156249999999 0.29446875 0.11852343750000001 0.29445 0.1810890625 0.307578125 0.1811109375 0.30755937499999997 0.11850156249999999
6 0.3277453125 0.12142187499999998 0.3101828125 0.1213109375 0.3101671875 0.1877140625 0.32772812500000004 0.1878609375 0.3277453125 0.12142187499999998
8 0.620946875 0.30546875 0.6213609375 0.30517812499999997 0.629309375 0.30560156250000003 0.62929375 0.3164609375 0.6392828125000001 0.31664375 0.6392296875000001 0.3055515625 0.660915625 0.305809375 0.6610546875 0.294071875 0.6602953125 0.2940828125 0.6602484375000001 0.25946875 0.6610546875 0.25946875 0.6610546875 0.2474890625 0.6491921875 0.24738593749999999 0.6492640625 0.2801921875 0.6411265625 0.2805109375 0.6411265625 0.29286093750000003 0.6209953125000001 0.2928390625 0.620946875 0.30546875
10 0.630375 0.2551921875 0.6275171875 0.2551203125 0.62758125 0.270103125 0.630359375 0.2701359375 0.630375 0.2551921875
2 0.661109375 0.33004375 0.6603296875 0.33004375 0.660253125 0.3106140625 0.66109375 0.3106140625 0.66109375 0.30833125 0.6399515625000001 0.30842187499999996 0.6400109375 0.34609843749999997 0.661109375 0.34607343749999997 0.661109375 0.33004375
7 0.63244375 0.942503125 0.6289640624999999 0.9455484375 0.626771875 0.9331515625 0.6274109375 0.9326390625000001 0.6231875 0.9101640625 0.6186203124999999 0.914553125 0.6189734375 0.9162375 0.6076937499999999 0.9268453125 0.6073703125 0.92496875 0.6019453125 0.9302531249999999 0.6142546875 0.9950546875 0.63481875 0.9756031249999999 0.6341593750000001 0.9724937499999999 0.637440625 0.9693421875 0.63244375 0.942503125
4 0.6168234375 0.2190953125 0.6166828125 0.191028125 0.6024468749999999 0.19115312499999998 0.602475 0.21903437499999998 0.6168234375 0.2190953125
10 0.630359375 0.24396718750000002 0.6275640625000001 0.24396718750000002 0.62758125 0.25338906250000004 0.630359375 0.253496875 0.630359375 0.24396718750000002
10 0.6389671875 0.3188546875 0.63005 0.318703125 0.630015625 0.34511250000000004 0.6390703125 0.34488281249999997 0.6389671875 0.3188546875
10 0.630359375 0.2222375 0.6275484375 0.22230937499999998 0.62758125 0.24220156249999997 0.6304078125 0.24212656250000003 0.630359375 0.2222375
1 0.6084703124999999 0.3475703125 0.6084703124999999 0.304634375 0.60235 0.3046875 0.6024671875000001 0.3478359375 0.6084703124999999 0.3475703125
13 0.667890625 0.852578125 0.6555578125 0.852653125 0.655546875 0.8715203125000001 0.668028125 0.8714921875 0.667890625 0.852578125
10 0.60126875 0.9309328125 0.5989718749999999 0.933021875 0.6004109375 0.94081875 0.6027 0.9387515625 0.60126875 0.9309328125
10 0.6370953125 0.92394375 0.63679375 0.9220703125 0.6273625 0.930965625 0.6296406250000001 0.9432375000000001 0.6329484375 0.9402609375000001 0.6341984375 0.9469484375 0.6465546875 0.9354156250000001 0.642959375 0.9166421874999999 0.64181875 0.9177781250000001 0.6420828125 0.9192390625 0.6370953125 0.92394375
2 0.6687953125 0.8079968750000001 0.6749343750000001 0.8079546875 0.6749906250000001 0.8337937500000001 0.6955671875 0.8337796875000001 0.6956015625 0.8281875 0.694840625 0.8282296875 0.6948234375 0.801440625 0.6955953125 0.8013984375 0.6955859375 0.7960281250000001 0.668775 0.7960281250000001 0.6687953125 0.8079968750000001
2 0.6687640625 0.8471140625 0.6749906250000001 0.8471140625 0.674959375 0.87273125 0.6956171875 0.8728421875000001 0.69556875 0.86754375 0.694809375 0.867503125 0.6947953124999999 0.8407406249999999 0.6956 0.8407828125 0.69555625 0.83533125 0.6687328124999999 0.8351875 0.6687640625 0.8471140625
2 0.684925 1 0.6762890625 0.9542390624999999 0.660759375 0.9688281249999999 0.6652109375 0.9927296875 0.6619890625 0.9956921875000001 0.6628140625000001 1 0.684925 1
3 0.6591 0.7001265625 0.6491281250000001 0.7001703125 0.649109375 0.71789375 0.6591390625 0.7178515625 0.6591 0.7001265625
3 0.659025 0.6785484375 0.6430171875 0.6788234375 0.6430171875 0.6984859375 0.65904375 0.69844375 0.659025 0.6785484375
10 0.66151875 0.879825 0.6487734374999999 0.8918671874999999 0.651221875 0.905109375 0.66408125 0.8930671875 0.66151875 0.879825
10 0.6366968749999999 0.72436875 0.6330546874999999 0.724325 0.6330265625 0.7326765625 0.6367640625 0.7325484375 0.6366968749999999 0.72436875
13 0.6642296875 0.9195375 0.668234375 0.940603125 0.6758031250000001 0.93325625 0.67181875 0.9120171875 0.6642296875 0.9195375
6 0.6573 0.9504484375000001 0.6591953125 0.9485328125000001 0.6552296875 0.9275078125 0.653275 0.9293390625000001 0.649859375 0.910096875 0.6436609375 0.916021875 0.6514734375 0.9574609374999999 0.657546875 0.951875 0.6573 0.9504484375000001
2 0.672734375 0.9098234375 0.6766140625 0.909996875 0.67668125 0.9327640625000001 0.69555625 0.9330015625 0.6955953125 0.9293578124999999 0.69475625 0.9293359375 0.6947375 0.8836875 0.6955859375 0.8836875 0.6956249999999999 0.876103125 0.67278125 0.8760171874999999 0.672734375 0.9098234375
13 0.6639046875 0.9198171875 0.656353125 0.9269921875 0.6582828125 0.93705625 0.66586875 0.929934375 0.6639046875 0.9198171875
6 0.6468015625 0.936878125 0.6343984375 0.94855 0.638184375 0.9688281249999999 0.6506265625000001 0.95715625 0.6468015625 0.936878125
1 0.6415015625 0.676703125 0.633071875 0.676703125 0.6330328125 0.696978125 0.6415171875000001 0.6969484375 0.6415015625 0.676703125
13 0.608190625 1 0.6126703124999999 0.9957890624999999 0.608796875 0.97484375 0.6063609375000001 0.977090625 0.6043828125 0.9665250000000001 0.5938234375 0.9766109374999999 0.598178125 1 0.608190625 1
6 0.66735625 0.9144890625000001 0.664078125 0.8967640625 0.650490625 0.909803125 0.653790625 0.9271640624999999 0.66735625 0.9144890625000001
13 0.6701890625 0.699128125 0.66525 0.699084375 0.6652203125 0.717425 0.67015 0.717425 0.6701890625 0.699128125
4 0.6270484374999999 0.848003125 0.616078125 0.8480281250000001 0.616053125 0.8772703125 0.6270484374999999 0.877346875 0.6270484374999999 0.848003125
2 0.6621453125000001 1 0.6612515625000001 0.9953312499999999 0.664484375 0.99218125 0.660065625 0.9694734374999999 0.641625 0.9870218749999999 0.644034375 1 0.6621453125000001 1
10 0.5983328125 0.9337249999999999 0.5976375 0.9344265625 0.5979515625 0.936003125 0.5913921875 0.9421625 0.5910968750000001 0.9404562500000001 0.5905828125 0.9409906250000001 0.5964359375 0.97198125 0.6041859374999999 0.9647406249999999 0.6022406250000001 0.9543046875 0.6051203125 0.9515953125 0.6029656250000001 0.94018125 0.6000687499999999 0.9428859375 0.5983328125 0.9337249999999999
10 0.6725625 0.9115515625 0.675890625 0.9294437500000001 0.6759375000000001 0.9115296875000001 0.6725625 0.9115515625
1 0.6240703125 0.9093578125 0.6277609375 0.92890625 0.6353718749999999 0.9218015625 0.63168125 0.9022921875 0.6240703125 0.9093578125
10 0.6344609375 0.29148125 0.6344375 0.27452187499999997 0.6272015625 0.27447187500000003 0.6272 0.2912625 0.6344609375 0.29148125
10 0.6894 0.1498140625 0.689359375 0.1447875 0.6699437500000001 0.1446984375 0.6699437500000001 0.14963593749999998 0.66676875 0.14999374999999998 0.6667265625 0.14451562499999998 0.6377843750000001 0.145146875 0.63774375 0.14945625 0.6347296874999999 0.14963593749999998 0.6347296874999999 0.14460937499999998 0.6280546874999999 0.14460937499999998 0.6280171875 0.21897656250000003 0.6318343750000001 0.2190671875 0.631875 0.2426875 0.6346093749999999 0.2426875 0.6346484375 0.2376609375 0.6377843750000001 0.237571875 0.6378234375 0.24277812499999998 0.66676875 0.2426875 0.66676875 0.23774687499999997 0.669903125 0.23774687499999997 0.6699437500000001 0.2426875 0.689359375 0.24277812499999998 0.68931875 0.23774687499999997 0.6910078125 0.2376609375 0.6910078125 0.1896953125 0.689359375 0.1896953125 0.6894 0.18188125 0.6910484375 0.1816125 0.6910484375 0.1498140625 0.6894 0.1498140625
6 0.65980625 0.8395046875000001 0.660540625 0.8394828125 0.6605015625 0.8247015624999999 0.636925 0.82474375 0.636925 0.841059375 0.6498140625 0.841059375 0.649853125 0.8446609374999999 0.6598640625 0.8445734375 0.65980625 0.8395046875000001
8 0.6955625000000001 0.7341109375 0.6615203125 0.734328125 0.661459375 0.8508078125 0.6680421875 0.8506328125 0.6680421875 0.7944015624999999 0.6955625000000001 0.7943140625 0.6955625000000001 0.790428125 0.6947109375 0.790428125 0.69473125 0.7421031250000001 0.6955625000000001 0.742146875 0.6955625000000001 0.7341109375
2 0.671075 0.7195359375 0.66201875 0.7194703125 0.662009375 0.7312937500000001 0.69555625 0.7312515625 0.6955765625 0.7258375 0.6948140625 0.7258578124999999 0.6948046875 0.6915421875 0.69555625 0.69145625 0.6955953125 0.6767171875 0.67109375 0.6767171875 0.671075 0.7195359375
12 0.6285015625 0.8128015625 0.6090640625 0.8127765625000001 0.6089921875 0.8301328124999999 0.6285015625 0.8301328124999999 0.6285015625 0.8128015625
5 0.5998640625 0.8129312499999999 0.5998359375 0.848665625 0.6080578125 0.8487265624999999 0.6080578125 0.8448328125 0.6285015625 0.844953125 0.6285703125000001 0.8712734375 0.6351046874999999 0.8712734375 0.6429984375 0.9129015624999999 0.65049375 0.9059046875 0.6450437499999999 0.8770703125000001 0.6450859375 0.8624703125 0.6484484375 0.8624703125 0.648475 0.8441875 0.635515625 0.8441875 0.635475 0.8128062500000001 0.6285015625 0.8128062500000001 0.6285015625 0.8301390625 0.6089781249999999 0.8301390625 0.609034375 0.8128062500000001 0.5998640625 0.8129312499999999
3 0.5898953125 0.9415640625 0.5868921874999999 0.9443546875 0.5870734375 0.94629375 0.582221875 0.9508078125000001 0.581878125 0.9491703125000001 0.578321875 0.9525781249999999 0.5840890625 0.9833578125000001 0.595996875 0.972878125 0.5898953125 0.9415640625
10 0.6068359375 0.9746046875 0.6084671875 0.9730062500000001 0.6065421875 0.9624406249999999 0.607075 0.9618421875 0.605434375 0.9531109375 0.6031859374999999 0.955153125 0.6068359375 0.9746046875
10 0.6710609375 0.8759671875 0.6616453124999999 0.8759671875 0.66800625 0.9095812499999999 0.6711171874999999 0.9067421875000001 0.6710609375 0.8759671875
13 0.65993125 0.6985515625 0.6703406249999999 0.6983828125 0.6702265625 0.678590625 0.65993125 0.6786125000000001 0.65993125 0.6985515625
10 0.6459125 0.8758625 0.6459015625 0.8768625 0.6483390625000001 0.8901796875000001 0.6612328125 0.8781921875 0.66083125 0.8759671875 0.6459125 0.8758625
13 0.6649625 0.6990984375 0.6600312500000001 0.6990734375 0.6600312500000001 0.717428125 0.6649734375 0.717428125 0.6649625 0.6990984375
10 0.6345828124999999 0.8730218750000001 0.6285140625000001 0.8729890625 0.6284875000000001 0.877346875 0.635365625 0.8773781250000001 0.6345828124999999 0.8730218750000001
10 0.6484125 0.86434375 0.645915625 0.86434375 0.6458484375 0.8741421875000001 0.6484421874999999 0.8741 0.6484125 0.86434375
2 0.674259375 0.80955625 0.66880625 0.8096203125000001 0.668796875 0.8337109375 0.6742109375 0.83366875 0.674259375 0.80955625
13 0.597240625 1 0.5929671875 0.9772375 0.5845484375 0.9850765625 0.5872703125000001 1 0.597240625 1
10 0.6338828125 0.7199859375 0.6330328125 0.7199859375 0.6330453125 0.722221875 0.648215625 0.7223765625 0.6481734375 0.7002921875 0.642875 0.7003812500000001 0.642875 0.6983890625 0.63301875 0.6984828125 0.6330328125 0.704465625 0.6339109374999999 0.7044328125 0.6338828125 0.7199859375
2 0.6330453125 0.8096203125000001 0.636925 0.8096421875 0.6369453125 0.8233171875 0.6600734375 0.8232531249999999 0.65993125 0.785634375 0.6330453125 0.78556875 0.6330546874999999 0.78925625 0.6338843749999999 0.789234375 0.633875 0.8047187499999999 0.6330453125 0.8046765625000001 0.6330453125 0.8096203125000001
10 0.6498359375 0.8727171874999999 0.6546406250000001 0.8726859375 0.65468125 0.8508437499999999 0.660021875 0.8509375 0.65998125 0.8460578125 0.64985 0.8461515625 0.6498359375 0.8727171874999999
8 0.68675625 1 0.68664375 0.9994390624999999 0.6931265625 0.9932203124999999 0.693546875 0.9949046875 0.6956046875 0.99279375 0.6955859375 0.98401875 0.694746875 0.98401875 0.6947281249999999 0.9384109374999999 0.695634375 0.9382828125 0.6955859375 0.9356843749999999 0.6770140625 0.9355765625 0.6142734375 0.99509375 0.615190625 1 0.6425156249999999 1 0.639965625 0.98668125 0.6766328125000001 0.9521296875 0.6856984374999999 1 0.68675625 1
13 0.6659453125 0.9304859375 0.658365625 0.9375796875000001 0.6603203125 0.94780625 0.6678515625 0.940625 0.6659453125 0.9304859375
10 0.6612843749999999 0.7193203125000001 0.649053125 0.7194281250000001 0.649053125 0.722559375 0.6612843749999999 0.72258125 0.6612843749999999 0.7193203125000001
7 0.6612328125 0.7257875 0.642846875 0.7257125 0.642825 0.724178125 0.6374593749999999 0.7243031249999999 0.6374828124999999 0.7342500000000001 0.63304375 0.7341703125000001 0.6330203125 0.7418671875 0.6339015625 0.7419171875 0.633890625 0.768734375 0.6330203125 0.7687062499999999 0.63304375 0.7838921875 0.6614375 0.7839921875 0.6615296875000001 0.734478125 0.661175 0.734453125 0.6612328125 0.7257875
7 0.6411265625 0.29286093750000003 0.6411265625 0.2805109375 0.6492640625 0.2801921875 0.6491921875 0.24738593749999999 0.6351843749999999 0.247596875 0.635165625 0.2927828125 0.6411265625 0.29286093750000003
2 0.674259375 0.8487734375 0.6688156249999999 0.8487312499999999 0.6687765625 0.8727984375 0.674259375 0.8728859375000001 0.674259375 0.8487734375
12 0.6167078125 0.24869218750000002 0.6024046875 0.2486140625 0.6024359375 0.301309375 0.616740625 0.3015359375 0.6167078125 0.24869218750000002
10 0.668525 0.332196875 0.6624359375 0.33193125 0.66235625 0.3476125 0.668525 0.3478328125 0.668525 0.332196875
2 0.6284609375 0.3464421875 0.628459375 0.3072390625 0.609846875 0.3070203125 0.6098921875000001 0.31581875 0.6106281250000001 0.315765625 0.61058125 0.3353234375 0.609846875 0.3353234375 0.6097984375000001 0.3460328125 0.6284609375 0.3464421875
5 0.618140625 0.2484375 0.6182078125 0.27014218749999996 0.62675 0.27006718749999997 0.6265484375 0.145221875 0.6041375 0.14537187499999998 0.6041375 0.1500125 0.6023625 0.1498625 0.6022953125 0.1879609375 0.617940625 0.1878859375 0.618140625 0.22231718749999999 0.6124125 0.22231718749999999 0.6123453125 0.21917031250000002 0.6068171875 0.2190953125 0.606884375 0.222165625 0.6022953125 0.22239218749999998 0.6024046875 0.2486140625 0.618140625 0.2484375
6 0.620946875 0.30546875 0.6209953125000001 0.2928390625 0.6264000000000001 0.2928390625 0.62643125 0.2729375 0.62108125 0.27325625 0.6210859375 0.27475312500000004 0.6187843749999999 0.27459687499999996 0.6187140624999999 0.305446875 0.620946875 0.30546875
10 0.6344093749999999 0.2459515625 0.6318390625 0.245909375 0.63191875 0.27271875 0.634290625 0.272765625 0.6344093749999999 0.2459515625
1 0.6684359375 0.2457875 0.662409375 0.2460015625 0.662396875 0.32998906250000004 0.668565625 0.3302125 0.6684359375 0.2457875
10 0.311840625 0.253621875 0.31015156250000003 0.25364375 0.3101703125 0.29956875 0.3221640625 0.2994640625 0.32220312500000003 0.2845109375 0.3287234375 0.2844453125 0.328703125 0.2238828125 0.3102 0.2239671875 0.310190625 0.2304234375 0.3118765625 0.23038124999999998 0.311840625 0.253621875
13 0.3217 0.47314375000000003 0.352109375 0.4735875 0.3521765625 0.410021875 0.3318125 0.41004375 0.33187812499999997 0.42180156249999995 0.321715625 0.42180156249999995 0.3217 0.47314375000000003
10 0.329153125 0.09845625 0.3471140625 0.0984171875 0.33192656249999997 0.08399218750000001 0.329153125 0.09845625
8 0.3686265625 0.0273234375 0.3692859375 0.0238875 0.36719843750000003 0.0218625 0.3525390625 0.1002046875 0.3524125 0.4037625 0.4143296875 0.40407187499999997 0.41434218749999996 0.39311875 0.4126125 0.393028125 0.4125859375 0.30143593750000003 0.4143296875 0.301403125 0.4143296875 0.2906359375 0.365909375 0.2906640625 0.366003125 0.11309218750000001 0.4143296875 0.113059375 0.41431562499999997 0.108365625 0.4127375 0.108365625 0.4126953125 0.0769234375 0.4143703125 0.07695625 0.4143296875 0.0663109375 0.406915625 0.059378125000000004 0.40625625000000004 0.0628140625 0.3686265625 0.0273234375
2 0.313146875 0 0.29991249999999997 0.0699984375 0.327990625 0.09711562500000001 0.3311453125 0.08005156249999999 0.35014531249999997 0.09796875000000001 0.36494218749999996 0.0197453125 0.3619203125 0.016932812499999998 0.3612046875 0.0204515625 0.3395609375 0 0.313146875 0
13 0.34966875000000003 0.14008125 0.3396390625 0.14008125 0.339753125 0.17710625 0.34969843749999996 0.17706249999999998 0.34966875000000003 0.14008125
10 0.31114375 0.4181796875 0.3301921875 0.418096875 0.33018281250000003 0.4094875 0.319971875 0.40955312499999996 0.3199515625 0.40680468750000004 0.31121875 0.40680468750000004 0.31114375 0.4181796875
10 0.29736406249999997 0.40674687499999995 0.28968906250000004 0.40674687499999995 0.289640625 0.4180140625 0.2973734375 0.41803749999999995 0.29736406249999997 0.40674687499999995
7 0.2914265625 0.3227921875 0.2913703125 0.37667656250000003 0.289696875 0.3766515625 0.2896828125 0.40357656249999996 0.35241406249999996 0.40373749999999997 0.35248124999999997 0.303384375 0.35000468749999997 0.30338125 0.34991875 0.2872546875 0.3235390625 0.2873046875 0.32349843749999996 0.303896875 0.311515625 0.30384687499999996 0.3115328125 0.299596875 0.2897109375 0.2995578125 0.289665625 0.3226125 0.2914265625 0.3227921875
2 0.3893625 0.19444843750000002 0.3673203125 0.19444843750000002 0.3673015625 0.2851796875 0.41435000000000005 0.28531249999999997 0.41433125000000004 0.2743609375 0.41263125 0.27440312499999997 0.412590625 0.220378125 0.41435000000000005 0.2202921875 0.41435000000000005 0.2095140625 0.38940312499999996 0.2095140625 0.3893625 0.19444843750000002
10 0.34992968750000003 0.2238671875 0.3301125 0.2238921875 0.33013750000000003 0.2843984375 0.3499171875 0.2844234375 0.34992968750000003 0.2238671875
13 0.3392203125 0.1401125 0.32937656249999997 0.1401734375 0.3293625 0.177015625 0.3392203125 0.17698750000000002 0.3392203125 0.1401125
6 0.35076406250000003 0.1908671875 0.3499046875 0.1908671875 0.349984375 0.1806421875 0.328959375 0.18051250000000002 0.328959375 0.1907375 0.310115625 0.1905828125 0.3101828125 0.2208015625 0.3507515625 0.22082656250000002 0.35076406250000003 0.1908671875
2 0.41433749999999997 0.11594374999999998 0.36731875 0.11596875 0.3672828125 0.1915296875 0.39066875 0.1914796875 0.39065625000000004 0.20673750000000002 0.414303125 0.20673750000000002 0.4143734375 0.1807671875 0.4125875 0.1807671875 0.4126 0.12690625 0.41436093749999997 0.12678125 0.41433749999999997 0.11594374999999998
11 0.28968906250000004 0.2965625 0.3014203125 0.29659843750000003 0.3014703125 0.2937640625 0.308784375 0.29383593750000003 0.308784375 0.2590890625 0.2897234375 0.2591640625 0.28968906250000004 0.2965625
10 0.29304687500000004 0.1184484375 0.29075937500000004 0.1184984375 0.2789859375 0.1804625 0.2797640625 0.181125 0.2930703125 0.181075 0.29304687500000004 0.1184484375
9 0.298696875 0.4212359375 0.289703125 0.42113281249999995 0.2897375 0.42478906250000004 0.291465625 0.424840625 0.2914421875 0.456103125 0.2897375 0.456078125 0.2897375 0.4589171875 0.3200890625 0.45901718750000003 0.3201234375 0.42103124999999997 0.30996562499999997 0.4210828125 0.30996562499999997 0.4069484375 0.2987296875 0.4069984375 0.298696875 0.4212359375
10 0.2798640625 0.16821875 0.2715390625 0.16036250000000002 0.26947187499999997 0.1714375 0.277775 0.1792125 0.2798640625 0.16821875
10 0.3243734375 0.100121875 0.29873906250000004 0.07605625 0.2912578125 0.115721875 0.3243734375 0.11569218750000002 0.3243734375 0.100121875
10 0.2930390625 0.7388328125 0.29074062500000003 0.738853125 0.2789859375 0.8006734375000001 0.27972031249999996 0.801440625 0.2930875 0.8014187500000001 0.2930390625 0.7388328125
7 0.3543453125 1 0.354378125 0.9236078125 0.3499421875 0.9236671875000001 0.3499421875 0.9076531250000001 0.325765625 0.9076234375000001 0.325628125 0.9195265625 0.32270468750000003 0.9195265625 0.32270468750000003 0.92348125 0.3099234375 0.9234484374999999 0.30993593750000004 0.9194625000000001 0.30400625 0.91949375 0.303925 0.93928125 0.30565312499999997 0.9393390625 0.305709375 1 0.3543453125 1
10 0.32316875 0.8508484375 0.3105859375 0.8508484375 0.310075 0.9140078125000001 0.3231125 0.9140734374999999 0.32316875 0.8508484375
0 0.21875 0 0.21875 1 0.78125 1 0.78125 0 0.21875 0
2 0.2999328125 0.690328125 0.32801718750000003 0.717296875 0.3311359375 0.700575 0.3500890625 0.71838125 0.3591171875 0.6706015625 0.353215625 0.6651265625 0.3526046875 0.6685984375 0.31491875 0.633196875 0.3156234375 0.6294890625 0.31198281250000004 0.6263140625 0.2999328125 0.690328125
2 0.3893703125 0.8147078125 0.36728125 0.8148328125000001 0.367309375 0.9053859375 0.3995015625 0.9054453125 0.3994890625 0.8946796875 0.3977453125 0.8948296875 0.39773125 0.8406296875000001 0.3995015625 0.8405687500000001 0.3994890625 0.8298625 0.389384375 0.8298921874999999 0.3893703125 0.8147078125
10 0.307578125 0.738875 0.29446875 0.738875 0.29446875 0.8014187500000001 0.3075484375 0.8013984375 0.307578125 0.738875
10 0.27229375 0.844803125 0.26798125 0.8448328125 0.2630953125 0.870353125 0.266884375 0.8737562499999999 0.27229375 0.844803125
10 0.32914374999999996 0.718703125 0.34718125 0.7188078124999999 0.3318984375 0.7042796874999999 0.32914374999999996 0.718703125
13 0.3496265625 0.7604140625 0.33975625 0.760446875 0.33976875 0.7973140625 0.34964062500000004 0.7973140625 0.3496265625 0.7604140625
11 0.28967343749999996 0.91675625 0.3014046875 0.9167921874999999 0.301453125 0.9139625 0.3087671875 0.9140328125 0.3087671875 0.8792843749999999 0.2897078125 0.8793593749999999 0.28967343749999996 0.91675625
10 0.27980312500000004 0.7885140625 0.271565625 0.780721875 0.2694375 0.7917359375 0.27774375 0.7996171875 0.27980312500000004 0.7885140625
13 0.349859375 0.721878125 0.3294625 0.721878125 0.32935781249999996 0.7594015625 0.349859375 0.7593 0.349859375 0.721878125
6 0.3277453125 0.741690625 0.3101828125 0.741690625 0.3101828125 0.8082437499999999 0.327696875 0.8082062499999999 0.3277453125 0.741690625
2 0.3499515625 0.8441906250000001 0.32735625 0.8442187499999999 0.3273328125 0.9047765625 0.3499515625 0.904671875 0.3499515625 0.8441906250000001
8 0.39775 1 0.3976921875 0.9216796875 0.3995359375 0.9216796875 0.3995015625 0.9109953125000001 0.365921875 0.9109953125000001 0.366025 0.733378125 0.39946875 0.7334546875 0.39946875 0.708646875 0.39653125 0.7058234375 0.3958125 0.7094109375000001 0.3641109375 0.6797187499999999 0.364896875 0.6760546875 0.361446875 0.6729265625 0.3524625 0.7204015625 0.352565625 0.9235890625 0.3543984375 0.9235421875000001 0.3543546875 1 0.39775 1
6 0.32896875 0.8109640625000001 0.31010781249999997 0.810878125 0.3101125 0.845215625 0.3270796875 0.845334375 0.32709062499999997 0.8413468749999999 0.3524671875 0.8411984374999999 0.3524734375 0.8111437499999999 0.34994375 0.8110109375000001 0.3499234375 0.8009390625 0.32896875 0.800896875 0.32896875 0.8109640625000001
10 0.3243765625 0.720528125 0.298715625 0.6963874999999999 0.29128750000000003 0.7359875 0.3243609375 0.73601875 0.3243765625 0.720528125