10 0.5639470296875 0.90872764375 0.5668637890625 0.9501937 0.5898587953125001 0.9485856953124999 0.587003728125 0.9071969953125001 0.5639470296875 0.90872764375
1 0.3995495421875 0.0058035249999999995 0.4051697234375 0.08665347343749999 0.43445585624999994 0.0848465125 0.4480425796875 0.2791427390625 0.45994333281250005 0.27831100000000003 0.4451459625 0.067486384375 0.43061945156250003 0.0685024953125 0.4261280546875 0.0039440937500000006 0.3995495421875 0.0058035249999999995
2 0.5174656953125 1 0.5487681296875 0.997810478125 0.5432356359375 0.9188906390625 0.49545518906249997 0.9218515765624999 0.500956771875 1 0.5174656953125 1
8 0.545665715625 0.6694288828125 0.536448996875 0.670073578125 0.5365606203125 0.671372265625 0.4880774953125 0.6748012171875 0.4879807203125 0.6734215406249999 0.47878602031249995 0.674106115625 0.49125194531250005 0.8510498999999999 0.5399272546875 0.8476378234374999 0.55055700625 0.9976859875 0.56860504375 0.9964243906249999 0.562202115625 0.9052247203125001 0.56825965625 0.9048193781249999 0.5628322406249999 0.8267189328125 0.5567252593750001 0.827063784375 0.5465528421875 0.6777211359375 0.5461550640625 0.6733289671875 0.5459399078125 0.671534440625 0.545665715625 0.6694288828125
0 0.48253610468749997 0 0.381654803125 0.0070543671875000005 0.18930236875 0.08870313125 0.25302700312500004 1 0.5174638953125 1 0.618345196875 0.9929456328124999 0.81069763125 0.91129686875 0.7469729968750001 0 0.48253610468749997 0
13 0.5065649171875 0 0.50898675 0.035215484375 0.5164837421875 0.0345742640625 0.518820284375 0.067991228125 0.5345635375 0.0666504515625 0.53004046875 0 0.5065649171875 0
13 0.5750364640625001 0.8708660984375 0.5773344953125 0.9037324640625 0.5930430578125 0.90263386875 0.5875919578125 0.8246775749999999 0.5642917953125 0.826306475 0.5674715390625 0.8713952656249999 0.5750364640625001 0.8708660984375
2 0.4520276296875 0.08526215312499999 0.45826745625000004 0.1745060109375 0.4910129546875 0.1722151515625 0.48470471875000004 0.0828781140625 0.4520276296875 0.08526215312499999
2 0.45854635000000005 0.178570115625 0.4654706296875 0.2779321328125 0.498348284375 0.275632703125 0.49126926875 0.17628205 0.45854635000000005 0.178570115625
10 0.4663797203125 0.750354046875 0.46674453125 0.7555563078125 0.47859603125000005 0.7547285015625 0.47581454843750004 0.7153726515625001 0.44905465468749994 0.7171766734375 0.45154805312499996 0.751391053125 0.4663797203125 0.750354046875
10 0.5091669343749999 0.0389310765625 0.51137709375 0.0682633328125 0.5170876734375 0.0678643796875 0.515059959375 0.038458075 0.5091669343749999 0.0389310765625
7 0.4498824671875 0.0546394125 0.45157565625 0.0779190765625 0.4860552421875 0.0755066125 0.48078275000000004 0.00012250625 0.4319525296875 0.0035375328125 0.43551621406249996 0.055353251562500004 0.4498824671875 0.0546394125
7 0.5398900875 0.8477062203125 0.46142115937500006 0.8531932937500001 0.46587393749999995 0.9168769328125 0.544379084375 0.9115951515624999 0.5398900875 0.8477062203125
10 0.5127991953125 0.1760292265625 0.5156516796874999 0.216032215625 0.531020821875 0.21471783906250003 0.5281849484375 0.174953928125 0.5127991953125 0.1760292265625
10 0.45441916562499995 0.7611581562499999 0.45613666718749996 0.7857107640625001 0.46406149374999994 0.7849337703125 0.462379478125 0.760620715625 0.45441916562499995 0.7611581562499999
6 0.531757946875 0.11824508125 0.5316295640625001 0.11639505000000001 0.5071479609375 0.1181078734375 0.50984149375 0.15774039374999999 0.5112599531249999 0.1575830234375 0.5123420265624999 0.1719610171875 0.5354291765625 0.17034615 0.5343821015625 0.1546309953125 0.5377653125 0.15433558593750002 0.5352207921875001 0.1179413296875 0.531757946875 0.11824508125
11 0.58426163125 0.66102215 0.5870149484375 0.701223396875 0.6064096218749999 0.6998671671875 0.6035744171874999 0.65973293125 0.58426163125 0.66102215
8 0.4825348671875 0 0.48078275000000004 0.00012250625 0.4959556140625 0.21727025000000003 0.514019865625 0.2160068640625 0.5036878 0.0693952625 0.5097858296875 0.0689693390625 0.504963440625 0 0.4825348671875 0
10 0.59324208125 0.92388109375 0.5952324703125 0.9523357015625 0.6247152109375 0.9502161328125001 0.6227519312500001 0.9217534109375001 0.59324208125 0.92388109375
6 0.5697519328125 0.9937597531250001 0.56993978125 0.9963297171875001 0.5931196859375001 0.9947094265624999 0.59288945625 0.9914037890625 0.5963048890625 0.991164296875 0.5937580062500001 0.9545045468750001 0.590309409375 0.9547818796875 0.5901343 0.95226591875 0.56559298125 0.953982021875 0.56838210625 0.9938557421875001 0.5697519328125 0.9937597531250001
1 0.5794111984375 0.7024768765625 0.5791608453125 0.69858398125 0.5853473046875 0.6980984546875 0.5827227921875 0.6612238296874999 0.5486262671875 0.663455021875 0.5511184578125 0.7003858140625 0.5528559796875 0.7002203171875 0.553152909375 0.7044668781250001 0.5794111984375 0.7024768765625
10 0.5055182125 0.07279569375 0.5083700624999999 0.11422479999999999 0.5313918703125 0.1128159 0.5285680078125 0.0711848 0.5055182125 0.07279569375
3 0.5891111265625 0.82440955625 0.5952902734375 0.9125147312499999 0.6192009328125 0.9106725203125 0.6130277234375 0.822393384375 0.5891111265625 0.82440955625
10 0.5677396421875 0.8749020984375001 0.5698114265625 0.9043202499999999 0.57555908125 0.9038206875 0.57351658125 0.87459549375 0.5677396421875 0.8749020984375001
1 0.4610872875 0.8497194718750001 0.48774777187499996 0.84776923125 0.4816477703125 0.7602703953125001 0.46410711875 0.761411675 0.4660138046875 0.78868135625 0.456852196875 0.7894078999999999 0.4610872875 0.8497194718750001
2 0.5518448328125001 0.712674175 0.5595939484375 0.8229689406249999 0.6128185671875 0.8187495 0.6052215984375 0.7090131125 0.5518448328125001 0.712674175
13 0.4962262734375 0.22069112500000002 0.50009674375 0.2754489828125 0.5337333859375 0.2733060609375 0.529873071875 0.2181042546875 0.4962262734375 0.22069112500000002
3 0.5315104953125 0 0.536789828125 0.07629406562499999 0.5608480640625 0.0746115765625 0.555520996875 0 0.5315104953125 0