2 0.3546078125 0.5998515624999999 0.373603125 0.5995234375 0.3732546875 0.5385640625 0.3265265625 0.5384265625 0.32649218750000003 0.5995234375 0.331315625 0.5993578125 0.331365625 0.5951640625 0.35455000000000003 0.5950890625 0.3546078125 0.5998515624999999
5 0.8049609375 0.383171875 0.8514046875 0.384003125 0.8512578124999999 0.3467828125 0.7787140625 0.3473015625 0.7787140625 0.422271875 0.8047390625 0.42216875 0.8049609375 0.383171875
8 0.6682515625 0.5598234375 0.6682515625 0.5560703124999999 0.7303546875 0.55569375 0.7303546875 0.5595749999999999 0.7364578125000001 0.5598234375 0.7361046875 0.49438281249999994 0.8048421875 0.49438281249999994 0.8048421875 0.4671078125 0.7627328125 0.46685625000000003 0.7627328125 0.43019687500000003 0.7362828125 0.430321875 0.7363265625000001 0.4650390625 0.662278125 0.46515312499999995 0.6624125000000001 0.5598234375 0.6682515625 0.5598234375
3 0.6500140625 0.38144374999999997 0.650090625 0.3857390625 0.626590625 0.3857390625 0.626590625 0.381615625 0.615853125 0.3816671875 0.6156390625 0.40007187499999997 0.6307859375 0.4000203125 0.6306796875 0.464434375 0.6588375 0.4646859375 0.6588359374999999 0.3814984375 0.6500140625 0.38144374999999997
12 0.838565625 0.3441578125 0.8512203125 0.343984375 0.8512828125 0.2856796875 0.778728125 0.2861125 0.778728125 0.3417234375 0.83838125 0.3416390625 0.838565625 0.3441578125
11 0.622178125 0.56516875 0.599009375 0.5654171875 0.5989093750000001 0.5886296875 0.6219187500000001 0.588575 0.622178125 0.56516875
1 0.6687765625 0.352946875 0.6157890625 0.353128125 0.6157015625 0.3763609375 0.668690625 0.3766625 0.6687765625 0.352946875
1 0.8296734375 0.5592312500000001 0.7426578125 0.5595234375 0.7425265624999999 0.5826125 0.8298203125000001 0.582903125 0.8296734375 0.5592312500000001
10 0.6139015624999999 0.3816234375 0.5989765625000001 0.38163125 0.598940625 0.40010625 0.6138421875 0.4003140625 0.6139015624999999 0.3816234375
10 0.77513125 0.32725781249999997 0.767046875 0.327403125 0.7670656250000001 0.35076874999999996 0.7752421875 0.3507484375 0.77513125 0.32725781249999997
10 0.8339890625 0.4432171875 0.826209375 0.44342812499999995 0.8261859375 0.46019062499999996 0.8339812500000001 0.4603515625 0.8339890625 0.4432171875
2 0.7858968749999999 0.49937031249999997 0.7396984375 0.49911093749999996 0.7397984375 0.554778125 0.7535546875 0.554778125 0.7534890625 0.550496875 0.7766578125 0.550496875 0.776615625 0.5546 0.7862609375 0.5549015625 0.7858968749999999 0.49937031249999997
2 0.658865625 0.46464531249999996 0.5989234375 0.464465625 0.598753125 0.55974375 0.6256296875 0.5598625 0.6255453125 0.5555203125 0.6534890625 0.5554578125 0.6537875 0.5600453125 0.658865625 0.5600453125 0.658865625 0.46464531249999996
6 0.773628125 0.430190625 0.7644562500000001 0.43013124999999997 0.7648843750000001 0.46675625 0.799190625 0.4670875 0.799190625 0.46411406250000004 0.804865625 0.46432031250000005 0.8047609375 0.4371125 0.80276875 0.43713125 0.8026390625 0.42711249999999995 0.7996109375 0.42729531249999997 0.799525 0.4249421875 0.7788328124999999 0.42512343750000003 0.7788781250000001 0.42717656249999997 0.7758468749999999 0.42729531249999997 0.7758812500000001 0.42778906250000004 0.77354375 0.4278375 0.773628125 0.430190625
13 0.8335546875000001 0.46201406250000004 0.824609375 0.4622515625 0.8245078124999999 0.4435734375 0.8072156250000001 0.443659375 0.8066531250000001 0.49390156249999995 0.8336124999999999 0.49440625000000005 0.8335546875000001 0.46201406250000004
7 0.728321875 0.3600875 0.7096359375 0.3597265625 0.7096359375 0.35552656250000003 0.6723640625 0.355309375 0.672465625 0.38166406249999996 0.6623796875 0.38166406249999996 0.662278125 0.46515312499999995 0.7363265625000001 0.4650390625 0.7362562500000001 0.35538125 0.72826875 0.355309375 0.728321875 0.3600875
1 0.7388296875 0.565053125 0.6234984375 0.565103125 0.6237703125 0.58855625 0.7389 0.5884359375 0.7388296875 0.565053125
4 0.8478203125 0.3884953125 0.80865625 0.3884953125 0.8085687500000001 0.433209375 0.8478203125 0.43326875 0.8478203125 0.3884953125
2 0.8337421875000001 0.49922187500000004 0.7878359374999999 0.4991625 0.7876640625 0.554915625 0.7916328125 0.5550390625 0.791675 0.5502703125 0.8149265625 0.5506328125 0.81496875 0.5546140625 0.83386875 0.55485625 0.8337421875000001 0.49922187500000004
9 0.7470078124999999 0.35567187499999997 0.73784375 0.35567187499999997 0.73815 0.42778906250000004 0.7758812500000001 0.42778906250000004 0.7758296875 0.35501875 0.7588843749999999 0.3550890625 0.758628125 0.35675625 0.7469578125 0.35675625 0.7470078124999999 0.35567187499999997
1 0.76493125 0.3272921875 0.6723515625 0.3274015625 0.672359375 0.35051875 0.7649953125 0.3505890625 0.76493125 0.3272921875
10 0.6138140625 0.3530140625 0.5989656250000001 0.35319375000000003 0.599009375 0.37666875 0.6138140625 0.37660781249999997 0.6138140625 0.3530140625
8 0.2756171875 0.49436875 0.2794921875 0.4941640625 0.279675 0.53263125 0.3442328125 0.5338640625 0.344440625 0.494625 0.31384218750000004 0.494625 0.313971875 0.4330140625 0.2023109375 0.43241406250000003 0.2023109375 0.5597921875 0.20795625 0.5601875 0.20809843749999998 0.556046875 0.27006718749999997 0.5556515625 0.2699953125 0.5602859375 0.2756296875 0.5603906249999999 0.2756171875 0.49436875
10 0.1386703125 0.3766625 0.1532640625 0.376628125 0.1532984375 0.3532375 0.1386734375 0.35314375 0.1386703125 0.3766625
10 0.3071859375 0.3507484375 0.31505 0.3507484375 0.3148578125 0.327384375 0.3071515625 0.3274140625 0.3071859375 0.3507484375
3 0.1661921875 0.3816671875 0.1554 0.3817953125 0.155371875 0.399771875 0.17002656249999998 0.40007187499999997 0.170328125 0.4633890625 0.1984328125 0.46365937500000004 0.19868593750000002 0.3816671875 0.189578125 0.38155625 0.1895 0.3857171875 0.166021875 0.3858359375 0.1661921875 0.3816671875
1 0.1557484375 0.37651406249999997 0.20851562499999998 0.3766109375 0.20851562499999998 0.353246875 0.1553984375 0.353246875 0.1557484375 0.37651406249999997
1 0.21214375 0.3507265625 0.304953125 0.35060156249999996 0.304953125 0.3274015625 0.2119765625 0.32718437499999997 0.21214375 0.3507265625
13 0.14049375 0.4584578125 0.1677953125 0.458378125 0.1679109375 0.4032484375 0.140203125 0.4032484375 0.14049375 0.4584578125
10 0.13874999999999998 0.40029062499999996 0.153271875 0.40012187499999996 0.1533890625 0.3818875 0.13869375 0.3814765625 0.13874999999999998 0.40029062499999996
1 0.2765265625 0.6275890625 0.37348906249999997 0.6274484375 0.3731890625 0.6043093749999999 0.27642500000000003 0.6041671875 0.2765265625 0.6275890625
7 0.248884375 0.3550390625 0.21214375 0.3555484375 0.2120625 0.38168437499999996 0.2023265625 0.38168437499999996 0.20214531249999998 0.43238281250000005 0.275984375 0.4327234375 0.2758640625 0.355890625 0.2680359375 0.355378125 0.2679140625 0.36014843750000003 0.248884375 0.3594671875 0.248884375 0.3550390625
0 0 0 0 1 1 1 1 0 0 0
10 0.3467015625 0.4800265625 0.36584531249999996 0.479934375 0.3659765625 0.49970156250000003 0.37355 0.4995078125 0.37355 0.44345625 0.346328125 0.44328593749999995 0.3467015625 0.4800265625
2 0.19343125 0.559871875 0.19853281250000002 0.5601078125 0.19846406249999998 0.46432031250000005 0.13855937499999998 0.464396875 0.13872656249999998 0.5601078125 0.165325 0.56034375 0.165325 0.555375 0.193346875 0.555375 0.19343125 0.559871875
9 0.27780312500000004 0.43044374999999996 0.3152375 0.43034375 0.3150265625 0.3555140625 0.298784375 0.3555140625 0.2987171875 0.356796875 0.2864484375 0.3567 0.286309375 0.3555140625 0.27766250000000003 0.35531718749999996 0.27780312500000004 0.43044374999999996
6 0.3185359375 0.4363328125 0.3185828125 0.43804218749999996 0.31411406249999996 0.4380171875 0.3139453125 0.4941640625 0.344771875 0.4946625 0.344771875 0.4381109375 0.3392046875 0.4381109375 0.3394453125 0.43605625000000003 0.3185359375 0.4363328125
1 0.1638828125 0.5883890625 0.273021875 0.5888125 0.27302031250000003 0.5650984375 0.163725 0.5661875000000001 0.1638828125 0.5883890625
2 0.2766640625 0.598865625 0.29312187500000003 0.5994843750000001 0.29316875 0.5950328125000001 0.3165015625 0.594896875 0.3165015625 0.599346875 0.326425 0.599553125 0.3265125 0.538646875 0.279284375 0.5379828125 0.2793734375 0.5569671875 0.27651875000000004 0.55699375 0.2766640625 0.598865625
13 0.3640765625 0.482853125 0.34688281249999997 0.4829328125 0.34729062499999996 0.5328875 0.3716859375 0.5328875 0.371803125 0.5022421875 0.364134375 0.5022421875 0.3640765625 0.482853125
11 0.13869375 0.588471875 0.161646875 0.5882984375 0.161809375 0.56548125 0.13869375 0.5654234375 0.13869375 0.588471875