0 0.45558619375 0 0.011608396875 0.8009571484375 0.3706912078125 1 0.54441380625 1 0.988391603125 0.19904285156249998 0.6293087921875 0 0.45558619375 0
11 0.6439215796875 0.1479286296875 0.6405510078125001 0.1459584609375 0.617419140625 0.1875992140625 0.6300456578125 0.194551759375 0.6530704609375 0.152994578125 0.6519962875 0.152366996875 0.6529893906249999 0.15057539375 0.6449560640625001 0.14608493125 0.6439215796875 0.1479286296875
13 0.5256772546875 0.5620378406250001 0.5091014 0.5528604125000001 0.46042714374999993 0.6408548015625 0.4767968984375 0.6500269624999999 0.5256772546875 0.5620378406250001
1 0.432029521875 0.6023788625 0.4203557546875 0.5958829765625 0.386506609375 0.6569065515625 0.3981605328125 0.663441459375 0.4028369546875 0.6549824109375 0.432029521875 0.6023788625
1 0.7658058375000001 0.120345253125 0.702327725 0.2348434609375 0.7100220187499999 0.2391817234375 0.7173058234374999 0.22603494687499998 0.7176297218750001 0.22623056562500002 0.727418371875 0.20845534843750002 0.7271644828125 0.20830746875 0.7551891234375 0.157823803125 0.753862684375 0.15715821875 0.764632203125 0.1378132875 0.771448059375 0.1416414 0.779515728125 0.127067603125 0.779808 0.127201028125 0.7983709046875 0.093712659375 0.784178834375 0.08584586562499999 0.765304296875 0.12006724531249999 0.7658058375000001 0.120345253125
1 0.41375992031250003 0.6017327640625 0.3909292140625 0.58913645 0.3598490125 0.645242071875 0.382645334375 0.6579068625 0.41375992031250003 0.6017327640625
1 0.2675082578125 0.8118549859374999 0.21197283906250003 0.9120209718750001 0.2482135265625 0.9321095125 0.3037043390625 0.8319563171875 0.2675082578125 0.8118549859374999
1 0.40944617968749997 0.7375516875 0.41449131406250006 0.740323240625 0.4103208515625 0.74780505625 0.4282043421875 0.7576626562500001 0.4788087671875 0.666366634375 0.45592929375 0.653716490625 0.40944617968749997 0.7375516875
10 0.305886796875 0.8930510296874999 0.296020171875 0.8876104546875 0.28908395 0.900165628125 0.2988769578125 0.90559398125 0.305886796875 0.8930510296874999
13 0.29795951249999997 0.8845372171875001 0.30739836249999997 0.889708515625 0.32300086875 0.8615286203125001 0.3292163453125 0.86503465625 0.3560899484375 0.8165533921874999 0.34050738125 0.807849734375 0.29795951249999997 0.8845372171875001
1 0.46606488281249997 0.48195943437500005 0.45435695000000004 0.4754446109375 0.39989824218750003 0.5736455984375 0.41164871875 0.5802125890625 0.46606488281249997 0.48195943437500005
10 0.4701449328125 0.6078051125 0.45575715624999996 0.5998530625 0.45406714062500003 0.6029019328125 0.47340372343750003 0.613670396875 0.4828245953125 0.596632796875 0.47787806093749996 0.5938122828125 0.4701449328125 0.6078051125
10 0.41920177656249996 0.5919347359375 0.39612374687499996 0.5792334859375 0.3923503390625 0.5859635421875 0.4155052046875 0.598551959375 0.41920177656249996 0.5919347359375
1 0.36817787968750004 0.65743713125 0.356909828125 0.6511536312499999 0.27091975156250003 0.8062838359375 0.2822244765625 0.8125108453125 0.36817787968750004 0.65743713125
10 0.7282290921875 0.147942528125 0.7312973031250001 0.14970400625 0.7110136203125 0.18629029375 0.7119786859375 0.18676985625 0.742085215625 0.1324594640625 0.7381154203125 0.13010711875 0.7282290921875 0.147942528125
13 0.6943058468750001 0.1761197 0.70982051875 0.18492328281249998 0.7278685203124999 0.1522606953125 0.7248017828125 0.1506125828125 0.736386459375 0.12971327187499998 0.723889496875 0.1227074859375 0.6943058468750001 0.1761197
10 0.7638151125 0.1558112421875 0.7701918734375 0.144307259375 0.7644109125 0.14145475937500002 0.7582091359375001 0.1526430578125 0.7638151125 0.1558112421875
2 0.45608932968750004 0.5039489984375 0.4575543171875 0.5047610546875 0.42623950625000007 0.561202903125 0.42485817187499997 0.5602657140625 0.413093815625 0.5814923984375 0.425489584375 0.5886904140625 0.42739503125 0.58524645 0.43068955000000003 0.5871959 0.43092507031249994 0.5870191734375 0.45384199531249997 0.59979190625 0.455957703125 0.5959428375 0.47036771875000005 0.6039804609375 0.47814577968750005 0.59000003125 0.48433163593749995 0.5934789296874999 0.4997911828125 0.5656181765625 0.47906549062500003 0.5541940515625 0.50660689375 0.5044822609375 0.46791330000000003 0.48237304999999997 0.45608932968750004 0.5039489984375
3 0.7068782859375 0.223784975 0.7051587734375 0.22295510156249998 0.7171571671875 0.20110960625000002 0.718596271875 0.2021520640625 0.75459086875 0.136958259375 0.7445818359375 0.131461971875 0.74359485625 0.133306990625 0.7434484515625 0.133197253125 0.71152583125 0.190758178125 0.6904729140625 0.1791508828125 0.66960136875 0.216765471875 0.7008549515625 0.23446120625 0.7068782859375 0.223784975
2 0.298258740625 0.7911677859374999 0.29681114375 0.790292125 0.28393086562500003 0.8135835531250001 0.3091275078125 0.8277128499999999 0.35345364375 0.7480557859375 0.32813132968750003 0.7337567843749999 0.3165740765625 0.7547677671875 0.317935203125 0.755522253125 0.298258740625 0.7911677859374999
8 0.41957335156250003 0.6856313359375 0.4211966484375 0.6828027375 0.4178941 0.6810257 0.4374612546875 0.6459770046875 0.43890900000000005 0.646849175 0.44342980781249997 0.6388094453125001 0.4555542234375 0.64553011875 0.4714510609375 0.6167773390625 0.4369126109375 0.5975466125 0.42802553125 0.6135116468749999 0.4294208234375 0.61428506875 0.40581139843749997 0.65692594375 0.4044018734375 0.656026721875 0.3966568296875 0.6699379140625 0.3983928734375 0.6707573015625 0.31240456875 0.8255168968750001 0.3109879796875 0.8248495765625 0.2993706265625 0.845859403125 0.30071128593749996 0.8466347000000001 0.25210968437500003 0.9342691875 0.26455525 0.941167878125 0.40952068593749996 0.6798946953125 0.41957335156250003 0.6856313359375
2 0.34070989375 0.714435625 0.339199971875 0.7136111671875 0.3295870546875 0.7312176078125 0.3550864625 0.74518423125 0.3935717875 0.6756775140625 0.384406375 0.670622053125 0.384449384375 0.6703672015625 0.3811668265625 0.6685476515625 0.38310955625 0.6650493203125001 0.3700719078125 0.6580939796874999 0.3589404546875 0.678417371875 0.360484909375 0.6791698609375 0.34070989375 0.714435625
10 0.3421617640625 0.8043559281249999 0.359483334375 0.8139574312500001 0.330337590625 0.8666441015625 0.338500809375 0.871435234375 0.4091965484375 0.7442609328125 0.40310871875 0.7409274828125 0.3957069109375 0.754464403125 0.37592529375 0.7434706906249999 0.3421617640625 0.8043559281249999
7 0.746840034375 0.1274364171875 0.74654295625 0.12799169999999999 0.7563278546875 0.133989021875 0.764814715625 0.118800790625 0.763214434375 0.117913740625 0.7817872953125 0.0845202140625 0.7519545640625 0.0679836609375 0.7255905484375 0.1156326234375 0.746840034375 0.1274364171875
3 0.5079652828125 0.5050708703125 0.48191518593750005 0.551998809375 0.5013495546875 0.562819690625 0.50949639375 0.548193309375 0.5168200015625 0.552449365625 0.5183380015625 0.549646365625 0.5168685703125 0.5487907578125 0.528684990625 0.52757328125 0.530129346875 0.5283935515625 0.5350176734375001 0.51981971875 0.5079652828125 0.5050708703125
1 0.3782404171875 0.740096603125 0.39609784062500003 0.7499915609375 0.40788202656249994 0.7287097671875 0.40901917968749996 0.7293365296875 0.420454653125 0.7085742515625 0.4218436484375 0.7094299359375 0.4295058265625 0.6956746828125 0.42944847499999994 0.695691128125 0.40895684218749995 0.6849469828125 0.3782404171875 0.740096603125
1 0.6757815218750001 0.08208830781250001 0.6622773328125 0.106482740625 0.662006746875 0.1063327515625 0.6417096546875001 0.14302058281250002 0.645440453125 0.1450885984375 0.6464368375 0.14323628593749999 0.6548896984375 0.1476305859375 0.653761 0.14966680937500002 0.6545234828125001 0.15000906875 0.6750763296875 0.1127180375 0.6745314890625 0.11238923125 0.676613140625 0.10863383281250001 0.6760492703125001 0.10824266874999999 0.7109499328125 0.0452544234375 0.6993748875 0.0388382703125 0.6754972718750001 0.0819307453125 0.6757815218750001 0.08208830781250001
8 0.6884675203125 0.0896651515625 0.6808599140625 0.1033541828125 0.6861035125 0.10608032187500001 0.6862425578125 0.1059519484375 0.72040960625 0.1249857375 0.7224364953125 0.1214161484375 0.722361553125 0.1212870703125 0.75188076875 0.06794275625 0.7141122296875 0.047007312499999995 0.68998919375 0.09055864999999999 0.6884675203125 0.0896651515625
6 0.3064988078125 0.92946488125 0.3081138296875 0.926551303125 0.292413265625 0.9179251578125 0.2975330578125 0.9087435953125 0.2871213265625 0.9030133671874999 0.28217503593750004 0.9119141531249999 0.281123265625 0.9113847421875001 0.26459898125 0.9411921187500001 0.2928737953125 0.9568651046875001 0.3077191765625 0.9301413421875001 0.3064988078125 0.92946488125
2 0.6829584343749999 0.11140611874999999 0.6787420843749999 0.10879919843750001 0.6761698453125 0.11341708125000001 0.6775946640625 0.11412112031249999 0.6580369671875 0.1495395015625 0.6571691796875 0.1490584796875 0.631389025 0.19546075624999998 0.6695122578125 0.21673930156250001 0.7172815031249999 0.1307675671875 0.6828459062500001 0.1116510203125 0.6829584343749999 0.11140611874999999
1 0.45482317187500004 0.6496625765624999 0.4429018453125 0.6431330828124999 0.419635528125 0.685583621875 0.431358928125 0.6922445796875001 0.45482317187500004 0.6496625765624999
10 0.5061585046875 0.6169845031250001 0.49916768906250003 0.6128628953125 0.475007284375 0.65701343125 0.48189995156250004 0.660383903125 0.5061585046875 0.6169845031250001
10 0.2985621078125 0.9094783640624999 0.2984663125 0.9094449156250001 0.29473954375 0.9160650515625001 0.3094666390625 0.9243105921874999 0.3369418171875 0.8743798703125 0.32239697500000003 0.8664372265625 0.2985621078125 0.9094783640624999
1 0.5317612390625001 0.5293267078125 0.530129346875 0.5283935515625 0.516823759375 0.5524103593749999 0.530263528125 0.5601066796875 0.5482280640625 0.5274496359375 0.5364565109375 0.5209013328125 0.5317612390625001 0.5293267078125