1 0.6154168875 0.6501888124999999 0.623557290625 0.6471351546874999 0.6044003859375 0.5972287296875 0.5680729640625 0.6111506015625 0.608573484375 0.7167725953125 0.6368786609375 0.70597955 0.6154168875 0.6501888124999999
8 0.68251933125 0.9655106421875 0.553324184375 0.6293239625 0.539921090625 0.6341836484375001 0.6691139546875 0.9706552140625 0.68251933125 0.9655106421875
2 0.63541736875 0.8873514671875 0.6039842796875 0.8054405421874999 0.57841394375 0.8152453515625 0.6098043234375 0.897177290625 0.63541736875 0.8873514671875
10 0.4826141375 0.3424033 0.487762584375 0.3410147609375 0.48233024531249996 0.325074096875 0.47325357031250004 0.3265934015625 0.4819506890625 0.35222492031249997 0.485670703125 0.351494853125 0.4826141375 0.3424033
10 0.706485125 0.9506453718750001 0.7083038109375 0.9499695765625 0.7001636312499999 0.928844775 0.673883265625 0.938984078125 0.681817878125 0.9597989015625 0.7063672453125001 0.9504262421874999 0.706485125 0.9506453718750001
0 0.48690704218749997 0 0.39474836406249997 0.0048298312500000004 0.058245925 0.1340008453125 0.390672321875 1 0.5130929578125001 1 0.6052516359375 0.99517016875 0.9417540750000001 0.8659991546875 0.609327678125 0 0.48690704218749997 0
1 0.2692676046875 0.052997373437499995 0.28218546093749997 0.086647109375 0.294461515625 0.082076490625 0.2814934265625 0.0483042171875 0.2692676046875 0.052997373437499995
6 0.6714053390625 0.9365150671875 0.6990082234375 0.92560705625 0.6817719546875 0.8807617359375 0.6553509109375 0.89090371875 0.6590606578125 0.9004867609374999 0.6577754015624999 0.9009812671875 0.6714053390625 0.9365150671875
10 0.5718330453125 0.5166336578124999 0.5789727015625 0.513920340625 0.5700519953125001 0.4907100921875 0.5629543124999999 0.49338835156250005 0.5718330453125 0.5166336578124999
1 0.5291776171875 0.7340671796875 0.553496828125 0.7249005984375 0.5227420765625 0.6448270015625 0.4985088078125 0.654170578125 0.5291776171875 0.7340671796875
3 0.4728246625 0.45233974374999997 0.5046758109375 0.4468105171875 0.49166150625 0.40890218125000005 0.45984801875 0.41458276875 0.4728246625 0.45233974374999997
1 0.6650034203125 0.9722334421875001 0.6362381984375001 0.8972517640625 0.5975706265625 0.9121396203125001 0.6263273984375 0.9870794984375 0.6650034203125 0.9722334421875001
10 0.534598853125 0.5160596828124999 0.5246060499999999 0.5199817906249999 0.4946726953125 0.4421166703125 0.484669903125 0.445907871875 0.552452271875 0.6227480828124999 0.5659187265625001 0.6176941890625 0.5602065859375001 0.6028931671875 0.5669475609375 0.6004244890625 0.5561263484375 0.5721192234375 0.5493714656249999 0.5747106734375 0.537817384375 0.5445725015625 0.5445594421875 0.542034921875 0.534598853125 0.5160596828124999
1 0.5896613796875 0.7143794109375 0.6026614109375 0.7095314593750001 0.5705875296875 0.6260816499999999 0.557660896875 0.631016503125 0.5896613796875 0.7143794109375
11 0.41155532812500006 0.466054190625 0.426673878125 0.46347503593750006 0.41055516406250003 0.41595036875 0.3954974421875 0.418645246875 0.41155532812500006 0.466054190625
1 0.5090027328125 0.4489432375 0.518133671875 0.447145709375 0.4868080828125 0.35492596718749997 0.481532378125 0.3557970203125 0.4706744703125 0.3237463546875 0.4811809421875 0.321714015625 0.4596963515625 0.25850180312500004 0.4582928953125 0.25874120624999997 0.44356187656249996 0.215363659375 0.4366849421875 0.2161934578125 0.4312366234375 0.200097165625 0.4241134140625 0.2012434109375 0.47547089375 0.35236267187500003 0.46661807812499995 0.35391405625 0.48317963593749996 0.40275328593750004 0.4927645921875 0.4011400625 0.5090027328125 0.4489432375
2 0.28469601093749997 0.047075548437499996 0.2965985015625 0.078129553125 0.32218234218749997 0.0681644421875 0.31028417343750003 0.0372525921875 0.28469601093749997 0.047075548437499996
13 0.3567812078125 0.10882502499999999 0.3734385953125 0.10249926406250001 0.344900365625 0.0282363765625 0.3282893734375 0.0345816125 0.3567812078125 0.10882502499999999
10 0.32660449062499997 0.0310931359375 0.3451285609375 0.0239325984375 0.377127484375 0.10729558749999998 0.3844446953125 0.10602965 0.3738874921875 0.074850378125 0.35314431874999996 0.0207994171875 0.3265699375 0.03100106875 0.32660449062499997 0.0310931359375
6 0.40041318593749997 0.154748190625 0.3833526328125 0.15675475781249998 0.3801222078125 0.14694319218750002 0.36854404218750003 0.1489174765625 0.3718720265625 0.15873957656249998 0.3707289046875 0.15896064375000002 0.38289197656249996 0.1947778515625 0.3840726421875 0.194496925 0.387144603125 0.203792640625 0.407939925 0.20044189375000002 0.404621875 0.190630225 0.41208821718750005 0.189015378125 0.40041318593749997 0.154748190625
10 0.4587153328125 0.25471045000000003 0.464392171875 0.25364156875 0.44532665156249995 0.1975672203125 0.4326565890625 0.1998443796875 0.43716088124999997 0.21309398750000003 0.4442555203125 0.2119101234375 0.4587153328125 0.25471045000000003
1 0.49602701250000003 0.52259358125 0.5085546562500001 0.5178079390625 0.48039718750000004 0.44448109531249996 0.46786084843750003 0.449220253125 0.49602701250000003 0.52259358125
10 0.6238831796875 0.8089288937499999 0.6425332984375001 0.8018149484375 0.6727274640625 0.8804768859375001 0.6904270343750001 0.8739744625 0.6571238625 0.7871609421875 0.6498021031250001 0.79004183125 0.6230441265625 0.7202512765625 0.6081198859375 0.7261200828125001 0.6040789890625 0.715562409375 0.5901125046875 0.7208975453125 0.6238831796875 0.8089288937499999
1 0.5571061921875 0.7261493484375 0.5697559203125 0.721513771875 0.53787286875 0.6385405640624999 0.5253754984375 0.64345605 0.5571061921875 0.7261493484375
2 0.6026925125 0.8019893546875 0.5739102015624999 0.7270398640625 0.5484211828125 0.7371423890625 0.5770553328125 0.811772634375 0.6026925125 0.8019893546875
10 0.478551859375 0.40777737031249994 0.48051656718749997 0.4074397078125 0.46039463124999996 0.34834463437499996 0.45506684999999997 0.3496252234375 0.46163383125 0.36912388125 0.46515435156249996 0.3684684203125 0.478551859375 0.40777737031249994
13 0.654188528125 0.88690595 0.6709275453125 0.8805852968749999 0.6422886812499999 0.806103940625 0.6257179171875 0.812500265625 0.654188528125 0.88690595
1 0.5954856078125 0.9058526265625 0.607600303125 0.901218490625 0.5439981078125 0.7356828125 0.5319633859375 0.7403800359375 0.5954856078125 0.9058526265625
2 0.51110335625 0.63883885625 0.5507839328124999 0.6235161359375 0.5127161484375 0.524516525 0.47309398593749996 0.5397297875 0.51110335625 0.63883885625
1 0.4963712 0.6476563375 0.5089628125 0.6428970703125 0.46868632187500003 0.5380268828125 0.456153409375 0.5428613062500001 0.4963712 0.6476563375
1 0.5312355156249999 0.4968453109375 0.5334717578125 0.4959864734375 0.509426028125 0.43334501875000003 0.4969035609375 0.43811005 0.5250564046874999 0.5115576140625 0.535368925 0.5075858921874999 0.5312355156249999 0.4968453109375
1 0.370153084375 0.21550577343750002 0.3264934296875 0.0871617265625 0.3230505609375 0.078043478125 0.2843999765625 0.0929867734375 0.28659779375 0.098709278125 0.3286609296875 0.2228326578125 0.370153084375 0.21550577343750002
13 0.567797171875 0.5969017578125 0.59669001875 0.5861264187499999 0.5624458203125 0.49700116562499996 0.55253763125 0.5008061859375 0.5667232640625001 0.5379568671875 0.5648259734375001 0.5386852875 0.559144165625 0.5237465515624999 0.5421691531249999 0.5303111406250001 0.5478438265625 0.545203309375 0.5411289421875 0.5477817109374999 0.5497016421875001 0.5701136546875001 0.556565346875 0.5674789515625001 0.567797171875 0.5969017578125
1 0.39478277500000003 0.372048478125 0.39409567343749996 0.3723129265625 0.3444801796875 0.2263986921875 0.33108194375 0.22899251875 0.394157603125 0.41496344843750005 0.4083888875 0.41241201875 0.39478277500000003 0.372048478125
8 0.387728140625 0.2101802296875 0.385690696875 0.2041442140625 0.385925678125 0.20403019687500001 0.34386291875 0.080421565625 0.3250867484375 0.0315700984375 0.31181179531250003 0.0366655890625 0.3313282203125 0.08737148125000001 0.3774799546875 0.223947946875 0.3489292140625 0.2289208671875 0.394972371875 0.3644406296875 0.43840015 0.3564599828125 0.4351307015625 0.347456253125 0.3880632765625 0.21021586406249998 0.387728140625 0.2101802296875
10 0.38377271562500004 0.15408223593749998 0.3994554359375 0.150833575 0.38545891718749997 0.10970817343749999 0.3696781078125 0.1123689734375 0.38377271562500004 0.15408223593749998
10 0.4183532578125 0.2039767453125 0.41781177343750003 0.20418349375 0.413700884375 0.192260425 0.40711607499999997 0.1934097484375 0.4154263328125 0.217839553125 0.4225104234375 0.2164544015625 0.4183532578125 0.2039767453125
7 0.42519164218750005 0.2194885484375 0.4149508046875 0.22130512656249998 0.40981325 0.20627215312499997 0.38928835624999997 0.21000614843749998 0.43593139062499997 0.3475081703125 0.4681688734375 0.3418569953125 0.421411528125 0.20396510937499998 0.42003779999999996 0.20420452031249997 0.42519164218750005 0.2194885484375
13 0.464685503125 0.372180859375 0.46110364531250003 0.3728004171875 0.45348163281250004 0.35033728750000004 0.4391168703125 0.3526406765625 0.4585204515625 0.41000065625 0.47670717968750004 0.40753921249999997 0.464685503125 0.372180859375
10 0.3677501453125 0.14529312187500001 0.378468603125 0.14351409843750002 0.36680351875 0.109197884375 0.3567882375 0.11301946874999999 0.3677501453125 0.14529312187500001
2 0.4709541671875 0.4525942359375 0.4405293203125 0.3625146609375 0.39752861093749997 0.3696280171875 0.42821459375000004 0.46015234843749997 0.4709541671875 0.4525942359375
10 0.5404611390625 0.5267096578125 0.5580236828125 0.520040740625 0.549766003125 0.4984652203125 0.5378627046875 0.5030429015625 0.542562928125 0.5152542718750001 0.536891178125 0.5174353468749999 0.5404611390625 0.5267096578125