1 0.3463375 0.17945781249999998 0.34625625000000004 0.16322343749999998 0.3391453125 0.1632515625 0.33914218749999997 0.151459375 0.32870468750000004 0.1514390625 0.32870468750000004 0.150996875 0.3195359375 0.15098125 0.319546875 0.1514078125 0.29283125 0.1514625 0.29283125 0.151009375 0.2753640625 0.150996875 0.2753640625 0.1514078125 0.267715625 0.151490625 0.267715625 0.16271249999999998 0.2572984375 0.162684375 0.25727968749999997 0.160709375 0.2553015625 0.160709375 0.255284375 0.1602171875 0.23782031250000002 0.1602171875 0.23782031250000002 0.16065625 0.23246093750000002 0.16068125 0.2324796875 0.1787625 0.23754375 0.17879687500000002 0.23756875000000002 0.17971718750000001 0.25553750000000003 0.1796828125 0.255525 0.1788140625 0.2642296875 0.1787921875 0.264175 0.16460625 0.2762375 0.1646390625 0.2762234375 0.1655 0.2943 0.16548125 0.2943 0.1646 0.318525 0.1645734375 0.31851562499999997 0.1948015625 0.3330484375 0.19473125 0.33301875000000003 0.179515625 0.3463375 0.17945781249999998
2 0.38668125 0.22517187500000002 0.3392671875 0.2250078125 0.3392953125 0.2851328125 0.33909531249999997 0.28567343749999996 0.33909531249999997 0.2904328125 0.38668125 0.29041875 0.38668125 0.22517187500000002
10 0.212625 0.20563906250000002 0.21263593749999998 0.22579687499999998 0.23107656250000003 0.22576718750000002 0.231084375 0.205725 0.212625 0.20563906250000002
10 0.20682031250000002 0.1776828125 0.2068 0.1922875 0.2112296875 0.19233125 0.21121875 0.17766875 0.20682031250000002 0.1776828125
2 0.172840625 0.251878125 0.1728109375 0.2921515625 0.21292499999999998 0.2921234375 0.21300625 0.2519921875 0.172840625 0.251878125
10 0.333028125 0.1988234375 0.333059375 0.1952984375 0.331140625 0.19528281249999999 0.33115 0.2226734375 0.33786875 0.2226734375 0.33786875 0.1988234375 0.333028125 0.1988234375
2 0.27310625 0.28707812499999996 0.2731578125 0.25196406250000003 0.2376328125 0.2519359375 0.23767343749999997 0.2921515625 0.2732171875 0.292165625 0.2732171875 0.2871921875 0.27310625 0.28707812499999996
1 0.1825734375 0.29617343749999997 0.182565625 0.29705312500000003 0.172790625 0.2970625 0.17283125 0.31515 0.1828453125 0.31520625 0.18284375 0.3156375 0.203834375 0.3156515625 0.203834375 0.31518125 0.21849687499999998 0.315209375 0.2184875 0.3156515625 0.23229687499999999 0.3156375 0.23229687499999999 0.3151671875 0.2450234375 0.31518125 0.2450125 0.3156375 0.2660046875 0.3156375 0.2660046875 0.31518125 0.2832890625 0.31518125 0.2832890625 0.3156375 0.3291984375 0.315621875 0.32920781250000003 0.31515624999999997 0.3463828125 0.315209375 0.3463828125 0.315665625 0.3637375 0.3156515625 0.3637 0.31505625 0.3639796875 0.31501250000000003 0.36398593749999997 0.2944765625 0.346040625 0.2944453125 0.34603125 0.2953859375 0.3398765625 0.29531718749999997 0.3398671875 0.29705312500000003 0.32944062500000004 0.29707812499999997 0.32945156249999996 0.2961953125 0.2829453125 0.2962109375 0.28295625 0.2970359375 0.2663578125 0.29709375 0.2663578125 0.2961953125 0.244834375 0.29622187499999997 0.244825 0.29704687500000004 0.232615625 0.2970640625 0.232615625 0.2961953125 0.218175 0.296178125 0.218175 0.2970640625 0.204190625 0.29702812500000003 0.20419375 0.2961875 0.1825734375 0.29617343749999997
2 0.634528125 0.2786546875 0.6345375 0.24658125000000003 0.6026703125 0.24659375 0.6026296875 0.2837421875 0.634628125 0.283728125 0.6346390625 0.27876875 0.634528125 0.2786546875
2 0.577459375 0.2466234375 0.577465625 0.24676874999999998 0.56540625 0.24673906250000002 0.565384375 0.2837640625 0.6009734375 0.283753125 0.6009515624999999 0.2465234375 0.577459375 0.2466234375
10 0.6428734375 0.22210312499999998 0.642903125 0.17751406249999999 0.6191296875 0.1775578125 0.6191187499999999 0.182271875 0.6192609375 0.182271875 0.619209375 0.2221609375 0.6428734375 0.22210312499999998
13 0.5984296875 0.2007953125 0.616146875 0.20106562499999997 0.6159453125 0.1642171875 0.5984296875 0.1642171875 0.5984296875 0.2007953125
10 0.598059375 0.20370781249999997 0.59801875 0.22207499999999997 0.6162578125 0.22217343750000002 0.6162687499999999 0.20370781249999997 0.598059375 0.20370781249999997
1 0.5765546875 0.160353125 0.576534375 0.1917046875 0.5791375000000001 0.1917046875 0.5791453125 0.1944453125 0.589853125 0.19443125 0.5898328125 0.1716328125 0.5950046875 0.1716609375 0.594975 0.160353125 0.5765546875 0.160353125
10 0.6934640625 0.1798140625 0.6934437499999999 0.183678125 0.6935749999999999 0.18385 0.6935546875 0.219946875 0.696828125 0.2199609375 0.696828125 0.19284218749999998 0.700453125 0.1928125 0.70044375 0.1797859375 0.6934640625 0.1798140625
8 0.6375203125 0.24412656250000003 0.6375031250000001 0.2788390625 0.637415625 0.27892656250000003 0.6373953125 0.28376718749999996 0.69068125 0.283746875 0.690690625 0.277921875 0.6905703125 0.2778078125 0.6905171875 0.2239578125 0.5774296875 0.22422031250000002 0.5774296875 0.24451874999999998 0.6347953125 0.244621875 0.634771875 0.24405625 0.6375203125 0.24412656250000003
6 0.596390625 0.1965625 0.5778609375 0.196578125 0.577840625 0.217871875 0.57765 0.218128125 0.5776296875 0.224078125 0.5914703125 0.224078125 0.59145 0.22238750000000002 0.59628125 0.222359375 0.596390625 0.1965625
10 0.703478125 0.14766875 0.7035 0.15955625 0.7121109375 0.1595953125 0.7120671875 0.1477171875 0.703478125 0.14766875
10 0.592934375 0.1758515625 0.59289375 0.1942484375 0.5965890625 0.1942625 0.5965953125000001 0.17585937499999998 0.592934375 0.1758515625
1 0.6206203125 0.1598921875 0.620625 0.17254843749999998 0.686040625 0.17253593750000001 0.686034375 0.1736328125 0.7211624999999999 0.1736515625 0.721140625 0.17848906250000002 0.7320125 0.17846718749999999 0.7320031250000001 0.17650625 0.7373953125 0.176534375 0.737390625 0.1642125 0.71206875 0.164596875 0.71208125 0.1619375 0.7018500000000001 0.1619546875 0.7018640625 0.14771406250000002 0.6431171875 0.1477 0.6431453125 0.15995781250000002 0.6206203125 0.1598921875
2 0.736096875 0.28276093750000003 0.7360734375 0.22231718749999999 0.6935687500000001 0.2222921875 0.6935625 0.2775296875 0.6934515625000001 0.277671875 0.693446875 0.2827765625 0.736096875 0.28276093750000003
3 0.71826875 0.1814078125 0.7182671875 0.2222859375 0.7360390625 0.2222578125 0.7361125000000001 0.18137343749999998 0.71826875 0.1814078125
1 0.6959234375000001 0.30674843749999997 0.695934375 0.30721875 0.713521875 0.3072109375 0.7134109375000001 0.286996875 0.69564375 0.2870640625 0.6956359375 0.28759999999999997 0.6939546875 0.28763125 0.6939296875000001 0.2885671875 0.6838062500000001 0.28859218750000004 0.6838015625 0.2877921875 0.6442812499999999 0.2877171875 0.6442812499999999 0.2885984375 0.6277328125 0.288609375 0.6277250000000001 0.28781093750000003 0.60975 0.2877546875 0.6097421875 0.28860312499999996 0.5922 0.28859218750000004 0.592178125 0.2877796875 0.5740968750000001 0.2877609375 0.5740968750000001 0.2885859375 0.56429375 0.2885859375 0.564284375 0.291909375 0.5640109375 0.291909375 0.5639640625 0.3067609375 0.574453125 0.30674531250000003 0.5744625 0.307215625 0.5918375 0.30724375 0.5918484375 0.3067609375 0.6100187499999999 0.306771875 0.6100187499999999 0.3072234375 0.6274734375000001 0.3072390625 0.6274734375000001 0.3067265625 0.644634375 0.30675625 0.644634375 0.3071984375 0.68345 0.30721875 0.68345 0.3067625 0.6959234375000001 0.30674843749999997
13 0.7163125 0.2195609375 0.716303125 0.1802703125 0.7022015625 0.1802703125 0.7021828125 0.1953265625 0.6985953125 0.1953125 0.6985750000000001 0.2195328125 0.7163125 0.2195609375
11 0.715259375 0.286340625 0.71521875 0.30665468749999997 0.737384375 0.30662656250000003 0.7374046875 0.28636875 0.715259375 0.286340625
7 0.6906875 0.1799765625 0.6824625 0.17999375 0.6824515625 0.17755156249999998 0.644309375 0.1775015625 0.6443171875 0.224109375 0.6903828125 0.2239109375 0.6903625 0.2220609375 0.690584375 0.2220609375 0.6905859375000001 0.18344218750000002 0.6906765625 0.1833578125 0.6906875 0.1799765625
6 0.20513125 0.19466250000000002 0.20512031249999998 0.1854515625 0.1894484375 0.1854515625 0.18944375 0.194434375 0.189825 0.19443125 0.1898453125 0.227728125 0.20620625 0.22781406249999997 0.2061953125 0.22605312500000002 0.2112296875 0.22605312500000002 0.211053125 0.1945625 0.20513125 0.19466250000000002
10 0.7004234375 0.6927125000000001 0.7004328125 0.679671875 0.6935546875 0.6797140625 0.69354375 0.71983125 0.6968390624999999 0.71983125 0.6967984375 0.6926703125 0.7004234375 0.6927125000000001
2 0.6345375 0.7843515625 0.6345171875 0.7465625 0.6026703125 0.7464359375 0.6026703125 0.8045875 0.6348484375 0.8046312500000001 0.6348484375 0.7843578124999999 0.6345375 0.7843515625
10 0.7034812500000001 0.6491359375 0.7034703125 0.6594921874999999 0.71088125 0.6595109375 0.7108921875 0.6491359375 0.7034812500000001 0.6491359375
13 0.7163734374999999 0.719446875 0.7163234375 0.6800421875 0.7021828125 0.680128125 0.70213125 0.695140625 0.6985750000000001 0.695140625 0.6985546874999999 0.7193765625 0.7163734374999999 0.719446875
1 0.6958546875 0.78681875 0.6958546875 0.7878999999999999 0.693365625 0.7879171875 0.6933421875 0.8064781249999999 0.7134671875 0.806446875 0.7134734375 0.7867734375000001 0.6958546875 0.78681875
1 0.7018 0.6618031249999999 0.7018296875 0.6496359375 0.684434375 0.649740625 0.6844546874999999 0.6770015625 0.7103359375 0.6770734375 0.71035625 0.6617875 0.7018 0.6618031249999999
2 0.565390625 0.746578125 0.56538125 0.804628125 0.6009890625 0.8046218749999999 0.6010718749999999 0.7471765625 0.5891703125000001 0.7471765625 0.5891656249999999 0.7464140625 0.577471875 0.746446875 0.577471875 0.7466390625 0.565390625 0.746578125
6 0.5914703125 0.7239359375000001 0.5914609375000001 0.7222609375 0.5964625 0.72223125 0.5964625 0.7035375 0.596371875 0.7035375 0.5963812500000001 0.6964484375 0.5913703124999999 0.6964484375 0.591371875 0.6968734375000001 0.57785 0.69681875 0.57785 0.717928125 0.57765 0.7179421875 0.577640625 0.723921875 0.5914703125 0.7239359375000001
10 0.6067859375 0.703978125 0.6067859375 0.7035640625 0.598059375 0.7035375 0.5980296875 0.7219171875 0.616278125 0.7220890625 0.6162687499999999 0.7040359375 0.6067859375 0.703978125
8 0.6231890625000001 0.7444171875000001 0.6232 0.7438234375 0.6375171875000001 0.7439609375 0.6375093749999999 0.7843546875 0.6373578125 0.7843546875 0.6372859375 0.8046 0.6906828125 0.8046140625 0.690684375 0.7796921875 0.690575 0.7795359375 0.69055 0.7220609375 0.68256875 0.72208125 0.6825734375 0.72375625 0.5774859375 0.7244859375 0.57743125 0.7444 0.6231890625000001 0.7444171875000001
10 0.343484375 0.6927265625000001 0.343484375 0.6911937499999999 0.315803125 0.6911937499999999 0.3157625 0.6976718749999999 0.3249015625 0.6976718749999999 0.32489218750000004 0.6926703125 0.343484375 0.6927265625000001
13 0.1927609375 0.6856140625 0.1927375 0.7225734375 0.2104609375 0.7224328125 0.2103890625 0.6856109375 0.1927609375 0.6856140625
10 0.2502078125 0.69316875 0.2502078125 0.7229265625 0.2651234375 0.72295625 0.26513437500000003 0.693209375 0.2502078125 0.69316875
2 0.22793125 0.8056218749999999 0.2279421875 0.7473921875 0.19247187500000001 0.7474609375 0.19247187500000001 0.8008328125 0.192365625 0.8009171875 0.19232968749999999 0.8056390625000001 0.22793125 0.8056218749999999
10 0.3434359375 0.68910625 0.34355 0.6596609375 0.314503125 0.659646875 0.31448906249999997 0.6887234375 0.315734375 0.688709375 0.315734375 0.688965625 0.3434359375 0.68910625
6 0.23736875 0.7249234375 0.2371265625 0.6981109375 0.2182171875 0.69828125 0.218253125 0.7233234375 0.2227234375 0.723271875 0.222728125 0.72494375 0.23736875 0.7249234375
10 0.2145140625 0.697896875 0.21450312500000002 0.6832234374999999 0.21214218749999997 0.6832234374999999 0.21213125000000002 0.7227875 0.21651250000000002 0.7228015625 0.21651250000000002 0.6978828125 0.2145140625 0.697896875
3 0.345040625 0.6596437500000001 0.345140625 0.6995890625000001 0.3630484375 0.6996609375 0.3630890625 0.6596578125 0.345040625 0.6596437500000001
10 0.19245625 0.72514375 0.19243593750000001 0.745371875 0.2107953125 0.7454140625 0.2106765625 0.7251875 0.19245625 0.72514375
10 0.2384671875 0.6981671875 0.238446875 0.7229265625 0.24725625 0.72295625 0.24725625 0.698125 0.2384671875 0.6981671875
7 0.2667 0.650578125 0.266609375 0.7213515625 0.3128 0.72109375 0.3129015625 0.650578125 0.2667 0.650578125
8 0.26177968749999997 0.74544375 0.26176875 0.7449765625 0.2644890625 0.7449765625 0.26448125 0.7853890625 0.2642796875 0.7853890625 0.2642703125 0.8055890625 0.31765 0.805603125 0.317640625 0.7806437500000001 0.31753125 0.7805578125 0.3175421875 0.723140625 0.2665984375 0.7231546875 0.2665890625 0.7250296875 0.21215156249999997 0.7251578125 0.2122328125 0.7454140625 0.26177968749999997 0.74544375
13 0.3266453125 0.6951265624999999 0.3266484375 0.700121875 0.315903125 0.70013125 0.3158859375 0.7202421875 0.3430703125 0.7202828125 0.34319375 0.6951562499999999 0.3266453125 0.6951265624999999
10 0.3146015625 0.650134375 0.3145703125 0.6573015625 0.319159375 0.6573296875 0.31915 0.6501140624999999 0.3146015625 0.650134375
1 0.32280312499999997 0.7877890625 0.3228125 0.78886875 0.3203328125 0.7889109375000001 0.3203125 0.807421875 0.34043125 0.8074781249999999 0.3404609375 0.7877453125 0.32280312499999997 0.7877890625
2 0.3451203125 0.7010375 0.345115625 0.7231687499999999 0.3204828125 0.72326875 0.3205171875 0.780290625 0.32042187499999997 0.780359375 0.320396875 0.7834453124999999 0.3630625 0.7834796875000001 0.3630265625 0.701009375 0.3451203125 0.7010375
1 0.2432578125 0.650621875 0.24326875 0.6781984375000001 0.265128125 0.6782468749999999 0.26504374999999997 0.6506078125 0.2432578125 0.650621875
2 0.6936671875 0.7221609375 0.6936796875 0.7386468749999999 0.6935578125 0.7386640625 0.6935640624999999 0.77925625 0.6934781250000001 0.779378125 0.69345 0.7826109375 0.7360953125 0.78264375 0.7360890625 0.722075 0.6936671875 0.7221609375
3 0.7360953125 0.6988000000000001 0.7360953125 0.6663515624999999 0.7124343750000001 0.666309375 0.7124343750000001 0.6772953125 0.71828125 0.6773374999999999 0.7182609375 0.698709375 0.7360953125 0.6988000000000001
10 0.5922109375 0.6746875 0.5921859375 0.69410625 0.596571875 0.69410625 0.5965843750000001 0.6746875 0.5922109375 0.6746875
10 0.6191453124999999 0.66206875 0.619115625 0.6669421875 0.6192562500000001 0.6669421875 0.6192 0.721359375 0.630896875 0.721359375 0.6309203125 0.7218890625000001 0.642840625 0.7219140625 0.64286875 0.6620921875 0.6191453124999999 0.66206875
10 0.728509375 0.700090625 0.728509375 0.7003984375 0.718271875 0.700428125 0.7182515625 0.7207578125 0.736090625 0.7206609375 0.7360421875000001 0.7001140625 0.728509375 0.700090625
10 0.5963859375 0.6725328125 0.5963859375 0.6620828125 0.5774375 0.6620359375 0.5774546875000001 0.6946828125 0.5906125 0.69473125 0.590646875 0.6724859375000001 0.5963859375 0.6725328125
10 0.2650296875 0.6908671875 0.26504062500000003 0.680809375 0.24306875 0.680809375 0.24306875 0.69139375 0.2486265625 0.6914281250000001 0.24863749999999998 0.6908484374999999 0.2650296875 0.6908671875
11 0.342225 0.7872125 0.3421875 0.80748125 0.3640515625 0.8074640625 0.3640625 0.787178125 0.342225 0.7872125
2 0.261496875 0.78539375 0.26148906250000004 0.747471875 0.22962968749999998 0.7474328125 0.22960468750000002 0.8055999999999999 0.26179687500000004 0.8056109375 0.261809375 0.78539375 0.261496875 0.78539375
7 0.6445640625 0.649584375 0.6443296875 0.7222203125 0.682546875 0.7221890625 0.6825484375 0.72019375 0.690584375 0.7202421875 0.69063125 0.6798375 0.6824234375 0.6798656249999999 0.68245 0.6496328124999999 0.6445640625 0.649584375
11 0.7152796875 0.7861984375 0.7152484375 0.8064828125 0.737375 0.806496875 0.737415625 0.7862265625 0.7152796875 0.7861984375
13 0.5984281250000001 0.6640375 0.5984140625000001 0.7007156250000001 0.6160593750000001 0.7009609375 0.6159578125 0.6640578125000001 0.5984281250000001 0.6640375
11 0.3656984375 0.2940125 0.365715625 0.3150109375 0.386678125 0.3150390625 0.38666875 0.29402343750000004 0.3656984375 0.2940125
1 0.3779828125 0.16715 0.377953125 0.1646375 0.38664062499999996 0.16454531249999998 0.38668125 0.1464171875 0.378853125 0.1463296875 0.3788390625 0.146021875 0.3697890625 0.1460046875 0.3697890625 0.1463296875 0.349790625 0.1463890625 0.3498203125 0.164559375 0.367165625 0.16459375 0.367175 0.167121875 0.3779828125 0.16715
13 0.365659375 0.2222734375 0.3657109375 0.18206093750000002 0.334775 0.18206093750000002 0.33471562499999996 0.19650625 0.3395171875 0.1965484375 0.339496875 0.2222453125 0.365659375 0.2222734375
7 0.2678140625 0.1695296875 0.2677796875 0.2261234375 0.3150890625 0.22623593749999998 0.3150296875 0.16948749999999999 0.2678140625 0.1695296875
13 0.213053125 0.1646390625 0.2130328125 0.20311718750000002 0.23077031250000002 0.2029890625 0.23071562499999998 0.1645859375 0.213053125 0.1646390625
2 0.232590625 0.18370781249999998 0.2325046875 0.2256171875 0.2643984375 0.22574531250000002 0.2643703125 0.18900625 0.26455937500000004 0.18865156249999998 0.264509375 0.184246875 0.26455 0.18393593749999998 0.264571875 0.1837703125 0.232590625 0.18370781249999998
10 0.2146546875 0.2519484375 0.21464375000000002 0.2921515625 0.23615781249999998 0.29218125 0.2362078125 0.25200625 0.2146546875 0.2519484375
0 0 0 0 1 1 1 1 0 0 0
10 0.3167015625 0.1955765625 0.316703125 0.222778125 0.327290625 0.22281093749999997 0.3273234375 0.19556875 0.3167015625 0.1955765625
3 0.3866515625 0.2249015625 0.38666093749999997 0.169515625 0.3481140625 0.16950156249999998 0.3481640625 0.1793328125 0.36755781249999997 0.1793765625 0.3675234375 0.2248703125 0.3866515625 0.2249015625
1 0.19121875 0.1805390625 0.19121875 0.1831171875 0.2020390625 0.1832234375 0.2020390625 0.1805390625 0.2052625 0.1805109375 0.20529375 0.17579375 0.2111890625 0.17579375 0.21121875 0.1607234375 0.20518593749999997 0.1607015625 0.205171875 0.1602078125 0.19613125 0.16023125 0.196115625 0.1607015625 0.18846093749999998 0.1606953125 0.1884203125 0.1805390625 0.19121875 0.1805390625
10 0.25999062500000003 0.15148124999999998 0.26 0.1603671875 0.26605625 0.160296875 0.26605625 0.1514765625 0.25999062500000003 0.15148124999999998
8 0.315190625 0.22483593750000003 0.3151796875 0.22788593750000002 0.2678140625 0.2278171875 0.2678140625 0.2283015625 0.264459375 0.22828750000000003 0.2644484375 0.22780312500000002 0.206525 0.22785625 0.206528125 0.228440625 0.18945 0.2283953125 0.18940625 0.24793125 0.191615625 0.24795937499999998 0.191615625 0.24780312499999999 0.2760984375 0.24778906250000002 0.27611093750000004 0.2871640625 0.2760109375 0.2872078125 0.27603125 0.2921375 0.3363625 0.29209375 0.3363734375 0.2856875 0.336171875 0.2853890625 0.3362203125 0.22505625 0.33111875 0.22505625 0.331128125 0.2251890625 0.3272515625 0.2251890625 0.327271875 0.224890625 0.315190625 0.22483593750000003
10 0.34076093749999997 0.14634687500000002 0.34078125 0.16088125 0.34807343749999997 0.16089375 0.34805312499999996 0.14633281250000002 0.34076093749999997 0.14634687500000002