8 0.2844522375 0.6880624109375 0.27623005156249997 0.5914627203125 0.3548667640625 0.5859171125 0.352919709375 0.55444375625 0.18935283593750002 0.56723969375 0.200650734375 0.6955893765625001 0.2844522375 0.6880624109375
10 0.1655767171875 0.515751325 0.1669710546875 0.5316819046875 0.18117248749999998 0.5295353875 0.18003520312500002 0.5147112796875 0.1655767171875 0.515751325
6 0.3446268953125 0.5525032484375 0.352200396875 0.5519879359375001 0.34880989375000004 0.5116367484375 0.34122563906250003 0.5123694249999999 0.341061971875 0.5105005296875 0.319158075 0.51295800625 0.32276136875 0.5557312171875 0.34485531406250003 0.55422890625 0.3446268953125 0.5525032484375
10 0.3406821328125 0.299448603125 0.3418384734375 0.3126743328125 0.3780806171875 0.3095798109375 0.37689672500000004 0.2960541546875 0.3406821328125 0.299448603125
10 0.3100233453125 0.4538799578125 0.31938164687500004 0.45313540156250004 0.3166974921875 0.423081425 0.2910231828125 0.4251762015625 0.2980961734375 0.5048233515625 0.31419680156249996 0.5034154125 0.3100233453125 0.4538799578125
11 0.15464429531249999 0.6699485890625 0.1226160265625 0.67288168125 0.1255805828125 0.7057269359375 0.15809267031250002 0.7030140890625 0.15464429531249999 0.6699485890625
10 0.3530814 0.4978747109375 0.3541114734375 0.5096574859375 0.3834754421875 0.5072769546875 0.38237889375 0.494747815625 0.3530814 0.4978747109375
10 0.1318796 0.48783958906249997 0.094065996875 0.49196240312499995 0.0982652734375 0.5370948265625 0.13519389843750002 0.5323200015625 0.1318796 0.48783958906249997
2 0.33109631875 0.587318978125 0.2798868609375 0.591798728125 0.2888654390625 0.6878822265625 0.339435615625 0.682640825 0.33109631875 0.587318978125
2 0.1843869265625 0.564449325 0.1223516546875 0.5689364171875 0.13057679375 0.6645556265625 0.1928301890625 0.65942965625 0.1843869265625 0.564449325
3 0.135347296875 0.5358253359375 0.0983793515625 0.538436359375 0.10075910156250001 0.5682206515625 0.1381244875 0.56511536875 0.135347296875 0.5358253359375
7 0.1800997578125 0.4688558625 0.18935283593750002 0.56723969375 0.2625132140625 0.560950690625 0.2532613578125 0.4631069890625 0.1800997578125 0.4688558625
5 0.3780700796875 0.3108539 0.34202937968749997 0.3140221828125 0.34578396875 0.35911775625 0.35442425312500003 0.35848605 0.36148100156249996 0.4435154234375 0.356892371875 0.451277840625 0.31125670781250003 0.45545057812499995 0.31511804374999997 0.5036340953125 0.34721165468750004 0.500629790625 0.346292928125 0.48853747187499996 0.387865859375 0.48522250937500006 0.393176625 0.54360865625 0.41912724062500006 0.54063385625 0.408923184375 0.424690459375 0.430359975 0.42291170468750006 0.42494729375 0.35800639843750004 0.41892954375 0.35857145468749996 0.4183788671875 0.35228258437500004 0.429798115625 0.3512129609375 0.42460718750000004 0.2918802859375 0.3811929046875 0.295596303125 0.3866604578125 0.354932465625 0.3980274921875 0.354067328125 0.3987515140625 0.3605166296875 0.3826246640625 0.36205409843749997 0.3780700796875 0.3108539
10 0.3032955203125 0.5141538296875 0.3072959625 0.5545838953125 0.3220637234375 0.5532928453125 0.3189699625 0.5126710953125 0.3032955203125 0.5141538296875
10 0.299021821875 0.514542346875 0.2606009828125 0.5174519156249999 0.2639839203125 0.5583051734375 0.30240764531250003 0.554942725 0.299021821875 0.514542346875
13 0.3508526078125 0.512948353125 0.3572337578125 0.5858757828125001 0.38870693125 0.5819900171875 0.381454075 0.5100447906250001 0.3508526078125 0.512948353125
10 0.420072340625 0.5404974453125 0.44057397187499997 0.5387036703125 0.43055696718750003 0.42421645625000004 0.4100745625 0.4262254859375 0.420072340625 0.5404974453125
3 0.1092792671875 0.666493059375 0.1283048953125 0.664578209375 0.13052196875 0.6643806640625 0.128427028125 0.6407060828125 0.12608923125 0.64112393125 0.12176728125 0.591667659375 0.12414526875000001 0.591458621875 0.122231503125 0.56902028125 0.1011673640625 0.570732246875 0.1092792671875 0.666493059375
10 0.31776569062500004 0.4230753515625 0.32022475625 0.453168465625 0.3560978578125 0.449920209375 0.360486515625 0.4427780484375 0.35834520625 0.41919435156249996 0.31776569062500004 0.4230753515625
12 0.3935938625 0.549416784375 0.4029706703125 0.66711146875 0.45211591875 0.66313714375 0.44131132187500005 0.5449189750000001 0.3935938625 0.549416784375
10 0.28443785625 0.42531103281249993 0.2516365546875 0.428632665625 0.2603833484375 0.5158215875 0.29173628906250004 0.5124013625 0.28443785625 0.42531103281249993
10 0.17826504999999998 0.46765338749999996 0.165476840625 0.46861410625 0.1666478390625 0.483271675 0.17963382187500002 0.4819798546875 0.17826504999999998 0.46765338749999996
0 0.4781680921875 0 0.421592409375 0.004949765625 0 0.1022820421875 0 0.5218319078125 0.004949765625 0.578407590625 0.1022820421875 1 0.5218319078125 1 0.578407590625 0.995050234375 1 0.8977179578125 1 0.4781680921875 0.995050234375 0.421592409375 0.8977179578125 0 0.4781680921875 0
1 0.15756106718750001 0.6691212531249999 0.1600737890625 0.7031420265625 0.1968280921875 0.7002515875 0.19383635625 0.6660591703125001 0.18985825 0.6664083109375001 0.15756106718750001 0.6691212531249999
2 0.3338201640625 0.5873299656250001 0.342014878125 0.6832063625 0.3983435703125 0.67800658125 0.38870693125 0.5819900171875 0.3338201640625 0.5873299656250001
13 0.184200040625 0.5610142625 0.1823853609375 0.5324272953125 0.165665771875 0.53371033125 0.1641787515625 0.517287996875 0.136577440625 0.5206005921875 0.1405942171875 0.5653662296874999 0.184200040625 0.5610142625
9 0.1362843953125 0.51534429375 0.182661990625 0.5112873125 0.17942844062500002 0.48486884999999996 0.1650368484375 0.48612918125000004 0.16313816875 0.4696880296875 0.13298229687500002 0.47232675625000003 0.1362843953125 0.51534429375