0 0.2187703125 0 0.21875 0.316284375 0.21875 1 0.78125 1 0.78125 0 0.2187703125 0
13 0.532971875 0 0.532946875 0.0637375 0.58899375 0.06438906250000001 0.5891046875 0.005296875 0.5680468750000001 0.005296875 0.5680625 0 0.532971875 0
2 0.6053046875 0.1702234375 0.6055703125 0.0900765625 0.610853125 0.0906671875 0.6107875 0.059081249999999995 0.5924921875 0.058931250000000004 0.5923609375 0.07103593750000001 0.5344359375 0.07103593750000001 0.533909375 0.21214375 0.6054453125 0.2121375 0.6054453125 0.1935734375 0.6108484375 0.19368125 0.610853125 0.1697828125 0.6053046875 0.1702234375
10 0.60841875 0.1937640625 0.6083140625000001 0.217075 0.6307406249999999 0.21695625000000002 0.630715625 0.18368125 0.6109421875 0.183859375 0.6109140625 0.193646875 0.60841875 0.1937640625
7 0.6308765625 0.25849375 0.6307671874999999 0.2240515625 0.5293296875 0.22393125 0.5292734375 0.3934265625 0.5826625 0.39392187500000003 0.582690625 0.3194265625 0.6309312499999999 0.31925781249999996 0.6309859375 0.31003125 0.6257578125000001 0.310153125 0.6258125 0.25837187500000003 0.6308765625 0.25849375
1 0.6258125 0.3690734375 0.6259765625 0.32466875 0.58574375 0.3251609375 0.5859140625 0.3934625 0.5936109375 0.39356874999999997 0.5936109375 0.41779374999999996 0.6140234375 0.41750781249999996 0.61414375 0.3830953125 0.631040625 0.3837125 0.631096875 0.36919375 0.6258125 0.3690734375
10 0.62175 0.49141406249999997 0.62208125 0.428534375 0.593746875 0.42868125 0.5934828125 0.4922984375 0.62175 0.49141406249999997
10 0.6313734375 0.41808125 0.6312921874999999 0.38887499999999997 0.6165796875 0.389165625 0.6165734375 0.41840312500000004 0.6313734375 0.41808125
13 0.5819609375 0.4864046875 0.5821515625 0.4020125 0.532884375 0.4017546875 0.5329984375000001 0.48597812500000004 0.5819609375 0.4864046875
10 0.5886109375 0.547990625 0.588840625 0.492553125 0.5424781249999999 0.49195781250000004 0.5428203125 0.547821875 0.5886109375 0.547990625
6 0.4917375 0.48518906250000005 0.49179218750000003 0.5728890625 0.49151718750000006 0.5737515625 0.49140625 0.5962609375000001 0.53439375 0.5969984375 0.53439375 0.54755 0.539565625 0.5474281249999999 0.539565625 0.493921875 0.529109375 0.4942921875 0.5291640625 0.48543281250000003 0.4917375 0.48518906250000005
2 0.41631406249999997 0.447078125 0.41654375000000005 0.5269265625 0.4111328125 0.5262109374999999 0.4111328125 0.59745 0.48722343749999997 0.5968328125 0.486765625 0.4779328125 0.4979578125 0.4785453125 0.49768125 0.4301640625 0.4113609375 0.42944843749999995 0.4113171875 0.44717812500000004 0.41631406249999997 0.447078125
1 0.3842453125 0.43045156249999994 0.384378125 0.597984375 0.40637187499999994 0.5976859375 0.406040625 0.4406359375 0.4006265625 0.44137343749999997 0.40075781250000003 0.43015781249999996 0.3842453125 0.43045156249999994
2 0.41522812499999995 0 0.41505000000000003 0.0414265625 0.42099374999999994 0.041071875 0.420915625 0.15159687500000002 0.4152875 0.1517765625 0.4152875 0.1714359375 0.49787187499999996 0.1721453125 0.49786875 0 0.41522812499999995 0
3 0.501296875 0 0.5014234375 0.10769218750000001 0.529053125 0.10756718750000001 0.5291812499999999 0 0.501296875 0
8 0.40527187500000006 0.394534375 0.4049953125 0.43057656250000004 0.4112703125 0.43106718749999995 0.41110468750000007 0.429221875 0.41605781249999996 0.429221875 0.4158921875 0.41827500000000006 0.50115 0.418521875 0.501478125 0.4848203125 0.5293296875 0.4849421875 0.5292749999999999 0.1145796875 0.5012046875 0.11408906249999999 0.5013124999999999 0.18370625000000002 0.4207375 0.183953125 0.42068281250000006 0.1720234375 0.40510624999999995 0.171159375 0.4053796875 0.20695625 0.41099375 0.2067078125 0.41138125 0.39515 0.40527187500000006 0.394534375