0 0.46941875 0 0 0.057637499999999994 0 0.53058125 0.057637499999999994 1 0.53058125 1 1 0.9423625 1 0.46941875 0.9423625 0 0.46941875 0
10 0.3207640625 0.48517656249999996 0.3087109375 0.48675468750000006 0.3120515625 0.5142453125 0.32156875 0.5127046875 0.3212859375 0.5096796875 0.34614375000000003 0.5068343750000001 0.3364125 0.42828906250000004 0.314284375 0.43121406249999994 0.3207640625 0.48517656249999996
10 0.3531671875 0.509528125 0.392271875 0.5049984375000001 0.3857359375 0.45193593749999994 0.3467015625 0.45694375000000004 0.3531671875 0.509528125
6 0.4062734375 0.5068515625 0.43624999999999997 0.5030484375000001 0.4357015625 0.49951718749999996 0.44582499999999997 0.49815156250000003 0.439190625 0.44553125 0.4267046875 0.44698125 0.42596249999999997 0.4419015625 0.40050625 0.44511093749999997 0.40115468749999994 0.4501609375 0.3897171875 0.451565625 0.396175 0.5041640625 0.4058703125 0.5028484375 0.4062734375 0.5068515625
13 0.456821875 0.5462625 0.494865625 0.5417171875 0.4852765625 0.4636125 0.44758437500000003 0.46865468750000006 0.456821875 0.5462625
10 0.5024546875 0.4094125 0.474759375 0.41288281250000003 0.479946875 0.454946875 0.4908984375 0.45343125000000006 0.5000875 0.5290546875000001 0.5168828125 0.5269234375 0.5024546875 0.4094125
10 0.4722765625 0.41311406249999993 0.428796875 0.41847812500000003 0.431075 0.437028125 0.44450625 0.4355109375 0.447434375 0.458775 0.4774765625 0.4550859375 0.4722765625 0.41311406249999993
10 0.42834374999999997 0.41479687500000006 0.45964375 0.4109109375 0.45603437500000005 0.3820671875 0.424796875 0.3861296875 0.42834374999999997 0.41479687500000006
10 0.50194375 0.40564999999999996 0.49935156249999996 0.3837390625 0.490996875 0.37463125 0.458328125 0.3787125 0.462203125 0.4104609375 0.50194375 0.40564999999999996
10 0.5292109375 0.7969906250000001 0.5634140624999999 0.7925953125 0.55858125 0.7546765625 0.5244328125 0.7592171875 0.5292109375 0.7969906250000001
1 0.564115625 0.7540140625 0.5687203125 0.7918609375 0.7516765624999999 0.769396875 0.7469812499999999 0.7315046875 0.564115625 0.7540140625
2 0.5716375 0.74016875 0.615821875 0.73474375 0.616390625 0.739378125 0.6248109375 0.7383437500000001 0.611271875 0.6301281249999999 0.5942078125 0.63210625 0.5930296875 0.6218281250000001 0.512775 0.6318609375 0.516309375 0.6616796875000001 0.512625 0.6621937499999999 0.5234609375 0.7507890625 0.5723328125 0.7451453124999999 0.5716375 0.74016875
3 0.527215625 0.629840625 0.5493875 0.626915625 0.537975 0.5339734375 0.5013828124999999 0.5386171875 0.506859375 0.583803125 0.5212046875 0.5817421875 0.5219328125 0.5868125 0.5074078125 0.58855 0.5123953125 0.6280359375 0.5267484375 0.6263203125000001 0.527215625 0.629840625
13 0.580978125 0.56426875 0.5452609374999999 0.5688453124999999 0.55238125 0.6224375 0.6094875 0.6151890625 0.6047890625 0.5787484375 0.5830828125 0.5816921875000001 0.580978125 0.56426875
10 0.544825 0.5649765625 0.5829875 0.5602828125 0.5850984375 0.577475 0.604553125 0.5752265624999999 0.6027812499999999 0.561796875 0.60066875 0.56205625 0.596209375 0.5269078125 0.5409796874999999 0.5337046875 0.544825 0.5649765625
10 0.7628781250000001 0.6202078125 0.779775 0.6178953125 0.7773296875 0.59830625 0.76051875 0.6003093749999999 0.7628781250000001 0.6202078125
8 0.72418125 0.7263859375 0.7462156249999999 0.7236390625 0.7328828125 0.6138296875 0.6488234375 0.6240640625 0.640490625 0.5570875 0.6377421875 0.5573406249999999 0.6162390624999999 0.382434375 0.5845015625000001 0.3859609375 0.62745625 0.738178125 0.6434328125000001 0.7360921874999999 0.6428359375 0.7312421875 0.7235703124999999 0.7214140625 0.72418125 0.7263859375
11 0.7519671875 0.72285 0.7803703125 0.71931875 0.7752265625 0.6781390625 0.7469390625 0.681653125 0.7519671875 0.72285
1 0.7464515625 0.6774359375000001 0.7866953125 0.6723234375 0.7804375 0.622321875 0.7604609375 0.6246015625 0.756878125 0.5964 0.776971875 0.5941046875 0.7668015625 0.5107953125 0.7259890625 0.5157203124999999 0.7464515625 0.6774359375000001
10 0.5603421875000001 0.5218 0.5978078124999999 0.5170984375 0.5908875 0.46186875 0.5536828125000001 0.46638906249999995 0.5603421875000001 0.5218
7 0.72074375 0.516421875 0.7106078124999999 0.5174609375 0.7114828125 0.5236390625 0.6375609375 0.53275625 0.6488234375 0.6240640625 0.7328828125 0.6138296875 0.7293984375 0.5876046875000001 0.7253921875 0.5881031250000001 0.720378125 0.5467796875000001 0.7248281249999999 0.5461109375000001 0.72074375 0.516421875
2 0.7006890625 0.44301562499999997 0.7048703125 0.442503125 0.7023390625 0.4218890625 0.627425 0.4310875 0.6382359375 0.5176609375 0.6530625 0.5159265625 0.653921875 0.5224234375 0.7137125 0.5155125 0.7110937500000001 0.49465000000000003 0.7071 0.49522656249999997 0.7006890625 0.44301562499999997
6 0.5529437500000001 0.461009375 0.590325 0.45677812500000003 0.5884140625 0.44224218750000005 0.5913171875 0.441884375 0.5861875000000001 0.4001125 0.58344375 0.40039218749999994 0.5816359375 0.3860203125 0.544509375 0.3909375 0.546521875 0.4085 0.542815625 0.40907031250000003 0.547371875 0.4451359375 0.550965625 0.44457500000000005 0.5529437500000001 0.461009375
2 0.6265968749999999 0.4234890625 0.7013171875 0.4146875 0.69875 0.39397812499999996 0.694796875 0.3945328125 0.6870609375 0.33208906250000003 0.69108125 0.3317203125 0.6877671875 0.3045421875 0.613246875 0.3137640625 0.6265968749999999 0.4234890625
12 0.5413734375 0.312815625 0.650315625 0.29957968749999997 0.6391828125 0.2104375 0.5306109375 0.22439843750000002 0.5413734375 0.312815625
13 0.5603234375 0.381028125 0.6152624999999999 0.3747390625 0.60856875 0.320928125 0.5537328125000001 0.327578125 0.5603234375 0.381028125
10 0.537353125 0.382284375 0.553325 0.3803796875 0.5462906249999999 0.3217640625 0.5349 0.3231046875 0.5310515625 0.3301265625 0.537353125 0.382284375
5 0.52873125 0.2660546875 0.5327468750000001 0.2654078125 0.5280375 0.2279671875 0.5242046874999999 0.2282828125 0.5237453125 0.22497656250000003 0.5194203125 0.22534843750000003 0.5186140625 0.2201296875 0.48972499999999997 0.22360000000000002 0.5001484375 0.30984687499999997 0.375221875 0.32534375 0.36534218749999997 0.2444265625 0.3291515625 0.2487890625 0.3365609375 0.3077984375 0.3371609375 0.30772499999999997 0.3423859375 0.3133390625 0.3483921875 0.36360312499999997 0.344825 0.3701421875 0.33634375 0.371340625 0.3457578125 0.44801250000000004 0.42811875 0.43719843750000004 0.42147968750000003 0.382240625 0.49114218750000005 0.3734515625 0.5000578124999999 0.38299375 0.5176453125 0.5271109375 0.5536953125 0.5225265625 0.530234375 0.3300875 0.534565625 0.3221265625 0.5355484374999999 0.32200625 0.52873125 0.2660546875
4 0.435978125 0.308396875 0.49234687499999996 0.3012640625 0.4835015625 0.22968125 0.4274265625 0.2367578125 0.435978125 0.308396875
4 0.38073437499999996 0.3150609375 0.435978125 0.308396875 0.4274265625 0.2367578125 0.37201093749999997 0.2433671875 0.38073437499999996 0.3150609375
13 0.31162968750000003 0.431590625 0.2737328125 0.436078125 0.28370625 0.5175375 0.30946250000000003 0.514375 0.3054953125 0.483371875 0.3179125 0.48184843749999995 0.31162968750000003 0.431590625
3 0.2730375 0.432065625 0.3360140625 0.42441562499999996 0.3295328125 0.37212812500000003 0.2972828125 0.37617500000000004 0.2998921875 0.396434375 0.2964875 0.39685156250000003 0.294046875 0.376484375 0.26630937499999996 0.3802359375 0.2730375 0.432065625
2 0.1963453125 0.5282828125 0.2733453125 0.5191125000000001 0.2702234375 0.4949109375 0.27743281249999996 0.4939578125 0.2637046875 0.3805125 0.19710624999999998 0.3879734375 0.196546875 0.3838265625 0.1790734375 0.38597187499999996 0.187540625 0.4541109375 0.1909609375 0.45397499999999996 0.1987625 0.5162656250000001 0.19494375 0.516446875 0.1963453125 0.5282828125
7 0.313725 0.6887375 0.31294374999999997 0.6827156249999999 0.3423171875 0.6791453125 0.342959375 0.684671875 0.364103125 0.6821765625 0.3622671875 0.6682015625 0.3582578125 0.66869375 0.34533281250000003 0.5640562499999999 0.32830312500000003 0.5663218750000001 0.3278453125 0.562590625 0.2814296875 0.5682234375 0.2964421875 0.6906859375 0.313725 0.6887375
8 0.446165625 0.501990625 0.19705 0.532640625 0.21760312499999998 0.7003812500000001 0.2964421875 0.6906859375 0.2814296875 0.5682234375 0.4512484375 0.54680625 0.446165625 0.501990625
2 0.415884375 0.6662203124999999 0.43054375 0.6642046875000001 0.41727499999999995 0.5586859375000001 0.3563078125 0.566240625 0.35879062500000003 0.5871984375 0.3541625 0.587909375 0.3645171875 0.6723250000000001 0.3790296875 0.67079375 0.37815781249999997 0.6650984375 0.41493437499999997 0.660546875 0.415884375 0.6662203124999999
2 0.43553125000000004 0.66366875 0.450446875 0.662009375 0.449596875 0.656284375 0.4935578125 0.651171875 0.4941890625 0.6566046875 0.5090734375 0.654625 0.495809375 0.54905 0.42286718749999996 0.5582265625 0.43553125000000004 0.66366875
11 0.22364375 0.74884375 0.25265468750000003 0.74503125 0.2480203125 0.7049078125 0.2188234375 0.7084078125 0.22364375 0.74884375
1 0.257865625 0.7617609375 0.2933265625 0.7571203125 0.2898484375 0.7288046875 0.3096359375 0.726084375 0.3131328125 0.7545625 0.3722078125 0.7476828125 0.365015625 0.6900453125 0.25074687500000004 0.7044875 0.257865625 0.7617609375
10 0.29638749999999997 0.75633125 0.3102890625 0.7547484375 0.30738906250000003 0.730659375 0.2934953125 0.7327796875 0.29638749999999997 0.75633125
10 0.15266249999999998 0.4377578125 0.1792609375 0.4345921875 0.1738859375 0.39138125 0.14739843749999998 0.39488124999999996 0.15266249999999998 0.4377578125
1 0.1853546875 0.7042359375 0.21261718749999997 0.70083125 0.18027500000000002 0.44238437499999994 0.15366875 0.445678125 0.1853546875 0.7042359375
10 0.3369578125 0.3087515625 0.3287328125 0.310078125 0.3361484375 0.3703125 0.344371875 0.369303125 0.34771874999999997 0.3634921875 0.3416796875 0.3138015625 0.3369578125 0.3087515625