1 0.8399453125 0.47045000000000003 0.8115406249999999 0.48753124999999997 0.8126625000000001 0.4894 0.801415625 0.49618593750000006 0.8134390625 0.5162625000000001 0.8591656249999999 0.4888109375 0.8528968750000001 0.47844218749999995 0.85849375 0.47510624999999995 0.8525750000000001 0.46540625 0.8411375 0.4723140625 0.8399453125 0.47045000000000003
3 0.7771625 0.292184375 0.8088609375000001 0.345025 0.8356375 0.3289609375 0.8162687500000001 0.2966984375 0.801734375 0.30540781250000004 0.7893515625 0.2848609375 0.7771625 0.292184375
3 0.7440796875 0.2797703125 0.7228046875 0.2926265625 0.7478687500000001 0.3343625 0.7692 0.32149218749999997 0.7440796875 0.2797703125
1 0.8991562500000001 0.43489843749999996 0.870778125 0.451971875 0.871890625 0.453825 0.8565250000000001 0.46304999999999996 0.862453125 0.472896875 0.8618859375 0.47319374999999997 0.8680109375 0.4834875 0.929546875 0.4465296875 0.917459375 0.426396875 0.900309375 0.43678906250000005 0.8991562500000001 0.43489843749999996
2 0.791828125 0.355434375 0.8076015625 0.34592812500000003 0.7745921874999999 0.290878125 0.788109375 0.28271718749999997 0.7844125 0.276525 0.7824265625 0.277690625 0.7646124999999999 0.2480671875 0.7665703125000001 0.2469140625 0.7583015625 0.23314062500000002 0.7564062500000001 0.234321875 0.7384937500000001 0.20448750000000002 0.7403828125 0.20335312499999997 0.73275625 0.19060625 0.7020546875 0.209053125 0.74504375 0.2805984375 0.7461546875 0.2798859375 0.7705390624999999 0.32050625 0.7710250000000001 0.32069843750000004 0.791828125 0.355434375
12 0.6460250000000001 0.2026234375 0.702190625 0.2961859375 0.73589375 0.2757484375 0.6796359375 0.18220625 0.6460250000000001 0.2026234375
10 0.5819156249999999 0.46187500000000004 0.5757765625 0.4655171875 0.58688125 0.4840625 0.5929921874999999 0.48029374999999996 0.5819156249999999 0.46187500000000004
10 0.7435921875 0.340734375 0.7418890625000001 0.33788125 0.7462015625 0.3353765625 0.721103125 0.293590625 0.7113265625 0.2994640625 0.738090625 0.34411562500000004 0.7435921875 0.340734375
13 0.7685625 0.389340625 0.7592984375 0.3739734375 0.7874546875 0.35705624999999996 0.7702046874999999 0.328275 0.7419140625 0.34529375 0.751084375 0.36060625 0.728228125 0.374384375 0.7454765625 0.40314375 0.7685625 0.389340625
1 0.773790625 0.45919218749999996 0.7024328125 0.50201875 0.7393328125 0.5633890625 0.810621875 0.520584375 0.773790625 0.45919218749999996
1 0.7138171875 0.5478578125 0.6629546875 0.578546875 0.664165625 0.580490625 0.6544156250000001 0.5865843749999999 0.6533625 0.5849359375 0.6506453125 0.58656875 0.650309375 0.586084375 0.6311375 0.5976859375 0.6436328125 0.6185796875 0.734315625 0.56385625 0.7230749999999999 0.545075 0.715103125 0.5499468750000001 0.7138171875 0.5478578125
5 0.689925 0.373178125 0.665121875 0.38808125000000004 0.6826875 0.4171421875 0.7280015625 0.39006093750000004 0.71065625 0.361240625 0.7106921875000001 0.3607359375 0.7038953125 0.3493734375 0.7040515625 0.34776562499999997 0.726253125 0.3344953125 0.7062875 0.30122499999999997 0.7017578125 0.303946875 0.6332 0.1899328125 0.603334375 0.2078046875 0.6323531250000001 0.256184375 0.640015625 0.25154375 0.643634375 0.2573484375 0.6359453125 0.26211875 0.66956875 0.318078125 0.65993125 0.32386875000000004 0.689925 0.373178125
1 0.6476203125 0.40944843750000004 0.6589921875 0.428465625 0.6769000000000001 0.417725 0.653465625 0.37873437499999996 0.5179343750000001 0.4602546875 0.5262265625 0.473996875 0.5295171875 0.4719609375 0.5306953125 0.47379375 0.5418546875 0.4671078125 0.540746875 0.4652359375 0.5519546875 0.45852343749999996 0.559921875 0.4718640625 0.5774781250000001 0.461325 0.573140625 0.45414843749999995 0.5825578124999999 0.448465625 0.5837546875 0.450353125 0.6043140625000001 0.43805625 0.60319375 0.43619375 0.6179609375 0.4272421875 0.61904375 0.42906875 0.6303375 0.4223515625 0.6292046874999999 0.42048593749999996 0.6476203125 0.40944843750000004
10 0.704596875 0.349346875 0.7113375 0.36041406249999997 0.7337265625 0.3469203125 0.726753125 0.3352421875 0.7046765625 0.3484390625 0.704596875 0.349346875
1 0.8142859375 0.2792015625 0.8294296875 0.26997187500000003 0.7997515625 0.2205546875 0.7845390625 0.22967343750000002 0.8142859375 0.2792015625
10 0.6594078125 0.32411249999999997 0.6354296875000001 0.33864375 0.6454375 0.35526562500000003 0.6693609375 0.3406765625 0.6594078125 0.32411249999999997
8 0.8817562499999999 0.367003125 0.8799921875000001 0.3680640625 0.85989375 0.33461562499999997 0.86181875 0.333459375 0.8527328125 0.318703125 0.834375 0.32973281249999997 0.835771875 0.33205625 0.7932046875000001 0.3576328125 0.8148359375 0.39363281250000004 0.811028125 0.39592031250000004 0.8108234375000001 0.39558125 0.7595203125000001 0.42640781250000004 0.7595625 0.42684375 0.7558296875 0.4291625 0.750346875 0.4200375 0.7297734375 0.4325546875 0.7349546874999999 0.44108749999999997 0.6151375 0.5128781250000001 0.6509 0.5723 0.6505390625 0.5725156250000001 0.6550640624999999 0.5801390625 0.6613296875 0.57621875 0.6597984375 0.5736687500000001 0.7111015625 0.5428421875 0.71266875 0.5454484374999999 0.72055625 0.5407875 0.6952703125 0.49888281250000005 0.7131062499999999 0.488165625 0.7115390625 0.4855578125 0.7550234375 0.459509375 0.756515625 0.4620828125 0.7757484375 0.4506046875 0.7744265625 0.4483140625 0.8891875 0.37928125 0.8817562499999999 0.367003125
0 0.3613375 0 0 0.2171140625 0 0.6386625 0.2171140625 1 0.6386625 1 1 0.7828859375 1 0.3613375 0.7828859375 0 0.3613375 0
2 0.36551093749999997 0.6682484375 0.3749234375 0.662875 0.37276875 0.659453125 0.398921875 0.64366875 0.40102656249999996 0.6472562500000001 0.4102234375 0.6415203125 0.37864375 0.5890453124999999 0.33400625 0.61615 0.36551093749999997 0.6682484375
7 0.22016718750000003 0.5725781249999999 0.2058515625 0.580759375 0.23659218750000002 0.6321265625 0.3110078125 0.5871999999999999 0.28652812499999997 0.5466484375 0.28305156249999996 0.5488078125 0.2444578125 0.4839828125 0.1873375 0.518134375 0.1949515625 0.530709375 0.1972828125 0.5292203125 0.219428125 0.566178125 0.21683750000000002 0.5672296875 0.22016718750000003 0.5725781249999999
5 0.310984375 0.387865625 0.266271875 0.41483437500000003 0.2865265625 0.448571875 0.28965 0.44670781249999997 0.32653125 0.5086859375 0.36881718750000003 0.48327656250000006 0.310984375 0.387865625
2 0.8298828125 0.4186234375 0.8539640625 0.45878125000000003 0.8690875 0.4497171875 0.8674328125 0.44696406250000004 0.89633125 0.4296875 0.8979234375 0.43241250000000003 0.9149734374999999 0.422146875 0.89091875 0.3821640625 0.8298828125 0.4186234375
13 0.7820828125 0.3748515625 0.7770625 0.366521875 0.7623234375 0.375428125 0.7734078125 0.393825 0.7716390625 0.3948359375 0.76993125 0.3919609375 0.7469625 0.405559375 0.758340625 0.4244890625 0.766328125 0.4196890625 0.7674218749999999 0.42153906250000006 0.782403125 0.4126015625 0.7800515625 0.40873125000000005 0.7816828124999999 0.40763906250000004 0.78255 0.4090546875 0.8091203124999999 0.39310625 0.79393125 0.36784218750000003 0.7820828125 0.3748515625
10 0.6634953125 0.4427484375 0.6893265625 0.42723750000000005 0.6868953125 0.4232890625 0.6820078125 0.4262265625 0.679515625 0.42210468749999996 0.658640625 0.43469375 0.6634953125 0.4427484375
10 0.7425890625 0.35020625 0.7188875 0.364471875 0.724275 0.373503125 0.7480453125000001 0.35922343749999996 0.7425890625 0.35020625
3 0.5435375 0.4694015625 0.5451765625 0.4720765625 0.5334984375 0.47907031250000004 0.5318484375 0.476425 0.525790625 0.4801296875 0.5304015625 0.48782500000000006 0.530490625 0.4877703125 0.5476375 0.51620625 0.57158125 0.5018828125 0.55765625 0.47881093750000003 0.559396875 0.47767968749999995 0.5514359375 0.4646328125 0.5435375 0.4694015625
2 0.8259984375 0.4211296875 0.7747671875 0.4518890625 0.7988515625 0.491896875 0.809984375 0.485315625 0.8083046875000001 0.4825984375 0.837109375 0.46529218749999995 0.8387484374999999 0.467990625 0.85004375 0.461221875 0.8259984375 0.4211296875
1 0.865046875 0.3319765625 0.8635468749999999 0.33290156249999997 0.8831234374999999 0.3654234375 0.8846171875 0.36459375 0.903921875 0.396721875 0.9045859374999999 0.396396875 0.9144921874999999 0.4126609375 0.9322531250000001 0.40207812499999995 0.8563750000000001 0.27580781249999997 0.8207375000000001 0.297153125 0.8361984375 0.32285624999999996 0.8533296874999999 0.31269375 0.865046875 0.3319765625
10 0.310096875 0.53156875 0.28823906250000003 0.54558125 0.310984375 0.5835109375 0.34280937499999997 0.5644078125 0.318790625 0.5236578125 0.308884375 0.5296093749999999 0.310096875 0.53156875
2 0.41281875 0.6398625 0.42496406249999996 0.6328078125000001 0.42267656249999996 0.6295468750000001 0.4487375 0.6138296875 0.4509203125 0.6172625 0.46592968749999997 0.6081328125 0.4341453125 0.55518125 0.3813703125 0.587865625 0.41281875 0.6398625
4 0.34306875 0.430525 0.36909843750000004 0.4146828125 0.34166093750000004 0.36912500000000004 0.3156359375 0.38487031250000003 0.34306875 0.430525
10 0.31095625 0.5181109375 0.3259203125 0.5091203125 0.292809375 0.4539171875 0.2777734375 0.46278125000000003 0.31095625 0.5181109375
1 0.1642296875 0.6588859375 0.1812359375 0.64866875 0.1581609375 0.6105125 0.13270625 0.62580625 0.2131046875 0.7596093749999999 0.2217984375 0.7545265624999999 0.1909890625 0.7034203125 0.1928484375 0.702371875 0.170965625 0.666034375 0.16927187500000002 0.6671890625 0.1642296875 0.6588859375
13 0.1898390625 0.5982828125 0.166465625 0.6121296875 0.18979375 0.6507234375000001 0.22786562500000002 0.62788125 0.2109265625 0.5997984375 0.19593906249999998 0.608653125 0.1898390625 0.5982828125
13 0.4014375 0.566715625 0.42717968749999996 0.55139375 0.3968921875 0.50115625 0.3712390625 0.5165124999999999 0.4014375 0.566715625
1 0.28435 0.721703125 0.24636874999999997 0.744378125 0.2484953125 0.7479171874999999 0.24613437500000002 0.7494828124999999 0.2439515625 0.7456828125 0.2152 0.7631046875 0.23046250000000001 0.788675 0.25935312499999996 0.771315625 0.25651875 0.7665984375 0.2589328125 0.7652890625000001 0.26162968750000004 0.769946875 0.483034375 0.6368703124999999 0.468940625 0.6134140625 0.45385 0.6224828125 0.4522921875 0.6200625 0.42643437500000003 0.6355999999999999 0.42801718749999995 0.6377171875000001 0.403725 0.6526 0.40224374999999996 0.650134375 0.37656093749999997 0.6652765625 0.378184375 0.6678046875 0.36876875 0.6736046875 0.37709375 0.6872874999999999 0.3723171875 0.6901578125000001 0.36414375 0.6763828125 0.3563453125 0.6809265625 0.355065625 0.678628125 0.296309375 0.7137859375 0.29785625 0.7163609375 0.28536875 0.7235734375 0.28435 0.721703125
1 0.20278437500000002 0.5756734375 0.2150203125 0.568496875 0.19294687500000002 0.5318968749999999 0.1912578125 0.532928125 0.1806890625 0.5152203125 0.1827140625 0.51415625 0.1673703125 0.48889843749999995 0.14237968750000002 0.5042046874999999 0.1903203125 0.5839218749999999 0.1984328125 0.5789921875 0.1953296875 0.5737578125 0.2000484375 0.5709828124999999 0.20278437500000002 0.5756734375
2 0.27643125 0.7175109375 0.278125 0.7205015625 0.28230468750000004 0.7181390624999999 0.22949375 0.6305390625 0.1898 0.6547328125 0.187909375 0.6516234375 0.1734125 0.6601828125 0.197409375 0.7000703125000001 0.1948265625 0.7015265625 0.2253265625 0.7522265625 0.253853125 0.7353296874999999 0.25185625 0.73218125 0.27643125 0.7175109375
8 0.40117812500000005 0.5714859375 0.3843453125 0.542878125 0.23659218750000002 0.6321265625 0.2869203125 0.715559375 0.29445 0.7110359374999999 0.2923234375 0.707853125 0.3515140625 0.6722875 0.3534296875 0.675596875 0.3609984375 0.671253125 0.32749375000000003 0.6152562500000001 0.40117812500000005 0.5714859375
6 0.382665625 0.5403125 0.358415625 0.49983750000000005 0.3524734375 0.5034984375 0.3498765625 0.49919843750000004 0.328890625 0.5118328125 0.33150625 0.516203125 0.32306875 0.521371875 0.3474953125 0.5617375 0.3544078125 0.557484375 0.355778125 0.5596453125 0.3772046875 0.5471609374999999 0.37560937499999997 0.5445046875 0.382665625 0.5403125
10 0.2093484375 0.5971124999999999 0.201709375 0.584321875 0.1887375 0.5920390624999999 0.19637500000000002 0.6048078125 0.2093484375 0.5971124999999999
10 0.307684375 0.5249921875 0.2729875 0.46713281249999994 0.24682187500000002 0.48295000000000005 0.2811578125 0.5404390625 0.307684375 0.5249921875
10 0.3692890625 0.4830375 0.3994328125 0.46496875 0.37293906250000003 0.4211921875 0.3428875 0.43905000000000005 0.3692890625 0.4830375
5 0.24457187500000002 0.47379375 0.2841828125 0.4498953125 0.26382812499999997 0.415890625 0.22405312500000002 0.44000000000000006 0.24457187500000002 0.47379375
10 0.3986984375 0.49630937499999994 0.3895484375 0.4811296875 0.36059687500000004 0.498578125 0.3696515625 0.5137640625000001 0.3986984375 0.49630937499999994
10 0.1849109375 0.5131421875 0.19428281249999999 0.5074078125 0.17888593749999998 0.48186406249999997 0.16954843749999998 0.4875765625 0.1849109375 0.5131421875
4 0.6424140625 0.2817328125 0.63209375 0.2643828125 0.5970109375 0.2854640625 0.6274109375 0.33614375 0.662534375 0.315003125 0.6548453125 0.30224843749999997 0.658640625 0.2998921875 0.6462671875 0.2793453125 0.6424140625 0.2817328125
4 0.6217203125 0.247159375 0.6255203125000001 0.2448765625 0.6131656249999999 0.22424062500000003 0.6093921875 0.226571875 0.5995250000000001 0.2101125 0.564378125 0.2312296875 0.5936453125 0.2799390625 0.6287296875 0.2588265625 0.6217203125 0.247159375
10 0.6928796875 0.43245625 0.6667140625 0.44814687500000006 0.68025 0.47082968750000004 0.706503125 0.45507968749999994 0.6928796875 0.43245625
10 0.7823484374999999 0.37160625 0.7925609375 0.3654703125 0.7889328124999999 0.35943281250000003 0.778696875 0.36545937500000003 0.7823484374999999 0.37160625
6 0.7093281250000001 0.45657812499999995 0.7279093750000001 0.44535468749999996 0.7266859375 0.4432828125 0.7323078125 0.44003125 0.712909375 0.407678125 0.7069453125 0.41126250000000003 0.704975 0.4079515625 0.6883343749999999 0.4180140625 0.6902640625 0.4211921875 0.6887578125 0.42216250000000005 0.6910921875 0.42611718749999994 0.6914781249999999 0.426221875 0.7093281250000001 0.45657812499999995
10 0.629346875 0.599353125 0.60421875 0.6144953125 0.6163624999999999 0.63470625 0.64144375 0.619603125 0.629346875 0.599353125
1 0.735740625 0.1888203125 0.7435968749999999 0.201925 0.7422328125 0.20269374999999998 0.7598296875 0.2318453125 0.7610671875 0.2310390625 0.7697859375 0.24544375000000002 0.7684015625 0.24623124999999998 0.785840625 0.27516093750000004 0.7871953125 0.274375 0.8021968749999999 0.299471875 0.8146125 0.29191875 0.8098171875 0.28395156250000003 0.8112578125000001 0.2831046875 0.7496 0.18044218750000002 0.735740625 0.1888203125
10 0.734940625 0.394434375 0.7145390625 0.4066734375 0.7285390625 0.429865625 0.748896875 0.417696875 0.734940625 0.394434375
2 0.5625578124999999 0.5451453125 0.60249375 0.6116109375 0.6294484375 0.595415625 0.627909375 0.59285625 0.647640625 0.5810890625 0.6491203125 0.58355 0.6517859374999999 0.5819484375 0.6472828125000001 0.57460625 0.646921875 0.5743765625 0.6096890625 0.5123593750000001 0.5863109375 0.5263609375 0.5727609375 0.5039640624999999 0.54889375 0.5183046874999999 0.5610859375 0.5387062499999999 0.5669515625 0.535225 0.5681328125 0.537240625 0.562328125 0.540771875 0.5643484375 0.544025 0.5625578124999999 0.5451453125
7 0.6799359375 0.473903125 0.6579375 0.437290625 0.6595546875 0.43626718750000004 0.647140625 0.4155390625 0.631996875 0.42463749999999995 0.6336296875 0.4273546875 0.6218390625 0.43433124999999995 0.6202546875 0.43169375 0.60589375 0.44026875 0.6075781250000001 0.4430078125 0.5865390625 0.4555953125 0.5849546875 0.45295781249999995 0.5788609375 0.456565625 0.583025 0.4634953125 0.5846640625 0.46256250000000004 0.5956578125 0.4809265625 0.5958828125 0.48079218749999997 0.6151375 0.5128781250000001 0.6799359375 0.473903125
10 0.8139218749999999 0.2869234375 0.8163828125 0.2910125 0.81681875 0.2907984375 0.8192718749999999 0.294834375 0.8549374999999999 0.273446875 0.850003125 0.26525781249999997 0.8139218749999999 0.2869234375
10 0.6720203125 0.345084375 0.6479859375 0.3594734375 0.6618984375 0.3825640625 0.6858359375 0.3680515625 0.6720203125 0.345084375
13 0.60805 0.50976875 0.5924765625 0.48377968750000006 0.5865125 0.4872328125 0.576496875 0.47059375000000003 0.56069375 0.48002500000000003 0.5864484375 0.5228484375 0.60805 0.50976875