1 0.19565 0.1391625 0.2237359375 0.14068750000000002 0.2248390625 0.1189546875 0.19678125 0.11759062499999999 0.19565 0.1391625
10 0.6341171875 0.6874828125 0.6472546875 0.6879500000000001 0.647678125 0.6798734375000001 0.6345265625 0.679146875 0.6341171875 0.6874828125
2 0.6485109375 0.7734015624999999 0.6884234375 0.77549375 0.6908484374999999 0.7292109375 0.650884375 0.7272015625 0.6485109375 0.7734015624999999
10 0.39637500000000003 0.187984375 0.41302500000000003 0.1887859375 0.4143921875 0.163159375 0.3977015625 0.1621796875 0.39637500000000003 0.187984375
4 0.2933890625 0.651871875 0.32574843750000004 0.653478125 0.3285078125 0.5996296875 0.29634062499999997 0.59794375 0.2933890625 0.651871875
10 0.27946875000000004 0.690928125 0.2999359375 0.6919500000000001 0.3004171875 0.6806281249999999 0.2800671875 0.6795109375 0.27946875000000004 0.690928125
3 0.6534500000000001 0.6532218750000001 0.6552328125 0.6192140625 0.6156203125 0.6173203125 0.6140453124999999 0.651065625 0.6534500000000001 0.6532218750000001
2 0.683603125 0.133603125 0.6859515625 0.08949375000000001 0.651534375 0.0877625 0.649225 0.1318359375 0.683603125 0.133603125
0 0.0255171875 0 0 0.4869078125 0 0.9744828125 0.4869078125 1 0.9744828125 1 1 0.5130921875000001 1 0.0255171875 0.5130921875000001 0 0.0255171875 0
7 0.641921875 0.23803437500000002 0.63916875 0.29231562499999997 0.67490625 0.294046875 0.6777968750000001 0.2399578125 0.641921875 0.23803437500000002
11 0.1872171875 0.29909375 0.20519062500000002 0.299984375 0.2064203125 0.275790625 0.1884875 0.27485 0.1872171875 0.29909375
11 0.5418328125 0.6381609375 0.559834375 0.6391046874999999 0.56121875 0.6116718750000001 0.5431843749999999 0.610859375 0.5418328125 0.6381609375
2 0.690240625 0.7756015625 0.7346765625 0.7779578125 0.7371109375 0.7314890625 0.6926640625 0.7293421875 0.690240625 0.7756015625
7 0.21736875000000003 0.6920499999999999 0.2206359375 0.6922203125 0.21935625 0.7163781250000001 0.2746921875 0.718878125 0.2800390625 0.6192328125000001 0.2729078125 0.61883125 0.2739375 0.5991796875000001 0.26771875 0.598821875 0.263871875 0.6706234375 0.2146453125 0.6680140625 0.21337343749999998 0.69228125 0.2173453125 0.6925203125 0.21736875000000003 0.6920499999999999
1 0.3681921875 0.8293125 0.369465625 0.8063953125 0.176540625 0.7963109375 0.17526875 0.8192187499999999 0.3681921875 0.8293125
12 0.55708125 0.161690625 0.5951625 0.16365000000000002 0.6003703125000001 0.0644484375 0.5622859375 0.062360937500000005 0.55708125 0.161690625
13 0.239159375 0.1499828125 0.2235015625 0.14908125 0.22087812499999998 0.1985515625 0.244 0.199721875 0.24548593749999997 0.1713859375 0.23809375 0.1709109375 0.239159375 0.1499828125
13 0.320834375 0.20107499999999998 0.35426718749999997 0.2029125 0.35612343750000003 0.16812812500000002 0.32261562499999996 0.166371875 0.320834375 0.20107499999999998
10 0.694809375 0.6990609375 0.7127078124999999 0.699925 0.7137390625 0.678171875 0.6959500000000001 0.6773156250000001 0.694809375 0.6990609375
8 0.611771875 0.696934375 0.5609140625 0.694596875 0.55596875 0.78898125 0.608553125 0.7915546875 0.6121046875 0.7225359375 0.7111875000000001 0.727746875 0.7125250000000001 0.7022140625 0.6469437499999999 0.6988859374999999 0.6473953125 0.69026875 0.6122171875 0.688425 0.611771875 0.696934375
10 0.322859375 0.1352109375 0.3390109375 0.1358859375 0.33952343749999997 0.12499843749999999 0.323434375 0.12423906250000001 0.322859375 0.1352109375
10 0.3636328125 0.126275 0.342896875 0.1251875 0.34178125000000004 0.145771875 0.35511875000000004 0.14641875 0.354446875 0.15923125 0.3619265625 0.159571875 0.3636328125 0.126275
2 0.15889375 0.7870828125 0.21239375 0.7898875000000001 0.216040625 0.7203 0.162540625 0.7174968749999999 0.15889375 0.7870828125
2 0.5615 0.35151875 0.61466875 0.3543421875 0.61869375 0.2783296875 0.5654453125 0.27585625 0.5615 0.35151875
10 0.283353125 0.6536 0.29014687499999997 0.6539140625 0.29301093749999996 0.597690625 0.286346875 0.5974046875 0.283353125 0.6536
10 0.6486328125 0.69673125 0.66715625 0.697765625 0.6689515625 0.66525 0.650340625 0.66415 0.6486328125 0.69673125
13 0.20520312500000001 0.66789375 0.1894953125 0.6670703125 0.18700468750000002 0.7165890625 0.21003124999999997 0.7176859375 0.2115171875 0.6893296875 0.20407812500000003 0.6889046875 0.20520312500000001 0.66789375
10 0.7142421875 0.19713750000000002 0.7148125000000001 0.1862640625 0.700359375 0.185540625 0.69971875 0.19630468750000002 0.7142421875 0.19713750000000002
2 0.28102187500000003 0.793590625 0.3210484375 0.7956046875 0.32349843749999996 0.7494171875 0.28347968749999997 0.747334375 0.28102187500000003 0.793590625
13 0.6489734375 0.6551734375 0.6139484375 0.653109375 0.612325 0.6861546875 0.632465625 0.6872859375 0.6329671875 0.676675 0.647915625 0.6774578124999999 0.6489734375 0.6551734375
10 0.16326875000000002 0.6569203124999999 0.21061562500000003 0.6596296875000001 0.21184375000000003 0.635153125 0.19420781250000002 0.63445625 0.193875 0.639759375 0.190821875 0.6396 0.1910421875 0.6343671875 0.164425 0.6328171874999999 0.16326875000000002 0.6569203124999999
1 0.5337390625 0.7912984375 0.5499625 0.7921859375 0.55793125 0.641125 0.5417828124999999 0.6402796875 0.5337390625 0.7912984375
10 0.3273890625 0.6753953125 0.328215625 0.6582859375 0.283190625 0.6559265625 0.2823546875 0.6730937499999999 0.3273890625 0.6753953125
6 0.5994640625 0.1795171875 0.599365625 0.18138125 0.5960625 0.181225 0.5948765625 0.20437500000000003 0.598171875 0.20452187500000002 0.597671875 0.21371250000000003 0.62366875 0.21509999999999999 0.6241749999999999 0.20608125 0.625615625 0.2061328125 0.6269578124999999 0.1808609375 0.5994640625 0.1795171875
10 0.3024703125 0.2005875 0.319221875 0.2013671875 0.32105 0.1663546875 0.3042203125 0.16547343750000001 0.3024703125 0.2005875
1 0.6399671875 0.7809078125 0.6388906249999999 0.8014421875 0.5724140625 0.797884375 0.571409375 0.819028125 0.58544375 0.81983125 0.5845312500000001 0.8362031249999999 0.6442078125 0.83940625 0.646484375 0.798040625 0.73338125 0.8025953124999999 0.7342640625 0.785771875 0.6399671875 0.7809078125
10 0.3803390625 0.232328125 0.3892734375 0.23267812499999999 0.39043125 0.2099046875 0.38151562499999997 0.2094375 0.3803390625 0.232328125
10 0.5706921875 0.8355703125 0.5829718749999999 0.8361703125 0.5837140625 0.8220062499999999 0.5714640625 0.8214546875 0.5706921875 0.8355703125
10 0.205834375 0.68665 0.2121734375 0.68698125 0.2130203125 0.6682859375 0.20676718749999998 0.6679578125 0.205834375 0.68665
3 0.17263124999999999 0.665515625 0.1652203125 0.6651265625 0.1628140625 0.7153375 0.18505156250000002 0.7165578125 0.1877109375 0.666496875 0.1855703125 0.6663203125 0.1857828125 0.6622796875 0.1728390625 0.6615359375 0.17263124999999999 0.665515625
13 0.71271875 0.7277828125 0.7372124999999999 0.729009375 0.7397953125 0.6814875 0.715109375 0.68019375 0.71271875 0.7277828125
7 0.647784375 0.72440625 0.6121046875 0.7225359375 0.608553125 0.7915546875 0.6336203125 0.7929609375 0.6348125 0.772690625 0.6452296875 0.77314375 0.647784375 0.72440625
10 0.6255328125 0.17831875 0.626278125 0.163275 0.6003984375 0.16191875 0.5995874999999999 0.1769890625 0.6255328125 0.17831875
6 0.361415625 0.6843484375 0.36007500000000003 0.684340625 0.36029374999999997 0.6793359375 0.3440796875 0.6784250000000001 0.3438421875 0.6829390625 0.33715625 0.6826484374999999 0.33520625000000004 0.7198578125 0.34180625 0.720203125 0.3417 0.7222171875 0.3593875 0.7230328125 0.361415625 0.6843484375
8 0.243775 0.2655453125 0.3016296875 0.2686515625 0.30369999999999997 0.2281703125 0.37858125 0.2321703125 0.3799546875 0.20666406249999997 0.2473625 0.1998203125 0.243775 0.2655453125
1 0.6983406249999999 0.1853453125 0.704421875 0.069921875 0.6239140625 0.0657453125 0.6234296875 0.07557343749999999 0.6227390625 0.07553750000000001 0.6217625 0.0941734375 0.6224515625 0.0942546875 0.6219234375 0.103740625 0.6450921875 0.1051703125 0.6464921875 0.079584375 0.69189375 0.08200625 0.68120625 0.2865171875 0.6948296875 0.2872734375 0.6906453124999999 0.3665265625 0.583728125 0.360921875 0.582525 0.3838796875 0.7041484375 0.39021249999999996 0.7141124999999999 0.1995546875 0.6980296874999999 0.19871250000000001 0.6987593750000001 0.1853671875 0.6983406249999999 0.1853453125
10 0.359590625 0.7487296875 0.3698640625 0.74931875 0.3710859375 0.7267015625 0.360734375 0.7262109375 0.359590625 0.7487296875
10 0.643715625 0.2334546875 0.67804375 0.235128125 0.680259375 0.1974296875 0.6456999999999999 0.195546875 0.643715625 0.2334546875
6 0.3558203125 0.20540468750000002 0.3903984375 0.20731562499999998 0.39239375 0.16833125 0.381228125 0.1677734375 0.38146874999999997 0.16316250000000002 0.3651875 0.1622828125 0.3649453125 0.16690312499999999 0.3578328125 0.16653125 0.3558203125 0.20540468750000002
2 0.1912625 0.26911874999999996 0.24034375 0.27165 0.243925 0.20209375000000002 0.194890625 0.19951875 0.1912625 0.26911874999999996
2 0.31362812500000004 0.24374531250000003 0.304996875 0.2432640625 0.30374687499999997 0.26874375 0.30470156249999997 0.26879375 0.30439531249999996 0.2750578125 0.38646250000000004 0.279390625 0.38875625 0.23523437500000002 0.31423125 0.2314171875 0.31362812500000004 0.24374531250000003
1 0.307978125 0.1450984375 0.307309375 0.1578453125 0.3349171875 0.1594203125 0.336003125 0.138109375 0.3210890625 0.137328125 0.32181875 0.123990625 0.25103906249999997 0.1204515625 0.24990625 0.1420546875 0.289228125 0.144115625 0.2891734375 0.1451734375 0.3025640625 0.1458328125 0.3026171875 0.1448171875 0.307978125 0.1450984375
10 0.2116359375 0.717821875 0.2160703125 0.7180296875 0.2173140625 0.69479375 0.21289843749999998 0.6945 0.2116359375 0.717821875
10 0.298471875 0.7176515625000001 0.29979374999999997 0.69446875 0.27932812500000004 0.6933953125000001 0.2781125 0.7165843749999999 0.298471875 0.7176515625000001
8 0.64825625 0.1125890625 0.630596875 0.11169218750000001 0.6180359375 0.354559375 0.6852984375 0.358025 0.688590625 0.2948109375 0.63916875 0.29231562499999997 0.64825625 0.1125890625
10 0.5988703125 0.21612187500000002 0.5983906250000001 0.22316562499999998 0.6158359375 0.224134375 0.6147375 0.2449765625 0.6218109375 0.24528906250000002 0.6232984375 0.2174078125 0.5988703125 0.21612187500000002
13 0.300203125 0.717559375 0.333671875 0.719215625 0.33545625 0.68459375 0.302046875 0.6828265625000001 0.300203125 0.717559375
10 0.36091093750000003 0.72369375 0.3711921875 0.724184375 0.373284375 0.6849640625 0.36297812500000004 0.6844234375 0.36091093750000003 0.72369375
2 0.6461140624999999 0.1931546875 0.6803921875000001 0.19485625 0.6833203125 0.1383546875 0.6491578125 0.1366515625 0.6461140624999999 0.1931546875
10 0.6015984375000001 0.10689531249999999 0.6200796875 0.1078640625 0.6205265625 0.0986953125 0.6020828125000001 0.09764375 0.6015984375000001 0.10689531249999999
10 0.22622031250000002 0.140825 0.2468390625 0.1418625 0.2479421875 0.120271875 0.2457578125 0.12015781249999999 0.245775 0.11981875 0.22829375000000002 0.118965625 0.2281625 0.12148125000000001 0.2272203125 0.12143124999999999 0.22622031250000002 0.140825
1 0.2987421875 0.276653125 0.24580312499999998 0.2739484375 0.2454703125 0.2800765625 0.2078390625 0.27807499999999996 0.206759375 0.300225 0.3872890625 0.309571875 0.3879765625 0.29648906249999996 0.38727812500000003 0.2964265625 0.387790625 0.2874640625 0.2984203125 0.282809375 0.2987421875 0.276653125
7 0.2890125 0.152303125 0.2496015625 0.15011406249999998 0.2473625 0.1998203125 0.2990484375 0.202471875 0.3019625 0.148578125 0.28918750000000004 0.148090625 0.2890125 0.152303125
10 0.336284375 0.164803125 0.34940625000000003 0.165446875 0.35012656249999996 0.15282500000000002 0.3369484375 0.152134375 0.336284375 0.164803125
6 0.69468125 0.666575 0.687659375 0.6661359375 0.6878828125 0.6613484374999999 0.6716078125 0.6604953124999999 0.671378125 0.665390625 0.67055 0.6653484375 0.6687375 0.6999531250000001 0.686453125 0.7009921875 0.686534375 0.6989796875 0.692971875 0.699209375 0.69468125 0.666575
10 0.5523625 0.8349187499999999 0.5675343749999999 0.835721875 0.569640625 0.79773125 0.554403125 0.7969328124999999 0.5523625 0.8349187499999999
10 0.6023 0.093046875 0.6193906250000001 0.0940953125 0.6208578124999999 0.06539375 0.6038109375 0.064525 0.6023 0.093046875
11 0.5623140624999999 0.38299062500000003 0.58075 0.38395 0.5820609375 0.3587078125 0.5636921874999999 0.35771875 0.5623140624999999 0.38299062500000003
13 0.6140578125 0.2263296875 0.598359375 0.22553593749999998 0.5956671874999999 0.2748328125 0.61879375 0.27604531250000003 0.6203046875 0.247603125 0.612940625 0.2472171875 0.6140578125 0.2263296875
2 0.5611546875 0.6899421875 0.610271875 0.692496875 0.6143265625 0.6171156250000001 0.565065625 0.6145890625 0.5611546875 0.6899421875
10 0.239796875 0.1687921875 0.2469859375 0.1691171875 0.247971875 0.15031250000000002 0.2408828125 0.1500921875 0.239796875 0.1687921875
3 0.5655921875 0.27337812499999997 0.594125 0.27476875 0.5972703125 0.21426249999999997 0.5686203125 0.21272656250000002 0.5655921875 0.27337812499999997
8 0.35807968749999997 0.74865 0.3593875 0.7230328125 0.219365625 0.7164078125 0.2155375 0.7901625 0.277678125 0.7933703125 0.2801703125 0.7444671875 0.35807968749999997 0.74865
10 0.274684375 0.616703125 0.280490625 0.6170484375 0.28145 0.59900625 0.2756046875 0.5987703125 0.274684375 0.616703125
13 0.6015875 0.1597515625 0.626325 0.1611 0.6286640625000001 0.11363125 0.6040687499999999 0.11239375 0.6015875 0.1597515625
5 0.3703828125 0.6776765625000001 0.3757625 0.5714750000000001 0.3333625 0.56925 0.327796875 0.6754453125000001 0.3703828125 0.6776765625000001
1 0.26218125 0.59605 0.24585625000000003 0.5952375 0.2436546875 0.63725625 0.21487656249999998 0.6357062499999999 0.21364062499999997 0.6598515625 0.25877500000000003 0.6621734375 0.26218125 0.59605
3 0.1950109375 0.197621875 0.21924843749999998 0.1989296875 0.2218640625 0.1486265625 0.2177984375 0.1484390625 0.2179890625 0.1442453125 0.20519375 0.1437015625 0.20495625 0.1476390625 0.19761562500000002 0.1473421875 0.1950109375 0.197621875
2 0.3228640625 0.7957765625000001 0.3674140625 0.7981125 0.3697484375 0.7518015625000001 0.32525468750000003 0.749515625 0.3228640625 0.7957765625000001