0 0.41632929062499996 0 0.08052863906249999 0.11562498750000001 0.07618803125 0.133034215625 0.36870691875 0.9825717734375001 0.43860771875 1 0.583670709375 1 0.9194713609375 0.8843750125 0.9238119687499999 0.866965784375 0.63129308125 0.0174282265625 0.5613922812500001 0 0.41632929062499996 0
5 0.6170160078125 0.9674824609374999 0.6464709375 0.957470221875 0.6436363187499999 0.9407245484375 0.63283641875 0.909190753125 0.600921928125 0.9202451765624999 0.6170160078125 0.9674824609374999
13 0.564323559375 0.70379614375 0.524990403125 0.71767890625 0.5469798390625 0.7814443 0.586426921875 0.7679377749999999 0.564323559375 0.70379614375
3 0.6533545625 0.8834364015625 0.6308222765625 0.8181926421875 0.6132626796875 0.8241625484374999 0.635657934375 0.8896458984375 0.6533545625 0.8834364015625
2 0.6835131249999999 0.7570452484375 0.6758872140625 0.7347860546875 0.61241865625 0.756347075 0.6557559734375 0.882724328125 0.7190000234375 0.8603069953125001 0.70858438125 0.8299575921875 0.70522993125 0.8313467156250001 0.6801895453125 0.7581103390624999 0.6835131249999999 0.7570452484375
1 0.68475895 0.7573252703125 0.7093102953125 0.8284799390625001 0.7124406828125001 0.827537375 0.7226573296875001 0.8572252375 0.7487833375 0.84822200625 0.6699773421875 0.61922685 0.6648657609375 0.62079785 0.661621478125 0.6112303531250001 0.665369709375 0.6099023734375 0.6548340968749999 0.5792074328125 0.5987190953125 0.41653105156250003 0.5735642234375 0.42530780625000003 0.5842477171875 0.456139459375 0.5813042265624999 0.457191425 0.6264363421875 0.588415603125 0.6293809703125001 0.58736553125 0.6401446953125001 0.618624603125 0.6439292515624999 0.617209059375 0.6471420859375 0.626786428125 0.64399025 0.6279700265625 0.644965215625 0.630802528125 0.6417868671875 0.6320085015625 0.66632625 0.7034242828124999 0.669357665625 0.70238135625 0.6879730281249999 0.75628601875 0.68475895 0.7573252703125
1 0.559056428125 0.7949530984375001 0.5403185578125 0.801392525 0.5772055125 0.9085203156249999 0.5959555 0.9020645859374999 0.592080725 0.89085999375 0.5945317203125 0.890052390625 0.5821980703125 0.8541812078125 0.579703478125 0.8549634484374999 0.559056428125 0.7949530984375001
10 0.44309885156249995 0.4281018078125 0.43627826406250003 0.4304496234375 0.448354790625 0.4654273765625 0.4551462 0.4630803375 0.44309885156249995 0.4281018078125
8 0.58041153125 0.4568126484375 0.5720886078125 0.432595421875 0.482566665625 0.46414075937500004 0.52670701875 0.59174079375 0.5283824234375001 0.5911633328125 0.5911115640625 0.773194425 0.5595572421874999 0.7838958078125 0.5759043671875 0.831571390625 0.6293765328125 0.8139931421875 0.5677471656249999 0.6355986312499999 0.63394365625 0.6131009859375001 0.6258257796875 0.589527484375 0.6224310203125001 0.5906972140625 0.5767485031249999 0.45803787656250006 0.58041153125 0.4568126484375
9 0.5632719640625 0.697841421875 0.5402759546875 0.631002146875 0.49982504375000003 0.644575625 0.522878346875 0.711527415625 0.5632719640625 0.697841421875
7 0.536801715625 0.6215496218750001 0.48250829375000004 0.46412298593749995 0.4493063484375 0.4749868484375 0.44684229374999995 0.46772825312500005 0.4363265125 0.471378625 0.4544639109375 0.523938653125 0.45805950624999997 0.522744921875 0.4746188390625 0.571003215625 0.47120816562499995 0.5721786390625 0.4935449015625 0.6368116359375 0.536801715625 0.6215496218750001
2 0.6370026859375 0.621564303125 0.5736825718749999 0.64415108125 0.6106915265625 0.7518358671875001 0.67429814375 0.7298632078125 0.6654043046875 0.7041316296875 0.6620103984375 0.70545294375 0.6370163046874999 0.6329092796875 0.6404943796875 0.631650821875 0.6370026859375 0.621564303125
13 0.4436493125 0.3631284265625 0.41669923593749997 0.372407684375 0.43465978437499997 0.424566125 0.4435384703125 0.4215462453125 0.4573553265625 0.46153125937499995 0.4753626875 0.45529617499999997 0.4436493125 0.3631284265625
1 0.541151746875 0.3446567765625 0.5180314421875 0.352707290625 0.5399332375 0.41631395312499997 0.54178441875 0.415638609375 0.5443724624999999 0.423007025 0.5653748171874999 0.41566196250000004 0.541151746875 0.3446567765625
10 0.40585978125000005 0.45028137656249995 0.3946038140625 0.4544138765625 0.40488164531250004 0.4843730375 0.4162534046875 0.48057053906249997 0.40585978125000005 0.45028137656249995
6 0.604785853125 0.911904053125 0.62923880625 0.9035980328125 0.6257032296875 0.8930351890624999 0.6337527828125 0.8900726765625 0.6113586234375 0.8251210109375 0.604098890625 0.8275831703125001 0.60271085625 0.8235526515625 0.5761802484375 0.8327641890624999 0.5997610609375 0.9009071015625001 0.6008386890625 0.9006862437500001 0.604785853125 0.911904053125
11 0.5166730484375 0.27392119375 0.4956327609375 0.28120526875 0.51815188125 0.34660516874999997 0.5391773953125 0.3393286828125 0.5166730484375 0.27392119375
3 0.4079654796875 0.25107829531250003 0.3895971875 0.25706235624999996 0.3751867953125 0.262479259375 0.4115452265625 0.3686137453125 0.44420403750000004 0.35642120624999996 0.4079654796875 0.25107829531250003
2 0.4931286109375 0.28065660000000003 0.4833728453125 0.284016584375 0.48589801875000005 0.2914434 0.458519946875 0.30048872968749996 0.456021059375 0.293279421875 0.44904891874999997 0.2956796296875 0.43089757500000003 0.24324011875 0.4079746203125 0.25115142968750004 0.47810755625 0.4547695765625 0.5431712281250001 0.43330835 0.5453723046875 0.43281203437500004 0.5398723390625 0.417094275 0.5377320078125 0.4177667703125 0.515439 0.3533652921875 0.5178289328125001 0.3524796625 0.4931286109375 0.28065660000000003
10 0.543919365625 0.79466215625 0.5309884671875 0.75698825 0.5020870875 0.76682126875 0.5137954078125 0.800827975 0.53758669375 0.7925212375 0.538916640625 0.7963842921875 0.543919365625 0.79466215625
1 0.5002183671875 0.761934978125 0.52867905625 0.7515701765625 0.467251621875 0.573089134375 0.469701834375 0.5722459109375 0.45322011250000005 0.524464303125 0.45077520312499997 0.5253056296875 0.4478506859375 0.5168130453125 0.45024129999999996 0.515808421875 0.43801092031250005 0.48023996406249997 0.43556792812499995 0.48111880625000003 0.42975452187499996 0.4641393015625 0.43926435 0.4607904625 0.4043299484375 0.35927841250000003 0.40671646250000004 0.3583806578125 0.394636809375 0.32325397499999997 0.3921691421875 0.3240638609375 0.3899925234375 0.317693371875 0.3628692515625 0.32695682187499997 0.40254546874999997 0.44203460781250004 0.40530446875 0.44108318437499994 0.4204174515625 0.4847827203125 0.4065687203125 0.4896649328125 0.5002183671875 0.761934978125
1 0.490835465625 0.272195828125 0.475854578125 0.2288384109375 0.4350273578125 0.243010509375 0.44990810937500003 0.286227015625 0.45355975 0.2849699625 0.45554394374999996 0.2908786203125 0.482057621875 0.2818641546875 0.48004387499999995 0.27596423125 0.490835465625 0.272195828125