1 0.15979631875 0.5827424171875 0.2747085671875 0.5845653765625001 0.27518174375000004 0.561127878125 0.1598680390625 0.5592057078125 0.15979631875 0.5827424171875
7 0.249323959375 0.3511336765625 0.21192399375 0.3506261921875 0.2115491171875 0.3766689296875 0.201724425 0.376386484375 0.20076491562499998 0.4223142328125 0.2748138640625 0.42364739374999993 0.275681890625 0.351535934375 0.2680844625 0.35159085 0.26807598593750004 0.3558366609375 0.249258875 0.3555785296875 0.249323959375 0.3511336765625
13 0.1385514953125 0.4526221375 0.1665104796875 0.45253038749999996 0.16701644531249998 0.397401134375 0.1394779796875 0.3968579390625 0.1385514953125 0.4526221375
1 0.154875015625 0.3703929359375 0.2080247328125 0.37132066875 0.20843671874999997 0.34771801406249997 0.1554479140625 0.34679309062499997 0.154875015625 0.3703929359375
10 0.1529422140625 0.37055454062500004 0.1533535171875 0.34699094375 0.13859928906250002 0.34665683281250004 0.1382399921875 0.3703744875 0.1529422140625 0.37055454062500004
1 0.3694313 0.580866390625 0.3699224546875 0.5571150953124999 0.2789093828125 0.5556374109375 0.27841992968749996 0.5791121312499999 0.3694313 0.580866390625
2 0.2770747296875 0.4952946390625 0.2761503046875 0.5504931625 0.289785728125 0.5507311687499999 0.28979415625 0.546577559375 0.3132530359375 0.5470792359375001 0.3131915171875 0.5512303578125 0.32222169218749996 0.5513707890624999 0.32325934843750004 0.49595233437499997 0.2770747296875 0.4952946390625
1 0.2121825875 0.3456596375 0.304868296875 0.347197771875 0.305282409375 0.3234732609375 0.21265291406250003 0.3219376703125 0.2121825875 0.3456596375
2 0.32503389843749997 0.4958145328125 0.3240508203125 0.55132926875 0.32785740625000004 0.5515222953125 0.327854965625 0.5471856546875 0.3511316875 0.5476482093749999 0.3510701234375 0.55189153125 0.370005084375 0.55211265 0.3709739125 0.4972352625 0.32503389843749997 0.4958145328125
10 0.3641330671875 0.45788488125000004 0.37161695625 0.45797800625 0.3718846890625 0.4411176109375 0.364428640625 0.44095152187500003 0.3641330671875 0.45788488125000004
13 0.3446721171875 0.4910206 0.36898282031249996 0.49160434375 0.369455390625 0.46103918593750004 0.3549176765625 0.4609245125 0.3548679125 0.4594781109375 0.36197525 0.4596568671875 0.362256390625 0.44131210468750004 0.345543946875 0.4410735203125 0.3446721171875 0.4910206
3 0.16589922968749998 0.3800243015625 0.16590793125 0.37585506875 0.1548145890625 0.3757348828125 0.1545976296875 0.393983875 0.169337571875 0.3942411625 0.1683059984375 0.453339971875 0.19668605 0.45383534843750006 0.19797711875 0.37646797187500003 0.18935471406249998 0.37624401875 0.189321615625 0.3803784453125 0.16589922968749998 0.3800243015625
0 0.008651368750000001 0 0 0.4956365609375 0 0.99134863125 0.4956365609375 1 0.99134863125 1 1 0.5043634390625 1 0.008651368750000001 0.5043634390625 0 0.008651368750000001 0
8 0.27482083125 0.423695959375 0.200983578125 0.422321175 0.198677496875 0.5517506421875 0.1949593125 0.551685740625 0.194956878125 0.5545111281249999 0.20464271093750003 0.554691134375 0.2047193921875 0.550298053125 0.2665377078125 0.5515786890625 0.2665032265625 0.55588186875 0.275151075 0.555901546875 0.2752718890625 0.5475476953125 0.2724627703125 0.5474189625 0.273426078125 0.49026144374999997 0.342329290625 0.49148447031250003 0.3424866578125 0.4642049359375 0.300546759375 0.46361820781249996 0.3013233 0.42674020625000003 0.27479711562500003 0.4263975203125 0.27482083125 0.423695959375
10 0.13786481875 0.394016853125 0.152573834375 0.3941657703125 0.15284493125 0.37568018593749997 0.138050684375 0.3753109984375 0.13786481875 0.394016853125
10 0.3145527015625 0.34763873125 0.31498743125 0.323986465625 0.307048015625 0.3238478828125 0.3068570453125 0.34741220156249997 0.3145527015625 0.34763873125
11 0.1345659546875 0.5820238515625 0.1575218328125 0.5824245484375 0.1582499953125 0.559419690625 0.13496995 0.5588789390625 0.1345659546875 0.5820238515625
6 0.3120930171875 0.426957884375 0.3028812453125 0.4269252359375 0.30251353124999997 0.4635697125 0.3427105328125 0.464271353125 0.343267265625 0.4246766015625 0.33791495625 0.4245831765625 0.33791174687500003 0.422081178125 0.3174027875 0.42178882656249994 0.31731382343750003 0.42428921875 0.31328120937500004 0.42415319374999993 0.3132917046875 0.424447171875 0.31213094375 0.42442691093749996 0.3120930171875 0.426957884375
9 0.27659716562500003 0.42390355625 0.31327279375 0.4244562171875 0.31453133125 0.35235470156250004 0.277794003125 0.3517556421875 0.27659716562500003 0.42390355625
2 0.1897041703125 0.5544413203125 0.19493149999999998 0.5545325640625001 0.19668969375 0.4538057203125 0.168595071875 0.4533418921875 0.168570378125 0.45860632656250006 0.13677834687499998 0.45805139375000004 0.135083603125 0.553531671875 0.1616783625 0.5538849296875 0.1617731453125 0.549618746875 0.1897345109375 0.5501068140625 0.1897041703125 0.5544413203125
2 0.6593076375 0.5626382796875 0.664536528125 0.56272955 0.666294721875 0.46200270625 0.6382000999999999 0.4615388796875 0.6381738453125 0.46680328437499996 0.6063818125 0.466248353125 0.60468706875 0.5617286296875 0.6312818296875 0.5620818890625 0.6313766109375 0.55781570625 0.6593395390625 0.5583038015625 0.6593076375 0.5626382796875
9 0.78072284375 0.3817984734375 0.7810303765625 0.361583575 0.7742738499999999 0.361271859375 0.7747626921874999 0.33586245937500003 0.756934859375 0.33542156562500003 0.756972684375 0.3317326015625 0.7483328578124999 0.331611484375 0.7475111875 0.381281271875 0.78072284375 0.3817984734375
8 0.7717871640625 0.48036691249999997 0.744200740625 0.4798853890625 0.7444938359375 0.43193788906249997 0.67058704375 0.43051813437500003 0.668282525 0.559947628125 0.6645627796875 0.5598827 0.6645603437500001 0.5627080875 0.6659183671875 0.5627974265625 0.665467921875 0.5912892171874999 0.6736327203125 0.59149736875 0.6737508359375 0.5873269203125 0.7355457203125 0.58833835625 0.735425759375 0.5927041156249999 0.7447292859375 0.5926727296875 0.7449331828125 0.583498328125 0.7418017359375 0.5835718125 0.7429687328125001 0.49854016718749994 0.81193275625 0.499681428125 0.8120901234375 0.47240189531250004 0.7718451625 0.47176192656250004 0.7717871640625 0.48036691249999997
10 0.7455573578125 0.47987625156249997 0.7699098984375 0.4803013265625 0.7708907796875 0.4349396625 0.7461898546875 0.43450850625 0.7455573578125 0.47987625156249997
13 0.8142771453125001 0.4992175859375 0.8385862859375001 0.49980130312500004 0.83905885625 0.46923614531249996 0.82452114375 0.46912147187500003 0.824471378125 0.4676750703125 0.8315787171875 0.467853825 0.8318598578125 0.44950906249999995 0.8151489749999999 0.44927050625 0.8142771453125001 0.4992175859375
3 0.6359231140625 0.359569546875 0.636002440625 0.3550249265625 0.6251834015625 0.35494703437499997 0.6242026578125001 0.4021808625 0.6389410390625 0.40243812187500005 0.6379094656250001 0.46153693125000006 0.6662895171875001 0.4620323078125 0.6682976421875 0.356029334375 0.659205596875 0.355762803125 0.6592902406250001 0.3598664671875 0.6359231140625 0.359569546875
10 0.607469846875 0.40221383906249997 0.6221773015625 0.40236272968750003 0.62312080625 0.3549344734375 0.60825874375 0.3547797578125 0.607469846875 0.40221383906249997
10 0.7840555 0.3586484234375 0.784592459375 0.3321834515625 0.77665304375 0.33204486875 0.7763828890625 0.3583550984375 0.7840555 0.3586484234375
10 0.8337380953125001 0.4660818671875 0.8412204234375 0.46617496562499994 0.84148815625 0.4493145703125 0.8340336687500001 0.44914850937499995 0.8337380953125001 0.4660818671875
2 0.7466781953125 0.503491596875 0.7448756765625 0.5871510062499999 0.7588982859375 0.5873207593750001 0.7588639890625 0.5831976578125 0.7823075734375 0.5836803171875 0.782235609375 0.5878031265625 0.7914548921875 0.5878530953125 0.7928628140625 0.5041492921875 0.7466781953125 0.503491596875
7 0.7463798859375 0.3314961328125 0.7382209546875 0.3313099609375 0.73814708125 0.33554212968749997 0.719273375 0.3353033265625 0.7192863390625 0.33097945625 0.6822302625 0.33046703593750004 0.6817814906249999 0.3561771828125 0.6716056796875 0.35595580625 0.6703683828125 0.43051119218749995 0.7828770515625 0.432607871875 0.7837413484375 0.3848828734375 0.745240928125 0.3841233328125 0.7463798859375 0.3314961328125
1 0.629399784375 0.5909393749999999 0.663359628125 0.5914774515625 0.663727571875 0.5678912171875 0.6294715046875 0.5674026671875 0.629399784375 0.5909393749999999
6 0.7816964828125 0.4351548421875 0.7724847125000001 0.4351221953125 0.772118559375 0.47176669843749997 0.8123155609375001 0.472468340625 0.8128707328125 0.4328735609375 0.807518421875 0.4327801359375 0.8075152125 0.43027813593750003 0.7870062546875001 0.4299857859375 0.7869188515625 0.43248620468750004 0.7828862375 0.4323501796875 0.7828689125 0.43262648125 0.7817412859374999 0.432588046875 0.7816964828125 0.4351548421875
2 0.7946373640625 0.5040114921875001 0.7931176109375 0.5879446265625 0.7969295296875 0.5880111640625 0.7970540734375 0.5840096031249999 0.8201925375 0.58433535 0.8201719531249999 0.588648146875 0.8391777812500001 0.5887486109375 0.840577378125 0.505432221875 0.7946373640625 0.5040114921875001
11 0.6041694203125 0.5902208109375 0.6271268609375 0.590621534375 0.6278534625 0.5676166484375 0.604573415625 0.5670758984375001 0.6041694203125 0.5902208109375
13 0.6081549609375 0.460819096875 0.6361139453125 0.460727346875 0.6366214734375 0.40559812031250003 0.609083009375 0.40505492500000007 0.6081549609375 0.460819096875