8 0.293279940625 0.415154215625 0.34649071249999996 0.41432230781249996 0.343503890625 0.2516230921875 0.3330473703125 0.251788421875 0.3295868984375 0.058641271875 0.315341640625 0.0589477453125 0.318491165625 0.23822008281249998 0.31722104687499997 0.238242253125 0.318157046875 0.2874787296875 0.291149234375 0.2879829703125 0.293279940625 0.415154215625
13 0.33363941874999997 0.204772490625 0.334279453125 0.2486023703125 0.3611441109375 0.248133446875 0.36031660625 0.20430683906249997 0.33363941874999997 0.204772490625
10 0.266906496875 0.35933880625 0.2672986140625 0.383235603125 0.2880839296875 0.382929053125 0.2876668171875 0.3590326921875 0.266906496875 0.35933880625
6 0.33111251249999996 0.14264150312499999 0.3316652703125 0.1735928203125 0.3498931875 0.17306368125 0.349883546875 0.17143703906250002 0.351773884375 0.17140404375 0.3512647375 0.14223504843749998 0.3493744 0.14226804531249998 0.34917217031250003 0.130682309375 0.3320200328125 0.1310676515625 0.3322223453125 0.1426580734375 0.33111251249999996 0.14264150312499999
11 0.401045096875 0.3537547265625 0.40159086562499996 0.3850218390625 0.4158466359375 0.38486989375 0.4152578671875 0.35355665 0.401045096875 0.3537547265625
10 0.40357692343749996 0.203625175 0.403858584375 0.216717565625 0.414315303125 0.216474096875 0.4140623 0.2035015359375 0.40357692343749996 0.203625175
10 0.33350339375 0.054090976562500004 0.3346902671875 0.12208687031250001 0.344716475 0.121979059375 0.34352968281249996 0.053987853125 0.33350339375 0.054090976562500004
5 0.2664186234375 0.7237950171875001 0.2676031609375 0.7992670890625 0.327634325 0.798380203125 0.3263141328125 0.7227464109375 0.2664186234375 0.7237950171875001
10 0.3537457234375 0.716438578125 0.354041496875 0.734815903125 0.36677623125 0.7346358109375 0.366440665625 0.7162169875 0.3537457234375 0.716438578125
4 0.2851175328125 0.80495135 0.28611621875000004 0.862166071875 0.31646315937499997 0.8616363640625 0.31540510624999996 0.804422678125 0.2851175328125 0.80495135
8 0.3555198859375 0.9864846828125 0.4141455328125 0.9856520218749999 0.4121601234375 0.874772909375 0.3691987203125 0.8757478375 0.366831425 0.737171171875 0.352417178125 0.737375890625 0.355568265625 0.907695275 0.3541841015625 0.9077194359374999 0.3555198859375 0.9864846828125
10 0.3179821828125 0.7994160015625 0.3193531015625 0.8797464984375001 0.329044175 0.8795085796875 0.32761547968750004 0.799180653125 0.3179821828125 0.7994160015625
7 0.3439764359375 0.9994052984374999 0.34372868749999996 0.9868233312499999 0.3555198859375 0.9864846828125 0.35386666093749997 0.8882798281250001 0.31212088125 0.8880802375 0.3140180828125 0.9999938578125 0.3439764359375 0.9994052984374999
13 0.33231358437499997 0.783990096875 0.33335252031249996 0.8435107171875 0.3529464109375 0.8431687046875 0.3519047203125 0.7834902953125 0.33231358437499997 0.783990096875
2 0.3678609515625 0.7162031359375 0.36922035625 0.795336775 0.41083602812500003 0.794618184375 0.4094049125 0.7153154578125 0.3678609515625 0.7162031359375
1 0.3108958328125 0.888893928125 0.2990160734375 0.8889934609375001 0.2992346921875 0.901518115625 0.288170753125 0.9017112375 0.28894913906249997 0.9477374749999999 0.31179152656250003 0.9472809390625001 0.3108958328125 0.888893928125
2 0.5722969859375 0.1619398796875 0.5735596734375 0.2332943359375 0.5983610296874999 0.23306614531249997 0.5971666359375 0.1615057796875 0.5722969859375 0.1619398796875
10 0.6420769921875 0.22204995625 0.6420048375 0.2179162109375 0.642856278125 0.2178122734375 0.6425264562499999 0.201065478125 0.6333021171875 0.201273371875 0.6337243203125 0.2221488703125 0.6420769921875 0.22204995625
11 0.682732875 0.373694759375 0.68326726875 0.40529493437499997 0.6977052890625 0.40528826718750005 0.6971572828125 0.37389305 0.682732875 0.373694759375
8 0.62765388125 0.3999100140625 0.6253555078125 0.2716384015625 0.6149204703125 0.27187055312499997 0.612303234375 0.12936015 0.597821821875 0.1297457578125 0.6011722609375 0.307636253125 0.57296461875 0.307981721875 0.5745854031250001 0.4008363265625 0.62765388125 0.3999100140625
10 0.6854708921875 0.224186703125 0.6857096953124999 0.23688290781250002 0.696180603125 0.2367360796875 0.6959748609374999 0.2239642875 0.6854708921875 0.224186703125
13 0.6155025484375 0.22508920781250003 0.616228009375 0.26897854374999997 0.6429091296875 0.26864878124999997 0.6421235140625 0.224715175 0.6155025484375 0.22508920781250003
1 0.631902075 0.3773871296875 0.6323459421875001 0.40648694062499996 0.682039934375 0.405619528125 0.681534496875 0.3766630015625 0.631902075 0.3773871296875
1 0.5580853359375 0.23937626406249998 0.5464118015625 0.239383121875 0.5483897875 0.35270179687500003 0.55962326875 0.35255259843750003 0.5600623437500001 0.375110871875 0.5694984078124999 0.3749461640625 0.5684680656250001 0.3183352109375 0.5594905359375 0.31853723437500003 0.5580853359375 0.23937626406249998
10 0.560680284375 0.9855586859375001 0.56089638125 0.9990132140625001 0.5660784046875 0.9989227609375 0.565842578125 0.9854123187500001 0.560680284375 0.9855586859375001
13 0.5685526671875001 0.9695829234375 0.569084196875 0.9988702953124999 0.59577388125 0.998404425 0.5952783625 0.9688523218749999 0.5685526671875001 0.9695829234375
10 0.6429517921875 0.9807908734374999 0.6426976859375 0.9682027671875 0.6269946 0.9684315453125001 0.6275065468750001 0.9978505296875 0.631488753125 0.9977810187499999 0.6312127921874999 0.980986403125 0.6429517921875 0.9807908734374999
10 0.33024987499999997 0.7168815171875 0.3305685734375 0.7351396734375 0.3526518828125 0.734796403125 0.35233324062500004 0.7165413703125 0.33024987499999997 0.7168815171875
2 0.5790968609375 0.8700493671875 0.5802081234375 0.9308486078125 0.6120339640625 0.9304399828125 0.6109160328125001 0.8694377031249999 0.5790968609375 0.8700493671875
6 0.6205992921875 0.9680399749999999 0.620538975 0.9654797 0.6063062765625 0.965700003125 0.6069096843749999 0.9982100484374999 0.6261926843750001 0.9978734625 0.625680859375 0.968013784375 0.6205992921875 0.9680399749999999
2 0.5526836953125 0.9316587859375 0.577506478125 0.9312255031250001 0.5764196421875 0.8700351515625 0.551575434375 0.8704047359375 0.5526836953125 0.9316587859375
10 0.542011359375 0.9883974359375 0.5422070406249999 0.9993394375 0.558334271875 0.9990579359374999 0.5581733765625 0.9880496921875 0.542011359375 0.9883974359375
7 0.6667961265625 0.8689733281249999 0.636330271875 0.8694050953125 0.6374198843750001 0.9332614296875 0.66798585625 0.9325669375000001 0.6667961265625 0.8689733281249999
10 0.6123641671875 0.8694077375000001 0.6133989515625 0.9309287359375 0.6347472078124999 0.930552975 0.6336105640625 0.8694635078124999 0.6123641671875 0.8694077375000001
2 0.6613910015625 0.9703424734375 0.66191068125 0.997250003125 0.70466510625 0.996503721875 0.7042013328125 0.9696655406250001 0.6613910015625 0.9703424734375
1 0.6115086328125 0.8091134859375 0.6120083171874999 0.8377403749999999 0.604492909375 0.8378184234375 0.6045059171875 0.8385636218749999 0.5394976765624999 0.83964365 0.5420223140625 0.9829370374999999 0.547556453125 0.98278574375 0.5475779140625 0.98401524375 0.558074753125 0.9838320203125 0.5580767265625 0.9826021109375 0.563422178125 0.9825635015625 0.5628222890625 0.9413020624999999 0.5484085390625 0.9414458265625001 0.5470229453125001 0.8606327 0.662198196875 0.8585676125000001 0.6617998359375 0.8343130578125001 0.7064345890625 0.8335870890624999 0.7092769031249999 0.996423221875 0.722203059375 0.9961975953125 0.718883590625 0.8071892406250001 0.6115086328125 0.8091134859375
13 0.644085825 0.9706445374999999 0.6443145609375 0.9837487906250001 0.63254845625 0.9839135375 0.632797928125 0.9977581671875001 0.660573384375 0.9972733453125 0.6601042968749999 0.9703993140625 0.644085825 0.9706445374999999
10 0.6044929984375 0.8349586109375 0.6105600718749999 0.83498866875 0.6101478484375 0.8091341125 0.60402378125 0.8092410093750001 0.6044929984375 0.8349586109375
10 0.596499540625 0.9687122374999999 0.5970174421875 0.99838271875 0.6054989625 0.9982346734374999 0.6049688171875001 0.9684893953125 0.596499540625 0.9687122374999999
8 0.7041201328125 0.96367073125 0.7019960296875001 0.84395050625 0.6663958562500001 0.844609415625 0.66798585625 0.9325669375000001 0.56678501875 0.93492411875 0.5673508375 0.9663549687499999 0.7041201328125 0.96367073125
7 0.6011722609375 0.307636253125 0.600027446875 0.23855821093750001 0.562537765625 0.2394766984375 0.5633826546875 0.2844781828125 0.5609970796875 0.28451982343750004 0.561387746875 0.30806502812500003 0.6011722609375 0.307636253125
10 0.61535053125 0.074565809375 0.6165378125000001 0.1425851359375 0.62665409375 0.14235542343750002 0.625512090625 0.07433374375 0.61535053125 0.074565809375
1 0.63045384375 0.4390077265625 0.6299871015625 0.41226805000000005 0.6278972390625001 0.41224045625 0.627863725 0.4103204359375 0.5727549328125 0.41128236406249996 0.5732563078124999 0.44000611406249995 0.63045384375 0.4390077265625
2 0.5971146875 0.1585296703125 0.5966129578125 0.12978561093750002 0.5934759359374999 0.1298403671875 0.593005484375 0.1028882234375 0.5713087890625 0.103266940625 0.57229898125 0.1589206359375 0.5971146875 0.1585296703125
10 0.5487317359375 0.37981245937499997 0.549167775 0.40353971250000004 0.5699759156249999 0.403287459375 0.5695373796875 0.3795961921875 0.5487317359375 0.37981245937499997
1 0.5976929078125 0.11940580781250001 0.6136260390625 0.11937460625 0.612862590625 0.0745623546875 0.5533237875 0.07572350156249999 0.5559667734375 0.22919918906249998 0.5688491859375 0.22897432499999998 0.5664898984375 0.09282601406249999 0.5972217734374999 0.09241460625 0.5976929078125 0.11940580781250001
10 0.548421359375 0.355495421875 0.5487833828124999 0.37381845625 0.5585659953125 0.3736320734375 0.55823574375 0.3552491 0.548421359375 0.355495421875
10 0.6714737265624999 0.209430303125 0.6716127625 0.215963246875 0.6966285859375 0.21575631562500003 0.6962829859374999 0.1927338421875 0.6460825046875 0.19377105625 0.64631569375 0.20981630468749998 0.6714737265624999 0.209430303125
10 0.6148289609375001 0.197690540625 0.6152348765625 0.2217511828125 0.6322432234375001 0.22145430156249998 0.6317940640625 0.197333465625 0.6148289609375001 0.197690540625
6 0.6309970468749999 0.151224728125 0.613821365625 0.15160423125 0.6140156609375 0.16273534843749998 0.6130189374999999 0.1627527453125 0.613574959375 0.19460726875 0.6317844874999999 0.19436755625 0.6309970468749999 0.151224728125
10 0.5461686515624999 0.22348338124999997 0.546389015625 0.23610802031250003 0.553462084375 0.236025190625 0.553240384375 0.223324 0.5461686515624999 0.22348338124999997
3 0.6435474328125 0.22114915625 0.6444002796875 0.26848679531249997 0.667648975 0.26820913125 0.6668194140625 0.22068355781250001 0.6435474328125 0.22114915625
2 0.6548517406250001 0.3033956453125 0.655953209375 0.366767325 0.698442984375 0.36598971874999997 0.6967945515625 0.2702976640625 0.628007465625 0.2715483546875 0.62859006875 0.30376184375 0.6548517406250001 0.3033956453125
9 0.629675334375 0.3671900625 0.65452275 0.3668251109375 0.6534640984375 0.3061749734375 0.6285911453125 0.306777909375 0.629675334375 0.3671900625
13 0.6967290562499999 0.26770934999999996 0.6962577453125001 0.23963361249999998 0.6845135328125 0.23988861562500002 0.6843094 0.2265823390625 0.6681645671875 0.226929784375 0.6689436734374999 0.2682521671875 0.6967290562499999 0.26770934999999996
12 0.62798783125 0.0743546015625 0.6291963734375 0.1421594609375 0.6851014484375 0.14124614375 0.6839561875 0.07348549843749999 0.62798783125 0.0743546015625
10 0.2876677921875 0.8883851734375 0.28786890781249996 0.89892233125 0.2979584796875 0.898863421875 0.29775276562499997 0.8882419578125 0.2876677921875 0.8883851734375
6 0.32784033125 0.7396332859375 0.328298009375 0.7690766578125 0.33112658437500003 0.7689882156250001 0.3313360125 0.7809863874999999 0.3520660375 0.7804667078125 0.3519161296875 0.7698192640625 0.35305481875 0.769877525 0.352417178125 0.737375890625 0.330547071875 0.7377576359375 0.3305789765625 0.7395854828124999 0.32784033125 0.7396332859375
0 0.4956365609375 0 0.2100666328125 0.0049846421875 0.227434690625 1 0.5043634390625 1 0.7899333671875 0.9950153578125001 0.772565309375 0 0.4956365609375 0
10 0.33994971875 0.8463366359375 0.340671753125 0.88250923125 0.3537732640625 0.882302421875 0.353157171875 0.8460217109375 0.33994971875 0.8463366359375
2 0.2748886875 0.1419460765625 0.2761308078125 0.2131071109375 0.316521221875 0.2124739796875 0.315343071875 0.1413071390625 0.2748886875 0.1419460765625
1 0.28963379375 0.29069264375000003 0.2678014890625 0.291001840625 0.2685521875 0.33186058749999997 0.27761955625 0.33170231562499997 0.278020196875 0.3546550703125 0.2875115046875 0.3546112921875 0.2874367859375 0.35033069375000003 0.2907027390625 0.3502314921875 0.28963379375 0.29069264375000003
10 0.3896323203125 0.188925678125 0.38971672343749997 0.1955517765625 0.4147593359375 0.1955365953125 0.41438473125 0.1722849046875 0.36423124218749997 0.1731493984375 0.3645033359375 0.18936430625 0.3896323203125 0.188925678125
9 0.3485249171875 0.3815271234375 0.373231946875 0.3811771234375 0.37155217500000004 0.28592786875 0.3468053796875 0.2862379328125 0.3485249171875 0.3815271234375
7 0.266554075 0.21926893593750002 0.267732071875 0.288457353125 0.318157046875 0.2874787296875 0.3168475859375 0.2184582578125 0.266554075 0.21926893593750002
1 0.399627109375 0.3525574171875 0.37834441406249997 0.3529289078125 0.37840898749999996 0.3566283453125 0.375673965625 0.3566151375 0.376179240625 0.38556229062499997 0.40014277812500004 0.38514400625 0.399627109375 0.3525574171875
10 0.36028143749999997 0.20157578593749997 0.3602426546875 0.1975633515625 0.360903490625 0.19755181718749998 0.36058204531250004 0.18092677031249998 0.351436871875 0.1810145140625 0.35179971718749997 0.201801971875 0.36028143749999997 0.20157578593749997
10 0.33293021562499997 0.176586825 0.33328460312499997 0.2012765875 0.3503242421875 0.20107136093750003 0.3499544390625 0.1762146546875 0.33293021562499997 0.176586825
13 0.41484307343750004 0.2473367734375 0.41435238906249994 0.21922543125 0.402622925 0.21943017031249998 0.4023904265625 0.2061103234375 0.3863425625 0.2064623265625 0.3871573359375 0.24767938437499998 0.41484307343750004 0.2473367734375
2 0.273436703125 0.0596573203125 0.2749041578125 0.1387140640625 0.31530413749999997 0.1380917046875 0.31389665624999996 0.05897921874999999 0.273436703125 0.0596573203125
12 0.3459949484375 0.0537666703125 0.3472943984375 0.121945 0.40325200937499994 0.12108702499999999 0.402093565625 0.05301875 0.3459949484375 0.0537666703125
2 0.372982634375 0.2830946609375 0.3740858453125 0.34629753281250003 0.41655749999999997 0.3455561875 0.41492844843750004 0.25043731875 0.34615954531250004 0.25156579843750004 0.3467767484375 0.2833442421875 0.372982634375 0.2830946609375
3 0.3614370484375 0.2002757328125 0.3623430515625 0.248420378125 0.38563932031250003 0.247913725 0.38480236875 0.19996477968749998 0.3614370484375 0.2002757328125
10 0.26823412812499997 0.3351260109375 0.268504678125 0.3514315859375 0.2767419953125 0.35125967343750003 0.2764458140625 0.3350076796875 0.26823412812499997 0.3351260109375
10 0.35837455 1 0.358227846875 0.9924680203125 0.34513008749999996 0.9927107078124999 0.3452440578125 1 0.35837455 1
2 0.3692883125 0.798603275 0.3705071859375 0.8701335218749999 0.41210527968750005 0.8692136453125 0.4108642265625 0.7977556703124999 0.3692883125 0.798603275
10 0.28623649375000004 0.8682508359375 0.2864302453125 0.8802461562499999 0.31807161875 0.8796547859375 0.317844378125 0.86762098125 0.28623649375000004 0.8682508359375
10 0.26543258281250004 0.20578176718750002 0.265588371875 0.2159602859375 0.2715647140625 0.21580596093749999 0.271387053125 0.20562782500000001 0.26543258281250004 0.20578176718750002