0 0.0337421875 0 0 0.4825390625 0 0.9662578125 0.4825390625 1 0.9662578125 1 1 0.5174609375 1 0.0337421875 0.5174609375 0 0.0337421875 0
5 0.33756718750000003 0.45067812500000004 0.33424375 0.4967171875 0.41545 0.5025937500000001 0.42324375 0.3896703125 0.44116875 0.3917046875 0.443409375 0.3567265625 0.38832656249999997 0.3534515625 0.3809578125 0.45298906250000004 0.33756718750000003 0.45067812500000004
10 0.44078437499999995 0.3942734375 0.42565156249999997 0.3932734375 0.4232125 0.43284687499999996 0.43821562500000005 0.43395312500000005 0.44078437499999995 0.3942734375
8 0.5196265624999999 0.6722140624999999 0.5268078125 0.6725328125 0.532975 0.5841015625 0.5585390625 0.5856578125 0.5607140625 0.5515749999999999 0.4095859375 0.5401625 0.4072703125 0.5754125 0.44725625 0.5781328125 0.44125625 0.6670281250000001 0.4483546875 0.6674 0.4487203125 0.6628078125 0.5198734375 0.668078125 0.5196265624999999 0.6722140624999999
7 0.46259218750000003 0.5439140625000001 0.5193515625 0.5476 0.5208 0.52978125 0.5373703125 0.530796875 0.5426703125000001 0.45293593750000005 0.526428125 0.451503125 0.5260312500000001 0.45657031249999996 0.49737656250000006 0.4540921875 0.49784843749999996 0.44974218749999995 0.4922578125 0.4494109375 0.491390625 0.46060937500000004 0.46780156249999993 0.45943125 0.46259218750000003 0.5439140625000001
10 0.4551671875 0.3900171875 0.44805624999999993 0.38937187500000003 0.4462921875 0.41309843749999997 0.45359375 0.4135578125 0.4551671875 0.3900171875
10 0.5510125 0.4193109375 0.5596546874999999 0.4197375 0.561103125 0.3990390625 0.5525187500000001 0.39837812499999997 0.5510125 0.4193109375
1 0.5496390625 0.39640624999999996 0.49704375 0.393025 0.49519062500000005 0.42382656250000006 0.488525 0.4235015625 0.4904484375 0.3924203125 0.45800625000000006 0.39054375 0.45614218749999996 0.417771875 0.44613593749999997 0.4170234375 0.444359375 0.43892031249999997 0.44781875 0.43941093750000004 0.44696875 0.45006562499999997 0.48685156249999995 0.4529078125 0.48760624999999996 0.441646875 0.6281796875000001 0.45154843749999996 0.6298203124999999 0.4293484375 0.547821875 0.423596875 0.5496390625 0.39640624999999996
2 0.5619515625 0.5293125 0.6219984375000001 0.5336640625 0.62755625 0.4586234375 0.6073984375 0.4575046875 0.6072625 0.461825 0.5647109375 0.4585484375 0.5649609375 0.4544234375 0.545828125 0.45302031249999997 0.538909375 0.545109375 0.56085625 0.54705 0.5619515625 0.5293125
10 0.5996046875000001 0.547596875 0.620715625 0.5491453125 0.621575 0.53754375 0.6002562499999999 0.5361234375 0.5996046875000001 0.547596875
13 0.6181109375 0.5525890625 0.5968203125 0.550746875 0.59776875 0.5357359374999999 0.5649421875 0.5335125 0.561159375 0.5854421875 0.6154515625 0.5891656249999999 0.6181109375 0.5525890625
2 0.5707765625000001 0.6955281249999999 0.6105968749999999 0.6987296875 0.6181687499999999 0.5934781250000001 0.5361078125 0.588453125 0.5306484375 0.6690578125 0.5276125 0.6688453125 0.5258875 0.6927218749999999 0.53495 0.693859375 0.535565625 0.6892984375 0.5710968750000001 0.69164375 0.5707765625000001 0.6955281249999999
10 0.5745218750000001 0.703984375 0.5720390625 0.7429609375 0.6077125 0.7453375 0.610275 0.7062109375000001 0.5745218750000001 0.703984375
1 0.56875 0.742375 0.571940625 0.703834375 0.5695 0.7034546875000001 0.5697281249999999 0.7001890625 0.5355484374999999 0.69775 0.5319609375 0.7396703125 0.56875 0.742375
1 0.5250781250000001 0.7292125 0.5273015625 0.6999203125 0.5206078125 0.7000328125 0.5216640625 0.679021875 0.3658265625 0.668478125 0.364434375 0.694484375 0.4362640625 0.6996578125 0.4342796875 0.72294375 0.5250781250000001 0.7292125
2 0.42384374999999996 0.6609859375 0.42371875000000003 0.66558125 0.4375703125 0.6666328125 0.4435171875 0.5820093749999999 0.37275468749999996 0.5766296875 0.3667796875 0.661725 0.380809375 0.6626624999999999 0.38120937499999996 0.6578109375000001 0.42384374999999996 0.6609859375
13 0.46001250000000005 0.5387328124999999 0.465325 0.46221562499999996 0.4307625 0.46007968750000006 0.42921250000000005 0.48500156250000004 0.42666562499999994 0.484753125 0.42323750000000004 0.5366703125 0.46001250000000005 0.5387328124999999
10 0.42210937499999995 0.5123562500000001 0.41415625 0.5116578125 0.41257656249999997 0.5365875 0.42027656249999995 0.537403125 0.42210937499999995 0.5123562500000001
6 0.3729078125 0.5729140625 0.4073375 0.575265625 0.41140781249999997 0.5138828125 0.412834375 0.5140781249999999 0.41327499999999995 0.507284375 0.38482343750000003 0.50529375 0.38451875 0.5098812500000001 0.37742343749999996 0.5094828125 0.3729078125 0.5729140625
10 0.3813875 0.4356046875 0.339240625 0.43215624999999996 0.3376859375 0.44931875000000004 0.38032499999999997 0.451796875 0.3813875 0.4356046875
10 0.4322921875 0.3480390625 0.44465937499999997 0.3479828125 0.45030937499999996 0.26127656250000003 0.4384984375 0.26095156249999996 0.4322921875 0.3480390625
12 0.33326406249999996 0.25354375 0.32703906250000003 0.34004218750000004 0.43136093750000004 0.34697187500000004 0.437509375 0.260715625 0.33326406249999996 0.25354375
4 0.3215203125 0.4214921875 0.3767859375 0.425375 0.3815234375 0.3528015625 0.32661406249999997 0.3486296875 0.3215203125 0.4214921875