13 0.8507254203124999 0.456568409375 0.8655764093749999 0.474088696875 0.9006022953124999 0.44569524843749997 0.8859537156249999 0.42804103125 0.8507254203124999 0.456568409375
6 0.9354372640624999 0.42508617187500003 0.9327671796875 0.4218553734375 0.9312097937500001 0.42306976875 0.913537153125 0.40159684375 0.8874111921875001 0.4226693015625 0.9059871125000001 0.44630698124999996 0.9114635640625 0.4419119 0.9128516609374999 0.4435815953125 0.9354372640624999 0.42508617187500003
1 0.7225858421875 0.44879245 0.734608415625 0.4633904015625 0.7676762828125 0.43661065781249997 0.7472994859375001 0.41152410625 0.7214630484375 0.43252648125000004 0.7297841984375 0.442846678125 0.7225858421875 0.44879245
8 0.73041985 0.5534494 0.9257856890625 0.39151855 0.91468946875 0.3776184296875 0.7988778421875 0.47146 0.7708447734375 0.43651399375000005 0.73588485625 0.46496105937500004 0.7340977984375 0.4626229234375 0.6874632328125 0.5003201500000001 0.6950425984375 0.5096817296875 0.6979269953125 0.5073351234375 0.7260160625000001 0.5419464890625 0.7230945984375 0.5443556390625 0.73041985 0.5534494
10 0.8871982171875 0.4588338171875 0.8923651546875 0.4652153125 0.9071199921875 0.4532173640625 0.9019466875000001 0.446580515625 0.8871982171875 0.4588338171875
1 0.7501138546874999 0.5778859671875 0.7702656671875 0.561401846875 0.7554423984375 0.542999596875 0.7528615390625 0.544916090625 0.7492505734375 0.5401558390625001 0.731346284375 0.5547101234375 0.7501138546874999 0.5778859671875
10 0.7102226734375 0.437865465625 0.719247253125 0.44907654218750004 0.7266726765625 0.442998378125 0.717793846875 0.4317602421875 0.7102226734375 0.437865465625
2 0.8027977406250001 0.40224130625 0.83407105 0.44083384062500003 0.8780582578124999 0.4048172765625 0.8469421015625 0.36650731406250003 0.8027977406250001 0.40224130625
10 0.836258128125 0.468313471875 0.8399771140625001 0.47271460000000004 0.8528037265625 0.4622733015625 0.8491593296875 0.45786691875 0.836258128125 0.468313471875
5 1 0.4083694890625 0.9836622546875 0.388194984375 0.91116540625 0.446816734375 0.9278795859375 0.4673125921875 1 0.4089930640625 1 0.4083694890625
2 0.7710278171875 0.5607542609375 0.783449675 0.57609493125 0.8405593124999999 0.529593121875 0.8087259 0.49044735937499995 0.7513854125 0.5364986359375 0.7560770890625 0.5422920875 0.7595150078125 0.5394680703125 0.774452215625 0.5579803937500001 0.7710278171875 0.5607542609375
10 0.93418874375 0.4234964609375 0.9470688140625001 0.413118890625 0.92917506875 0.39106286562500003 0.91623415 0.4014158515625 0.93418874375 0.4234964609375
11 0.7623527609375 0.5929370140625 0.78186918125 0.5771955078125 0.7709126687500001 0.5634209265625 0.7512764468750001 0.5793213109375001 0.7623527609375 0.5929370140625
7 0.8313515203125 0.444920471875 0.799149946875 0.4050091765625 0.807425396875 0.39846217500000003 0.8056445296874999 0.39626304375 0.8007781015625 0.400203540625 0.7832168640625 0.37865092031250003 0.7682626453125 0.39082952031249996 0.7702314390625 0.39322254375 0.749859509375 0.40975928906250003 0.7989473203124999 0.47133808750000006 0.8313515203125 0.444920471875
6 0.648011690625 0.198634709375 0.6439426328125 0.1934399640625 0.6482688999999999 0.1898895875 0.6378243671875 0.1770751484375 0.6335643906249999 0.180586584375 0.6331696015625 0.1801372234375 0.6025427375 0.20475016875000002 0.6179143703125 0.223242525 0.648011690625 0.198634709375
0 0.322941225 0 0.08484821718749999 0.1928031390625 0 0.40280984531249997 0 0.677058775 0.1928031390625 0.9151517828125 0.40280984531249997 1 0.677058775 1 0.9151517828125 0.8071968609375 1 0.5971901546875 1 0.322941225 0.8071968609375 0.08484821718749999 0.5971901546875 0 0.322941225 0
2 0.3758783609375 0.8477668843749999 0.401137571875 0.8790340296875 0.4602508 0.8311644296875 0.43504770625000005 0.7998626609375 0.3758783609375 0.8477668843749999
7 0.41375511718749997 0.7269151875000001 0.449643284375 0.77077805625 0.5168436843750001 0.7161016984375 0.48138801249999996 0.67244053125 0.41375511718749997 0.7269151875000001
6 0.526379765625 0.8211632140624999 0.52333703125 0.817374034375 0.5331074234375001 0.8094627031250001 0.5175919375 0.790450478125 0.48473996875 0.8168877218749999 0.500193484375 0.8361158937500001 0.505288325 0.8319896203124999 0.5083029906250001 0.8356730875 0.526379765625 0.8211632140624999
2 0.402099053125 0.880312284375 0.431809634375 0.9164702609375001 0.4908904203125 0.8686684437500001 0.461074478125 0.8324375640625 0.402099053125 0.880312284375
13 0.4405048890625 0.7009076875 0.43590739375 0.6952314921875 0.450683965625 0.6834091609375 0.4408565515625 0.6712737828125 0.402612584375 0.7024351421875 0.416958309375 0.7200714796875001 0.4405048890625 0.7009076875
13 0.22735860468750002 0.4812835640625 0.24220641718749997 0.4987992 0.27723461562499996 0.4704083703125 0.262587484375 0.4527547390625 0.22735860468750002 0.4812835640625
10 0.3101106765625 0.50198075 0.312620465625 0.5052495828125 0.31353963125 0.504505340625 0.2872835859375 0.472114178125 0.28645322968750003 0.4727679109375 0.2902761453125 0.47748740625 0.273936440625 0.49075942499999997 0.293807846875 0.5151614999999999 0.3101106765625 0.50198075
13 0.201983915625 0.531299709375 0.24014732656249999 0.5003585859374999 0.2305742859375 0.4882484625 0.2158432859375 0.5001498718749999 0.2111968265625 0.4943696328125 0.18755583125 0.51348348125 0.201983915625 0.531299709375
2 0.22563325 0.389569940625 0.2565037859375 0.42817500624999993 0.3008849421875 0.3920968453125 0.26956684375 0.35378618125 0.22563325 0.389569940625
10 0.0875993 0.5023216578125 0.106627696875 0.4869121328125 0.0980865171875 0.47661931874999997 0.0947158234375 0.479301975 0.0890120875 0.47192166249999995 0.0731666234375 0.4846586140625 0.0875993 0.5023216578125
10 0.58160990625 0.175675890625 0.5947020140625 0.1915182328125 0.63270608125 0.1605919359375 0.61996538125 0.144655640625 0.58160990625 0.175675890625
4 0.305777784375 0.40740706718749997 0.3279355828125 0.434905140625 0.3582857859375 0.410251196875 0.33613676875 0.382898228125 0.305777784375 0.40740706718749997
3 0.26034451875000003 0.4864357828125 0.2024708390625 0.5332102984375 0.2186425171875 0.5531802640625 0.2788239875 0.5050024546875 0.266398471875 0.489712546875 0.2642836734375 0.49152243125000006 0.2604378390625 0.48655100625000003 0.26034451875000003 0.4864357828125
10 0.08685499375 0.4625785859375 0.0958795734375 0.47378966250000004 0.10330499687500001 0.46771149999999995 0.09442616718749999 0.45647336406249994 0.08685499375 0.4625785859375
1 0.12674617500000002 0.6025990890624999 0.146895675 0.5861123484374999 0.1320738546875 0.5677106843749999 0.129493859375 0.5696292125 0.12588058124999998 0.564866340625 0.10797860468750001 0.5794232453125 0.12674617500000002 0.6025990890624999
10 0.26383053749999996 0.48354693906249996 0.26899602499999997 0.48992784843750004 0.28375 0.47792786718749997 0.2785775578125 0.47129305156249995 0.26383053749999996 0.48354693906249996
8 0.10705361875 0.57816310625 0.302418009375 0.416231671875 0.2913217890625 0.4023315515625 0.1755116109375 0.49617370625 0.14747709375 0.461227115625 0.11251572812499999 0.4896735953125 0.11073011875000001 0.48733604531249997 0.06409555312500001 0.525033271875 0.0716763671875 0.5343954359375 0.074559315625 0.53204824375 0.1026483828125 0.566659609375 0.09972691875 0.5690687609375 0.10705361875 0.57816310625
1 0.09921961093750001 0.47350615625000003 0.11123842343749998 0.488100903125 0.144307740625 0.46132174531250003 0.12393180625 0.436237228125 0.09809536875 0.457239603125 0.1064156546875 0.46755776562499995 0.09921961093750001 0.47350615625000003
6 0.3120701703125 0.44979784375 0.3093995 0.4465684953125 0.307839803125 0.44778027187499997 0.2901694734375 0.4263099640625 0.2640449609375 0.4473830078125 0.2826194328125 0.47102010156249996 0.288095884375 0.4666250203125 0.2894839796875 0.4682947171875 0.3120701703125 0.44979784375
2 0.1794277484375 0.42695180781250003 0.21070481874999997 0.46554754843749996 0.2546891296875 0.42952981250000005 0.22357355937499998 0.3912184015625 0.1794277484375 0.42695180781250003
10 0.2128904484375 0.4930265921875 0.21660943437500002 0.497427721875 0.2294337359375 0.4869838046875 0.22579164999999998 0.4825800390625 0.2128904484375 0.4930265921875
5 0.28779627812499997 0.47152927031249997 0.30451190625 0.4920257140625 0.3769374734375 0.433459425 0.3602922625 0.4129054859375 0.28779627812499997 0.47152927031249997
2 0.1476586875 0.585466796875 0.1600819953125 0.600808053125 0.2171907703125 0.5543042078125 0.18535735625 0.5151584453125 0.1280177328125 0.56121175625 0.13270709687499999 0.5670025890625 0.136147328125 0.5641811921875 0.15108512031250002 0.5826920656250001 0.1476586875 0.585466796875
10 0.3108210640625 0.44820958125 0.323701134375 0.43783201250000003 0.3058059390625 0.4157754015625 0.2928656078125 0.42612693906250004 0.3108210640625 0.44820958125
11 0.13898276874999999 0.6176475156250001 0.1585006375 0.6019065953125 0.147544125 0.5881320140625 0.12790731718749998 0.604033846875 0.13898276874999999 0.6176475156250001
7 0.20798528906249997 0.4696341796875 0.17577995468750002 0.4297196796875 0.184057715625 0.42317529531250003 0.1822754015625 0.4209755796875 0.17741100625 0.4249152140625 0.159849184375 0.403364040625 0.14489496562499998 0.415542640625 0.146863759375 0.41793566406249993 0.1264918296875 0.434472409375 0.175579640625 0.496051209375 0.20798528906249997 0.4696341796875
2 0.438862540625 0.6949913343749999 0.44331222031250006 0.7005370296875 0.45608968125000005 0.6901297984375 0.45171017031250005 0.684681546875 0.438862540625 0.6949913343749999
10 0.5240836078125 0.78287944375 0.5297394625 0.778290584375 0.5139098062499999 0.7589256078125 0.50896285 0.7629110890625 0.5092788953125 0.763392675 0.508814375 0.7638083015625 0.5240836078125 0.78287944375
10 0.5190738734375 0.789239303125 0.536316840625 0.8102824765625 0.5671866296875 0.7851475234375 0.550288003125 0.7641238218749999 0.5190738734375 0.789239303125
3 0.44193356875 0.6680992046875 0.458433965625 0.688577784375 0.480319978125 0.6706793859375 0.444304971875 0.625991759375 0.3809718109375 0.67678566875 0.400726971875 0.7014087265625 0.44193356875 0.6680992046875
8 0.4411585484375 0.7630358625 0.44236158750000004 0.7620102875 0.4136658546875 0.7270527 0.3315239640625 0.7934173484375 0.373911178125 0.8454115859375 0.435136934375 0.79563344375 0.48229806093749994 0.8542228140624999 0.5017819343750001 0.8383282859375001 0.4411585484375 0.7630358625
10 0.548391203125 0.7624744140625 0.5472034265625 0.7610221546875 0.550058790625 0.7586806703125 0.537472609375 0.742950046875 0.5196784921875001 0.757277525 0.5336553859375 0.774341859375 0.548391203125 0.7624744140625
10 0.508191546875 0.725683240625 0.512151053125 0.7305067937499999 0.5224986734375 0.7221427953124999 0.5185457515625 0.7172612359375 0.508191546875 0.725683240625
1 0.348897053125 0.7737377421875 0.34356923125 0.7670620578125 0.346006871875 0.765028715625 0.3292272078125 0.7444238234375 0.3095094921875 0.7604800265625 0.3316620765625 0.7876406359375 0.348897053125 0.7737377421875
2 0.3208947875 0.7255516859375 0.3561740578125 0.7696286078125001 0.41488853593749997 0.7216990140624999 0.379790696875 0.6780155859375 0.3208947875 0.7255516859375
10 0.4506327546875 0.77159913125 0.46779501874999996 0.792737775 0.5050746328125 0.76246586875 0.48797120937500005 0.74134425625 0.4506327546875 0.77159913125
11 0.2972150640625 0.7452076921875 0.308302515625 0.75887508125 0.3269821375 0.7434695703124999 0.31613179375 0.7299535921875 0.2972150640625 0.7452076921875
1 0.4907053171875 0.7399160375 0.50801225625 0.7616726234375 0.5354235015625 0.7388663281250001 0.5233235406250001 0.7238259171875 0.511260715625 0.733648940625 0.5061709140625 0.727364334375 0.4907053171875 0.7399160375
5 0.5019666093749999 0.843143396875 0.5238361203124999 0.8701036921874999 0.55115611875 0.8478402421875 0.5294969203125001 0.8209767156250001 0.5019666093749999 0.843143396875
13 0.4699271234375 0.795227115625 0.4857212859375 0.814033428125 0.5224902546875 0.784257940625 0.5070168109375001 0.765254275 0.4699271234375 0.795227115625
7 0.5457353578124999 0.13382729375 0.579522228125 0.175437403125 0.6506438515624999 0.1171245390625 0.6171760390625 0.0757966921875 0.5457353578124999 0.13382729375
10 0.59692336875 0.194124521875 0.6035326796875 0.20233751562500002 0.632274046875 0.179008625 0.6255812671875 0.17093548593750002 0.59692336875 0.194124521875
2 0.5107688984375 0.24628283125 0.53609744375 0.2774701359375 0.5903995281250001 0.23349596250000001 0.5649528796875 0.2026468546875 0.5107688984375 0.24628283125
13 0.6045711781249999 0.24694163125 0.6187028703124999 0.26438195468750003 0.6536662140625 0.2361182765625 0.639405446875 0.2180797953125 0.6045711781249999 0.24694163125
10 0.66605925625 0.23566362343749997 0.6788899093749999 0.2252290125 0.661449584375 0.2033646078125 0.6483866828125 0.2137525703125 0.66605925625 0.23566362343749997
13 0.5732061500000001 0.10648150625 0.5689990078125 0.10111132187500001 0.5834445406250001 0.0893658953125 0.573776953125 0.07716027343750001 0.535207259375 0.10828945625 0.5494741953125 0.125887221875 0.5732061500000001 0.10648150625
3 0.5160305171874999 0.0884788140625 0.5323863890625 0.108464215625 0.5995071953125 0.053730420312500006 0.5834886421875 0.0337818765625 0.5160305171874999 0.0884788140625
10 0.6284272828125 0.16869639218750002 0.6316045296875 0.1726865328125 0.6707105203125 0.14094321875 0.6673643125 0.13681235 0.6284272828125 0.16869639218750002
10 0.7075303859375001 0.20137402031249999 0.7178544 0.192872409375 0.6773824281249999 0.1427322 0.666914553125 0.15130207812500002 0.7075303859375001 0.20137402031249999
5 0.638695346875 0.1740768484375 0.6796394625 0.22478361875 0.7070372171875 0.20218589374999998 0.6663519578125 0.151718525 0.638695346875 0.1740768484375
12 0.67621226875 0.13385359531250002 0.7199881718750001 0.1881834265625 0.7618820765625001 0.1537191671875 0.718306028125 0.0999082375 0.67621226875 0.13385359531250002
8 0.603004565625 0.24512565937500003 0.6226157515625 0.229333125 0.545588278125 0.13398694687499998 0.4694145015625 0.195327721875 0.5087593499999999 0.2436778578125 0.564961925 0.19802797656249999 0.603004565625 0.24512565937500003
2 0.53724355625 0.27880445 0.5624885890625 0.310060809375 0.61655290625 0.2660411296875 0.591295203125 0.23492457656250001 0.53724355625 0.27880445
1 0.6226739640625001 0.142890178125 0.6360592578125 0.1602008296875 0.6660871312500001 0.1358733484375 0.6521186984375 0.119046678125 0.6226739640625001 0.142890178125
10 0.58034636875 0.0731090375 0.5934542421875 0.089341978125 0.6171094015625 0.070159703125 0.6050389265625 0.05506716874999999 0.5958443140624999 0.06252525 0.5947896781249999 0.061335748437500004 0.58034636875 0.0731090375
10 0.5716591015625 0.101030015625 0.57619564375 0.10646082187499999 0.58897595625 0.09598396406250001 0.584460678125 0.090696565625 0.5716591015625 0.101030015625
10 0.639747609375 0.215798075 0.638646171875 0.21438238437499998 0.652408165625 0.2032067640625 0.6496445843750001 0.1997443921875 0.620949196875 0.22303456093750001 0.6248891390625 0.22789402343749998 0.639747609375 0.215798075
11 0.43136227031249996 0.1538429703125 0.44232284843749997 0.1674489890625 0.46165615937500004 0.1517143921875 0.45078333906249995 0.1381539421875 0.43136227031249996 0.1538429703125
1 0.48166854531250003 0.17972585000000002 0.476425759375 0.1730440765625 0.478852540625 0.1709625328125 0.46401829843750003 0.1527125734375 0.44373611406249996 0.1690563890625 0.4639483578125 0.1941539765625 0.48166854531250003 0.17972585000000002
2 0.4571352984375 0.13623426875 0.4889709546875 0.1756539421875 0.5477341625000001 0.1277288703125 0.5161082796875001 0.0884782125 0.4571352984375 0.13623426875
3 0.8837130625 0.4617246953125 0.8258370703125 0.5084965921875 0.842010196875 0.5284671421875 0.9021916671874999 0.4802893328125 0.8897670156249999 0.465001459375 0.8876499046875 0.46680872500000004 0.8838040703125 0.4618373 0.8837130625 0.4617246953125
4 0.9291440156249999 0.3826933609375 0.9513055749999999 0.4101946390625 0.9816534656250001 0.38553807500000004 0.9595038640625001 0.35818655625 0.9291440156249999 0.3826933609375
10 0.7109684281249999 0.47760912187500004 0.7299962390625 0.462201046875 0.721455059375 0.45190823125 0.718083503125 0.454588853125 0.7123806312500001 0.447210575 0.6965351656250001 0.459947528125 0.7109684281249999 0.47760912187500004
2 0.8490009296875 0.36485681875 0.8798714656250001 0.40346188437499997 0.9242526218749999 0.36738372343750003 0.8929345234375001 0.32907305937500003 0.8490009296875 0.36485681875
13 0.825351009375 0.5065880359375 0.8635150062499999 0.47564546406249997 0.8539419671875 0.463535340625 0.8392103796875 0.47543819843749996 0.8345636421875 0.469654478125 0.8109258234375 0.4887729796875 0.825351009375 0.5065880359375
10 0.9334769078124999 0.47726704375000006 0.9359881453125001 0.48053646250000004 0.9369073109375 0.47979221875 0.9106512656250001 0.44740105625000004 0.909820909375 0.448054790625 0.9136446890625001 0.45277631874999996 0.8973041203125 0.466046303125 0.917176390625 0.4904504125 0.9334769078124999 0.47726704375000006