13 0.5748609375 0.30951249999999997 0.5968984374999999 0.323340625 0.6179328125 0.2897296875 0.595771875 0.27600625 0.5748609375 0.30951249999999997
2 0.630871875 0.34553124999999996 0.633703125 0.34737968750000003 0.675946875 0.27982968750000003 0.6535671875 0.26587031250000004 0.611515625 0.3332234375 0.630909375 0.34531875 0.630871875 0.34553124999999996
11 0.33785 0.8440562500000001 0.34111250000000004 0.8462 0.3663921875 0.805828125 0.35414687499999997 0.7982234375 0.328978125 0.8385187500000001 0.33001874999999997 0.8392015625000001 0.3289328125 0.8409390625000001 0.3367203125 0.84584375 0.33785 0.8440562500000001
3 0.2725796875 0.797746875 0.292996875 0.810440625 0.3158078125 0.7739703125 0.287065625 0.755934375 0.22822499999999998 0.8500249999999999 0.23646562499999998 0.8552328125 0.23754843750000001 0.8534421875 0.2376875 0.853559375 0.2725796875 0.797746875
10 0.6252890625 0.2783171875 0.6103546875 0.2690109375 0.6080062500000001 0.2727921875 0.5992031250000001 0.26734375 0.5964031249999999 0.27182343750000004 0.6200796875 0.2866734375 0.6252890625 0.2783171875
1 0.776565625 0.1241625 0.7297046875000001 0.19911406250000002 0.7302484375 0.1994046875 0.710590625 0.23088437499999998 0.7100921875 0.230521875 0.6887359375 0.26467968750000004 0.6892609375000001 0.26498125 0.6684203125 0.29835 0.6679 0.298025 0.6464328125 0.332378125 0.646965625 0.33268593750000003 0.6367609375 0.34899843750000004 0.6476468750000001 0.3558578125 0.6582921875000001 0.338859375 0.6585515625 0.338996875 0.6791890625 0.3060046875 0.67886875 0.305834375 0.7004703125 0.2713234375 0.7007359375 0.2714890625 0.7214609375000001 0.2383390625 0.7211609375 0.2381515625 0.7415375 0.20558281250000002 0.7418109375 0.20575468749999998 0.78781875 0.132125 0.787546875 0.1319546875 0.8022703124999999 0.108390625 0.8025328125 0.1085796875 0.8066359375 0.10201875 0.7945171875 0.0944453125 0.7901578125000001 0.101403125 0.7905046875 0.101646875 0.78876875 0.10440468750000001 0.789346875 0.1047921875 0.7770859375 0.1244875 0.776565625 0.1241625
10 0.6475390625 0.20325781250000002 0.6652843749999999 0.214425 0.682996875 0.1861 0.6652250000000001 0.1749953125 0.6475390625 0.20325781250000002
1 0.6951421875 0.06750625 0.6864296875 0.08146718750000001 0.686121875 0.081275 0.665390625 0.11446875000000001 0.6656828124999999 0.1146515625 0.63558125 0.162859375 0.635284375 0.16265000000000002 0.6244140625 0.18008437500000002 0.624640625 0.18033125 0.61129375 0.20163125 0.6281609375 0.21217187499999998 0.6530375 0.17241562500000002 0.649134375 0.1698953125 0.6782843749999999 0.1232453125 0.6788062499999999 0.12354687499999999 0.7001734374999999 0.089390625 0.6996453125000001 0.0890609375 0.7164578125000001 0.062190625 0.7169671875 0.062534375 0.7243999999999999 0.05063125 0.7161125 0.045453125 0.714559375 0.047934375 0.7148328125 0.048159375 0.712328125 0.0521328125 0.7135171875 0.052904687500000006 0.7017625 0.0716984375 0.6951421875 0.06750625
13 0.7416750000000001 0.088815625 0.7539953125000001 0.069125 0.74189375 0.0615625 0.7296078125000001 0.081225 0.7416750000000001 0.088815625
2 0.7158625 0.215915625 0.712865625 0.214065625 0.71270625 0.21420781249999998 0.6934078125 0.2021484375 0.6556390624999999 0.2626875 0.6778796875 0.2766640625 0.7158625 0.215915625
8 0.651359375 0.23955781250000002 0.651640625 0.2397328125 0.6342484374999999 0.26753125 0.63394375 0.2673703125 0.6285515625 0.27592500000000003 0.6287015625000001 0.27604843749999997 0.6215015625 0.28745625 0.6336046875 0.295175 0.6925421875 0.20097031250000003 0.692209375 0.2007625 0.695459375 0.1955828125 0.71635 0.2085859375 0.7162640625 0.208875 0.7191171875 0.2106875 0.782340625 0.10956406249999999 0.77883125 0.107340625 0.7786578125 0.1075234375 0.7450765625 0.08707343749999999 0.743109375 0.0901640625 0.7432203125 0.09023281250000001 0.6849999999999999 0.18347968750000002 0.68595625 0.1841703125 0.6676796875 0.2134078125 0.6679515625 0.213578125 0.6633281249999999 0.22099687499999998 0.663046875 0.22082031249999998 0.651359375 0.23955781250000002
10 0.73651875 0.058203125 0.7241390625 0.07800625 0.7279765625 0.0805015625 0.738784375 0.063271875 0.7357625 0.0614125 0.7374171875 0.058765625 0.73651875 0.058203125
10 0.644640625 0.20558125 0.6439953125 0.2052296875 0.6632453125 0.1744984375 0.6584234375 0.1716203125 0.63266875 0.2128375 0.63796875 0.216203125 0.644640625 0.20558125
10 0.6365484375 0.2275109375 0.65135 0.2367375 0.6617859375 0.22006562500000001 0.6470281250000001 0.2107484375 0.6365484375 0.2275109375
6 0.63295625 0.2666734375 0.633946875 0.2672921875 0.651103125 0.2398359375 0.6350265625 0.2299265625 0.612609375 0.26599218750000003 0.6276359375 0.2751703125 0.63295625 0.2666734375
1 0.268340625 0.7620046874999999 0.25763437499999997 0.7792421875 0.25788125 0.779403125 0.227253125 0.8283515625 0.2285421875 0.8290859375 0.216775 0.8478406250000001 0.21016875000000002 0.8436609374999999 0.20135 0.8577921875 0.20106406250000003 0.85764375 0.180775 0.890115625 0.1945359375 0.8987140625000001 0.21517499999999998 0.8655265625 0.21468906250000003 0.8652234375000001 0.28407187500000003 0.7542046874999999 0.276615625 0.74946875 0.268653125 0.7622171875 0.268340625 0.7620046874999999
10 0.2536578125 0.8396296875000001 0.2506859375 0.8377109375 0.27285781249999996 0.8022359375000001 0.27191875 0.80170625 0.23901093750000002 0.8543671875 0.2428515625 0.8569234375000001 0.2536578125 0.8396296875000001
7 0.73975 0.0957515625 0.7190953125 0.082765625 0.71936875 0.082328125 0.7111375 0.077234375 0.656153125 0.1651921875 0.6849624999999999 0.1834859375 0.73975 0.0957515625
10 0.598153125 0.3248203125 0.6102531250000001 0.33249062500000004 0.6320640625 0.2977375 0.6198187500000001 0.2902984375 0.598153125 0.3248203125
7 0.22578125 0.9182375 0.254603125 0.8720343749999999 0.23399999999999999 0.859134375 0.23432499999999998 0.8585953125 0.2261234375 0.8533640625000001 0.1968828125 0.9001796875 0.22578125 0.9182375
8 0.260265625 0.862965625 0.2580546875 0.8664234375 0.2581234375 0.86655625 0.2258515625 0.9182828125 0.26263437500000003 0.9412671874999999 0.297340625 0.8857531249999999 0.29708125 0.8855390625 0.296878125 0.8857546875000001 0.2935359375 0.883640625 0.2933890625 0.8837609375 0.260265625 0.862965625
2 0.3158953125 0.7740015625 0.2636921875 0.8573546875 0.2970796875 0.878246875 0.2969546875 0.8784859375 0.299778125 0.88025 0.35206875000000004 0.796684375 0.3158953125 0.7740015625
13 0.289009375 0.8132671874999999 0.2739765625 0.8036640625 0.25424375 0.8353375 0.2572203125 0.8371437500000001 0.2445578125 0.8574078125 0.256671875 0.8650578124999999 0.289009375 0.8132671874999999
1 0.32621406249999996 0.8434687500000001 0.3048953125 0.8775890625 0.305421875 0.8779453125 0.30314687500000004 0.8815859375 0.3036890625 0.8820062500000001 0.2655390625 0.9430828124999999 0.27676249999999997 0.9500953125 0.3028625 0.9083109374999999 0.3025875 0.9081390624999999 0.31735 0.8844843750000001 0.31761249999999996 0.8846484374999999 0.3385359375 0.8511843750000001 0.32621406249999996 0.8434687500000001
0 0.480790625 0 0 0.7694265625 0 0.7771546875 0.3566265625 1 0.519209375 1 1 0.2305734375 1 0.2228453125 0.6433734375 0 0.480790625 0