0 0.44731938906249996 0 0.0169352078125 0.8094349187500001 0.375336 1 0.5526806109375 1 0.9830647921875 0.19056508125 0.624664 0 0.44731938906249996 0
13 0.6676777453125 0.1638793234375 0.6168978671875001 0.25965862500000003 0.6424323484375 0.273093978125 0.6931855703124999 0.1774580015625 0.6676777453125 0.1638793234375
11 0.21420752968749998 0.8792610421875 0.2415888328125 0.82770439375 0.22506925312499998 0.8190676578125 0.19760530781250002 0.87068654375 0.21420752968749998 0.8792610421875
4 0.49743302656250005 0.269217125 0.5250137546875 0.21720553593749997 0.49482673750000006 0.20126099375 0.4673371921875 0.25320426875 0.49743302656250005 0.269217125
8 0.32903748125 0.9326493578124999 0.33635071875 0.9189883484375001 0.30898186562499996 0.9049758109375 0.35022387187500004 0.827870171875 0.334800290625 0.82021081875 0.29818859531249997 0.88916059375 0.23033076874999997 0.852432259375 0.21414076249999997 0.8831541453125 0.2161900765625 0.8841358359375 0.2152467328125 0.885910009375 0.281403284375 0.9205427921875 0.26923748281250004 0.94358641875 0.30897978125000003 0.9647177734374999 0.32664805 0.9314885921875 0.32903748125 0.9326493578124999
10 0.55490214375 0.1425520390625 0.5649961453125 0.12363787500000001 0.5424305687500001 0.111558140625 0.532403434375 0.130509628125 0.55490214375 0.1425520390625
3 0.6279562171874999 0.1776917203125 0.5915495187500001 0.24615943437499999 0.6153529578125 0.25874339218750003 0.651704365625 0.190306446875 0.6279562171874999 0.1776917203125
13 0.5955386140625001 0.0912938765625 0.56999349375 0.1393372625 0.600832753125 0.15589228593749999 0.626358909375 0.107824659375 0.5955386140625001 0.0912938765625
5 0.3551845609375 0.635948209375 0.299604028125 0.739930834375 0.29560269375 0.737934240625 0.2600401765625 0.8047077781249999 0.2843042015625 0.8177401421875 0.375506340625 0.646104034375 0.3551845609375 0.635948209375
10 0.2818663453125 0.7218530765625 0.29299167656249997 0.701112421875 0.2761924 0.6923959843749999 0.265232440625 0.713008671875 0.2818663453125 0.7218530765625
10 0.6510228125 0.125263690625 0.6261784718750001 0.17203569218749998 0.6536170640625001 0.18661266406250002 0.6786242390624999 0.1398139859375 0.6510228125 0.125263690625
2 0.6978506828125 0.26125170625 0.7369121843750001 0.1877877078125 0.7392313015624999 0.1890208046875 0.74628380625 0.1756671109375 0.70728105625 0.1547024671875 0.6438753953125 0.2739178890625 0.6831062718750001 0.29459327343749997 0.7001766984375 0.2624884703125 0.6978506828125 0.26125170625
2 0.6946316125 0.08831143125 0.7158255265625 0.048471443749999996 0.6748843515625 0.0267026328125 0.6537545031249999 0.06632893749999999 0.6946316125 0.08831143125
10 0.35342883281250004 0.700875390625 0.38085985 0.649092115625 0.37715836875000003 0.647124003125 0.349591046875 0.6989073593749999 0.35342883281250004 0.700875390625
4 0.52921420625 0.28628713437500003 0.5569541078125 0.2341159671875 0.5250291859375 0.217342925 0.49751344687500004 0.2692156453125 0.52921420625 0.28628713437500003
10 0.2897423640625 0.8205856546874999 0.351287259375 0.7047766328125 0.34760585312500003 0.7029837703124999 0.285945959375 0.81841665 0.2897423640625 0.8205856546874999
7 0.737272975 0.1105170609375 0.75830634375 0.07105889374999999 0.718907565625 0.0501101921875 0.6976961937499999 0.0898099453125 0.737272975 0.1105170609375
10 0.24358858906249997 0.824023275 0.25161198281249997 0.8088003374999999 0.23499730468750002 0.8003324718749999 0.2271436890625 0.8152793671874999 0.24358858906249997 0.824023275
1 0.183469228125 0.8676049765625 0.17089643593749998 0.89129755625 0.1859037859375 0.8992771062499999 0.19878588749999998 0.875095990625 0.183469228125 0.8676049765625
12 0.3136297375 0.70720874375 0.35219819218750004 0.6342293765625 0.31704834531250004 0.6154106875 0.27780968906250003 0.6885522078124999 0.3136297375 0.70720874375
3 0.6094191125 0.047319295312499995 0.5898538046875 0.08397983125 0.616643740625 0.0981658953125 0.6360800328125 0.061381901562499994 0.6094191125 0.047319295312499995
8 0.7066575875 0.0945960375 0.7046645328125 0.0983444265625 0.63762419375 0.062215334375 0.6179694328124999 0.09929372187499999 0.7478988734375001 0.16803335156250002 0.74535930625 0.1728661640625 0.7546074609375 0.1778684375 0.7644603953125 0.1592578875 0.7621840453125001 0.15804753124999998 0.7973878109375 0.091838878125 0.75838498125 0.07110070625 0.7373350765625 0.110493453125 0.7066575875 0.0945960375
5 0.5581385265625001 0.3017142484375 0.6213525828125 0.182669471875 0.53044615625 0.1340576046875 0.49838103437500003 0.1944831453125 0.5633607406250001 0.2293289984375 0.532219371875 0.2878973953125 0.5581385265625001 0.3017142484375
10 0.2355900046875 0.9224979953125001 0.2444838390625 0.9057045609375001 0.2373951296875 0.9015567250000001 0.22835112031250002 0.9184295765625 0.2355900046875 0.9224979953125001
2 0.338045034375 0.9159482421874999 0.3451838234375 0.9019962765624999 0.34292585937500003 0.9008611734375 0.3675641390625 0.854892740625 0.3697208046875 0.85616510625 0.37725182031250004 0.8417350703125 0.35185548125 0.8285890640625 0.312588209375 0.9022869640625 0.338045034375 0.9159482421874999
10 0.6818826312499999 0.1371471765625 0.6694562328125 0.16060436875 0.6951696578125001 0.174179109375 0.7074808765625 0.1508553359375 0.6818826312499999 0.1371471765625
2 0.21362249218749998 0.889054621875 0.21596487656250002 0.884559375 0.20154753281249999 0.8771076640625 0.19209297812499998 0.8951620109375 0.1943238 0.8963481609375 0.19123044218750002 0.9021093390624999 0.22393261406249998 0.9194973921875 0.23420335468750003 0.899778225 0.21362249218749998 0.889054621875
6 0.622742190625 0.174744178125 0.6507702890625 0.12167154375 0.6341268140625 0.1128185125 0.634432725 0.1121866 0.6293321015625 0.10937191093750001 0.6008520546875 0.1631580765625 0.622742190625 0.174744178125
1 0.430488025 0.7489943 0.3142457359375 0.9675177312500001 0.32922411406249996 0.9754818765625 0.44542639531250006 0.756937171875 0.430488025 0.7489943
2 0.42019673125 0.7609674390625 0.42742824218750003 0.747220503125 0.40617990624999994 0.73627118125 0.37547701875 0.7937985828125 0.354772671875 0.7826748593749999 0.3368792375 0.815991365625 0.3789089609375 0.8389512625 0.385927971875 0.825567371875 0.383690715625 0.824163675 0.41796072031250003 0.759821003125 0.42019673125 0.7609674390625
6 0.25484192656250004 0.8612356312499999 0.27594589062499997 0.8216380359375 0.25330642812500004 0.8094942421875 0.2319793765625 0.8495147296875001 0.25484192656250004 0.8612356312499999
10 0.2972886234375 0.8833713781249999 0.31192414999999996 0.8559391453125 0.290691925 0.8444303359375 0.27626642968750004 0.8716539390625 0.2972886234375 0.8833713781249999
13 0.36350238125 0.7160672546875 0.3342477015625 0.7707245296874999 0.367112059375 0.7891721203125 0.3687499140625 0.7858188515625 0.375534396875 0.78975006875 0.4036817390625 0.7369956671875 0.36350238125 0.7160672546875
10 0.288872634375 0.832089521875 0.29021943125 0.829556565625 0.2774291078125 0.8227558296874999 0.2562740703125 0.8621599234374999 0.2744079296875 0.8719841390624999 0.29395259218750003 0.834696790625 0.288872634375 0.832089521875
10 0.300337925 0.7315613328125 0.3112861484375 0.71097071875 0.2945859359375 0.7020945968750001 0.28364515468749996 0.7226113046875 0.300337925 0.7315613328125
10 0.588129378125 0.0874127140625 0.559624190625 0.1410864125 0.5654218109375 0.144287628125 0.5939708171875 0.09059475781250001 0.588129378125 0.0874127140625
2 0.6521666984375 0.06587046875 0.6733640249999999 0.025894262499999997 0.6323331750000001 0.0040777718749999995 0.6110378953125 0.0440018953125 0.6521666984375 0.06587046875
4 0.2570469234375 0.8030684562499999 0.29266352812499996 0.73625643125 0.2616554453125 0.7197160515625 0.2260333890625 0.78657826875 0.2570469234375 0.8030684562499999
13 0.3139150640625 0.8516622671875 0.3494762578125 0.7841323874999999 0.3290042890625 0.77324725 0.293044234375 0.8408782765625 0.3139150640625 0.8516622671875
10 0.35353318749999996 0.70773160625 0.28973289687500003 0.827995415625 0.295584584375 0.8312147609375 0.32944529375 0.7681710453124999 0.3327342734375 0.7699198265625 0.3631488578125 0.712628453125 0.35353318749999996 0.70773160625
1 0.7465026140625 0.1822514890625 0.6858650046875 0.296191071875 0.7010621078125 0.3043529171875 0.7653703984375 0.1831470125 0.772907184375 0.18715439375 0.8177314750000001 0.102655796875 0.8026068593750001 0.0946138953125 0.7539642625 0.186077346875 0.7465026140625 0.1822514890625