0 0.4356546875 0 0 0.11654687500000001 0 0.5658265625000001 0.1163359375 1 0.5658265625000001 1 1 0.8836640625 1 0.43430156249999996 0.88359375 0 0.4356546875 0
2 0.6293796875 0.46264374999999996 0.55630625 0.48222343749999996 0.5805890625 0.57511875 0.5902984375 0.5725171875 0.6029953124999999 0.6195375000000001 0.6675375 0.6021046875 0.6293796875 0.46264374999999996
13 0.4386546875 0.4349671875 0.48212656249999997 0.42317968749999996 0.45718125 0.33264062499999997 0.41465781249999994 0.3443109375 0.4386546875 0.4349671875
2 0.711546875 0.3700171875 0.61558125 0.3959640625 0.6704484374999999 0.6009765625 0.751625 0.5787609375 0.7388578125 0.53264375 0.7540859375 0.528103125 0.711546875 0.3700171875
9 0.576221875 0.4015671875 0.6172734375 0.3902515625 0.59179375 0.2965328125 0.551103125 0.30778125 0.576221875 0.4015671875
7 0.4826 0.6015765625 0.49966406250000006 0.5972046875 0.46964218750000003 0.4859859375 0.4534515625 0.49004531250000005 0.45228437499999996 0.48605312500000003 0.400278125 0.49971718750000005 0.430928125 0.6166609375000001 0.4543078125 0.60995625 0.466840625 0.6561984375 0.49465312499999997 0.648146875 0.4826 0.6015765625
13 0.6227015625 0.314053125 0.6019890625000001 0.3194390625 0.6205359374999999 0.3889359375 0.7104296875 0.36538593750000004 0.6900296875 0.2896234375 0.6617625 0.2973375 0.656959375 0.279053125 0.6165296875 0.29016406250000004 0.6227015625 0.314053125
2 0.5682453125 0.5789265625 0.5774296875 0.5765796875 0.547728125 0.467003125 0.50575625 0.47874999999999995 0.51114375 0.49780781249999995 0.5076265624999999 0.49861562499999995 0.5046046875 0.4891421875 0.47640625 0.496415625 0.51541875 0.6428453125 0.580853125 0.625665625 0.5682453125 0.5789265625
10 0.50765 0.3186453125 0.48254374999999994 0.32606718749999997 0.4913265625 0.35933906250000003 0.4697625 0.365240625 0.485128125 0.422584375 0.5319296875 0.41039062499999995 0.50765 0.3186453125
8 0.4328890625 0.42787499999999995 0.2841140625 0.467746875 0.29385625000000004 0.503325 0.2556390625 0.5139703124999999 0.2978390625 0.6714640625 0.32394218750000003 0.6654703125 0.3317203125 0.6923874999999999 0.4428109375 0.66221875 0.400278125 0.49971718750000005 0.471621875 0.480096875 0.47545000000000004 0.49227187499999997 0.5038078125000001 0.48467343749999997 0.5005625 0.47414218750000003 0.55030625 0.46141249999999995 0.55455625 0.47727343749999995 0.6284515625 0.45707343749999996 0.6118359375 0.396125 0.436125 0.4410078125 0.4328890625 0.42787499999999995
10 0.4982921875 0.6474562500000001 0.5125109375 0.644 0.5010140625 0.6020578125 0.48702968750000003 0.6060375 0.4982921875 0.6474562500000001
10 0.46830625000000003 0.360853125 0.4868453125 0.3555390625 0.47911875000000004 0.326546875 0.4605984375 0.33177500000000004 0.46830625000000003 0.360853125
10 0.6637015625 0.29279062499999997 0.68909375 0.28622187499999996 0.6850328125 0.271334375 0.6600890625 0.27778281250000003 0.6637015625 0.29279062499999997
10 0.6007765625 0.3155765625 0.6186203124999999 0.310715625 0.612984375 0.290765625 0.5955250000000001 0.295765625 0.6007765625 0.3155765625
6 0.5475640625 0.3083265625 0.5105890625 0.31806875 0.536615625 0.4147625 0.5642875 0.407578125 0.5633203124999999 0.40444218750000005 0.5726734375 0.4016 0.5475640625 0.3083265625