8 0.5360750000000001 0.821978125 0.5277515625 0.846103125 0.5275296875000001 0.8460281249999999 0.505421875 0.9099984375 0.51633125 0.9136593749999999 0.5701875000000001 0.7575640625 0.572821875 0.7584140625 0.57735625 0.74538125 0.577103125 0.74529375 0.5787796875 0.7403906250000001 0.578953125 0.7404296875 0.579975 0.7374609375000001 0.5346078125 0.7213765624999999 0.5036515625 0.8112328124999999 0.514421875 0.814940625 0.51458125 0.8144734375 0.5360750000000001 0.821978125
10 0.550884375 0.8595203124999999 0.537796875 0.8550140624999999 0.532671875 0.8697546875000001 0.5457859375 0.8743812500000001 0.550884375 0.8595203124999999
2 0.4646109375 0.933053125 0.4646875 0.932853125 0.4930125 0.9426265624999999 0.5135890625 0.8828968749999999 0.4826140625 0.87234375 0.4620171875 0.932159375 0.4646109375 0.933053125
1 0.539403125 0.7181796874999999 0.5492468749999999 0.7216390625 0.5506796875 0.717478125 0.551378125 0.717721875 0.5616015625 0.6879828125 0.5510828125 0.6843234375 0.539403125 0.7181796874999999
13 0.5804359375 0.7406390625 0.5884828125 0.7434093749999999 0.596765625 0.7194281250000001 0.602128125 0.7212562499999999 0.6117375 0.69335 0.5982859375 0.6887749999999999 0.5804359375 0.7406390625
2 0.552228125 0.7224203124999999 0.5538375 0.722975 0.5539921875 0.7228078124999999 0.581671875 0.732584375 0.6084359375 0.65504375 0.578934375 0.6448296874999999 0.552228125 0.7224203124999999
10 0.61803125 0.7474453125 0.6140171875 0.7460171875 0.6113375 0.7537265625 0.6153796875 0.7551140625 0.61803125 0.7474453125
10 0.5175671875 0.9138953125 0.5385359375000001 0.921115625 0.53985 0.9173328125 0.5321578125 0.9146390625 0.53330625 0.9112718750000001 0.5200609375 0.9067109375 0.5175671875 0.9138953125
2 0.5022046875 0.8154703124999999 0.4835953125 0.8694921875 0.5145296874999999 0.8801640624999999 0.5330359375 0.8263890625 0.5022046875 0.8154703124999999
1 0.586290625 0.8388687499999999 0.57165625 0.83355 0.5592312500000001 0.869740625 0.5740328124999999 0.8746656249999999 0.586290625 0.8388687499999999
10 0.59513125 0.7460390625 0.595228125 0.7463 0.59459375 0.7481187499999999 0.61003125 0.7534546875 0.6288843749999999 0.698725 0.613325 0.693178125 0.59513125 0.7460390625
10 0.4941453125 0.9429953125000001 0.5048953125 0.946678125 0.5153984375 0.916096875 0.50465 0.9123390625000001 0.4941453125 0.9429953125000001
10 0.5554125 0.8584953125 0.55511875 0.85839375 0.55189375 0.8677265625 0.5576796875000001 0.86971875 0.5704343749999999 0.832640625 0.5649734375000001 0.8307609375 0.5554125 0.8584953125
10 0.5637015625 0.8303765625 0.5481125 0.8249703125 0.5394734375 0.85005625 0.5550890625 0.8554140625000001 0.5637015625 0.8303765625
3 0.6401609374999999 0.6659578125000001 0.609184375 0.65521875 0.598640625 0.6853515625 0.629771875 0.6962078125 0.6401609374999999 0.6659578125000001
13 0.5362625000000001 0.9238078125 0.5167140625 0.9167953125 0.5065109375 0.9465765625 0.5261234375 0.953253125 0.5362625000000001 0.9238078125
11 0.575675 0.6479171874999999 0.5649171875000001 0.6441625 0.5521390625 0.681209375 0.5629109375 0.68491875 0.575675 0.6479171874999999
10 0.60138125 0.7241140625 0.5971124999999999 0.722665625 0.5897453125000001 0.7440140625 0.594059375 0.7454984375 0.60138125 0.7241140625
6 0.5234062500000001 0.8960828125000001 0.5207671875 0.9037890624999999 0.5339671874999999 0.9083328125 0.5451515625 0.8761890625 0.530990625 0.87134375 0.5225625 0.895821875 0.5234062500000001 0.8960828125000001
7 0.573690625 0.7587578125000001 0.5701828124999999 0.7576562499999999 0.547903125 0.822121875 0.58745 0.8355484375 0.6142078125 0.7578406249999999 0.578203125 0.7456765625 0.573690625 0.7587578125000001
10 0.7492109375 0.14273750000000002 0.7464390625 0.1418328125 0.7443984375 0.1478015625 0.7471640625 0.148734375 0.7492109375 0.14273750000000002
10 0.5444546875 0.0630921875 0.53803125 0.06078750000000001 0.53618125 0.06613593749999999 0.542628125 0.06839375 0.5444546875 0.0630921875
1 0.3243375 0.6137718750000001 0.3397875 0.6190484374999999 0.34604375 0.60088125 0.3469796875 0.6011828125 0.357134375 0.5715 0.3408546875 0.566178125 0.3243375 0.6137718750000001
10 0.279409375 0.8362296875 0.284390625 0.83895 0.27195468749999996 0.8706531249999999 0.27516875 0.8726875 0.29109375000000004 0.8317234375 0.282965625 0.82716875 0.279409375 0.8362296875
2 0.365334375 0.4903015625 0.377753125 0.49449531249999995 0.381815625 0.48266875000000004 0.386678125 0.48424843749999996 0.3949 0.46041718749999994 0.3776390625 0.45451874999999997 0.3915546875 0.41411875 0.34771874999999997 0.3990578125 0.32026875 0.47877656249999995 0.341321875 0.4860921875 0.341403125 0.4859296875 0.36410624999999996 0.49388437500000004 0.365334375 0.4903015625
2 0.30604375 0.62351875 0.2741921875 0.61249375 0.25151249999999997 0.6783875 0.2834453125 0.6893453125 0.30604375 0.62351875
10 0.3402203125 0.6364 0.339896875 0.6363078125 0.3490640625 0.6096828125 0.34515625 0.6083937500000001 0.34021093750000003 0.6227046875 0.3230625 0.6168 0.3050625 0.6690515625 0.3199875 0.6741515625 0.2968984375 0.7412109375 0.3019953125 0.7441734375 0.311490625 0.7198140625 0.3402203125 0.6364
6 0.27108125 0.8059468750000001 0.27645 0.8087781250000001 0.2868390625 0.78196875 0.2754359375 0.7744765625000001 0.278478125 0.7668609375 0.2704265625 0.7621484374999999 0.2674359375 0.769825 0.266628125 0.7693749999999999 0.2557421875 0.7973765625 0.2566046875 0.7978078125 0.25372812499999997 0.805034375 0.2680890625 0.8136125 0.27108125 0.8059468750000001
13 0.41473750000000004 0.45387656249999997 0.40047812499999996 0.44902499999999995 0.3745734375 0.524534375 0.38865 0.5293249999999999 0.41473750000000004 0.45387656249999997
10 0.2896453125 0.7370953124999999 0.2815984375 0.7343078125 0.2717921875 0.7595390625 0.279221875 0.76393125 0.2896453125 0.7370953124999999
10 0.300734375 0.7469281249999999 0.289775 0.740490625 0.2770546875 0.77306875 0.2882546875 0.7791 0.300734375 0.7469281249999999
1 0.33009374999999996 0.499646875 0.31361875 0.49397343749999995 0.29707343750000004 0.542003125 0.3135671875 0.5476453125 0.33009374999999996 0.499646875
2 0.327675 0.560815625 0.2957765625 0.5498859375 0.2752 0.6099109375 0.30703281250000003 0.6208750000000001 0.327675 0.560815625
8 0.48466718750000004 0 0.5126515625 0.0096359375 0.445634375 0.203934375 0.456425 0.20776406249999999 0.52553125 0.0066484375 0.5279390625 0.007457812499999999 0.5278031249999999 0.0079015625 0.544090625 0.013503125 0.5487109375 0 0.48466718750000004 0
10 0.49587812500000006 0.150590625 0.47973125000000005 0.14495625 0.4697296875 0.173975 0.4859234375 0.1795296875 0.49587812500000006 0.150590625
13 0.5507125 0.0192453125 0.5266953125 0.0104296875 0.5107671875 0.056934375 0.5349359375 0.0651609375 0.5507125 0.0192453125
7 0.46504843749999997 0 0.44432499999999997 0.0603796875 0.48857968749999997 0.075896875 0.5113531250000001 0.0099953125 0.4825453125 0 0.46504843749999997 0
10 0.48776093749999994 0.0782140625 0.47786249999999997 0.0747140625 0.456990625 0.1353328125 0.46693749999999995 0.13875781250000002 0.48776093749999994 0.0782140625
10 0.498203125 0.0901109375 0.508534375 0.093609375 0.5189375 0.063296875 0.5085921875 0.05971562500000001 0.498203125 0.0901109375
2 0.484228125 0.1817796875 0.46888125 0.17651406249999999 0.44335 0.2507921875 0.47355 0.2612109375 0.4990046875 0.18720781250000001 0.484153125 0.18201875 0.484228125 0.1817796875
10 0.47372500000000006 0.07960937500000001 0.4709515625 0.07866875 0.4689 0.08461093750000001 0.47168124999999994 0.0855125 0.47372500000000006 0.07960937500000001
2 0.5499359375 0 0.5451546875 0.0138578125 0.5532421875 0.0166421875 0.5388453125 0.058339062500000004 0.5504859375 0.062128125 0.5645453125000001 0.021253125 0.58794375 0.029328125 0.59655625 0.0044359375 0.5836718750000001 0 0.5499359375 0
7 0.2804890625 0.8260515625 0.27353125 0.8220734375 0.268865625 0.8340078125 0.26170468750000003 0.8298828125 0.26625156250000004 0.81811875 0.251859375 0.8099093749999999 0.2100390625 0.91738125 0.23045624999999997 0.9289156249999999 0.2356125 0.9159171875000001 0.2497484375 0.9243390625 0.28169218749999997 0.8413937499999999 0.2759296875 0.8378125000000001 0.2804890625 0.8260515625
8 0.3578328125 0.5680203125000001 0.3798359375 0.504140625 0.3398484375 0.490753125 0.33985468750000003 0.49058437499999996 0.337325 0.48965625 0.31596875 0.5515640625 0.3186078125 0.5524875 0.3187609375 0.5523156250000001 0.3304578125 0.5563671875 0.279015625 0.706021875 0.23755625 0.8123625000000001 0.20686718750000002 0.79445 0.1656328125 0.9005078125000001 0.20696875 0.924090625 0.209578125 0.916940625 0.25100625 0.8094109375 0.25082031250000003 0.809215625 0.2526609375 0.8045031249999999 0.252865625 0.8045546874999999 0.2903796875 0.7078734375 0.3405109375 0.562075 0.3578328125 0.5680203125000001
10 0.400925 0.51125 0.3969421875 0.5098578125000001 0.389071875 0.5327046875 0.3930359375 0.5340859375 0.400925 0.51125
13 0.3176515625 0.6766515625 0.3043078125 0.6720328125 0.28373750000000003 0.7317484375000001 0.29710312499999997 0.7364078125 0.3176515625 0.6766515625
2 0.4561375 0.13796406249999998 0.4332 0.13001093749999998 0.411775 0.1923328125 0.4444859375 0.20363281249999998 0.46599531250000004 0.14116875 0.45618749999999997 0.1377921875 0.4561375 0.13796406249999998
13 0.51478125 0.077653125 0.51549375 0.0779171875 0.510115625 0.0936140625 0.5297171875 0.10043125 0.5398578125 0.070890625 0.5195765625 0.063725 0.51478125 0.077653125
3 0.5870562500000001 0.031974999999999996 0.5647203125 0.02424375 0.5515125000000001 0.0625421875 0.5739203125000001 0.0702984375 0.5870562500000001 0.031974999999999996
6 0.5075140625000001 0.1141453125 0.49179218750000003 0.10865781249999999 0.4891375 0.116390625 0.48807968749999997 0.11602656250000001 0.478925 0.142615625 0.4957421875 0.14840625000000002 0.49634687499999997 0.1466390625 0.49823125 0.1472875 0.50504375 0.12753125 0.5031656250000001 0.12683906250000002 0.5075140625000001 0.1141453125
10 0.5289046875000001 0.103515625 0.49737656250000006 0.09273437500000001 0.49281406250000004 0.10600781249999999 0.5243578125 0.1167921875 0.5289046875000001 0.103515625
3 0.3796125 0.45238281249999995 0.3962484375 0.45818281250000004 0.40068125 0.44528437500000007 0.41701249999999995 0.4509046875 0.42561875000000005 0.42586250000000003 0.39266875 0.4145125 0.3796125 0.45238281249999995
10 0.2637625 0.8280203125 0.26877968750000003 0.8307921875 0.2726203125 0.8210796874999999 0.27218593750000003 0.8209296875 0.2757734375 0.811575 0.271178125 0.8089140625000001 0.2637625 0.8280203125
10 0.37813125 0.497890625 0.365734375 0.49365781249999996 0.3650078125 0.4957671875 0.381028125 0.5012453125 0.3858359375 0.4872078125 0.3822359375 0.48591562499999996 0.37813125 0.497890625
10 0.333 0.49120625 0.31622343750000004 0.48547031250000006 0.314215625 0.49123593750000005 0.3310515625 0.4968421875 0.333 0.49120625
10 0.2396171875 0.939153125 0.24096718749999999 0.9356578125 0.2447265625 0.9377515624999999 0.24893593749999998 0.9269609375 0.243425 0.9237093749999999 0.23767812500000002 0.9384859375 0.2396171875 0.939153125
1 0.345984375 0.6288671875 0.3644421875 0.6352984375 0.3836984375 0.5793015625 0.379278125 0.5777234375 0.391665625 0.5416953125 0.3733609375 0.5353203125 0.3507203125 0.6010875 0.3549875 0.6026484375 0.345984375 0.6288671875
1 0.24620156249999997 0.6897625 0.20842343749999998 0.7867609375 0.23741093750000003 0.8034859375 0.2763703125 0.7031046875 0.278928125 0.6958046875 0.247784375 0.6851640625 0.24620156249999997 0.6897625
7 0.719884375 0.12357499999999999 0.7641390625 0.1390890625 0.786915625 0.0731890625 0.742471875 0.0577671875 0.719884375 0.12357499999999999
10 0.7706578125 0.2135640625 0.755203125 0.20819375 0.7453078125 0.23700312499999998 0.760725 0.24236875000000002 0.7706578125 0.2135640625
6 0.764675 0.179803125 0.7636171875 0.1794390625 0.7544625 0.206028125 0.7713109375 0.21178124999999998 0.7831125 0.17755156249999998 0.7673296875 0.17206875 0.764675 0.179803125
10 0.8045031249999999 0.166821875 0.7729421875 0.15595468750000002 0.7683140625 0.1693734375 0.799921875 0.18025156250000002 0.8045031249999999 0.166821875
3 0.84890625 0.135125 0.8623328125 0.0959515625 0.8399859375000001 0.08825625000000001 0.8265890625000001 0.12742031250000002 0.84890625 0.135125
1 0.7099734375 0.18425468750000001 0.731078125 0.1914984375 0.7445968749999999 0.152146875 0.7408609375 0.15086093750000001 0.7443625 0.14089374999999998 0.7269171875 0.135046875 0.7099734375 0.18425468750000001
0 0.37470781249999996 0 0.0712890625 0.8811937500000001 0.416328125 1 0.6252921875 1 0.9287109375 0.11880625 0.5836718750000001 0 0.37470781249999996 0
10 0.7739328125 0.1532125 0.7841218750000001 0.1567015625 0.7945203125 0.1265 0.7844421875 0.12285937499999999 0.7739328125 0.1532125
13 0.8105515625 0.12834375 0.8259828125 0.083434375 0.8017984374999999 0.07510781250000001 0.786384375 0.1201125 0.8105515625 0.12834375
2 0.731715625 0.20113281249999998 0.7087796875000001 0.193178125 0.6872953125000001 0.2554953125 0.7200859375 0.2667859375 0.741571875 0.2043421875 0.7317640625 0.20096406249999998 0.731715625 0.20113281249999998
2 0.7597937499999999 0.24494531249999998 0.7444453125 0.23968124999999998 0.7188671875 0.31406875 0.749071875 0.32454218749999997 0.774609375 0.2502484375 0.7597203125 0.24518125 0.7597937499999999 0.24494531249999998
10 0.76428125 0.141675 0.7534390625 0.1378515625 0.7325671875 0.19847187500000002 0.7433687499999999 0.2021171875 0.76428125 0.141675
10 0.8200796875 0.1262171875 0.8135859375000001 0.123965625 0.8117359375 0.1293140625 0.81820625 0.1315390625 0.8200796875 0.1262171875
13 0.8154875 0.1340265625 0.7960546875000001 0.127040625 0.7857796875 0.1567546875 0.8053484375 0.16356874999999998 0.8154875 0.1340265625
8 0.7598625 0.0606671875 0.7591640625 0.06269843750000001 0.7882 0.0726953125 0.7212 0.2671140625 0.7319890625000001 0.27092499999999997 0.7994953125 0.0743140625 0.7598625 0.0606671875