9 0.420834375 0.6766328125000001 0.3725421875 0.74556875 0.3836 0.75298125 0.3910125 0.7423078125 0.399584375 0.748340625 0.440215625 0.690228125 0.420834375 0.6766328125000001
2 0.2015375 0.7952609374999999 0.1517515625 0.8665421875 0.1945171875 0.8964859374999999 0.24401250000000002 0.825834375 0.2015375 0.7952609374999999
10 0.27265625 0.9016015625 0.3112078125 0.8468640625000001 0.29298437499999996 0.8341046875 0.2543515625 0.889278125 0.27265625 0.9016015625
11 0.3639046875 0.5623703124999999 0.331865625 0.6081046875 0.340184375 0.6137671874999999 0.3414953125 0.6119656250000001 0.34726875 0.6157812500000001 0.3778390625 0.5721265625 0.3639046875 0.5623703124999999
1 0.3283875 0.61000625 0.294728125 0.658284375 0.30996718749999996 0.6690953125 0.3137859375 0.6635359375000001 0.31455937500000003 0.66399375 0.3446890625 0.6211203125 0.3283875 0.61000625
10 0.792009375 0.1526078125 0.7987390624999999 0.14304375 0.78201875 0.131134375 0.7753765625 0.1406203125 0.792009375 0.1526078125
13 0.4039359375 0.639359375 0.359634375 0.7029109375 0.37234531249999997 0.7114125 0.3894015625 0.6871625 0.3962828125 0.6923203124999999 0.42339843750000006 0.653703125 0.4039359375 0.639359375
2 0.735378125 0.0876953125 0.7509718750000001 0.0653453125 0.7079921875 0.03525 0.692175 0.05785625 0.735378125 0.0876953125
10 0.252878125 0.8875343750000001 0.273403125 0.8584078125 0.254603125 0.8454046875 0.234275 0.8745078124999999 0.252878125 0.8875343750000001
8 0.7051000000000001 0.2297046875 0.695765625 0.22313906249999998 0.7781625 0.1057171875 0.7571765625 0.0910484375 0.7671812499999999 0.0766953125 0.7525828125 0.0664734375 0.7320249999999999 0.095940625 0.6873375 0.064815625 0.6019109375 0.186540625 0.6820734374999999 0.24295 0.6915765625 0.2490546875 0.7051000000000001 0.2297046875
10 0.2797578125 0.9408609374999999 0.2888296875 0.928071875 0.2511875 0.9018953125 0.242546875 0.9145218749999999 0.2797578125 0.9408609374999999
9 0.7042203125000001 0.23570000000000002 0.6815421875000001 0.268015625 0.68280625 0.2688421875 0.659078125 0.302728125 0.6799765625 0.3173625 0.726159375 0.2511453125 0.7042203125000001 0.23570000000000002
10 0.42538125000000004 0.6547078125 0.395428125 0.697675 0.387996875 0.692746875 0.37389843749999996 0.7131984375 0.386528125 0.721825 0.43075625000000006 0.6587984375 0.42538125000000004 0.6547078125
3 0.5930140625 0.3338609375 0.6043375 0.3418234375 0.615221875 0.3263046875 0.6161921875 0.326946875 0.63860625 0.2949609375 0.62596875 0.28662343749999997 0.5930140625 0.3338609375
10 0.6777562500000001 0.2698625 0.689353125 0.253178125 0.6811734375 0.2474765625 0.6695203125 0.264071875 0.6777562500000001 0.2698625
6 0.215009375 0.901771875 0.2107546875 0.9078546875000001 0.2329140625 0.923371875 0.23712499999999997 0.9173859375 0.2351671875 0.9157484374999999 0.24905 0.8956937500000001 0.23017812499999998 0.8828640625 0.216134375 0.9026953125 0.215009375 0.901771875
2 0.5897375 0.3342328125 0.6580250000000001 0.23683281250000002 0.61463125 0.20485000000000003 0.545525 0.30367500000000003 0.5897375 0.3342328125
3 0.4132203125 0.64481875 0.4153734375 0.6416875 0.4198234375 0.644859375 0.459503125 0.5886625000000001 0.4449078125 0.578328125 0.4005703125 0.54750625 0.3814734375 0.5749734375 0.425675 0.6054546875 0.40492343750000004 0.634671875 0.4075234375 0.63618125 0.405384375 0.6392765625 0.4132203125 0.64481875
3 0.6382578125 0.36749062499999996 0.6729515625 0.31845 0.64035 0.2962 0.6061593750000001 0.3450140625 0.6382578125 0.36749062499999996
7 0.3265609375 0.852053125 0.388728125 0.763075 0.36665156250000003 0.7486625 0.380590625 0.72905625 0.3528 0.7098984374999999 0.25741875 0.8461187499999999 0.2739109375 0.8567875 0.29077031249999996 0.8326359374999999 0.291315625 0.8330187499999999 0.2935515625 0.8297000000000001 0.3265609375 0.852053125
13 0.66596875 0.26603125 0.6770203125 0.2501640625 0.6596828125 0.2376703125 0.6293359374999999 0.2808859375 0.6570453125 0.3020171875 0.6770015625 0.2735328125 0.66596875 0.26603125
10 0.46087187500000004 0.5893921875 0.42168906249999993 0.646134375 0.4350125 0.65619375 0.42358906249999995 0.6726656249999999 0.4432171875 0.685921875 0.49433125 0.61308125 0.46087187500000004 0.5893921875
11 0.5427015625 0.30024843749999997 0.57318125 0.2568234375 0.5578984375 0.24615312500000003 0.5273265625 0.28970625 0.5427015625 0.30024843749999997
10 0.7781265625 0.1050296875 0.7878499999999999 0.0911671875 0.7674765625 0.07690156249999999 0.7577796875 0.09069843749999999 0.7781265625 0.1050296875
2 0.3583515625 0.7010234375 0.42173125 0.610790625 0.3778796875 0.5800859375 0.31364375 0.6719453125 0.3583515625 0.7010234375
7 0.7266125 0.244903125 0.78868125 0.15616875 0.75848125 0.13403437499999998 0.6960359375 0.22286406250000002 0.7266125 0.244903125
0 0.5067609375 0 0 0.7237296875 0 0.7602828125000001 0.34235000000000004 1 0.4932390625 1 1 0.2762703125 1 0.2397171875 0.6576500000000001 0 0.5067609375 0
8 0.20618906250000002 0.7889765625 0.2511140625 0.8194968749999999 0.1961203125 0.8976078125000001 0.210671875 0.9077968750000001 0.25553906249999997 0.8438390625000001 0.257225 0.844884375 0.352065625 0.7094390625 0.302665625 0.673896875 0.2917375 0.6667296875 0.20618906250000002 0.7889765625
10 0.3172140625 0.866525 0.3242359375 0.856603125 0.31269375 0.8482640625 0.3055234375 0.8585015625000001 0.3172140625 0.866525
10 0.7716765624999999 0.1425875 0.8010890625 0.1004375 0.7880703125 0.091321875 0.7587906249999999 0.1336453125 0.7716765624999999 0.1425875
1 0.576496875 0.252315625 0.6108718750000001 0.20299843750000002 0.5955671875 0.1922828125 0.56054375 0.24158125 0.576496875 0.252315625