12 0.632659375 0.3542453125 0.6104390625 0.4436296875 0.61875625 0.4457625 0.623896875 0.42521250000000005 0.6218828125 0.4247640625 0.63908125 0.3558484375 0.632659375 0.3542453125
10 0.276496875 0.2726015625 0.2915609375 0.276109375 0.2935296875 0.2690703125 0.29243593749999997 0.268896875 0.293009375 0.2664875 0.2936609375 0.26653906250000003 0.294325 0.263771875 0.27960625 0.26023125 0.276496875 0.2726015625
8 0.30710625 0.41704375000000005 0.2940125 0.4136296875 0.31004062499999996 0.3496609375 0.2930328125 0.3455328125 0.2284703125 0.59611875 0.23854375 0.598734375 0.23763125000000002 0.601978125 0.2505140625 0.6052609375 0.25131562500000004 0.6018453125 0.2821703125 0.6095390625 0.28254375 0.6080421874999999 0.2802015625 0.607384375 0.296978125 0.539690625 0.2994 0.5402234375 0.2998578125 0.5383843749999999 0.264953125 0.5299734375 0.2807375 0.467234375 0.2938296875 0.47049843750000003 0.2965671875 0.45910312500000006 0.2943546875 0.4585515625 0.301884375 0.427528125 0.30432187499999996 0.42820937499999995 0.30710625 0.41704375000000005
10 0.6899140625 0.5552953125 0.6896578124999999 0.556321875 0.700884375 0.55909375 0.7043921875 0.5450890625 0.7027359375 0.5445828125000001 0.704809375 0.536209375 0.6898375 0.5325015625 0.684521875 0.5538984375 0.6899140625 0.5552953125
1 0.2958171875 0.468196875 0.3122578125 0.47265781249999994 0.3146765625 0.46314062500000003 0.315146875 0.46313281249999994 0.3226265625 0.43330156249999996 0.3222640625 0.4332109375 0.3244796875 0.42363906250000005 0.3079640625 0.419825 0.2958171875 0.468196875
13 0.6751953125 0.550725 0.6859234375 0.5077875 0.664384375 0.5022875 0.6535671875 0.545425 0.6751953125 0.550725
2 0.6119296875 0.6158812499999999 0.6126437499999999 0.6130718749999999 0.6344078125 0.6184624999999999 0.6336890625 0.6212328125 0.643596875 0.6237 0.654875 0.5784203125 0.6117578124999999 0.5675765625 0.6004453125 0.6130171875 0.6119296875 0.6158812499999999
1 0.8117171875 0.6492921875000001 0.816959375 0.6285359374999999 0.8050046875 0.6256203124999999 0.805153125 0.62486875 0.779865625 0.6185640625 0.77968125 0.61930625 0.76533125 0.6157125 0.7601296875 0.636478125 0.77446875 0.64000625 0.774290625 0.640659375 0.7996453125 0.6469078125000001 0.7997640625 0.6463296875 0.8117171875 0.6492921875000001
3 0.8341062499999999 0.48194687500000005 0.8348218749999999 0.4790296875 0.8272359375 0.47715625 0.8226375000000001 0.4958078125 0.8304125000000001 0.49776406250000005 0.8284375 0.505621875 0.84643125 0.5100359375 0.8530218749999999 0.48360624999999996 0.84778125 0.4823515625 0.847084375 0.48514843750000003 0.8341062499999999 0.48194687500000005
13 0.28764531249999997 0.3010203125 0.30073125 0.30430156249999996 0.308246875 0.27364062499999997 0.2951359375 0.27044843749999997 0.28764531249999997 0.3010203125
1 0.20728906249999998 0.5825625 0.1600625 0.57083125 0.1582515625 0.57774375 0.155559375 0.57703125 0.14971718750000002 0.600809375 0.2944421875 0.6367265625 0.2979703125 0.62245625 0.298359375 0.622553125 0.31506406249999996 0.5557890624999999 0.3146015625 0.55550625 0.3178609375 0.5428 0.301384375 0.5388609375 0.28221875 0.615140625 0.2041296875 0.5957109375 0.20728906249999998 0.5825625
1 0.3475171875 0.35380781250000004 0.36389062499999997 0.35801875 0.369115625 0.337109375 0.3695484375 0.33703906250000004 0.376971875 0.30768125 0.3765 0.307503125 0.38384999999999997 0.2781328125 0.3673375 0.27410625 0.3475171875 0.35380781250000004
13 0.79068125 0.5091046875 0.7848046875 0.5325796875 0.8171828124999999 0.540553125 0.825359375 0.5080359375 0.805978125 0.503203125 0.80365 0.512465625 0.79068125 0.5091046875
0 0.10935781250000001 0 0 0.4386078125 0 0.8906421874999999 0.4386078125 1 0.8906421874999999 1 1 0.5613921875 1 0.10935781250000001 0.5613921875 0 0.10935781250000001 0
12 0.1958359375 0.31290625 0.19023125000000002 0.31151249999999997 0.1677328125 0.4009609375 0.175590625 0.4029421875 0.1806578125 0.3822671875 0.1786140625 0.38183125 0.1958359375 0.31290625
8 0.744828125 0.64604375 0.7441187499999999 0.6488890625 0.75465 0.651490625 0.7571515625 0.6413515624999999 0.7551609375 0.6408546875 0.770759375 0.57816875 0.6185921875 0.5401921875 0.6124828124999999 0.5645828125000001 0.69984375 0.5864015625000001 0.68776875 0.63490625 0.6964453125000001 0.6370171874999999 0.6971515625 0.6341953124999999 0.744828125 0.64604375
1 0.7480796875 0.67768125 0.75398125 0.654134375 0.687159375 0.6374078125 0.68415 0.6496328124999999 0.68394375 0.64973125 0.6811328125 0.6609546875000001 0.6901578125000001 0.66316875 0.6900453125 0.6636734375 0.7371624999999999 0.675365625 0.737296875 0.6749375 0.7480796875 0.67768125
10 0.173709375 0.50390625 0.15914375 0.562978125 0.169584375 0.5656796875000001 0.17145 0.558059375 0.16279375000000001 0.5557515625 0.1755484375 0.504253125 0.173709375 0.50390625
2 0.655784375 0.623828125 0.6775218749999999 0.6292453124999999 0.676809375 0.6321296875 0.6841671875 0.63385 0.695540625 0.5884625 0.6567734375 0.578871875 0.6455046875 0.624234375 0.6550921875 0.6266609375 0.655784375 0.623828125
5 0.6557609375 0.500540625 0.6648796875 0.464178125 0.6446984375 0.45918593750000003 0.655015625 0.4179046875 0.6546484375 0.4178140625 0.6683109375 0.36311875 0.6429703124999999 0.356709375 0.618971875 0.4531203125 0.6086031249999999 0.45053593750000004 0.5984375 0.4907828125 0.6252796875 0.4975484375 0.6263359375 0.49314843750000004 0.6557609375 0.500540625
1 0.835525 0.47639531249999995 0.8354671874999999 0.476584375 0.848353125 0.47983281250000004 0.8483906250000001 0.47963750000000005 0.85101875 0.48027499999999995 0.8546125 0.4658203125 0.8516640625 0.465084375 0.85175625 0.46471718749999996 0.8394718749999999 0.46161874999999997 0.8393578125 0.4620171875 0.805725 0.453609375 0.797746875 0.48541093750000003 0.8216671874999999 0.491428125 0.8260015624999999 0.47398125 0.835525 0.47639531249999995
2 0.3153890625 0.47593125000000003 0.2916015625 0.47000624999999996 0.291034375 0.472459375 0.2823015625 0.47039687499999994 0.26868125 0.5253171875 0.30111875 0.5334234375 0.304059375 0.521325 0.301609375 0.5208171875 0.3093296875 0.4901484375 0.3117296875 0.490853125 0.3153890625 0.47593125000000003
4 0.6935171875 0.42151249999999996 0.70575 0.372459375 0.6721390625 0.363978125 0.6598828125 0.41314687499999997 0.6935171875 0.42151249999999996
10 0.22016718750000003 0.5133078125 0.23405625 0.516684375 0.2417078125 0.48555937499999996 0.22789375 0.48211562499999994 0.22016718750000003 0.5133078125
2 0.33861093750000004 0.37311875 0.3408578125 0.3736796875 0.3447234375 0.35852343750000004 0.3122015625 0.35041406249999996 0.296925 0.41133593749999997 0.3057765625 0.41359375 0.30507968750000003 0.416496875 0.3286859375 0.4225 0.3332546875 0.404278125 0.3309875 0.4036953125 0.33861093750000004 0.37311875
7 0.22016718750000003 0.5133078125 0.219709375 0.515309375 0.1775671875 0.5049 0.1656328125 0.553196875 0.17431093749999998 0.5554109375 0.17121406249999999 0.56769375 0.1841390625 0.570965625 0.18334062499999998 0.5738796875000001 0.18660156249999998 0.57489375 0.18685156249999998 0.5737515625 0.1985828125 0.5768265625 0.19844843750000002 0.577796875 0.20941875 0.580784375 0.20618281249999998 0.594190625 0.20891406250000003 0.594771875 0.2096015625 0.5917265625 0.2284703125 0.59611875 0.245975 0.5250203124999999 0.2205671875 0.5186124999999999 0.22178749999999997 0.5137171875 0.22016718750000003 0.5133078125
10 0.25906875 0.3422984375 0.2626390625 0.3431875 0.25345625 0.3798125 0.28016562500000003 0.3866796875 0.2905078125 0.34500312499999997 0.2703671875 0.34004687499999997 0.27215 0.3329078125 0.261909375 0.3304921875 0.25906875 0.3422984375
8 0.1289 0.5651453125 0.1529296875 0.5712953125 0.16378281249999999 0.5284546875 0.1396015625 0.5225734375 0.1289 0.5651453125
9 0.7147546874999999 0.511009375 0.7189734375 0.49401406249999996 0.715315625 0.4930203125 0.7147078125 0.49557031250000005 0.7016765625 0.49240625 0.7022578125 0.489846875 0.6986140625 0.4889734375 0.6955515625 0.5016671875000001 0.6973203125 0.5021078125 0.690553125 0.5291265625 0.70558125 0.5329296875 0.7112484375 0.5100828125 0.7147546874999999 0.511009375
10 0.69474375 0.49613125 0.701034375 0.470484375 0.67773125 0.46463593750000004 0.6713171874999999 0.490253125 0.69474375 0.49613125
1 0.2971296875 0.24452968749999998 0.33470468750000004 0.2537875 0.3390546875 0.23652968749999997 0.301459375 0.22735781249999998 0.2971296875 0.24452968749999998
1 0.15163593749999998 0.57634375 0.1276421875 0.5707078125 0.12085468749999999 0.598171875 0.13294843750000002 0.6010984374999999 0.133809375 0.597153125 0.14584375 0.6000640625 0.15163593749999998 0.57634375
11 0.390953125 0.249434375 0.3686734375 0.244025 0.36293125000000004 0.26768125 0.3721921875 0.2702109375 0.3719109375 0.271415625 0.3847984375 0.2744171875 0.390953125 0.249434375
10 0.24887968749999997 0.3977421875 0.2580921875 0.39991875 0.257959375 0.40096718750000004 0.2691109375 0.4037484375 0.269284375 0.402709375 0.276209375 0.40449375 0.2796984375 0.3898171875 0.2526390625 0.3829796875 0.24887968749999997 0.3977421875
10 0.8022859375 0.50889375 0.80458125 0.4996875 0.8264250000000001 0.505090625 0.827696875 0.5001890625 0.7960281250000001 0.49233593750000004 0.7953375 0.495240625 0.793859375 0.49489218749999997 0.7910609375 0.506115625 0.8022859375 0.50889375
7 0.7314468749999999 0.49764375000000005 0.7190765625 0.494465625 0.7023328125 0.560878125 0.77081875 0.577925 0.7875156249999999 0.5112062500000001 0.7572515625 0.5035875 0.756571875 0.5062578125 0.73926875 0.5019640625 0.739934375 0.499290625 0.731553125 0.4972265625 0.7314468749999999 0.49764375000000005
13 0.1427125 0.5192375 0.164625 0.52486875 0.175040625 0.48186406249999997 0.15356875 0.47641875 0.1427125 0.5192375
10 0.154071875 0.4733125 0.1786609375 0.4793359375 0.182240625 0.46555625 0.157565625 0.4592390625 0.154071875 0.4733125
1 0.6267515625 0.6478546875 0.626859375 0.6473671875 0.6489078125 0.652903125 0.6487734374999999 0.6534421874999999 0.6698000000000001 0.658646875 0.6699078125 0.658159375 0.6779109375 0.660153125 0.6807375 0.6488171875 0.6805749999999999 0.64834375 0.68354375 0.636546875 0.59975 0.6156546875 0.593896875 0.6392453125 0.6058109375 0.6421984375 0.605709375 0.6426078125 0.6267515625 0.6478546875
13 0.2335921875 0.48069843749999996 0.25527500000000003 0.48588437500000003 0.2658578125 0.4431796875 0.24443125000000002 0.4379328125 0.2335921875 0.48069843749999996
6 0.634959375 0.49850625 0.6343375 0.501153125 0.62868125 0.49974375000000004 0.6187125 0.539725 0.64155625 0.5455328125000001 0.6421078125 0.5432734375 0.6510125 0.5454015625 0.6604234375 0.5076578125 0.6510328125 0.505390625 0.6516703125000001 0.5027828125 0.634959375 0.49850625
4 0.2123984375 0.387509375 0.24595937499999998 0.3959703125 0.258246875 0.34690468750000003 0.22473281250000002 0.3386765625 0.2123984375 0.387509375
10 0.6705234375 0.49338125 0.66881875 0.5003328125000001 0.688828125 0.5052828125 0.67723125 0.5517921875 0.682428125 0.5531609375000001 0.6957046874999999 0.4997546875 0.6705234375 0.49338125
2 0.33291875000000004 0.2643828125 0.3349078125 0.2562484375 0.33068437500000003 0.2551265625 0.329840625 0.25830000000000003 0.30813125 0.252865625 0.308965625 0.249690625 0.2957140625 0.24644062500000002 0.2916484375 0.26308750000000003 0.294325 0.263771875 0.2937828125 0.26623593749999996 0.3113828125 0.27073749999999996 0.302209375 0.30790625 0.28807187500000003 0.304278125 0.2868234375 0.3089078125 0.287609375 0.3091609375 0.279946875 0.3369125 0.3457 0.3537828125 0.350875 0.3332703125 0.3485140625 0.332765625 0.35612187500000003 0.3020234375 0.3584984375 0.3026953125 0.3659734375 0.27273437500000003 0.358659375 0.2708640625 0.3578125 0.27440625 0.3363140625 0.26894999999999997 0.3372015625 0.26539375 0.33291875000000004 0.2643828125
1 0.3026140625 0.5335921875 0.31898593750000004 0.5381625 0.32209374999999996 0.5254859374999999 0.32265781250000003 0.5254859374999999 0.329996875 0.4956421875 0.32956093750000004 0.49553281250000003 0.33328281249999997 0.48040781250000003 0.3167953125 0.47645 0.3026140625 0.5335921875
1 0.7447140625 0.48264218750000004 0.7447843749999999 0.48225468749999995 0.7282124999999999 0.47804843750000003 0.7280875 0.4785515625 0.7165640625 0.4756390625 0.7167015625000001 0.4751953125 0.70444375 0.472125 0.7040015625 0.4739859375 0.7027453125 0.473628125 0.699528125 0.48640625000000004 0.7205250000000001 0.4915359375 0.72038125 0.492053125 0.7311578125 0.4947234375 0.7312421875 0.4942828125 0.7854953124999999 0.5078265625 0.790253125 0.48857343750000004 0.7929953125 0.4892765625 0.802215625 0.4523578125 0.7876453125 0.44874375000000005 0.7855390625 0.45719374999999995 0.7837890625 0.4567953125 0.7755359375 0.48995625 0.7614687499999999 0.48643125 0.7613734375 0.4868125 0.7447140625 0.48264218750000004
10 0.236353125 0.43474218750000004 0.19975 0.425615625 0.1903703125 0.46309531249999997 0.1871703125 0.46224999999999994 0.17755625 0.500528125 0.2175578125 0.5104015625 0.236353125 0.43474218750000004
1 0.3303328125 0.4224828125 0.34683593749999997 0.426596875 0.3513359375 0.40836249999999996 0.35189375 0.4084 0.35914531250000004 0.3787171875 0.3588515625 0.3786078125 0.3626734375 0.3628921875 0.3462578125 0.35900937499999996 0.3303328125 0.4224828125
10 0.6837500000000001 0.4605171875 0.6866109375 0.4490984375 0.649925 0.43999062499999997 0.645334375 0.45851406250000004 0.665496875 0.46352187499999997 0.6562109375 0.500671875 0.657634375 0.5010265625 0.6600453125 0.491246875 0.6665765625 0.49291406249999997 0.675153125 0.45835468749999997 0.6837500000000001 0.4605171875
10 0.236046875 0.5172718749999999 0.247340625 0.5198359375 0.2491390625 0.512740625 0.24992031250000002 0.512953125 0.25379999999999997 0.4972390625 0.2530125 0.49695156249999994 0.25495 0.4892875 0.24369999999999997 0.4865734375 0.236046875 0.5172718749999999
1 0.2855125 0.30822812499999996 0.28044531250000004 0.30684374999999997 0.2865203125 0.2821453125 0.27554218750000004 0.279528125 0.2693609375 0.3041421875 0.268959375 0.3040421875 0.2646453125 0.32134687500000003 0.2650328125 0.321503125 0.2633609375 0.3285578125 0.2794625 0.33233125 0.2855125 0.30822812499999996
10 0.687234375 0.4466546875 0.6921515625 0.42710156250000003 0.6554609375 0.4179953125 0.650575 0.4375359375 0.687234375 0.4466546875
1 0.335153125 0.262265625 0.36016875000000004 0.2684109375 0.36636250000000004 0.2431 0.34146875 0.23691093749999997 0.335153125 0.262265625
5 0.172215625 0.422640625 0.1636078125 0.42049531250000005 0.155715625 0.4530359375 0.1874390625 0.460865625 0.18735 0.46132656250000004 0.190171875 0.462090625 0.1994671875 0.4245765625 0.23658593749999998 0.4339234375 0.244940625 0.40164062500000003 0.207234375 0.392271875 0.2118515625 0.37405625 0.21542656249999997 0.3753640625 0.2216703125 0.3512015625 0.21774374999999999 0.3501171875 0.2210578125 0.3377203125 0.1949734375 0.3310078125 0.172215625 0.422640625
2 0.8456875 0.5129203125 0.828034375 0.50849375 0.819571875 0.5424359375 0.8192625 0.5424156250000001 0.8187953125 0.5443984375 0.7851250000000001 0.536059375 0.7661734375 0.6123234375 0.780046875 0.6157468749999999 0.780684375 0.6131046875 0.8068687499999999 0.619578125 0.80619375 0.622265625 0.8177265625000001 0.6251078125 0.8456875 0.5129203125
6 0.24009375 0.43314375 0.26870625000000004 0.43990625000000005 0.27685624999999997 0.40743437499999996 0.24839375000000002 0.40011718749999997 0.24825781249999998 0.40076406249999996 0.24640937499999999 0.4002828125 0.24583906249999998 0.402575 0.2466328125 0.4027765625 0.24069375 0.42602812500000004 0.24187187500000001 0.426378125 0.24009375 0.43314375