3 0.7349658203125 0.17522566875 0.7352159984375 0.19245407812499998 0.754387603125 0.192162321875 0.7535451 0.1438700125 0.7166075671875001 0.14440095 0.7171204999999999 0.1755087171875 0.7349658203125 0.17522566875
2 0.5415161828125 0.25120154375000003 0.5425440906250001 0.31243231250000003 0.5827622234375001 0.31168811406249997 0.581704628125 0.2505277796875 0.5415161828125 0.25120154375000003
10 0.684400290625 0.19231092656249998 0.6848766921875 0.21950893749999997 0.6954604125 0.21935754062499999 0.6950184140625 0.1921187796875 0.684400290625 0.19231092656249998
13 0.7155415484375001 0.1756701671875 0.715191009375 0.1592301046875 0.7063835296875001 0.15939745624999999 0.706174228125 0.149672078125 0.684053725 0.1502878265625 0.6847709234375 0.18989699843750002 0.70067628125 0.18961997656250001 0.7004533390625001 0.1758985453125 0.7155415484375001 0.1756701671875
10 0.57283778125 0.191408665625 0.5725300125 0.1742811140625 0.578464953125 0.1742075796875 0.5782189984375 0.16123950625 0.555601890625 0.1616617421875 0.556127271875 0.191715646875 0.57283778125 0.191408665625
10 0.70603753125 0.21903414062499998 0.7056201765625 0.19518819375000002 0.7007816 0.19527350937500002 0.7007500546875 0.1917482171875 0.6988317515625 0.191765278125 0.699320065625 0.21915164062499998 0.70603753125 0.21903414062499998
10 0.580515746875 0.20418807499999997 0.5808776078125 0.2243440046875 0.5993119421875 0.2239927921875 0.5989729203125 0.20395265937499998 0.580515746875 0.20418807499999997
8 0.6327368234375 0.22592901406250002 0.6327177625 0.2254456203125 0.5748022734375 0.22650857812499997 0.574816609375 0.22709372499999997 0.556778709375 0.22729477031249998 0.5571022671875 0.2469637015625 0.560247559375 0.24686997812499997 0.5602443015625 0.2467133171875 0.644715553125 0.2452249171875 0.6455372515625 0.2904648875 0.6452154218749999 0.2904856671875 0.6455282484375 0.3105918140625 0.7062122875 0.3095296140625 0.705725184375 0.2838712 0.705517728125 0.28353609375 0.7044306296875 0.2214456015625 0.699330628125 0.22153535624999998 0.6993409828125 0.22166835312500002 0.6954655890625 0.2217347921875 0.6954802109375 0.2214359609375 0.683396790625 0.2215932671875 0.6834428203125 0.2246423375 0.63608256875 0.2254005046875 0.636091746875 0.22588382343750002 0.6327368234375 0.22592901406250002
13 0.7072277406249999 0.19288495156250002 0.7076572578125 0.2185785046875 0.7338162609375 0.21815054531250003 0.7331643796875 0.1779434890625 0.702235784375 0.1784819953125 0.70242605625 0.1929270640625 0.7072277406249999 0.19288495156250002
11 0.7351083953125 0.2898774421875 0.73549155625 0.31087255156250004 0.7564502546874999 0.310534078125 0.7560746359375 0.28952173281250004 0.7351083953125 0.2898774421875
10 0.574222071875 0.176338628125 0.574456615625 0.1909401765625 0.5788881390625 0.1909066171875 0.5786214296875001 0.17624651875 0.574222071875 0.176338628125
2 0.5997618453125 0.16082295 0.6007402890625 0.223817846875 0.632637853125 0.22340973281249998 0.6318904171875 0.1602510609375 0.5997618453125 0.16082295
13 0.5802271359375 0.1631877484375 0.580878846875 0.2016599484375 0.5986116890625001 0.20122286875 0.5978842984375 0.1628261890625 0.5802271359375 0.1631877484375
2 0.643237590625 0.31064607187500004 0.6428872421875 0.2905356875 0.6425542703125 0.29052723125 0.6418482125 0.24945060625 0.6063268609375 0.2500422 0.6073958953124999 0.3112579625 0.643237590625 0.31064607187500004
10 0.7077812546875 0.1491318515625 0.7078705375000001 0.157158028125 0.7152119328125 0.1570595953125 0.7149578796875 0.142554746875 0.7075764359375001 0.142656334375 0.707698234375 0.14900275000000002 0.7077812546875 0.1491318515625
1 0.7085270953125 0.2920395234375 0.7088477859375 0.31130523125 0.7337588515625 0.3109147390625 0.7334433375 0.2914879875 0.7085270953125 0.2920395234375
7 0.2569173046875 0.35248260625 0.25560822031249997 0.2691244859375 0.21639221718749999 0.26966629062499997 0.21778825 0.35328695468750004 0.2569173046875 0.35248260625
10 0.2930757671875 0.2143975375 0.293557121875 0.24348164374999998 0.31068839062500003 0.243139809375 0.31021245625 0.21412294531249998 0.2930757671875 0.2143975375
6 0.2767336421875 0.2442853453125 0.2767689390625 0.246274940625 0.29258584375 0.2459987296875 0.2920068234375 0.2143538453125 0.2716436375 0.21467954531250003 0.27213464374999996 0.2443798921875 0.2767336421875 0.2442853453125
10 0.26150296875 0.1851080390625 0.2625378875 0.24443896875 0.27051937656249997 0.24431327656250001 0.269481640625 0.1848978296875 0.26150296875 0.1851080390625
10 0.260684446875 0.2920185484375 0.2608012421875 0.2972017671875 0.2643477140625 0.297114053125 0.2642462625 0.29192749375 0.260684446875 0.2920185484375
3 0.21176088437499999 0.129782290625 0.212471703125 0.1717938265625 0.23625406093749998 0.17122627031249998 0.2355325390625 0.1292576421875 0.21176088437499999 0.129782290625
1 0.14762990781250002 0.16507567031249998 0.14749773125 0.16504304375 0.1478131140625 0.1883273890625 0.148015728125 0.1883239859375 0.14813877343749998 0.1959383234375 0.1612415875 0.1957126625 0.1611179609375 0.1889561125 0.1621013203125 0.1888830359375 0.1616617640625 0.16483729687499998 0.161491171875 0.16485329531249998 0.16148647968750002 0.1639742203125 0.14759887656249998 0.1642166546875 0.14762990781250002 0.16507567031249998
11 0.1601458078125 0.161582384375 0.1601351984375 0.1613525375 0.16184698749999998 0.1613319328125 0.1613115359375 0.1323442640625 0.1470149890625 0.1325618515625 0.147143625 0.13735678125 0.14670874843749998 0.1373633625 0.1469670421875 0.15384818281249998 0.147445421875 0.1538389671875 0.14754746875 0.16155048593750002 0.15196985624999998 0.1614837515625 0.1519644515625 0.161740159375 0.1601458078125 0.161582384375
1 0.2906789125 0.3334296796875 0.289972975 0.293769203125 0.26657289687499997 0.294228978125 0.26669501875 0.3012488828125 0.2607518359375 0.3012363765625 0.261407309375 0.333940740625 0.2906789125 0.3334296796875
0 0.495636509375 0 0.41655920156250004 0.001380446875 0 0.13672873593749998 0 0.5043634906250001 0.001380446875 0.5834407984375 0.13672873593749998 1 0.5043634906250001 1 0.5834407984375 0.9986195531250001 1 0.8632712640625 1 0.495636509375 0.9986195531250001 0.41655920156250004 0.8632712640625 0 0.495636509375 0
10 0.2608967625 0.24439389843749998 0.2605524375 0.2252475890625 0.24258879375000003 0.2255608671875 0.24283059218749997 0.24460905781250003 0.2608967625 0.24439389843749998
13 0.2128376109375 0.198120853125 0.2133428140625 0.2435901640625 0.24098418124999998 0.24296642031250001 0.2401437703125 0.19758795468749998 0.2128376109375 0.198120853125
2 0.2948640078125 0.2870344171875 0.295586446875 0.330184 0.33265991562499997 0.329580965625 0.3315832609375 0.2679372375 0.294443028125 0.26861289374999997 0.294765078125 0.28704849062500004 0.2948640078125 0.2870344171875
2 0.3117552078125 0.21417369218750001 0.312268565625 0.2430124625 0.35650850156249997 0.242182184375 0.355556840625 0.18535756875 0.31137363125 0.18620063125 0.3118941859375 0.2141564640625 0.3117552078125 0.21417369218750001
2 0.1968348953125 0.1992460359375 0.19705452968749998 0.210929690625 0.21136393125000003 0.2107112125 0.21109785312499998 0.19551203281250001 0.2359114375 0.195140071875 0.235413946875 0.1733885859375 0.2111023265625 0.1738340296875 0.21034480625000002 0.129838246875 0.163980996875 0.130427084375 0.16512808125 0.19574611875 0.1672960703125 0.1957087171875 0.1672668890625 0.1954520484375 0.1969525640625 0.194941165625 0.1970864359375 0.199241521875 0.1968348953125 0.1992460359375
10 0.2569275359375 0.26736505781250003 0.2572364015625 0.2877977875 0.2932941609375 0.287168265625 0.2929014734375 0.2669073484375 0.2569275359375 0.26736505781250003
10 0.2370087671875 0.1828527171875 0.2372144703125 0.1950699171875 0.240399396875 0.1950273890625 0.240184365625 0.1828674359375 0.2370087671875 0.1828527171875
1 0.19488266406250002 0.3441294703125 0.19505630624999998 0.35380071874999997 0.21580044062499998 0.353282240625 0.2153563234375 0.3250206328125 0.18979717812500002 0.32544919375000003 0.19014799531249998 0.344195809375 0.19488266406250002 0.3441294703125
8 0.19769808125 0.24819864531250002 0.164520434375 0.2487778890625 0.164524284375 0.24846612812500002 0.1503163359375 0.24872885937500003 0.1515870234375 0.323671328125 0.21681471874999997 0.322384703125 0.215861853125 0.2678014078125 0.3315183609375 0.2658767578125 0.3312137234375 0.24553794375 0.2115678890625 0.2479570640625 0.21147865000000002 0.2434401296875 0.2117383296875 0.24340504218749998 0.21120087812500002 0.212793184375 0.196854021875 0.2131289796875 0.1974100828125 0.244283521875 0.19766203124999998 0.244290375 0.19769808125 0.24819864531250002
10 0.193386690625 0.355751184375 0.1931544375 0.34644563281249996 0.1884562125 0.3465280609375 0.1881055328125 0.32535482187500003 0.1823412546875 0.32546819375 0.18285323281250002 0.35592075 0.193386690625 0.355751184375
2 0.1645839828125 0.244898046875 0.1645892140625 0.2444691890625 0.19611258125 0.24388529375 0.1952740859375 0.199230728125 0.1495348484375 0.19968891718749998 0.15034193125 0.2451620015625 0.1645839828125 0.244898046875
13 0.24205975937500002 0.18596448906250002 0.24254453437499998 0.22266894062499998 0.2602264296875 0.2224340640625 0.25962501250000003 0.1856032203125 0.24205975937500002 0.18596448906250002
10 0.3185993078125 0.7123604968749999 0.3190884796875 0.7427580328125 0.3363522203125 0.7424750171875 0.335810409375 0.7120469390624999 0.3185993078125 0.7123604968749999
10 0.6347400078125001 0.7190415156250001 0.6347720671875 0.719569971875 0.6466911375 0.7193872078125 0.6456752015625 0.659573665625 0.6219554546875 0.6599648015625 0.6220108625 0.664837740625 0.6221512140625001 0.664834853125 0.623044615625 0.7192452484375 0.6347400078125001 0.7190415156250001
2 0.2222700640625 0.6986308953125 0.222488696875 0.7103165203125 0.23679958281250002 0.7100975578125001 0.2365340265625 0.694894925 0.261345603125 0.6945269015625 0.26084863281250004 0.6727719609375 0.23653894375 0.6732233484375 0.23578097812499998 0.6292211375 0.189417653125 0.6298114609375001 0.1905632515625 0.6951309796875 0.192733209375 0.69509458125 0.19270451093750002 0.694839396875 0.2223887359375 0.6943240578125 0.22252160625 0.69862638125 0.2222700640625 0.6986308953125
10 0.2862758796875 0.7912573468749999 0.28637372499999997 0.7964631515625 0.28991005312499996 0.7964099499999999 0.2897898796875 0.7912163296875 0.2862758796875 0.7912573468749999
2 0.3373425046875 0.713566625 0.3378573484375 0.7424049125 0.382028225 0.7415592859375 0.3810485859375 0.6847749765625 0.3370356 0.68558573125 0.3374834515625 0.7135504 0.3373425046875 0.713566625
10 0.2865524359375 0.7440225515625001 0.28618524375 0.7246339484375001 0.268162340625 0.7250075546875 0.26849096562499997 0.744464546875 0.2865524359375 0.7440225515625001
10 0.2825656 0.7685322671875 0.2828429421875 0.787194325 0.3189007015625 0.786564803125 0.31857372968750003 0.7678662984375 0.2825656 0.7685322671875
1 0.1736905453125 0.6954545171875 0.18687876718750002 0.6952388921875 0.18640321875000002 0.66343716875 0.1730351609375 0.6635847234375001 0.1736905453125 0.6954545171875
7 0.2824887375 0.8518823359375001 0.281182625 0.76852325 0.2419650984375 0.769070478125 0.24336362031249997 0.8526886906250001 0.2824887375 0.8518823359375001
13 0.238430621875 0.69760721875 0.2389343390625 0.7430770109375 0.26657719375 0.7424527859375 0.2657352953125 0.697074803125 0.238430621875 0.69760721875
2 0.190120084375 0.7443306140625 0.19012527968749998 0.7439066984375 0.22164964843749999 0.7433208328124999 0.2208096671875 0.69866675 0.17507291875 0.6991224875000001 0.17587702968750002 0.7445965375 0.190120084375 0.7443306140625
10 0.21892239687499998 0.8534785406250001 0.21878543437500003 0.845679790625 0.2140867265625 0.8457607328125001 0.2136877109375 0.8246409859374999 0.2090178703125 0.8246944765625001 0.20951223749999998 0.8536264921875001 0.21892239687499998 0.8534785406250001
8 0.22333895468749998 0.7474985953125 0.1901623109375 0.7480758703125 0.1901641921875 0.7477631078125 0.175955240625 0.7480278078125 0.17722444375 0.822970759375 0.24245659531250002 0.8216826859375 0.2415036921875 0.76710433125 0.357100159375 0.7652780484374999 0.35680551718750003 0.7449244859374999 0.23720976718750003 0.747255046875 0.23712004375 0.742736625 0.23737819999999998 0.7427069609375 0.23684126874999997 0.71209165 0.2224909578125 0.7124269234375 0.22305095625 0.743583471875 0.22330290625 0.7435903265625 0.22333895468749998 0.7474985953125
10 0.5952452687500001 0.67305139375 0.5955588890625 0.6924672593750001 0.5999452796875 0.6923908640625 0.59961880625 0.6729758890624999 0.5952452687500001 0.67305139375
2 0.32045509375000003 0.7864491203124999 0.3211780140625 0.8296001890625 0.35824186875 0.8288967749999999 0.3571869734375 0.7673806953125 0.320031140625 0.7680285625 0.320353190625 0.786464159375 0.32045509375000003 0.7864491203124999
10 0.2626330234375 0.6823240015625001 0.2627949328125 0.6944519265625 0.26597885625 0.6944113671875 0.2657874140625 0.6822683953124999 0.2626330234375 0.6823240015625001
10 0.287024984375 0.6846388296875 0.28809873124999996 0.7438667828125001 0.2959909875 0.743714225 0.2949164625 0.68445859375 0.287024984375 0.6846388296875
1 0.220398459375 0.8433731296874999 0.22057161718749999 0.8530428921875 0.24131723749999998 0.85252393125 0.24087360468750002 0.8242638109374999 0.2153164265625 0.8246933750000001 0.2156633078125 0.843437984375 0.220398459375 0.8433731296874999
6 0.297113303125 0.714271703125 0.2975917609375 0.7438676953125001 0.30218975625 0.7437751171875 0.3022245703125 0.7457632281250001 0.31804147656250004 0.745487015625 0.3174893859375 0.7138744546875 0.31643722812499997 0.713897596875 0.31637566875 0.7103557703125001 0.304621096875 0.7105442328125 0.304660290625 0.7141031828125 0.297113303125 0.714271703125
3 0.2373503 0.6291564625 0.23806160156249997 0.671169484375 0.260847253125 0.670805846875 0.26013451249999997 0.6286569296875 0.2373503 0.6291564625
11 0.17261023125 0.6320146328125 0.173086275 0.6610823921875 0.18742197968750002 0.6608487953125 0.18690514687499998 0.6317515734375 0.17261023125 0.6320146328125
13 0.2765330328125 0.7235363640625 0.2765200546875 0.7221868234375 0.285851609375 0.7219789796875 0.28524272812499996 0.685089771875 0.2676769921875 0.6854495546875 0.26824750937499997 0.7236819828125001 0.2765330328125 0.7235363640625
11 0.7202418765624999 0.7823974046875 0.7205642390625 0.8026795296874999 0.7426883265625001 0.8023074109375001 0.7423752515625 0.782038696875 0.7202418765624999 0.7823974046875
7 0.6943991640625 0.7168829890625 0.69374035 0.6764826796875 0.6855341765625 0.6766550890625 0.685033846875 0.6464254687500001 0.6471519234375 0.6470381781250001 0.6481852078125 0.71966735 0.6863973609375 0.7189687015625 0.6863635890625 0.71697368125 0.6943991640625 0.7168829890625
10 0.7060533609374999 0.6455612203125 0.706222790625 0.6559172875 0.71363246875 0.655806525 0.713462184375 0.6454326640625 0.7060533609374999 0.6455612203125
13 0.7019511671875 0.691645321875 0.7023527421875 0.71587755 0.7201710515624999 0.7156377796875 0.7194319953125 0.67623943125 0.70529615 0.67657238125 0.7055058484375001 0.691582871875 0.7019511671875 0.691645321875
1 0.7187834640624999 0.80267490625 0.7184460875 0.78300389375 0.7008304953125 0.7833568734374999 0.7008499578125 0.78443815625 0.6983611046875 0.784499309375 0.6986619703125 0.8030567921875 0.7187834640624999 0.80267490625
8 0.6422995796875 0.7819139234375 0.6425817109375 0.802158190625 0.6959704531249999 0.8012402328125001 0.6955365328124999 0.7763219203125 0.6954240546875 0.7761678890625 0.694396728125 0.7187008374999999 0.6864164640625 0.718860634375 0.6864511890625 0.7205349765625 0.5813921640624999 0.7230989265625001 0.5816847203125 0.7430112234374999 0.6274357937499999 0.7422304640624999 0.6274363578125 0.7416355484375 0.6417543328125 0.7415243578124999 0.6424513000000001 0.781910628125 0.6422995796875 0.7819139234375
10 0.62013573125 0.7200261125 0.6198122421875001 0.701975425 0.61032975625 0.7020828046875 0.610322021875 0.7016696609374999 0.6015963859375 0.701795634375 0.6018877546875 0.720172196875 0.62013573125 0.7200261125
6 0.5999087453125 0.7018248218750001 0.59979554375 0.6947363046875 0.594785 0.6948232796875 0.594793625 0.6952492765625 0.581273621875 0.6954297703125001 0.5816421 0.7165364390625 0.5814423453125 0.7165536984374999 0.5815367921875 0.722532775 0.5953649921874999 0.7223047140625 0.5953253265625 0.720630334375 0.6003262140625 0.7205136375000001 0.6000001703125 0.7018230453125 0.5999087453125 0.7018248218750001
2 0.5934702234375 0.7455826578125 0.59345278125 0.7448210875 0.5817611 0.7450564734375 0.581764578125 0.74524920625 0.5696836859375 0.7453991203125 0.5706873796874999 0.8034406531249999 0.6062905375 0.802812621875 0.6053697171875 0.7453750375 0.5934702234375 0.7455826578125
1 0.71339384375 0.6733761203124999 0.713147684375 0.658091609375 0.7045927125 0.65825741875 0.704409853125 0.6460903 0.6870191625000001 0.6464983531249999 0.6875163640624999 0.673755321875 0.71339384375 0.6733761203124999
13 0.60127564375 0.662294225 0.6019014796875 0.6989676296875 0.6195489624999999 0.6989049390625001 0.618803259375 0.662009259375 0.60127564375 0.662294225
10 0.7399055406249999 0.71650703125 0.73949868125 0.6959648515625 0.731966484375 0.6960727078125 0.7319725546875 0.696379603125 0.7217362546875 0.696588978125 0.7220711328125 0.71691468125 0.7399055406249999 0.71650703125
10 0.5939969546875 0.6931209828125 0.5936435296875 0.670877459375 0.599383134375 0.6708246765625 0.5992000765625 0.66037610625 0.58025434375 0.6606601890625 0.580840128125 0.6933017640625 0.5939969546875 0.6931209828125
10 0.7006458234374999 0.716363159375 0.7001300765625 0.6892058609375 0.70375608125 0.689185953125 0.7035378453125001 0.6761464421875 0.6966624140625 0.6763086953124999 0.6973505984374999 0.71642016875 0.7006458234374999 0.716363159375
2 0.64014464375 0.8022320890625 0.639791559375 0.781961590625 0.6394787953125001 0.7819597093749999 0.63879961875 0.7441766000000001 0.6069552515625001 0.7446068593749999 0.6079705296875 0.802749775 0.64014464375 0.8022320890625
2 0.69832465 0.7759581671875 0.698353465625 0.7791919078125 0.7409925359375 0.7784809125 0.7399293984375 0.7179203968750001 0.6975152625 0.7187472421875001 0.6978155734375 0.735229909375 0.69769386875 0.7352497390625 0.6984080968749999 0.7758357640625 0.69832465 0.7759581671875
3 0.721343290625 0.673500703125 0.721695440625 0.6948706125 0.7395294265625 0.69464875 0.7389623875 0.662206446875 0.715304571875 0.6625758171875 0.7154959125 0.673560571875 0.721343290625 0.673500703125
2 0.754381709375 0.193524565625 0.73521986875 0.1938969375 0.7357497125 0.2208245765625 0.7074766578125 0.2213447015625 0.708594821875 0.28331338125 0.7083815515625 0.28374411875 0.7084537765625 0.286727175 0.755994878125 0.285903675 0.754381709375 0.193524565625
7 0.634638278125 0.15100074531250002 0.63601883125 0.22370765937499998 0.683322909375 0.22299403125 0.6820282546875001 0.150167203125 0.634638278125 0.15100074531250002
10 0.6281202625 0.1506854265625 0.6282295015625 0.158100528125 0.6331405625000001 0.1579703046875 0.6330117046875 0.15060100625 0.6281202625 0.1506854265625
10 0.583350590625 0.2504562734375 0.5843876015625 0.311659440625 0.6059817093750001 0.3113248046875 0.604903571875 0.2501366421875 0.583350590625 0.2504562734375
6 0.5575744984375001 0.19347977031250002 0.5577276328125 0.20266316718750002 0.5548783875 0.2027477734375 0.5551697671875 0.21943049218750002 0.55801875 0.2193804734375 0.5581107984375 0.2266516546875 0.5744848328125001 0.2264720734375 0.5744433515625 0.22471120937500003 0.5794766328125001 0.22462341874999997 0.57877474375 0.1931515328125 0.5575744984375001 0.19347977031250002