0 0.389153125 0 0 0.18146562500000002 0 0.610846875 0.18146562500000002 1 0.610846875 1 1 0.8185343749999999 1 0.389153125 0.8185343749999999 0 0.389153125 0
10 0.506596875 0.5716078125 0.490796875 0.5790890625 0.5090296875 0.61824375 0.5248 0.6108140625 0.506596875 0.5716078125
10 0.43576249999999994 0.666275 0.427434375 0.6701578125000001 0.43664218750000006 0.6901531249999999 0.44503125 0.68625 0.43576249999999994 0.666275
1 0.5100765625 0.8218500000000001 0.470096875 0.8404921875 0.48497812500000004 0.87240625 0.5250625 0.8538203125000001 0.5100765625 0.8218500000000001
10 0.57075 0.613028125 0.5374640625 0.6285499999999999 0.5637640625 0.6841296875 0.5966453125 0.6687609375 0.57075 0.613028125
1 0.3890234375 0.6695140625 0.4 0.66429375 0.40494375 0.67494375 0.43517343750000004 0.6608578125 0.41350625 0.6148140625 0.3729171875 0.6338359375 0.3890234375 0.6695140625
7 0.47325625000000004 0.7304796875 0.5589125 0.6899484375 0.5242890625000001 0.6150078125 0.508071875 0.6224421875 0.48823906250000004 0.5801109375 0.41599062499999995 0.6138 0.43727343750000003 0.6598375 0.4397796875 0.6586359374999999 0.47325625000000004 0.7304796875
10 0.46577812500000004 0.842528125 0.4360375 0.8564609375 0.4508546875 0.8883828125000001 0.4807046875 0.8745062499999999 0.46577812500000004 0.842528125
2 0.4675109375 0.8303062499999999 0.49990781249999994 0.81525625 0.5013484375 0.8182015625 0.5060453125000001 0.8160718749999999 0.4640109375 0.726640625 0.39407187499999996 0.7592046875 0.4361265625 0.8487562499999999 0.468934375 0.833415625 0.4675109375 0.8303062499999999
10 0.5713468749999999 0.7248953124999999 0.6125125 0.8130312500000001 0.6210218750000001 0.8091625 0.6195265625 0.8059921875 0.6414015625 0.7957921875 0.64280625 0.799003125 0.65039375 0.7954343749999999 0.645746875 0.7849890625 0.6450437499999999 0.784625 0.6092359375 0.7076734375 0.5713468749999999 0.7248953124999999
6 0.6206031249999999 0.5894234375 0.5726328125 0.6120609375 0.5987171874999999 0.6678375 0.646834375 0.6453484375 0.6206031249999999 0.5894234375
10 0.64869375 0.643709375 0.677646875 0.6303984375 0.664075 0.6015234375 0.6941703125 0.5875625 0.681778125 0.5612874999999999 0.623096875 0.588584375 0.64869375 0.643709375
8 0.6021078125 0.81780625 0.610478125 0.8139640625 0.5680515625 0.723059375 0.6936796875 0.6645953125 0.679275 0.63386875 0.47325625000000004 0.7304796875 0.5110375 0.8113703125 0.5084953125 0.81250625 0.5274156249999999 0.8525859375 0.542684375 0.8456265625 0.5411859375 0.8424125 0.6007109374999999 0.814809375 0.6021078125 0.81780625
13 0.695515625 0.5907015624999999 0.6677734375 0.6036390625 0.6933125 0.658065625 0.72090625 0.6451515624999999 0.695515625 0.5907015624999999
2 0.69835625 0.7692328125000001 0.6998578125 0.772340625 0.71004375 0.7676703125000001 0.6691921875 0.67948125 0.6152515625 0.70448125 0.6562359375 0.7926046875 0.6673218750000001 0.7875125 0.665878125 0.7843015624999999 0.69835625 0.7692328125000001
10 0.4008484375 0.8315609374999999 0.39864687499999996 0.8325515625 0.4115234375 0.860284375 0.4337015625 0.8498796875 0.391865625 0.7604453125 0.3697265625 0.7708999999999999 0.38798125 0.8096796875000001 0.3901328125 0.8086375 0.4008484375 0.8315609374999999
10 0.36033593750000004 0.7447812500000001 0.35815312499999996 0.7457984375 0.3683328125 0.767765625 0.43097031250000006 0.7385578125000001 0.40079843750000005 0.6746109375 0.33851875 0.70383125 0.34740000000000004 0.7227390625 0.34971406250000003 0.721659375 0.36033593750000004 0.7447812500000001
2 0.755534375 0.7463953125 0.765871875 0.741575 0.7250609375 0.653765625 0.671278125 0.6787703125 0.7125250000000001 0.7663875 0.7229453125 0.761559375 0.72154375 0.758409375 0.7540125 0.74326875 0.755534375 0.7463953125
13 0.4327296875 0.7362062500000001 0.46206250000000004 0.7229828125 0.44650468749999994 0.6892265625 0.43589062500000003 0.694046875 0.4251265625 0.671159375 0.40634375 0.6799171875 0.4327296875 0.7362062500000001