10 0.532353125 0.8187515624999999 0.5353984374999999 0.8202999999999999 0.5378015625 0.81528125 0.5347890625 0.813746875 0.532353125 0.8187515624999999
10 0.5371703125 0.6929765625 0.541165625 0.694925 0.54855 0.680115625 0.5444390625 0.6781109375 0.5371703125 0.6929765625
10 0.5356140625 0.6918249999999999 0.531284375 0.68988125 0.530621875 0.69135 0.52654375 0.6892703124999999 0.5182125 0.706509375 0.527840625 0.7112812500000001 0.528265625 0.7103796874999999 0.5342484375 0.7133375 0.5421328125 0.696884375 0.5348390625 0.6934437499999999 0.5356140625 0.6918249999999999
10 0.5046515625 0.8412968749999999 0.510671875 0.8442343749999999 0.5219406249999999 0.8214171875 0.5158703124999999 0.8183906249999999 0.5046515625 0.8412968749999999
13 0.460415625 0.8224875 0.473753125 0.829034375 0.48023906250000004 0.81565625 0.46699062500000005 0.80900625 0.460415625 0.8224875
2 0.5546984375 0.72351875 0.58623125 0.7390125000000001 0.60214375 0.7065484375 0.5705828125 0.691115625 0.5546984375 0.72351875
13 0.5105203125 0.781290625 0.5199984375 0.7858671875 0.5297453125 0.7662515625 0.5200781250000001 0.7616046875 0.5105203125 0.781290625
6 0.5211406249999999 0.8538890625000001 0.51041875 0.8487031249999999 0.505603125 0.8584468749999999 0.5063421875 0.858821875 0.50456875 0.8623468750000001 0.5147203124999999 0.8672656249999999 0.5211406249999999 0.8538890625000001
13 0.5703484375000001 0.8673953125 0.5613984375000001 0.8630296875000001 0.55246875 0.8812109375 0.56484375 0.887246875 0.569325 0.8779796875000001 0.565903125 0.8763390624999999 0.5703484375000001 0.8673953125
7 0.438540625 0.813490625 0.4548078125 0.8215234375 0.45534375000000005 0.8204750000000001 0.45928281249999997 0.8223171875 0.47009999999999996 0.8000281250000001 0.46623593750000003 0.7982609375 0.46682187500000005 0.797059375 0.4718296875 0.7994265625 0.46785781249999997 0.807459375 0.48524687499999997 0.8161359375 0.49616249999999995 0.7937000000000001 0.4910453125 0.7912015625000001 0.4876390625 0.798296875 0.4830015625 0.7960734375 0.48594218749999996 0.790159375 0.45690937500000006 0.776115625 0.438540625 0.813490625
2 0.4864171875 0.7708703125 0.508903125 0.78186875 0.5190765625 0.7609015625 0.5154453125 0.7590125 0.515984375 0.7577812500000001 0.5198 0.7596625 0.52406875 0.7512328125 0.5012453125 0.7402890625 0.4864171875 0.7708703125
11 0.5299328125 0.8086734375000001 0.54329375 0.8151468749999999 0.5484625000000001 0.8047609375 0.535025 0.798303125 0.5299328125 0.8086734375000001
12 0.4908265625 0.8639187500000001 0.4690546875 0.85335 0.45790625 0.8762515625 0.487984375 0.8909218750000001 0.49964531250000005 0.8668546875 0.49134687499999996 0.8628078125 0.4908265625 0.8639187500000001
10 0.48070312499999995 0.8294812500000001 0.4939 0.8359171875 0.5008109375 0.8214515625000001 0.487625 0.8150875 0.48070312499999995 0.8294812500000001
13 0.521946875 0.8359015624999999 0.51538125 0.8493328124999999 0.5288125 0.8558640625 0.5354062500000001 0.8423812500000001 0.521946875 0.8359015624999999
6 0.5198484375 0.788434375 0.5274687499999999 0.792075 0.52826875 0.790353125 0.5306140625 0.7914625 0.5372421875 0.7776140625 0.5352546874999999 0.776678125 0.5346390624999999 0.777940625 0.5268609375 0.774146875 0.5198484375 0.788434375
3 0.5698359375 0.6906125000000001 0.5490703124999999 0.6806140625 0.5418359374999999 0.695303125 0.5633828125 0.7056796875 0.567821875 0.69666875 0.5671609375 0.6962828125 0.5698359375 0.6906125000000001
6 0.46662187499999996 0.8272375000000001 0.460009375 0.8406734374999999 0.4701546875 0.845621875 0.47190937499999996 0.842028125 0.4725671875 0.8423140625000001 0.477346875 0.8324906249999999 0.46662187499999996 0.8272375000000001
2 0.3977625 0.845578125 0.41682031249999996 0.8547015625000001 0.43206718750000006 0.823915625 0.41283906249999996 0.8146375000000001 0.3977625 0.845578125
10 0.47444687500000005 0.8299125 0.47772812499999995 0.8315515625 0.48462500000000003 0.8174359375 0.48124218750000003 0.8157515625 0.47444687500000005 0.8299125
10 0.47003125 0.8512859374999999 0.4909 0.8613859375 0.49403125000000003 0.8549640625 0.4730796875 0.8448796875 0.47003125 0.8512859374999999
8 0.5403296875 0.7656625 0.566871875 0.7786546875 0.5853078125 0.7408984375000001 0.551165625 0.724515625 0.5353109375 0.7569734375 0.5246921875 0.751746875 0.520490625 0.7601609375 0.5309484375 0.7657265625 0.527378125 0.772909375 0.5349437499999999 0.776778125 0.5403296875 0.7656625
10 0.48436250000000003 0.7953953125 0.487465625 0.7968515625 0.4899 0.7919125 0.48686875 0.7903390625 0.48436250000000003 0.7953953125
10 0.5018359375 0.739125 0.505378125 0.740853125 0.5074046875 0.7367421875 0.503865625 0.7350203125 0.5018359375 0.739125
8 0.4266015625 0.8199484375000001 0.43372031250000004 0.8232640625000001 0.41790781250000003 0.855515625 0.43840625 0.8652359374999999 0.45383125 0.8332671875000001 0.4607953125 0.8368984375 0.46562187499999996 0.826778125 0.431409375 0.810209375 0.4266015625 0.8199484375000001
2 0.5764 0.8620906250000001 0.577159375 0.862365625 0.5879796875000001 0.8398390625 0.5690046875 0.8306531250000001 0.551040625 0.8669765625 0.5569124999999999 0.8699296875 0.5637187499999999 0.8557937499999999 0.56454375 0.856196875 0.5619078125 0.8616015625 0.5738640625 0.8674203125 0.5764 0.8620906250000001
5 0.51023125 0.8452265625000001 0.5034562499999999 0.8419234375 0.526690625 0.7942 0.5174359374999999 0.7897671875000001 0.49418749999999995 0.8375640625 0.48023906250000004 0.8305640625 0.47382656250000005 0.8436171874999999 0.4954375 0.8542875000000001 0.49137343749999995 0.8627218750000001 0.49970781249999996 0.8666984375 0.51023125 0.8452265625000001
4 0.4888109375 0.8128343750000001 0.501328125 0.8188718749999999 0.51114375 0.7987234375 0.49874999999999997 0.7925625000000001 0.4888109375 0.8128343750000001
2 0.46038281249999996 0.837790625 0.45416875 0.8347609374999999 0.43922812499999997 0.8655328125 0.45632343750000004 0.8739375 0.4696109375 0.8466921875000001 0.4586421875 0.8414078125 0.46038281249999996 0.837790625
2 0.42300625 0.7939640625 0.43545156250000006 0.7999578125 0.4380828125 0.7945046875 0.43887656249999996 0.7949125 0.43196874999999996 0.8090390624999999 0.43784687499999997 0.8119500000000001 0.45545156249999996 0.775325 0.4365328125 0.766096875 0.42300625 0.7939640625
13 0.43458281249999997 0.8013281250000001 0.42568124999999996 0.7969875 0.42135937500000004 0.8058500000000001 0.4180859375 0.804253125 0.41367656249999996 0.813371875 0.4258484375 0.819278125 0.43458281249999997 0.8013281250000001
10 0.41847812500000003 0.8029 0.42110000000000003 0.804178125 0.4249109375 0.7961296875 0.42235625 0.7949499999999999 0.41847812500000003 0.8029
11 0.48348125 0.7860515625 0.49680156249999996 0.7925484375 0.5019578124999999 0.7821343749999999 0.488553125 0.775571875 0.48348125 0.7860515625
7 0.5184703125000001 0.832228125 0.536046875 0.8408703125000001 0.539965625 0.8326499999999999 0.5449015625 0.8350843749999999 0.5443296875 0.8362999999999999 0.5405 0.8343484374999999 0.5296421875 0.8566265625 0.5335125 0.8584671875 0.5329640625 0.85955625 0.5492421875 0.8677234374999999 0.567640625 0.8301046875000001 0.5385859375 0.815796875 0.5356609375 0.8217578124999999 0.5309796875 0.8194734374999999 0.5346124999999999 0.8123374999999999 0.52948125 0.8097640625 0.5184703125000001 0.832228125
8 0.5173109375 0.8641609375 0.524246875 0.8674781250000001 0.508625 0.8995921875 0.528915625 0.90941875 0.54445625 0.877265625 0.5514484375 0.8809484375000001 0.5562265625 0.8710484375 0.52218125 0.8543749999999999 0.5173109375 0.8641609375
7 0.5062109375 0.7414203125000001 0.5350734375 0.7553046875 0.5375859375 0.7501546875 0.5382625 0.7505234375 0.55104375 0.7243906250000001 0.517475 0.707890625 0.5048375 0.7338671875 0.508928125 0.7359046874999999 0.5062109375 0.7414203125000001
10 0.5109781250000001 0.84761875 0.5142953125 0.8492359374999999 0.5211890625 0.8351828125 0.5179515625 0.8335953125 0.5109781250000001 0.84761875
2 0.5149609374999999 0.8689078125 0.504071875 0.8634000000000001 0.49066406249999994 0.8907234374999999 0.5078437499999999 0.8991421875000001 0.5229734374999999 0.8683984375 0.5167015625 0.8653390625 0.5149609374999999 0.8689078125
11 0.5267484375 0.686215625 0.5362640625 0.6910296875 0.5435109375 0.6763656250000001 0.5338328125 0.6715640625 0.5267484375 0.686215625
10 0.567540625 0.8754984374999999 0.5700937500000001 0.8766671875000001 0.5739515625 0.8688109374999999 0.5713812500000001 0.86763125 0.567540625 0.8754984374999999
10 0.516275 0.8173703124999999 0.522396875 0.8202890625 0.533565625 0.7974875 0.5275578125 0.7946234375000001 0.516275 0.8173703124999999
2 0.5406593749999999 0.766984375 0.53668125 0.7752953125000001 0.539225 0.776484375 0.5313749999999999 0.7927765625000001 0.5545312499999999 0.8041 0.5664281250000001 0.7797109375 0.5406593749999999 0.766984375
2 0.5300734375 0.9100921874999999 0.549175 0.9194078125 0.5643281250000001 0.8884624999999999 0.545215625 0.8789046875000001 0.5300734375 0.9100921874999999
10 0.499740625 0.790421875 0.5130078124999999 0.7967531250000001 0.51649375 0.789403125 0.5034578125 0.7829421875 0.499740625 0.790421875
13 0.5352671875 0.7137390625 0.553928125 0.7230375 0.5620703125000001 0.7065171875 0.54315625 0.69743125 0.5352671875 0.7137390625
7 0.1688015625 0.643975 0.174484375 0.6322656249999999 0.15814062499999998 0.6245015625 0.152515625 0.6360140624999999 0.1688015625 0.643975
11 0.23438750000000003 0.6584796875000001 0.24135625 0.6441343749999999 0.2320890625 0.6395171875 0.22505625 0.653965625 0.23438750000000003 0.6584796875000001
11 0.1762578125 0.6302453125 0.18322812500000002 0.6158984375000001 0.1739609375 0.611284375 0.1669265625 0.6257328125 0.1762578125 0.6302453125
2 0.168540625 0.716871875 0.16918125 0.71555625 0.18265 0.72206875 0.18208125 0.7235046875 0.1847125 0.7247890625 0.19992656250000002 0.6937171875 0.181025 0.6844953125 0.1658609375 0.71559375 0.168540625 0.716871875
13 0.17939218750000002 0.68206875 0.1890046875 0.6622953125000001 0.1795890625 0.65775 0.16982031250000001 0.6774234375 0.17939218750000002 0.68206875
13 0.1194875 0.626396875 0.12333750000000002 0.61858125 0.11417812499999999 0.6140625 0.11029843749999999 0.6219734375 0.1194875 0.626396875
7 0.2351171875 0.6763312499999999 0.2405640625 0.6649765624999999 0.22450625 0.656853125 0.218828125 0.6682578125 0.2351171875 0.6763312499999999
3 0.117090625 0.61375625 0.1289875 0.589396875 0.12556875 0.5877749999999999 0.1249296875 0.589021875 0.1190421875 0.5861734375000001 0.1196703125 0.5847828125000001 0.11539218749999999 0.5827656250000001 0.10342499999999999 0.6072062500000001 0.117090625 0.61375625
8 0.1215921875 0.6922671874999999 0.12095 0.6936640625 0.1245109375 0.6954546875000001 0.14022812499999998 0.6632296875 0.1688515625 0.6770828125 0.17395624999999998 0.6664578125 0.11900625000000001 0.6394703125000001 0.10024375 0.677940625 0.0993 0.6774796875 0.0970890625 0.681971875 0.10175000000000001 0.6842984375000001 0.10239374999999999 0.6829046875 0.1215921875 0.6922671874999999
10 0.2735953125 0.6899390624999999 0.2854359375 0.6656359375 0.2844703125 0.6651828125 0.2837796875 0.6665421874999999 0.2759640625 0.6626937500000001 0.27659218750000003 0.6613781249999999 0.27559999999999996 0.6609515625 0.2637859375 0.6852859375 0.2735953125 0.6899390624999999
10 0.2578046875 0.7044421875 0.2658640625 0.6877765625000001 0.2637671875 0.686784375 0.25558281250000003 0.703421875 0.2578046875 0.7044421875
10 0.19430624999999999 0.6539984375000001 0.1979796875 0.6463703125 0.1926375 0.6437640625000001 0.1889328125 0.651409375 0.19430624999999999 0.6539984375000001
7 0.1400125 0.6497546875 0.140771875 0.6482 0.1445984375 0.6501406249999999 0.1571578125 0.6244171875 0.153271875 0.6225421875 0.15405625 0.6210171875 0.1654921875 0.6265953125 0.169740625 0.6178078124999999 0.16596249999999999 0.6160375 0.16943125 0.6090921875 0.1614796875 0.6051953125 0.1607890625 0.6065546875 0.145315625 0.599028125 0.1460578125 0.59761875 0.140665625 0.5950624999999999 0.1190421875 0.63945 0.1400125 0.6497546875
6 0.1744609375 0.664875 0.18146875 0.6505890625 0.1715390625 0.6457453125 0.16460625 0.6600671874999999 0.1744609375 0.664875
2 0.188396875 0.726575 0.1890046875 0.7251937500000001 0.2025484375 0.7318374999999999 0.20195 0.7332046875 0.20462656250000003 0.7344906250000001 0.21976562500000002 0.7033609375000001 0.2007265625 0.6941515625 0.1856171875 0.72523125 0.188396875 0.726575
6 0.2086859375 0.68145625 0.215684375 0.66721875 0.2058296875 0.6624703125 0.19888125 0.6766359375000001 0.2086859375 0.68145625
13 0.191834375 0.6880765625 0.2013875 0.6683515625 0.191884375 0.6637 0.182178125 0.6834625 0.191834375 0.6880765625
2 0.2411546875 0.7473562499999999 0.241703125 0.7461984375 0.25515 0.752803125 0.2545875 0.7540218750000001 0.259203125 0.7562734375 0.2787671875 0.7161921875 0.25523125 0.704484375 0.235596875 0.7446453125 0.2411546875 0.7473562499999999
4 0.229425 0.6410703125 0.2392375 0.62086875 0.223534375 0.6131562500000001 0.21365937499999998 0.6334562499999999 0.229425 0.6410703125
10 0.20228125000000002 0.6669765625 0.2047328125 0.66195 0.19444843750000002 0.65686875 0.192028125 0.661878125 0.20228125000000002 0.6669765625
10 0.20683125000000002 0.6601078125 0.21055937500000002 0.6525046875 0.2052 0.649890625 0.20145156250000001 0.657484375 0.20683125000000002 0.6601078125
2 0.0793015625 0.668475 0.07987187500000001 0.6673046874999999 0.0933625 0.6739375 0.0928265625 0.67515 0.0983671875 0.67769375 0.117915625 0.63765 0.0942015625 0.6261640625 0.074696875 0.6663078125 0.0793015625 0.668475
3 0.2880421875 0.6971125 0.2999390625 0.67275 0.29563125 0.6706265625000001 0.2950140625 0.67195625 0.2890875 0.669021875 0.28969374999999997 0.667778125 0.28638906249999996 0.66611875 0.27447187500000003 0.6905859375000001 0.2880421875 0.6971125
13 0.26810625 0.7092375 0.27201875000000003 0.7013499999999999 0.2627140625 0.6968109375 0.2588703125 0.704690625 0.26810625 0.7092375
10 0.2420875 0.651734375 0.244921875 0.64595 0.2421828125 0.6446531249999999 0.2393265625 0.6504234375 0.2420875 0.651734375
10 0.1880296875 0.650921875 0.19172187499999999 0.6433046874999999 0.1863609375 0.6405953125 0.1826765625 0.648246875 0.1880296875 0.650921875
10 0.1278421875 0.6189578124999999 0.139646875 0.5945984375 0.13864218749999999 0.5941375 0.13804687499999999 0.5953953125 0.1302375 0.5916109374999999 0.1309015625 0.5902640625 0.1299296875 0.5898046875 0.11799062499999999 0.614125 0.1278421875 0.6189578124999999
7 0.24577187500000003 0.6462765625 0.24236249999999998 0.6533046875 0.2387875 0.65150625 0.23468593750000002 0.6600671874999999 0.24145781249999998 0.6633453125 0.2413296875 0.6636062500000001 0.24583750000000001 0.6658625 0.24515156249999998 0.6672671875 0.24139375 0.6654859375 0.2288328125 0.691159375 0.2326375 0.693040625 0.23193125 0.6945703125 0.2530671875 0.7049140625 0.274671875 0.6604265625 0.2693265625 0.6578484375 0.2686890625 0.6591140625 0.2532875 0.651490625 0.2539015625 0.6502687500000001 0.24577187500000003 0.6462765625
10 0.1185765625 0.6365265625000001 0.1266421875 0.6199046874999999 0.12446093750000001 0.6187453125 0.1162765625 0.6354421875 0.1185765625 0.6365265625000001
13 0.10575000000000001 0.6303124999999999 0.1138390625 0.6137265625 0.1039015625 0.6087828125 0.0957625 0.625375 0.10575000000000001 0.6303124999999999
10 0.19041406249999998 0.6611265625 0.19284062500000002 0.6561515625000001 0.1825421875 0.6510953125000001 0.180071875 0.6562125 0.19041406249999998 0.6611265625
10 0.20058281249999999 0.657090625 0.2042890625 0.649446875 0.198959375 0.64671875 0.19522343749999999 0.654478125 0.20058281249999999 0.657090625
6 0.2278421875 0.6911953125 0.234478125 0.677478125 0.2164515625 0.6676124999999999 0.209421875 0.6821359375 0.2278421875 0.6911953125
2 0.1282015625 0.6972109375 0.1288375 0.6958515625 0.1423890625 0.70238125 0.1416859375 0.7038234375 0.1444578125 0.7051765624999999 0.159653125 0.6740796875 0.1405328125 0.6648343750000001 0.125378125 0.6959078125 0.1282015625 0.6972109375
13 0.2721984375 0.7009265625000001 0.276009375 0.6931437500000001 0.26675625 0.6885640625 0.2629359375 0.6964312500000001 0.2721984375 0.7009265625000001
12 0.2108015625 0.6353171875 0.22201875000000001 0.612253125 0.1936609375 0.5986281250000001 0.1824953125 0.6214890625 0.2108015625 0.6353171875
13 0.27938125 0.71491875 0.28743124999999997 0.698365625 0.2764703125 0.69298125 0.2683390625 0.7096250000000001 0.27938125 0.71491875
6 0.16366562499999998 0.6598375 0.1703203125 0.6462234375 0.1519671875 0.63721875 0.145271875 0.650865625 0.16366562499999998 0.6598375
8 0.2289625 0.7447125 0.22834531249999998 0.7460312499999999 0.2329890625 0.7483734375 0.23521718749999998 0.743746875 0.23422031250000003 0.7432796875000001 0.253025 0.704946875 0.19791875 0.677978125 0.19267343750000002 0.68873125 0.2211765625 0.7026703125 0.20545156250000002 0.7349421875 0.20912187499999998 0.7367328125 0.2097828125 0.7352984375 0.2289625 0.7447125
13 0.115434375 0.6348234374999999 0.11930624999999999 0.6269625 0.1100796875 0.6223828124999999 0.10620156249999999 0.6303734375000001 0.115434375 0.6348234374999999
2 0.14804062499999998 0.7069203125 0.148675 0.7055546875 0.1621421875 0.7120578125 0.1615546875 0.713490625 0.1642171875 0.7147890625 0.17935625 0.6837484375 0.1604171875 0.6743984375000001 0.14526250000000002 0.705565625 0.14804062499999998 0.7069203125
5 0.2126453125 0.6356859375 0.211296875 0.6384515625 0.18137187500000002 0.62385625 0.1719734375 0.6431250000000001 0.1817625 0.6479 0.186084375 0.63889375 0.2121015625 0.6515828124999999 0.2076984375 0.6606124999999999 0.21754531250000003 0.6653171875 0.22827812500000003 0.6433109375 0.2126453125 0.6356859375
12 0.460896875 0.17879687500000002 0.4760578125 0.1477453125 0.46733906249999996 0.14335 0.452134375 0.1745234375 0.460896875 0.17879687500000002
10 0.4992203125 0.2136984375 0.5020796875 0.20789062500000002 0.49787968749999995 0.205784375 0.49503281250000003 0.21178906249999999 0.4992203125 0.2136984375
13 0.41009062500000004 0.23192812499999998 0.4196640625 0.21220468750000002 0.410134375 0.207534375 0.4004203125 0.22748437500000002 0.41009062500000004 0.23192812499999998
3 0.42588593750000003 0.0853609375 0.4268140625 0.079875 0.42569375000000004 0.079684375 0.42719218750000004 0.07081875 0.42828906250000004 0.070675 0.4293359375 0.06415156250000001 0.40927968750000004 0.06577812499999999 0.40529843750000005 0.08738749999999999 0.42588593750000003 0.0853609375
7 0.47938125 0.2525546875 0.493746875 0.22319687500000002 0.49454062499999996 0.2235375 0.4986578125 0.21493437499999998 0.49361249999999995 0.21251718749999998 0.49711249999999996 0.20544531250000003 0.4932390625 0.20350937500000002 0.4925265625 0.20490468750000002 0.47897656250000004 0.1982765625 0.4796703125 0.196890625 0.4719734375 0.19318437500000002 0.44979375 0.23853125 0.47475625 0.2508859375 0.4750453125 0.250325 0.47938125 0.2525546875
3 0.494015625 0.255475 0.501765625 0.2395296875 0.49282031249999997 0.235128125 0.4850265625 0.2511640625 0.494015625 0.255475
13 0.49416562500000005 0.257190625 0.4861375 0.273865625 0.4962328125 0.2785625 0.5042453124999999 0.26210625 0.49416562500000005 0.257190625
5 0.48315 0.133009375 0.46510468749999995 0.12415000000000001 0.45866562499999997 0.1372734375 0.460634375 0.138234375 0.44464218750000006 0.1708703125 0.4312828125 0.1644890625 0.426190625 0.17493125 0.3989921875 0.177278125 0.39668749999999997 0.19098125 0.4155125 0.1893828125 0.4228609375 0.1930515625 0.4202421875 0.1984234375 0.4294640625 0.202975 0.4395640625 0.18226718749999998 0.4554609375 0.1899390625 0.46089531250000004 0.17879687500000002 0.45213281250000004 0.1745234375 0.46734687499999994 0.143328125 0.4760671875 0.1476921875 0.48315 0.133009375
10 0.48261093749999995 0.25423125 0.4920890625 0.2346609375 0.49050625 0.2338890625 0.48096249999999996 0.253428125 0.48261093749999995 0.25423125
2 0.431925 0.244365625 0.42716093749999995 0.2541859375 0.4140546875 0.24790312499999997 0.39802499999999996 0.280784375 0.4008265625 0.282221875 0.401396875 0.28099375000000004 0.41495468750000003 0.287571875 0.414375 0.28881718749999996 0.41709687500000003 0.290125 0.437990625 0.2472859375 0.431925 0.244365625
2 0.474871875 0.269821875 0.4819625 0.2553671875 0.4759921875 0.2524359375 0.4498703125 0.3060515625 0.45259218749999997 0.3074171875 0.4531734375 0.3061953125 0.47053124999999996 0.314640625 0.4699890625 0.3158640625 0.47740937499999997 0.31956093750000003 0.4965046875 0.2804109375 0.474871875 0.269821875
13 0.48996562499999996 0.2650953125 0.49382187499999997 0.25722187500000004 0.48454375 0.252696875 0.4806921875 0.26059375 0.48996562499999996 0.2650953125
10 0.5036296874999999 0.21028281249999997 0.504290625 0.20892343750000003 0.50315 0.20839375000000002 0.4912515625 0.23259531249999998 0.5024484375 0.237975 0.5065328124999999 0.22948437500000002 0.5075406250000001 0.22997499999999998 0.5151734375 0.21420468750000002 0.5121374999999999 0.2127515625 0.5114687499999999 0.2141640625 0.5036296874999999 0.21028281249999997
2 0.3455015625 0.07922812500000001 0.34129062499999996 0.1051609375 0.3400515625 0.1054609375 0.3389328125 0.11215625 0.379596875 0.108646875 0.38635312499999996 0.06768125 0.34576093750000003 0.0710390625 0.344409375 0.07916875 0.3455015625 0.07922812500000001
13 0.3846734375 0.08459531249999999 0.380721875 0.1083796875 0.3943296875 0.10735625 0.3950921875 0.102909375 0.401975 0.10235468750000001 0.40510624999999995 0.08299375 0.3846734375 0.08459531249999999
4 0.4442328125 0.167796875 0.45277031250000005 0.1502609375 0.4380046875 0.1430109375 0.429396875 0.1605609375 0.4442328125 0.167796875
2 0.458965625 0.18684375 0.4559296875 0.1930375 0.4490015625 0.18969687500000001 0.43100937500000003 0.22666875000000003 0.4501390625 0.2357171875 0.4711234375 0.1927734375 0.469253125 0.1918796875 0.46861875 0.193209375 0.46079687500000005 0.18937500000000002 0.4614640625 0.1880609375 0.458965625 0.18684375
6 0.38390625 0.17744374999999998 0.3876703125 0.1547484375 0.37446875 0.155796875 0.3706734375 0.1785546875 0.38390625 0.17744374999999998
6 0.42300000000000004 0.22223281250000002 0.42243906249999996 0.2234125 0.42994374999999996 0.2269953125 0.44829375000000005 0.1893140625 0.440046875 0.185290625 0.43000156250000005 0.2058859375 0.42815000000000003 0.205059375 0.42039218749999996 0.221075 0.42300000000000004 0.22223281250000002
6 0.3688625 0.190871875 0.3683546875 0.194371875 0.382075 0.19322187500000002 0.3826734375 0.189646875 0.3950625 0.18893437500000002 0.3968984375 0.1775671875 0.3698578125 0.179834375 0.36795 0.1909140625 0.3688625 0.190871875
2 0.426878125 0.2527125 0.4310953125 0.243984375 0.4189234375 0.23802812499999998 0.4147234375 0.246690625 0.426878125 0.2527125
10 0.40128125 0.215028125 0.40512499999999996 0.1916953125 0.3965234375 0.192340625 0.392590625 0.21585625 0.40128125 0.215028125
13 0.6390828125 0.334134375 0.647171875 0.31755 0.6372359375000001 0.31260625000000003 0.629096875 0.3291984375 0.6390828125 0.334134375
2 0.7018734375 0.42069531250000003 0.702515625 0.41937968750000004 0.715984375 0.4258921875 0.7154171875 0.4273296875 0.7180484375 0.4286125 0.7332625 0.3975421875 0.7143578125000001 0.38831875 0.6991968749999999 0.41941875 0.7018734375 0.42069531250000003
3 0.821375 0.4009359375 0.8332734374999999 0.3765734375 0.828965625 0.37445 0.8283484375000001 0.3757796875 0.8224203125 0.37284375000000003 0.8230265625 0.3716015625 0.8197265625 0.36994375 0.8078078124999999 0.3944109375 0.821375 0.4009359375
13 0.6487703125000001 0.338646875 0.6526421874999999 0.3307875 0.6434140625 0.32620625 0.6395375 0.3341984375 0.6487703125000001 0.338646875
11 0.70959375 0.33406875 0.7165640625 0.3197234375 0.707296875 0.31510781250000003 0.7002625 0.32955625 0.70959375 0.33406875
4 0.762759375 0.3448921875 0.772571875 0.3246921875 0.7568703125 0.3169796875 0.7469953125 0.33728125000000003 0.762759375 0.3448921875
10 0.8069296874999999 0.3937625 0.8187703125000001 0.36945937500000003 0.8178046875 0.36900625 0.8171140625 0.370365625 0.809296875 0.3665171875 0.8099281250000001 0.36520312499999996 0.808934375 0.36477499999999996 0.79711875 0.3891078125 0.8069296874999999 0.3937625
13 0.6528203125 0.3302203125 0.656671875 0.32240625 0.6475109375 0.3178859375 0.643634375 0.325796875 0.6528203125 0.3302203125
10 0.6611765625 0.3227796875 0.6729796875 0.298421875 0.6719765625 0.29796093749999997 0.67138125 0.29921875 0.6635718749999999 0.295434375 0.6642359375 0.2940875 0.6632625 0.29362656249999997 0.6513234375 0.3179484375 0.6611765625 0.3227796875
2 0.7217328125 0.4304 0.7223390625 0.42901718750000006 0.7358828125 0.43566093749999996 0.7352828125 0.437028125 0.7379609375 0.43831406250000005 0.753103125 0.4071859375 0.734059375 0.397975 0.7189546874999999 0.42905625000000003 0.7217328125 0.4304
11 0.767721875 0.3623015625 0.7746906250000001 0.34795625 0.765425 0.3433421875 0.7583921874999999 0.357790625 0.767721875 0.3623015625
5 0.7459796875 0.339509375 0.7446312500000001 0.342275 0.71470625 0.3276796875 0.7053078125 0.3469484375 0.7150953125 0.3517234375 0.71941875 0.3427171875 0.7454359375 0.35540625000000003 0.7410328125000001 0.36443593750000003 0.7508781250000001 0.369140625 0.7616125 0.347134375 0.7459796875 0.339509375
10 0.6519109375000001 0.34035000000000004 0.6599765625 0.32372812500000003 0.6577968750000001 0.3225703125 0.6496125 0.3392671875 0.6519109375000001 0.34035000000000004
10 0.7401640625 0.3639296875 0.74389375 0.3563296875 0.7385375 0.353715625 0.7347859375 0.3613078125 0.7401640625 0.3639296875
2 0.7744875 0.45117812500000004 0.7750359375 0.450021875 0.7884859375 0.45662812500000005 0.7879234375 0.457846875 0.7925359375000001 0.46009687499999996 0.8121015625 0.420015625 0.7885671875 0.408309375 0.76893125 0.44846874999999997 0.7744875 0.45117812500000004
7 0.7021375 0.3478 0.7078218749999999 0.33609062500000003 0.6914781249999999 0.3283265625 0.6858500000000001 0.3398359375 0.7021375 0.3478
7 0.7684515625 0.38015625000000003 0.7738984375 0.3688 0.7578390625 0.36067499999999997 0.7521609375 0.37208125000000003 0.7684515625 0.38015625000000003
10 0.727640625 0.357821875 0.7313140625 0.35019374999999997 0.725975 0.3475890625 0.72226875 0.3552328125 0.727640625 0.357821875
10 0.72375 0.36495 0.7261765625 0.359975 0.7158781249999999 0.3549203125 0.71340625 0.3600359375 0.72375 0.36495
8 0.762296875 0.4485359375 0.7616796875 0.44985468749999996 0.7663234375 0.452196875 0.7685515625 0.4475703125 0.7675546875 0.44710312500000005 0.7863578125 0.4087703125 0.7312531250000001 0.3818015625 0.7260093750000001 0.3925546875 0.7545109375 0.40649375 0.738784375 0.438765625 0.7424593749999999 0.44055625000000004 0.74311875 0.4391234375 0.762296875 0.4485359375
6 0.697 0.3636609375 0.7036546875 0.350046875 0.6853015625000001 0.3410421875 0.67860625 0.3546890625 0.697 0.3636609375
6 0.7077953124999999 0.36869843750000003 0.714803125 0.3544125 0.7048734375000001 0.34956875 0.697940625 0.36389218749999996 0.7077953124999999 0.36869843750000003
13 0.7127265625 0.3858921875 0.7223390625 0.36611875 0.712925 0.361575 0.7031546875 0.381246875 0.7127265625 0.3858921875
6 0.742021875 0.3852796875 0.7490187500000001 0.3710421875 0.7391640625 0.36629375 0.7322140625 0.380459375 0.742021875 0.3852796875
8 0.654928125 0.39609218749999997 0.6542859375 0.3974875 0.6578453125 0.39927812500000004 0.6735625 0.367053125 0.7021875 0.3809078125 0.7072890625 0.3702796875 0.652340625 0.34329375 0.63358125 0.381765625 0.6326328125 0.38130312499999997 0.630425 0.3857953125 0.6350875 0.3881234375 0.635728125 0.386728125 0.654928125 0.39609218749999997
10 0.7911390625 0.4082671875 0.7991984375000001 0.3916 0.7971015625 0.39060937500000004 0.78891875 0.4072453125 0.7911390625 0.4082671875
10 0.735615625 0.3708 0.7380671875 0.365775 0.7277843749999999 0.3606921875 0.7253640625 0.365703125 0.735615625 0.3708
2 0.6615359375 0.40103437499999994 0.6621734375 0.3996765625 0.6757234375000001 0.4062046875 0.6750203124999999 0.407646875 0.67779375 0.409 0.6929859375 0.377903125 0.6738671875 0.368659375 0.6587125 0.39973125 0.6615359375 0.40103437499999994
3 0.6504265625000001 0.3175796875 0.6623218750000001 0.2932203125 0.65890625 0.29159999999999997 0.6582656250000001 0.292846875 0.6523765625 0.28999687500000004 0.65300625 0.2886078125 0.648725 0.2865890625 0.6367578125 0.3110296875 0.6504265625000001 0.3175796875
13 0.801440625 0.41306093749999995 0.8053531250000001 0.40517343749999996 0.796046875 0.400634375 0.7922046875000001 0.40851249999999995 0.801440625 0.41306093749999995
10 0.7339171875 0.3609140625 0.737621875 0.35327031249999996 0.7322953125 0.35054375000000004 0.728559375 0.3583015625 0.7339171875 0.3609140625
12 0.7441359375000001 0.33914062500000003 0.755353125 0.3160765625 0.7269953124999999 0.3024515625 0.7158296875 0.3253125 0.7441359375000001 0.33914062500000003
13 0.812715625 0.41874374999999997 0.8207640625 0.4021875 0.8098046875 0.39680468750000003 0.8016734375000001 0.41344843750000004 0.812715625 0.41874374999999997
10 0.7213640625 0.3547453125 0.72505625 0.347128125 0.7196953125000001 0.34441875 0.716009375 0.35206875000000004 0.7213640625 0.3547453125
13 0.72516875 0.3919 0.7347203125 0.37217500000000003 0.72521875 0.3675234375 0.7155140624999999 0.3872859375 0.72516875 0.3919
13 0.8055328125000001 0.40475000000000005 0.80934375 0.3969671875 0.8000906249999999 0.3923875 0.7962703125 0.40025468750000004 0.8055328125000001 0.40475000000000005
7 0.77910625 0.35009999999999997 0.7756953125 0.3571265625 0.7721203125 0.3553296875 0.768021875 0.36389062499999997 0.7747921875 0.3671703125 0.774665625 0.36743125 0.7791703125 0.3696859375 0.7784859375 0.3710890625 0.774728125 0.369309375 0.7621671875 0.3949828125 0.7659734375 0.396865625 0.765265625 0.39839375 0.7864 0.4087375 0.80800625 0.36425 0.8026609375 0.361671875 0.8020250000000001 0.3629390625 0.786621875 0.3553140625 0.7872375 0.35409375 0.77910625 0.35009999999999997
2 0.6126375000000001 0.37229999999999996 0.6132093750000001 0.371128125 0.6266984375 0.3777625 0.6261625000000001 0.378975 0.6317015625 0.38151718749999997 0.6512484374999999 0.34147343750000003 0.6275359375 0.3299875 0.6080328125000001 0.37013281249999996 0.6126375000000001 0.37229999999999996
10 0.39597812499999996 0.10428124999999999 0.395515625 0.1072828125 0.4023578125 0.1068109375 0.4022453125 0.1078109375 0.40793749999999995 0.10734218749999999 0.4086578125 0.10324531249999999 0.39597812499999996 0.10428124999999999
0 0.187565625 0 0 0.384565625 0 0.8124343749999999 0.384565625 1 0.8124343749999999 1 1 0.615434375 1 0.187565625 0.615434375 0 0.187565625 0
1 0.415534375 0.147909375 0.4027765625 0.148984375 0.4004359375 0.1628984375 0.4131765625 0.1618109375 0.415534375 0.147909375
13 0.37221875 0.20960937500000001 0.3745390625 0.19574843749999998 0.36784531249999997 0.19635 0.36560625 0.2101546875 0.37221875 0.20960937500000001
10 0.42239531250000006 0.10615625 0.42313124999999996 0.10196875000000001 0.418065625 0.10234687499999999 0.41732812499999994 0.10651250000000001 0.42239531250000006 0.10615625
7 0.673346875 0.35357812499999997 0.6741046875000001 0.3520234375 0.67793125 0.3539640625 0.6904921875000001 0.328240625 0.6866078124999999 0.3263671875 0.687390625 0.324840625 0.698828125 0.3304203125 0.703075 0.32163125 0.6992984375 0.3198625 0.7027640625 0.312915625 0.6948140625 0.3090203125 0.694125 0.3103796875 0.6786515625 0.3028515625 0.6793921875 0.3014421875 0.674 0.29888750000000003 0.6523765625 0.3432734375 0.673346875 0.35357812499999997
6 0.7611749999999999 0.39501875000000003 0.7678109375 0.38130156249999997 0.7497874999999999 0.3714359375 0.7427578125000001 0.385959375 0.7611749999999999 0.39501875000000003
2 0.6813765625 0.4107453125 0.682009375 0.4093796875 0.695478125 0.41588125 0.694890625 0.41731562499999997 0.6975515624999999 0.41861249999999994 0.712690625 0.387571875 0.6937515624999999 0.3782203125 0.6785984375 0.4093890625 0.6813765625 0.4107453125
10 0.7754218749999999 0.35555781249999996 0.77825625 0.349775 0.7755171875 0.34847656250000003 0.7726625 0.3542484375 0.7754218749999999 0.35555781249999996
2 0.3773734375 0.22555312500000002 0.3742625 0.2317078125 0.36269999999999997 0.2262 0.3478703125 0.25630312499999997 0.34968125 0.2572640625 0.350346875 0.2559296875 0.37343906250000003 0.26715468750000004 0.372778125 0.268509375 0.37658281250000003 0.2704421875 0.3944296875 0.2339640625 0.3773734375 0.22555312500000002
10 0.4139796875 0.1981125 0.41025 0.20579843750000001 0.42126093750000004 0.21124843750000002 0.41705312499999997 0.21976093749999998 0.41955 0.220896875 0.4274 0.2046875 0.4139796875 0.1981125
10 0.41932187499999996 0.1979046875 0.4212671875 0.1939125 0.41636562499999996 0.1913921875 0.4143671875 0.1955453125 0.41932187499999996 0.1979046875
1 0.5195734375 0.23313125 0.5261421875 0.2196625 0.5159234374999999 0.21459687500000002 0.509325 0.2281625 0.5195734375 0.23313125
10 0.4154453125 0.1910703125 0.41495 0.1908046875 0.4063171875 0.191415625 0.4023296875 0.2149734375 0.4037671875 0.21488125 0.4154453125 0.1910703125
10 0.4257109375 0.17366718750000001 0.43045937500000003 0.16397656249999998 0.428275 0.1628609375 0.4229 0.1738421875 0.4257109375 0.17366718750000001
13 0.379090625 0.20956718749999997 0.3653203125 0.210771875 0.3631359375 0.224678125 0.376978125 0.2235484375 0.379090625 0.20956718749999997
10 0.37663437499999997 0.2248515625 0.3649953125 0.22575625000000002 0.374015625 0.2302484375 0.37663437499999997 0.2248515625
2 0.412171875 0.234671875 0.4073203125 0.2446203125 0.39439375 0.23825156249999999 0.3782375 0.271234375 0.3809546875 0.2724625 0.381565625 0.2712609375 0.39510625 0.2778375 0.394459375 0.2791109375 0.39725 0.2803875 0.4182265625 0.23756093749999999 0.412171875 0.234671875
13 0.379203125 0.2089796875 0.381459375 0.1951453125 0.37486875 0.19574375 0.37255781250000003 0.20962343749999998 0.379203125 0.2089796875
2 0.40705156249999996 0.2430421875 0.41131406249999997 0.2343546875 0.3991765625 0.2283578125 0.3948609375 0.23709531250000002 0.40705156249999996 0.2430421875
10 0.3980078125 0.16512500000000002 0.3991921875 0.1651046875 0.40204375 0.147840625 0.394065625 0.14845625 0.3929921875 0.154475 0.38863593750000003 0.154821875 0.3848375 0.177409375 0.39713125 0.1762953125 0.39744531250000004 0.174190625 0.3965015625 0.174253125 0.3980078125 0.16512500000000002
13 0.48587968750000005 0.2734390625 0.48975156249999996 0.26555625 0.4805 0.2609890625 0.476659375 0.268865625 0.48587968750000005 0.2734390625
8 0.44841875 0.3053546875 0.47483906249999996 0.2509078125 0.4159984375 0.2220875 0.4109546875 0.23264999999999997 0.4393859375 0.24651718749999998 0.4179828125 0.29050937499999996 0.41994687500000005 0.29146875 0.42061093749999995 0.2901078125 0.4450265625 0.30205625 0.44435624999999995 0.3033734375 0.44841875 0.3053546875
2 0.342165625 0.1920625 0.3570890625 0.1906 0.3625890625 0.1568078125 0.331215625 0.1592203125 0.33052031249999997 0.1631375 0.3316828125 0.1631 0.32821875 0.18360156249999998 0.32708750000000003 0.18365625000000002 0.326571875 0.187609375 0.34309218750000003 0.1861203125 0.342165625 0.1920625
7 0.3922515625 0.153115625 0.3934234375 0.1468046875 0.4013984375 0.146359375 0.4011609375 0.1475046875 0.415815625 0.1462984375 0.41715468749999995 0.1379203125 0.4160296875 0.1380671875 0.41945625 0.1174296875 0.42065625000000006 0.11737500000000001 0.4222125 0.10740468750000001 0.3798578125 0.11109218750000001 0.373665625 0.1487484375 0.37575156249999997 0.1484609375 0.3747890625 0.15448125 0.3922515625 0.153115625
13 0.40545625 0.0814703125 0.408053125 0.0660859375 0.3872875 0.0675234375 0.38491718750000004 0.08315312500000001 0.40545625 0.0814703125
6 0.37920625 0.215809375 0.3907234375 0.21494062500000002 0.39471875 0.1900140625 0.3833703125 0.1910078125 0.37920625 0.215809375
10 0.3957953125 0.2312265625 0.4031328125 0.21618125 0.38118281249999997 0.21805625 0.3801921875 0.2237265625 0.3957953125 0.2312265625
2 0.356875 0.19186875 0.341321875 0.1930859375 0.3423359375 0.18720937499999998 0.3263625 0.18865937500000002 0.3247796875 0.198409375 0.32589375 0.19836875 0.3224828125 0.2187296875 0.321290625 0.2190171875 0.320659375 0.22292968750000003 0.3521484375 0.22027968750000002 0.356875 0.19186875
10 0.42327343749999996 0.10077499999999999 0.423459375 0.099490625 0.42241875 0.0996046875 0.4244171875 0.087603125 0.425509375 0.087553125 0.4256390625 0.0866 0.4054109375 0.08831093749999999 0.40303125 0.102478125 0.409821875 0.10194531250000001 0.4089484375 0.107215625 0.4163984375 0.1065859375 0.4172890625 0.1012890625 0.42327343749999996 0.10077499999999999
3 0.504984375 0.260675 0.51731875 0.235028125 0.5073796875000001 0.23018125 0.4949109375 0.25579999999999997 0.504984375 0.260675
8 0.34513906250000004 0.255125 0.346490625 0.25568749999999996 0.3610171875 0.226040625 0.37982343749999997 0.1111140625 0.3386359375 0.11440468749999999 0.3379171875 0.1183359375 0.3390625 0.11823593750000001 0.3332734375 0.153034375 0.33221406249999996 0.1531578125 0.331484375 0.15719375 0.36405468750000003 0.154240625 0.352946875 0.22134843750000002 0.3204890625 0.22413124999999998 0.32025000000000003 0.2257890625 0.32122656250000003 0.2256796875 0.31931875 0.237571875 0.3181390625 0.2378265625 0.317603125 0.24163593749999998 0.3220546875 0.24376875 0.32270781249999997 0.2424296875 0.34578125000000004 0.2536453125 0.34513906250000004 0.255125