13 0.48713125 1 0.48970156249999997 0.962634375 0.45445624999999995 0.9598796875 0.4518328125 0.997853125 0.4825390625 1 0.48713125 1
1 0.5880062500000001 0.0764953125 0.5861796874999999 0.10263125 0.5911062499999999 0.10289375 0.5885640624999999 0.13942812499999999 0.6020703125 0.14023593750000002 0.6102296875000001 0.0242734375 0.5923296875 0.0230609375 0.5885234374999999 0.07658125 0.5880062500000001 0.0764953125
3 0.57471875 0.24597656250000002 0.5779390624999999 0.1999375 0.55535 0.19836875 0.5521625 0.244215625 0.57471875 0.24597656250000002
2 0.39811718749999997 0.9635109375 0.39619218749999996 0.9939625 0.44949374999999997 0.9976890624999999 0.45161093750000003 0.9672265624999999 0.39811718749999997 0.9635109375
1 0.5055453125 0.185265625 0.50315625 0.185059375 0.503796875 0.1758 0.48808749999999995 0.17474375 0.48349062500000006 0.23948593749999997 0.49925781249999995 0.2405625 0.49972500000000003 0.234015625 0.502115625 0.23420156250000002 0.5055453125 0.185265625
5 0.5400343750000001 1 0.542284375 0.9676656250000001 0.4940875 0.9643843750000001 0.49164375 1 0.5400343750000001 1
1 0.381834375 0.878221875 0.3738765625 0.9924015624999999 0.3897296875 0.993509375 0.39773281250000003 0.87915625 0.381834375 0.878221875
10 0.5355359375 0.9570281250000001 0.543728125 0.957690625 0.5486203125 0.8886 0.54033125 0.8880203124999999 0.5355359375 0.9570281250000001
1 0.4739859375 0.14595156250000002 0.47643281249999997 0.1460859375 0.4798296875 0.09732031249999999 0.477453125 0.0972 0.47865156249999996 0.08013125 0.4628265625 0.0787953125 0.45682812500000003 0.16425625 0.47269843749999996 0.1654328125 0.4739859375 0.14595156250000002
1 0.3906453125 0.8704546875 0.4007625 0.7257671875 0.3850015625 0.7246390625 0.3749546875 0.869540625 0.3906453125 0.8704546875
1 0.4218046875 0.694421875 0.422540625 0.6836109375 0.407815625 0.6824703125 0.4053296875 0.7180140625 0.46789531249999994 0.7223890625 0.47036249999999996 0.6870921875 0.426134375 0.6839984375 0.4253890625 0.6946734375 0.4218046875 0.694421875
7 0.537846875 0.01901875 0.5304640625 0.1255609375 0.5582109375 0.1275453125 0.560028125 0.10027187500000001 0.5835859375 0.102278125 0.5896281250000001 0.017468749999999998 0.5596359375 0.015465625 0.5592765625 0.020509375 0.537846875 0.01901875
10 0.5800234375 0.205896875 0.5781031249999999 0.23233125000000002 0.5806265625 0.2324375 0.5796765625 0.2461859375 0.5946328125 0.2471890625 0.5987203125 0.1887171875 0.585175 0.18773125 0.5838687499999999 0.20614375 0.5800234375 0.205896875
0 0.2530265625 0 0.18455625 0.9791624999999999 0.4825390625 1 0.7469734375 1 0.81544375 0.020837500000000002 0.5174609375 0 0.2530265625 0
1 0.5857703125 0.8022500000000001 0.5882984375 0.7672734375 0.5453671875 0.7642234375 0.542903125 0.7993203125 0.5857703125 0.8022500000000001
2 0.398528125 0.958940625 0.43353281250000003 0.9613171875000001 0.439003125 0.8820578125 0.404065625 0.8794625 0.398528125 0.958940625
2 0.5805687500000001 0.88630625 0.585453125 0.8155921875000001 0.5374328125 0.8135203125 0.532628125 0.8832453125 0.5805687500000001 0.88630625
10 0.5874312500000001 0.863596875 0.5847375 0.9021250000000001 0.5521078125 0.8998859375 0.5506249999999999 0.9209453125 0.588584375 0.9235546875 0.5927203125 0.8639875 0.5874312500000001 0.863596875
1 0.46827500000000005 0 0.46332031249999994 0.0707234375 0.47919375000000003 0.0719328125 0.479665625 0.06542187499999999 0.48203593749999996 0.065584375 0.48662968749999996 0 0.46827500000000005 0
10 0.4894546875 0.9577937500000001 0.49466093750000006 0.882859375 0.48599531249999994 0.882271875 0.48077500000000006 0.9570046874999999 0.4894546875 0.9577937500000001
13 0.5745828125 0.1482421875 0.57626875 0.12323906250000001 0.5606890625000001 0.12224375000000001 0.5557453125 0.1935375 0.5786875 0.1951421875 0.5819390624999999 0.14876875 0.5745828125 0.1482421875
6 0.5228359375 0.8848156250000001 0.5213875 0.9051640624999999 0.5194328125000001 0.9049875000000001 0.5211875 0.8804187499999999 0.49704531249999995 0.8786921875000001 0.4918234375 0.9538671875 0.49684531249999997 0.9542921874999999 0.49643906250000003 0.9610843750000001 0.5158078125000001 0.9623890625 0.5176328125 0.9319656249999999 0.5195265625000001 0.9320609375 0.517871875 0.9557921875 0.533528125 0.9569124999999999 0.5382921875 0.887903125 0.5303765625 0.8872921874999999 0.5305171875 0.8852796875 0.5228359375 0.8848156250000001
1 0.542140625 0.755965625 0.5445984375 0.721221875 0.5022015625 0.71799375 0.49975625 0.7534015625 0.542140625 0.755965625
2 0.5091640625 0.161640625 0.5145953125 0.0825265625 0.4849671875 0.0804625 0.47945625 0.159584375 0.5091640625 0.161640625
2 0.5385078125 0.7701671875 0.49851406249999997 0.7675046875 0.49392500000000006 0.8371109375 0.5337421875 0.8398015624999999 0.5385078125 0.7701671875
13 0.4544625 0.955146875 0.478796875 0.9568703125000001 0.48400625 0.8821218749999999 0.4596390625 0.8805328125 0.4544625 0.955146875
7 0.45570937499999997 0.7289625 0.4550484375 0.735825 0.43890624999999994 0.7344234375 0.43195468750000005 0.8369 0.4899625 0.8410500000000001 0.497678125 0.7317296875 0.45570937499999997 0.7289625
1 0.48805624999999997 0.7238249999999999 0.490528125 0.688321875 0.473996875 0.6873453125 0.4715234375 0.7227109375 0.48805624999999997 0.7238249999999999
2 0.50560625 0.24091562500000002 0.550253125 0.24408593750000002 0.55775625 0.135571875 0.513084375 0.1322546875 0.50560625 0.24091562500000002
10 0.5990671875 0.18370781249999998 0.6016953125 0.1453125 0.58840625 0.14428125 0.5857 0.182809375 0.5990671875 0.18370781249999998
10 0.5642984375 0.003275 0.563653125 0.0125 0.5926390625 0.014504687499999998 0.5923437500000001 0.018584375 0.6105015625 0.0198078125 0.6114515625 0.0065718750000000005 0.5642984375 0.003275
10 0.5617 0.10843125 0.561021875 0.11824375000000001 0.5782953125 0.11938125 0.576584375 0.1443140625 0.5836281249999999 0.144828125 0.5856421875 0.1161453125 0.57936875 0.115728125 0.5797890625 0.1098546875 0.5617 0.10843125
8 0.43550781250000004 0.9614687500000001 0.4518359375 0.9629859375 0.45805468749999995 0.87548125 0.5309203124999999 0.8809625000000001 0.5334390625000001 0.844 0.431703125 0.837428125 0.438896875 0.7344265625 0.4327484375 0.7342015625 0.4333078125 0.7270531250000001 0.4070609375 0.7250265625 0.397009375 0.8713515624999999 0.442003125 0.874028125 0.43550781250000004 0.9614687500000001
12 0.583153125 1 0.5876796875 0.9351546875000001 0.5498609375 0.9324187500000001 0.5451515625 1 0.583153125 1
10 0.5594984375000001 0.016498437499999997 0.560440625 0.00300625 0.540921875 0.0016406250000000002 0.5399875 0.015056249999999998 0.5594984375000001 0.016498437499999997
10 0.49920625 0.709615625 0.502021875 0.7096796875 0.5035703125000001 0.689384375 0.49253281250000003 0.6886421875 0.4900578125 0.72448125 0.49810781249999997 0.724996875 0.49920625 0.709615625
8 0.490625 0 0.48603593749999996 0.06605156250000001 0.48270468749999995 0.0658578125 0.4822515625 0.072328125 0.5174734375 0.074534375 0.5140078124999999 0.12452343749999999 0.5304203125 0.1256015625 0.539096875 0.0015125 0.5174609375 0 0.490625 0