10 0.3835375 0.45614687500000006 0.37663125000000003 0.44139062500000004 0.3671015625 0.44586718750000004 0.374109375 0.4607796875 0.3835375 0.45614687500000006
1 0.607909375 0.542025 0.6809937500000001 0.6984874999999999 0.6918921874999999 0.6933671875 0.6975374999999999 0.705396875 0.7108859375 0.699725 0.632003125 0.530525 0.607909375 0.542025
13 0.6679828125 0.7055515625 0.6404234375 0.646553125 0.6003328125 0.664965625 0.6280203125 0.72434375 0.6679828125 0.7055515625
13 0.435934375 0.3414359375 0.3923828125 0.24803125 0.3635640625 0.261475 0.406875 0.354315625 0.435934375 0.3414359375
10 0.6516703125000001 0.6408609375000001 0.642053125 0.6455437500000001 0.6696046875 0.7047078124999999 0.67944375 0.7001593749999999 0.6516703125000001 0.6408609375000001
10 0.3056265625 0.288846875 0.296259375 0.2936484375 0.30329375000000003 0.30843125 0.312665625 0.30386406250000003 0.3056265625 0.288846875
2 0.3035296875 0.3140921875 0.2945390625 0.294925 0.2813265625 0.30085 0.3503359375 0.448425 0.43115156250000003 0.410896875 0.3623140625 0.26344375000000003 0.30796718749999996 0.2885859375 0.31686562500000004 0.30751875 0.3035296875 0.3140921875
0 0.389153125 0 0.0337921875 0.1657078125 0.422828125 1 0.610846875 1 0.9662078125000001 0.8342921875 0.577171875 0 0.389153125 0
7 0.6048109375 0.45425625 0.5818749999999999 0.4050328125 0.567928125 0.411775 0.5558546875 0.3859546875 0.478184375 0.4225671875 0.5254453125 0.5241890625 0.5273765625 0.52316875 0.539790625 0.5497890625 0.5970109375 0.52354375 0.5715390625000001 0.469375 0.6048109375 0.45425625
3 0.5929984375 0.6697031250000001 0.5701968749999999 0.62069375 0.5487734375 0.6304078125 0.5991421875 0.738653125 0.6265953125 0.7260093750000001 0.5989859375 0.6669515625 0.5929984375 0.6697031250000001
10 0.43719843750000004 0.3353453125 0.435715625 0.3360375 0.437678125 0.34024375 0.4391765625 0.33959375 0.43719843750000004 0.3353453125
1 0.5757421875000001 0.47295781249999996 0.5992124999999999 0.5227609375 0.60990625 0.51765625 0.6171249999999999 0.5331015625 0.6372656250000001 0.5235531250000001 0.6068578125 0.4584703125 0.5757421875000001 0.47295781249999996
2 0.649903125 0.63629375 0.5988640625 0.5273984375 0.5418171875 0.5538359374999999 0.5924796875 0.6627140625 0.649903125 0.63629375
8 0.3785515625 0.4400734375 0.387809375 0.459359375 0.3740984375 0.465753125 0.3653203125 0.4464796875 0.35208125 0.452415625 0.43165624999999996 0.6226109375 0.4445 0.6165093749999999 0.435015625 0.59661875 0.44868125000000003 0.5900109375 0.45822343749999994 0.610696875 0.525403125 0.5790859375 0.5466593750000001 0.6247874999999999 0.5679000000000001 0.6150390625 0.4414015625 0.3437765625 0.409246875 0.3589171875 0.4348546875 0.413834375 0.3785515625 0.4400734375
10 0.5269515625000001 0.7638921875 0.5177328125 0.7682546875 0.5206671875 0.7745124999999999 0.5299265625 0.7702359375000001 0.5269515625000001 0.7638921875
10 0.456175 0.6122687499999999 0.448865625 0.596665625 0.43953437500000003 0.6009390625 0.4469484375 0.6166515625 0.456175 0.6122687499999999
6 0.4443171875 0.3493390625 0.4683171875 0.40122656250000005 0.47014843749999996 0.40029375 0.4779625 0.417203125 0.5019109375 0.4060359375 0.46296875000000004 0.32249062500000003 0.43905625 0.33376875 0.4459578125 0.34849375 0.4443171875 0.3493390625
10 0.4841421875 0.7361296875 0.5051078125 0.7809765625 0.518240625 0.7747328125 0.5129609375 0.763559375 0.5246484375 0.7583453125 0.5088843749999999 0.7246125 0.4841421875 0.7361296875
1 0.50715625 0.7211015625 0.458721875 0.6170890625000001 0.4340390625 0.628840625 0.4825390625 0.7327390625 0.50715625 0.7211015625
2 0.5968312499999999 0.7381656249999999 0.52540625 0.5852984375 0.46018125000000004 0.6152421875 0.5317359374999999 0.768428125 0.5968312499999999 0.7381656249999999
10 0.5798453125 0.40058906250000004 0.5699140625 0.3792671875 0.5577234375 0.3850953125 0.5675859375 0.4066609375 0.5798453125 0.40058906250000004
10 0.6150984375 0.5339890625 0.610134375 0.523496875 0.601371875 0.5275046875 0.60639375 0.5380874999999999 0.6150984375 0.5339890625