0 0 0 0 1 1 1 1 0 0 0
1 0.4194640625 0.6074375 0.4194640625 0.6235968749999999 0.415475 0.6232546875 0.415565625 0.6433171875 0.560446875 0.6418640625 0.5605078125 0.6167859375 0.551803125 0.6167859375 0.551803125 0.607409375 0.5421921875 0.607409375 0.542171875 0.6020515625 0.4999140625 0.601971875 0.500040625 0.6074953125 0.46752031250000003 0.607921875 0.467634375 0.601971875 0.42522656249999996 0.6023078125 0.42522656249999996 0.6074375 0.4194640625 0.6074375
10 0.4978640625 0.3990875 0.4842234375 0.399003125 0.48425 0.480875 0.4977046875 0.48077500000000006 0.4978640625 0.3990875
1 0.6132171875 0.6112859375 0.5750359375 0.6110578125 0.5750953125 0.6144203125 0.5636515625 0.6145625 0.5642796875 0.6547015625 0.6131171875 0.6550578125000001 0.6132171875 0.6112859375
5 0.6910859375 0.33645468749999996 0.6912609375 0.27402187499999997 0.5131109375 0.275015625 0.5134640625 0.40236875000000005 0.5500421875 0.4021203125 0.5502171875 0.33570781250000004 0.6910859375 0.33645468749999996
13 0.578259375 0.4346828125 0.566209375 0.43508125 0.566371875 0.48056406249999994 0.6016125 0.4799375 0.6020546875 0.40247968749999996 0.578259375 0.402678125 0.578259375 0.4346828125
11 0.6153140625 0.6466234375 0.61638125 0.646565625 0.6163203125 0.65463125 0.626334375 0.6545734375000001 0.655290625 0.6546484375 0.6553921875000001 0.614696875 0.616240625 0.6145906250000001 0.616421875 0.62336875 0.615415625 0.6233484375 0.6153140625 0.6466234375
10 0.562965625 0.42006249999999995 0.561071875 0.420090625 0.5611328125 0.431490625 0.5748546875 0.431490625 0.5750359375 0.3955828125 0.562965625 0.3955265625 0.562965625 0.42006249999999995
12 0.6692218750000001 0.3413859375 0.6679468749999999 0.5458046875 0.691859375 0.54659375 0.6918921874999999 0.34168750000000003 0.6692218750000001 0.3413859375
1 0.3275734375 0.54231875 0.32187343749999997 0.54231875 0.3223125 0.5013875 0.32626093749999996 0.5013875 0.32626093749999996 0.441853125 0.3223046875 0.4414359375 0.3221640625 0.3984328125 0.3667546875 0.3982328125 0.3668140625 0.3687375 0.363046875 0.3684234375 0.3631875 0.3223421875 0.33131093749999996 0.3225984375 0.3315125 0.3463375 0.30054375 0.346765625 0.3005234375 0.64231875 0.41507187500000003 0.6420359375 0.41503125 0.6232546875 0.4115046875 0.6233109375 0.411303125 0.6076937499999999 0.396978125 0.6078375 0.3969984375 0.6023375 0.3406 0.6019671875 0.34068125 0.6074375 0.3222453125 0.6074375 0.3221640625 0.5929609375 0.326696875 0.593175 0.3275734375 0.54231875
10 0.6084078125 0.3382078125 0.6084078125 0.3777625 0.6601828125 0.37746875 0.6601828125 0.3382078125 0.6084078125 0.3382078125
6 0.5493859375000001 0.406896875 0.5169859375 0.40695312499999997 0.517046875 0.420034375 0.50090625 0.4199484375 0.5010078124999999 0.48193281250000003 0.55796875 0.4817609375 0.5578890624999999 0.4194640625 0.5494859375 0.41949218750000006 0.5493859375000001 0.406896875
7 0.43473750000000005 0.32254218749999997 0.3683046875 0.3222859375 0.368325 0.483071875 0.43443437500000004 0.4830140625 0.43473750000000005 0.32254218749999997
10 0.551434375 0.3382078125 0.5513312499999999 0.3771765625 0.6032093749999999 0.3777625 0.6032093749999999 0.33835625 0.551434375 0.3382078125
10 0.44386875000000003 0.329228125 0.44374843750000004 0.392921875 0.5000390625 0.3925734375 0.5001609375 0.329228125 0.44386875000000003 0.329228125
10 0.328503125 0.32244843749999996 0.30061875 0.3225171875 0.3005203125 0.3420625 0.328503125 0.3420625 0.328503125 0.32244843749999996
13 0.48109999999999997 0.4058984375 0.442796875 0.405728125 0.443059375 0.47979374999999996 0.48067656249999996 0.48039375 0.48109999999999997 0.4058984375
8 0.5576671875 0.5258765624999999 0.558109375 0.4855515625 0.43505937499999997 0.48392656250000005 0.3683046875 0.48327187499999996 0.368184375 0.40570000000000006 0.3313921875 0.4058140625 0.3321296875 0.5942203125 0.4125203125 0.59508125 0.411909375 0.5257421875 0.5576671875 0.5258765624999999
2 0.5577890625 0.5296484375 0.48637968750000005 0.5297515625 0.48637968750000005 0.59404375 0.558084375 0.59465625 0.5577890625 0.5296484375
2 0.4187984375 0.5299796875 0.41931250000000003 0.5939265625 0.4833546875 0.5936359375 0.48355781249999996 0.53031875 0.4187984375 0.5299796875
3 0.6552890625 0.3956390625 0.605621875 0.39549687499999997 0.60558125 0.456853125 0.60395 0.45676875 0.603959375 0.478284375 0.60548125 0.478284375 0.6057828125 0.4824453125 0.65535 0.4815625 0.6552890625 0.3956390625
2 0.565746875 0.606496875 0.65553125 0.6065828125 0.6554296875000001 0.48478281250000005 0.5654640625 0.485409375 0.565746875 0.606496875