0 0.0418344125 0 0 0.47816952500000004 0 0.95798975 0.47917041562499996 1 0.9581655874999999 1 1 0.5218304734375 1 0.0418344125 0.5218304734375 0 0.0418344125 0
10 0.59982741875 0.27297413125 0.602800296875 0.2399262265625 0.546048096875 0.23501751718750002 0.5429521546875 0.2681095515625 0.59982741875 0.27297413125
2 0.5081745921875 0.69414185625 0.5230661453125001 0.6954446984375 0.5237843171875001 0.6865547125 0.5713019484374999 0.6907935265625 0.570531709375 0.699597396875 0.609970125 0.7030478109375 0.6224467875 0.5558673453125 0.5216199984375 0.54725475 0.5081745921875 0.69414185625
10 0.344430090625 0.619467675 0.34360243281249997 0.6280673265625001 0.325010359375 0.62601724375 0.3213087125 0.6666241453125 0.36689961875 0.6704042265625 0.3711791015625 0.6214895109375 0.344430090625 0.619467675
4 0.533931565625 0.22340166562500002 0.6044799937499999 0.2297448171875 0.6111920796875 0.1516090453125 0.5408731859375 0.14545693906249998 0.533931565625 0.22340166562500002
6 0.5334639390625 0.33930665000000004 0.5934465046875 0.3454421984375 0.5947346078125 0.3314182859375 0.5990777640625 0.3317402296875 0.6038586625 0.27338328437500004 0.5954784671875 0.27273637812499996 0.5950583968750001 0.2766772625 0.5394592 0.272250565625 0.5334639390625 0.33930665000000004
13 0.5312593140625 0.4394612484375 0.577222675 0.4424441953125 0.5850619781249999 0.3523565 0.5391831328125 0.348891584375 0.5312593140625 0.4394612484375
3 0.637184303125 0.39826300937500003 0.59781616875 0.39488775625 0.597476590625 0.40045434375 0.5849470859375 0.399080534375 0.584656009375 0.39905506874999996 0.5715010953124999 0.5477132953125 0.6228455937499999 0.55220535625 0.637184303125 0.39826300937500003
10 0.528045315625 0.47669939375 0.5395771421875 0.4774651859375 0.5423808218749999 0.4444150265625 0.5309469203125 0.44353389375 0.528045315625 0.47669939375
10 0.5853399546875 0.3900005359375 0.6017460359375 0.3914358828125 0.60498926875 0.3534333125 0.5882105265625001 0.35165009999999997 0.5853399546875 0.3900005359375
7 0.321524809375 0.4668421234375 0.32772242500000004 0.467337290625 0.3231979796875 0.519769040625 0.48042866718750005 0.5347436437499999 0.4874646875 0.4511842171875 0.3850125203125 0.442038871875 0.38710146875 0.42097672499999994 0.3814433953125 0.4204817078125 0.3803487734375 0.43299329062499997 0.32479126875 0.42830517031250004 0.321524809375 0.4668421234375
1 0.5232028718749999 0.697341959375 0.5223746828125 0.703742571875 0.5104719796875 0.70232165 0.5065289921875 0.748430015625 0.5661138875 0.75364301875 0.5704018578125 0.70160151875 0.5232028718749999 0.697341959375
1 0.38675750781249996 0.5314703328125 0.322176425 0.5259237390625 0.316481396875 0.592452421875 0.342962684375 0.5948272671875 0.3415125375 0.613500059375 0.37931930937499997 0.6164893250000001 0.38675750781249996 0.5314703328125
8 0.3909849578125 0.73806399375 0.3916191109375 0.7306363109375 0.480684246875 0.73833125625 0.4800903515625 0.745908328125 0.5034210375 0.7480091 0.5419870546875 0.2405424109375 0.5064698703125 0.23718096875 0.48050750937500003 0.5350077703125 0.3910305625 0.5267670437499999 0.38336831562499996 0.6168388609375001 0.37750364531249997 0.6161595109375 0.3669206296875 0.7359586375 0.3909849578125 0.73806399375
11 0.6048743625 0.7569541281250001 0.6093558156250001 0.706860340625 0.5742166984375 0.703480215625 0.5697998078125 0.75396549375 0.6048743625 0.7569541281250001
2 0.3861021015625 0.4329194453125 0.4853553921875 0.44157161250000004 0.4946735453125 0.3279294265625 0.3960503296875 0.31944374375 0.3861021015625 0.4329194453125
5 0.60139455625 0.3386763578125 0.6542521203125 0.343120421875 0.67066099375 0.1570361921875 0.6178190921875 0.15241312499999998 0.60139455625 0.3386763578125
13 0.545791871875 0.44452680781250004 0.542437459375 0.482365940625 0.527624375 0.48100879374999994 0.5222680265624999 0.5417480875 0.5680709171875 0.545758459375 0.576601434375 0.447590884375 0.545791871875 0.44452680781250004
2 0.3965410125 0.3141758375 0.4952468703125 0.32342004687500003 0.5050293734375 0.209131496875 0.4061250671875 0.20093648437499997 0.3965410125 0.3141758375
10 0.6013058546875001 0.34234351875 0.613446978125 0.3434057296875 0.6098251 0.38546730625 0.6727185078125 0.390798803125 0.6764127078125 0.3489145171875 0.6846286328125 0.3498434921875 0.68483521875 0.3474822 0.601521646875 0.3402355546875 0.6013058546875001 0.34234351875
10 0.30852374843749997 0.616108259375 0.3372706203125 0.6187079828125001 0.3388479328125 0.5995318578125 0.3102620625 0.5966874234375 0.30852374843749997 0.616108259375