2 0.39306406250000003 0.5077703125 0.367225 0.520834375 0.37765 0.5422203125 0.35539375 0.553071875 0.38868281250000003 0.621434375 0.391903125 0.620009375 0.3908015625 0.617796875 0.41127343749999995 0.607859375 0.41225625 0.610028125 0.4370421875 0.5979390625 0.39306406250000003 0.5077703125
5 0.6482875 0.349175 0.637703125 0.3276203125 0.571590625 0.3596578125 0.5871828125 0.39187343750000003 0.6144406250000001 0.3784765625 0.6094203125 0.3682328125 0.6482875 0.349175
11 0.8092765625 0.22511406250000002 0.8087328125000001 0.2240859375 0.7959640625 0.230415625 0.79643125 0.231340625 0.7947515625 0.2321984375 0.8026640625000001 0.248359375 0.8182265624999999 0.240865625 0.8102656250000001 0.22463281249999997 0.8092765625 0.22511406250000002
1 0.7290203125 0.455284375 0.7053281250000001 0.4668796875 0.7057515624999999 0.46774843749999995 0.691503125 0.4746796875 0.6910390625 0.4737890625 0.6673140625 0.4853421875 0.6677875 0.4863453125 0.6602187500000001 0.49003593749999996 0.6705265625 0.5112546874999999 0.7476359375 0.47360468750000007 0.737334375 0.452425 0.7295125 0.456178125 0.7290203125 0.455284375
0 0.384565625 0 0 0.187565625 0 0.615434375 0.187565625 1 0.615434375 1 1 0.8124343749999999 1 0.384565625 0.8124343749999999 0 0.384565625 0
1 0.7043234375 0.3669828125 0.7365390625 0.35125 0.7254968749999999 0.32870625000000003 0.6933234374999999 0.3445078125 0.7043234375 0.3669828125
10 0.2617578125 0.5085531249999999 0.26898125 0.5050484375 0.26432656250000003 0.495559375 0.25712812500000004 0.4990875 0.2617578125 0.5085531249999999
6 0.18175 0.5852640625000001 0.1952453125 0.6128484375000001 0.21945625 0.6009 0.206075 0.5733796875 0.2013578125 0.5756796875 0.1994765625 0.571821875 0.184428125 0.5791000000000001 0.186353125 0.58301875 0.18175 0.5852640625000001
1 0.4062015625 0.654865625 0.4287640625 0.6437859375 0.4136828125 0.6128703125 0.393709375 0.6227578125 0.394140625 0.623640625 0.3915953125 0.6249421875000001 0.392575 0.62689375 0.3841296875 0.63089375 0.38371093749999996 0.63000625 0.33851875 0.6520546875 0.3389234375 0.6528968749999999 0.333503125 0.655740625 0.34434062499999996 0.677871875 0.4033296875 0.6490046875 0.4062015625 0.654865625
10 0.417434375 0.6122859375 0.4320421875 0.64223125 0.45312656249999994 0.6319250000000001 0.4385734375 0.6021156249999999 0.417434375 0.6122859375
7 0.7769703125 0.2866953125 0.7785062500000001 0.2859453125 0.7741859375 0.2770890625 0.7582625000000001 0.28479375 0.75933125 0.28701875 0.7349640625 0.2989046875 0.7339515624999999 0.296771875 0.7180703125 0.30453593749999996 0.7431234375 0.356134375 0.7870953125 0.33442812499999997 0.7794125000000001 0.3182375 0.7898890625 0.31300625000000004 0.7769703125 0.2866953125
10 0.3327859375 0.5370328125 0.34280937499999997 0.55759375 0.3512015625 0.5533375 0.3412390625 0.53290625 0.3327859375 0.5370328125
11 0.36026875 0.44405 0.35972499999999996 0.4430203125 0.34695468749999997 0.44934843750000003 0.3474234375 0.450275 0.34574531249999996 0.45113281250000004 0.353653125 0.4672921875 0.36921875000000004 0.459803125 0.361259375 0.44356718749999996 0.36026875 0.44405
2 0.216765625 0.7013921875 0.2157171875 0.69920625 0.23979843750000002 0.68748125 0.24084218750000003 0.6896234375 0.24667656249999997 0.686803125 0.22371875000000002 0.639353125 0.18634062499999998 0.6576296875 0.209334375 0.7050859375 0.216765625 0.7013921875
2 0.2548015625 0.68291875 0.25363437499999997 0.680725 0.2778421875 0.6689171875000001 0.278925 0.6711343750000001 0.286590625 0.6672953125000001 0.2634515625 0.6199375 0.2261984375 0.6381484375 0.24929843749999997 0.6854828125 0.2548015625 0.68291875
5 0.19935 0.56816875 0.1887640625 0.546615625 0.1226515625 0.578653125 0.13824375 0.6108671875 0.1655015625 0.5974703124999999 0.16048437499999998 0.5872296875 0.19935 0.56816875
1 0.2048734375 0.56728125 0.20840625 0.5656375 0.20889843749999998 0.5666140625 0.2325890625 0.5550171875000001 0.232109375 0.5540359375 0.23504375 0.5525890625 0.2237890625 0.529521875 0.19360468749999998 0.5442 0.2048734375 0.56728125
1 0.26708906250000003 0.519540625 0.2832328125 0.51165 0.28362031249999997 0.5124140625 0.3073484375 0.5008640625 0.3069703125 0.5001125 0.3261796875 0.490665625 0.330815625 0.5002015625 0.3604046875 0.4858109375 0.3439390625 0.45207499999999995 0.314309375 0.4663875 0.316225 0.4702265625 0.2662375 0.49468750000000006 0.272125 0.506759375 0.2630359375 0.5111734375 0.26708906250000003 0.519540625
10 0.7817640625 0.318003125 0.7917875000000001 0.3385625 0.8001796875 0.33430781249999997 0.7902171874999999 0.313878125 0.7817640625 0.318003125
10 0.224384375 0.60479375 0.25421875 0.5901953125 0.23755781250000002 0.55635625 0.2341875 0.5578578125 0.23529375 0.5600890625 0.2111515625 0.5718796875 0.21008593750000001 0.569796875 0.207771875 0.5709734375 0.224384375 0.60479375
8 0.3380703125 0.553496875 0.2941890625 0.575278125 0.293115625 0.5731359375 0.290275 0.5745765625 0.2914453125 0.5769515625 0.2808765625 0.5821671875 0.279225 0.578953125 0.253084375 0.5915843749999999 0.25457968750000004 0.5945375 0.22362656250000001 0.609653125 0.22065 0.6035234375 0.1965765625 0.6154046875 0.20957187500000002 0.64208125 0.2609625 0.6169125 0.2619234375 0.6189109375 0.2658609375 0.6170328125 0.264840625 0.615003125 0.2999203125 0.5978140625 0.3008640625 0.59978125 0.30516875 0.59781875 0.33156093750000004 0.6517875 0.33668437500000004 0.6493109375 0.335621875 0.647103125 0.38162656250000004 0.624684375 0.38269375 0.626871875 0.3863109375 0.6250843749999999 0.3526375 0.556103125 0.34188125 0.5613078125000001 0.3380703125 0.553496875
11 0.819178125 0.24300937500000003 0.8035109374999999 0.25074843750000003 0.8120390625 0.26769375 0.8276015624999999 0.260203125 0.819178125 0.24300937500000003
2 0.8418421875 0.2887765625 0.81600625 0.3018453125 0.826428125 0.32322656250000004 0.8041734375 0.3340796875 0.8374640624999999 0.40244375000000004 0.8406828125000001 0.401015625 0.8395828125 0.39880625 0.860053125 0.3888671875 0.8610359375 0.3910359375 0.8858218750000001 0.378946875 0.8418421875 0.2887765625
10 0.7885109375 0.30164375 0.79338125 0.29925 0.7862078125 0.28462031250000003 0.7812984375 0.287075 0.7885109375 0.30164375
1 0.715959375 0.30076875 0.7321046875 0.2928765625 0.732490625 0.29364218750000004 0.7562203125 0.2820890625 0.7558390625 0.28133906249999996 0.7750515625000001 0.271890625 0.7796875 0.28142812500000003 0.8092765625 0.2670375 0.792809375 0.2333 0.7631812499999999 0.2476125 0.765096875 0.251453125 0.7151078125 0.2759140625 0.7209953125 0.2879859375 0.71190625 0.2923984375 0.715959375 0.30076875
10 0.6732953125 0.3856859375 0.7031296874999999 0.3710890625 0.68646875 0.3372484375 0.6830984375 0.3387515625 0.684203125 0.340984375 0.6600609375000001 0.3527734375 0.6589953125 0.3506890625 0.65668125 0.35186562499999996 0.6732953125 0.3856859375
12 0.6060671875 0.390728125 0.604353125 0.391625 0.6036125 0.38999375000000003 0.5899078125 0.39689375 0.632915625 0.48613125 0.6360578125 0.4846125 0.63695625 0.48672343749999997 0.6443218749999999 0.4832078125 0.6433546875 0.48085468750000004 0.6487046875 0.47843125000000003 0.6060671875 0.390728125
13 0.352890625 0.49600156249999994 0.3389875 0.50278125 0.3472203125 0.5198125 0.34068437500000004 0.5229390625 0.354103125 0.550253125 0.374425 0.54040625 0.352890625 0.49600156249999994
1 0.8551015625 0.43593593750000004 0.8776640625000001 0.42485156249999995 0.8625812500000001 0.3939375 0.8426078125 0.4038234375 0.8430406250000001 0.4047078125 0.8404953125000001 0.40601093749999995 0.8414734375 0.407959375 0.8330296875000001 0.4119625 0.8326109374999999 0.41107343749999997 0.7874171875 0.433121875 0.787821875 0.4339625 0.7824015625 0.43680624999999995 0.7932375 0.458940625 0.8522296875 0.430071875 0.8551015625 0.43593593750000004
1 0.2801578125 0.6741546875 0.2564640625 0.6857484375 0.2568875 0.6866187499999999 0.24263906249999997 0.693546875 0.2421765625 0.6926593750000001 0.21844843749999998 0.704209375 0.21892343749999998 0.7052125 0.2113546875 0.7089046875 0.2216609375 0.7301249999999999 0.2987734375 0.6924781249999999 0.28846875 0.67129375 0.28065 0.6750499999999999 0.2801578125 0.6741546875
13 0.8019421875000001 0.27699375000000004 0.78804375 0.2837734375 0.796275 0.30080625 0.7897390625 0.3039328125 0.8031578125 0.331246875 0.823478125 0.3214015625 0.8019421875000001 0.27699375000000004
3 0.8145125 0.299003125 0.840603125 0.28623750000000003 0.8295281250000001 0.26356250000000003 0.8035203125000001 0.276265625 0.8145125 0.299003125
13 0.6362796875 0.43480937500000005 0.656921875 0.42472031250000003 0.6352203125 0.380225 0.61458125 0.3902703125 0.6362796875 0.43480937500000005
13 0.18735625 0.6537296875 0.20800000000000002 0.6436421875 0.1862984375 0.59914375 0.1656625 0.6091921874999999 0.18735625 0.6537296875
6 0.6306468749999999 0.3662515625 0.64414375 0.3938359375 0.6683546875 0.3818890625 0.6549750000000001 0.35436718749999996 0.65025625 0.3566671875 0.6483749999999999 0.352809375 0.633328125 0.360090625 0.63525 0.36400625 0.6306468749999999 0.3662515625
10 0.8663140625000001 0.393353125 0.8809234375000001 0.423296875 0.9020093749999999 0.41299062500000006 0.8874546875 0.38318125 0.8663140625000001 0.393353125
2 0.7037203125 0.46390937499999996 0.702553125 0.46171562499999996 0.7267609375 0.44990781249999995 0.72784375 0.4521265625 0.735509375 0.4482875 0.7123703124999999 0.4009296875 0.6751171874999999 0.41913906250000005 0.69821875 0.4664765625 0.7037203125 0.46390937499999996
1 0.27800625 0.641059375 0.312475 0.624246875 0.30219999999999997 0.603115625 0.2677109375 0.6199640625 0.27800625 0.641059375
8 0.787021875 0.3344953125 0.7431390625 0.356275 0.7420671875 0.3541328125 0.739225 0.35557812499999997 0.7403984375 0.357953125 0.7298281249999999 0.3631640625 0.7281765625000001 0.3599515625 0.702034375 0.3725828125 0.7035296875 0.37553437500000003 0.6725765625 0.39065 0.669603125 0.38452031249999996 0.645528125 0.3964015625 0.6585234375 0.423075 0.7099140625 0.3979125 0.7108749999999999 0.3999109375 0.7148109375 0.3980296875 0.71379375 0.39599843749999997 0.74886875 0.3788109375 0.749815625 0.380778125 0.7541218749999999 0.37881875 0.7805140625 0.4327875 0.7856359375 0.43030937500000005 0.7845734375 0.4281 0.8305765624999999 0.40568125000000005 0.8316437499999999 0.40786875 0.8352609375 0.4060859375 0.8015890625000001 0.3371 0.7908328124999999 0.3423078125 0.787021875 0.3344953125
3 0.365765625 0.5179984375 0.39185625 0.5052359375 0.3807828125 0.482559375 0.3547765625 0.4952640625 0.365765625 0.5179984375
10 0.7107921875 0.2895890625 0.7180171875 0.286084375 0.7133609375 0.27659531249999997 0.7061625 0.280125 0.7107921875 0.2895890625
10 0.174109375 0.603 0.1860765625 0.5972234375000001 0.18051875 0.5858859375 0.168584375 0.5916453125000001 0.174109375 0.603
2 0.6657734375000001 0.48224375 0.664725 0.48005624999999996 0.6888062500000001 0.46833749999999996 0.6898515625 0.4704796875 0.6956828125000001 0.46765625 0.6727265625000001 0.4202078125 0.635346875 0.4384859375 0.658340625 0.48594218749999996 0.6657734375000001 0.48224375
10 0.339490625 0.5206109375 0.3443578125 0.5182140625 0.33718750000000003 0.5035890625 0.33227656250000004 0.5060390625 0.339490625 0.5206109375
12 0.28905 0.5733171875 0.2767296875 0.547996875 0.244496875 0.5636703125 0.2552390625 0.585796875 0.2778625 0.5747453124999999 0.2793796875 0.5779546875 0.28905 0.5733171875
7 0.3279609375 0.5057125 0.32949687499999997 0.5049640625 0.3251765625 0.49610624999999997 0.309253125 0.5038171874999999 0.310325 0.5060390625 0.28595625 0.517925 0.2849421875 0.515790625 0.26906093750000004 0.5235546875 0.2941140625 0.575153125 0.33808906250000004 0.5534484375 0.33040156249999997 0.53725625 0.34088124999999997 0.5320296875 0.3279609375 0.5057125
10 0.623021875 0.384025 0.634990625 0.37824843750000003 0.62943125 0.36691093750000003 0.617496875 0.3726734375 0.623021875 0.384025
1 0.653796875 0.3483265625 0.657328125 0.346684375 0.6578203125 0.347659375 0.6815125 0.33606250000000004 0.6810328125 0.33508125 0.683965625 0.33363437500000004 0.6727109375 0.31056875 0.6425265625 0.325246875 0.653796875 0.3483265625