13 0.5754954640625 0.148982428125 0.5982161796875001 0.11511903593749999 0.5754300640625 0.0994675296875 0.5598926750000001 0.12256343750000001 0.5686931656249999 0.1284867265625 0.561220815625 0.139504896875 0.5754954640625 0.148982428125
13 0.4064597 0.8381121078125 0.4307108765625 0.8019421203125001 0.40870461875 0.7870301734375 0.3842711828125 0.8232098953125 0.4064597 0.8381121078125
1 0.3764366625 1 0.3867873765625 0.9847956953124999 0.378027146875 0.9790769453125 0.3809858765625 0.9745643218750001 0.37216477812500004 0.9689940546875 0.36932368437499996 0.9732074390625 0.348888828125 0.9591379515625 0.3589008125 0.944482475 0.331981790625 0.9265150500000001 0.3345034796875 0.9228392124999999 0.31660415 0.9113310484375001 0.314448421875 0.9145916156249999 0.299855209375 0.9049410734375 0.3021438453125 0.9014826296875 0.284770271875 0.8893869437499999 0.28232108437500003 0.8930190046875 0.27524089375 0.8884333906249999 0.26515749843749997 0.9033208296874999 0.3390399296875 0.9533463296875 0.3247482171875 0.974533384375 0.3706912078125 1 0.3764366625 1
2 0.2852153484375 0.8885421078125001 0.2881339953125 0.884330621875 0.3058173265625 0.8961156562499999 0.3028001296875 0.9005887250000001 0.3087700125 0.9046893 0.3489932171875 0.84477465625 0.3376349453125 0.8376193609374999 0.33933421406250003 0.83504368125 0.3196563640625 0.8219386875 0.27800094531249997 0.8837409640624999 0.2852153484375 0.8885421078125001
2 0.43351067499999996 0.6924493828125 0.41383205 0.7218463609375 0.39017675937499996 0.7060096203125 0.36504465937499997 0.743043678125 0.41022791718749996 0.7730663296875 0.4551441140625 0.7064740203125 0.43351067499999996 0.6924493828125
10 0.45981182656249997 0.76547339375 0.4857104859375 0.727008084375 0.4551515765625 0.707137371875 0.4295493921875 0.7452096359375 0.45981182656249997 0.76547339375
3 0.46370014687500005 0.820399875 0.4920650953125 0.7784102390625 0.4666615171875 0.760693296875 0.4379574234375 0.8032077515625 0.46370014687500005 0.820399875
10 0.3934705765625 0.7699659875 0.38533309375 0.7644709515625 0.3833191125 0.7675724875000001 0.357184621875 0.8062054171874999 0.36548328125 0.811545046875 0.3934705765625 0.7699659875
10 0.44057665625000003 0.7939156609375 0.4565377828125 0.7701971171875 0.42645792812499994 0.74978445625 0.41058203281249994 0.77343948125 0.44057665625000003 0.7939156609375
2 0.878392621875 0.2857800484375 0.90043156875 0.2529822296875 0.8628334499999999 0.228532540625 0.809910809375 0.3070582046875 0.8467814734375001 0.3322498 0.8514200531249999 0.3254865921875 0.8497292249999999 0.324179546875 0.8764526781249999 0.284558228125 0.878392621875 0.2857800484375
13 0.7774290171875 0.28826183906249997 0.8018582000000001 0.251918975 0.779651615625 0.23684953593750002 0.755004503125 0.27351464999999997 0.7774290171875 0.28826183906249997
7 0.7665119125000001 0.3232978890625 0.7137812859375 0.4012225390625 0.7120179203125 0.40023972968750005 0.6831846140625 0.44284870468750004 0.6926102875 0.44948119531249997 0.6952064796874999 0.445632275 0.7073144015625 0.45367831406250003 0.7045871234375001 0.4580441140625 0.7098786171875 0.461502465625 0.7429629984375 0.41239426718749994 0.752534775 0.4189791171875 0.8010660890624999 0.34692852812499997 0.7665119125000001 0.3232978890625
10 0.7435437015625 0.4834754796875 0.7511946453125 0.4721061125 0.7394398984375 0.46424154843750004 0.7319266171875001 0.4754657 0.7435437015625 0.4834754796875
2 0.6428161484375 0.3584647921875 0.645429425 0.35470752031249997 0.6631040953125 0.3664823953125 0.6604247562500001 0.3705103234375 0.6663271328125 0.374323371875 0.6690451265624999 0.37040619375 0.71975054375 0.295107009375 0.7084824859375 0.2877051640625 0.710227728125 0.2851174515625 0.6906088921875 0.27246678125 0.6357950796875 0.3534921234375 0.6428161484375 0.3584647921875
10 0.8115629453125001 0.243880071875 0.8274924359375 0.22024760937500001 0.797308828125 0.19988998593750001 0.7812536015625 0.2236010296875 0.8115629453125001 0.243880071875
10 0.790304603125 0.28154465625 0.8090127328125 0.25393395 0.8040445171874999 0.250817365625 0.778404559375 0.2889062078125 0.7831667515625 0.292097959375 0.7845586499999999 0.29010579999999997 0.7933602859375 0.2961172609375 0.7992021625 0.2874056296875 0.790304603125 0.28154465625
10 0.8306031640624999 0.215663815625 0.8564337500000001 0.177269746875 0.826117903125 0.15717647031249998 0.8003695453124999 0.1953803 0.8306031640624999 0.215663815625
2 0.6774450062499999 0.3758984015625 0.6950951078125 0.38816880781249996 0.6923022734375001 0.392382146875 0.694778653125 0.3940317328125 0.7483791515625 0.3147956234375 0.7216907 0.2970310390625 0.6710422921875 0.37179550625 0.668373009375 0.37586652656249997 0.6746627921874999 0.3801086953125 0.6774450062499999 0.3758984015625
13 0.8085958953124999 0.3063847171875 0.83133605625 0.2725410359375 0.8084064984375001 0.2570226109375 0.7930539890625 0.27983333125 0.8018031625 0.28589431875 0.794552028125 0.2966938890625 0.8085958953124999 0.3063847171875
10 0.7096636875 0.40366181250000005 0.763188928125 0.323646165625 0.7499942671875 0.31452789062500003 0.6958860796875 0.3945187484375 0.7096636875 0.40366181250000005
1 0.8608806484375 0.339143271875 0.891112521875 0.2945333296875 0.8788573296875001 0.2862663109375 0.8521961656249999 0.32563989375 0.8537677218749999 0.326643221875 0.8501179046875 0.33199651406249997 0.8608806484375 0.339143271875
5 0.8046530687500001 0.1420322640625 0.7849140265625 0.1717316125 0.7607212953125 0.1561650671875 0.7359426421874999 0.19302881249999998 0.7810783140625001 0.2232823421875 0.8257516109375 0.1569251953125 0.8046530687500001 0.1420322640625
11 0.7582021609375 0.435308475 0.74806024375 0.450256371875 0.74877314375 0.4506461796875 0.7413924734374999 0.46167943749999996 0.752996553125 0.4694193953125 0.77043648125 0.44349067656249996 0.7582021609375 0.435308475
6 0.752451734375 0.274993740625 0.7818866546875001 0.23177319375 0.7777190484375 0.228875296875 0.779440965625 0.226178184375 0.7780673609375001 0.2253881984375 0.767556034375 0.2177072984375 0.766210375 0.216621953125 0.76406984375 0.21990344999999997 0.7653673546875 0.22078881562500002 0.7361754625 0.26406725781249996 0.752451734375 0.274993740625
10 0.7370903203125 0.262503828125 0.7653186171875 0.2207671609375 0.7562817890625 0.2144806234375 0.728197828125 0.256227625 0.7370903203125 0.262503828125
10 0.8934145125 0.2905963625 0.9126932796875 0.262197915625 0.9014727421875 0.2548134765625 0.8800157499999999 0.2867547953125 0.8885489 0.292747846875 0.891059165625 0.28902815937500004 0.8934145125 0.2905963625
3 0.8337605874999999 0.2699493359375 0.862005171875 0.227944790625 0.8375545453125 0.21089363906249997 0.8088405578125 0.253377596875 0.8337605874999999 0.2699493359375
8 0.7592226578125 0.42961606718749995 0.7855431625 0.4474643203125 0.78722866875 0.4486004859375 0.7986517390625 0.4318634421875 0.7965624328125 0.43045342499999995 0.8454959656250001 0.357973721875 0.8473199171875001 0.359308109375 0.8592313296875 0.3415804953125 0.844837378125 0.331767071875 0.8422365546874999 0.3356920296875 0.7268036015625 0.258323896875 0.7092880359375 0.28418925 0.7106409671875 0.28510355 0.7102893734375 0.285625040625 0.7204771546875001 0.2930033296875 0.7211155859375 0.292167415625 0.8013738437500001 0.34674718125 0.752553759375 0.41899321250000005 0.76199798125 0.42550199843750003 0.7592226578125 0.42961606718749995
1 0.730501709375 0.4753064921875 0.747397659375 0.45059118593749997 0.745415515625 0.4493584796875 0.7559684109375 0.433775515625 0.7578709953125 0.43497126875000003 0.7606594015625 0.43073046406250004 0.7591821765625 0.4294989453125 0.7600083953125 0.42824368125 0.742068621875 0.416337934375 0.713939296875 0.45809909375 0.7110675578125 0.4623258640625 0.7168228765625 0.4659787890625 0.71964305625 0.46179668749999997 0.7288471640624999 0.46780078437499995 0.7258358171875 0.4722020640625 0.730501709375 0.4753064921875
10 0.419421309375 0.831526575 0.4380403609375 0.803921871875 0.43314595 0.8006979187500001 0.4073938765625 0.8388246578125 0.412265734375 0.8419539296874999 0.4137266265625 0.8399017578124999 0.42246141875000004 0.8458404375 0.4282444390625 0.8374767046875 0.419421309375 0.831526575
1 0.4165686234375 0.9977896812499999 0.5202252109375001 0.8442807765625 0.507869059375 0.8361346578125 0.4813721984375 0.8756082468749999 0.48278995 0.876379828125 0.46556275625000004 0.9021084703125 0.4640540171875 0.9010917265625 0.4153302015625 0.973392909375 0.41673500781249995 0.97443600625 0.40591823125 0.9905337 0.4165686234375 0.9977896812499999
8 0.4616372609375 0.899421596875 0.463697178125 0.9005687874999999 0.47319250156250003 0.8866487921875 0.357264171875 0.8089399687500001 0.355710375 0.8082591203125 0.3382330328125 0.8342617828125001 0.33935893125 0.8350216515625 0.33900919375 0.8355816890625001 0.42389307499999995 0.89225563125 0.37539528125 0.9641265000000001 0.3845063265625 0.9705756578125 0.38136447812499996 0.9751511328125 0.403487146875 0.990072228125 0.4149997484375 0.973006075 0.412997878125 0.9717767265624999 0.4616372609375 0.899421596875
6 0.39242344687499997 0.773669559375 0.3661363890625 0.8127324296875 0.3824004890625 0.8234681578125 0.41061032500000005 0.78178735625 0.406576378125 0.7790028515625 0.40887744687499994 0.7755316484375 0.396602415625 0.7674680109375001 0.395267990625 0.7665461062500001 0.3931524984375 0.76966640625 0.393513340625 0.7699307375 0.39141436406249996 0.7730244640625 0.39242344687499997 0.773669559375
11 0.395054725 1 0.39944650625 0.9934813468750001 0.3879704515625 0.9856747953125 0.378313540625 1 0.395054725 1
10 0.522655875 0.8406402343750001 0.541783828125 0.8121206703125001 0.5305937843749999 0.8047263390625 0.5114546703125 0.8329985390625 0.522655875 0.8406402343750001
10 0.35193585 0.9335686671874999 0.3919088046875 0.8739797953125 0.37866506875 0.8649629437499999 0.33844778125 0.9245575125000001 0.35193585 0.9335686671874999
7 0.36394342343749997 0.9412607375 0.353687084375 0.9562184578125 0.3557447234375 0.9572053875 0.358596884375 0.9529784843750001 0.3705775453125 0.9607771187499999 0.3674151109375 0.9654090703125 0.37222999218749997 0.9686282421874999 0.42389307499999995 0.89225563125 0.39555011875 0.8733988640625 0.35388693125000004 0.9346930453125 0.36394342343749997 0.9412607375
2 0.3200880171875 0.9059000578124999 0.337711509375 0.9179574140625 0.33484965 0.9221985921875 0.3373341671875 0.923788375 0.3773401796875 0.8644911593750001 0.3507735953125 0.846887025 0.313571415625 0.901728675 0.310662809375 0.905967165625 0.317017671875 0.91034009375 0.3200880171875 0.9059000578124999
13 0.43776231093750007 0.8561351484375 0.46048227031250005 0.8222731234375 0.43769827812499995 0.8066210078125 0.42215937343750004 0.82971965 0.43095986406250003 0.8356429375 0.4234890296875 0.8466583734375 0.43776231093750007 0.8561351484375
2 0.48082719999999995 0.875431203125 0.478846684375 0.8739957390624999 0.50538139375 0.8345860046875 0.507236515625 0.83614133125 0.5295570734374999 0.8031190890625 0.4920650953125 0.7784102390625 0.4390508765625 0.8568690640625001 0.47407915312500004 0.88112694375 0.476030621875 0.8823408609375001 0.48082719999999995 0.875431203125
2 0.143077384375 0.8360687562500001 0.15299780624999998 0.8213625265625 0.11552142812499999 0.79678023125 0.0937623296875 0.8290989703125 0.12904786562499998 0.8528991906250001 0.1413207234375 0.8347966796874999 0.143077384375 0.8360687562500001
10 0.176576559375 0.7121400046875 0.197331078125 0.6813564015625 0.174291584375 0.6657752515625 0.151564040625 0.6993222234375 0.176576559375 0.7121400046875
10 0.23379975156250002 0.6054581156250001 0.232015890625 0.6081316109375 0.2237266859375 0.6025203171875 0.21929660625 0.609100753125 0.23655408125 0.62071940625 0.24278851875 0.6114768359375 0.23379975156250002 0.6054581156250001
2 0.2666844625 0.6529044640625 0.26477018281250003 0.6515396578125 0.2912992984375 0.6123108312500001 0.293097990625 0.6134168390625 0.30276739375 0.5991860203125 0.2813272484375 0.58510595625 0.241408625 0.644058584375 0.2628144984375 0.65848409375 0.263269653125 0.657862796875 0.2666844625 0.6529044640625
5 0.188877203125 0.6462785609374999 0.253967265625 0.5500081921875 0.2370577390625 0.539138009375 0.172303946875 0.635049896875 0.188877203125 0.6462785609374999
1 0.15370463750000002 0.6941971031249999 0.174390565625 0.6635791390625 0.1537708671875 0.6495143796875 0.07509184218750001 0.766103653125 0.083264246875 0.7716162625 0.144085903125 0.681496078125 0.14790369375 0.6842322265624999 0.1451362515625 0.688177375 0.15370463750000002 0.6941971031249999
13 0.1001458078125 0.7865816578125 0.0930272828125 0.7971903359375 0.0840473484375 0.7915230906249999 0.069641471875 0.8128290843749999 0.0925562484375 0.8282839359375 0.1143280328125 0.7960615546875001 0.1001458078125 0.7865816578125
10 0.2370577390625 0.539138009375 0.230304553125 0.5348229796874999 0.165791121875 0.6305429609375001 0.172303946875 0.635049896875 0.2370577390625 0.539138009375
1 0.2520648875 0.67594638125 0.22560207499999999 0.71499758125 0.2271840734375 0.71596918125 0.21113115 0.7397082984375001 0.209578459375 0.73875473125 0.16565769218749998 0.8039283156250001 0.1672659671875 0.8049234140625 0.1452128421875 0.837495421875 0.1436763109375 0.8364579140625 0.131464278125 0.8545280406250001 0.14370246250000002 0.8627838453125 0.315470571875 0.608069378125 0.3048987609375 0.6009391328125 0.2952909265625 0.615120115625 0.29361075937500003 0.61417091875 0.267372375 0.653191096875 0.2689277984375 0.6541461796875 0.2536775390625 0.6767563234375 0.2520648875 0.67594638125
0 0.49800579218749996 0 0 0.738323090625 0 0.76585425625 0.2385011484375 0.926725853125 0.3706912078125 1 0.5019942078125 1 1 0.261676909375 1 0.23414574375 0.7614988515625 0.073274146875 0.6293087921875 0 0.49800579218749996 0
10 0.2617814328125 0.5559189140624999 0.254025121875 0.550522615625 0.22599847187500002 0.5918922796875 0.2339899859375 0.5974153796875 0.2617814328125 0.5559189140624999
10 0.0935433953125 0.793967753125 0.10054512812500001 0.7835891078125 0.09283796250000001 0.7784844515625 0.0857798875 0.7888229328125 0.0935433953125 0.793967753125
2 0.2513557078125 0.6753210328125 0.261090865625 0.6609748093750001 0.239892603125 0.6463874734374999 0.200077078125 0.705711671875 0.2209347125 0.7203817406249999 0.224893525 0.714554803125 0.2230823375 0.7133972078124999 0.24966254999999998 0.6741181 0.2513557078125 0.6753210328125
12 0.15593499375 0.6404148562499999 0.2252944484375 0.5377572453125 0.19980952968750001 0.5209992234375 0.1309383890625 0.6232754421875 0.15593499375 0.6404148562499999
10 0.18197446718750002 0.6614837984374999 0.18717208125 0.6538603171874999 0.1619970671875 0.6372651453125 0.15528543125 0.6470882109375 0.1772160828125 0.661491975 0.17867383750000002 0.6593326609375 0.18197446718750002 0.6614837984374999
7 0.126936715625 0.7155054703125 0.108871578125 0.74228815 0.10711333125 0.74110273125 0.0872941828125 0.77035035625 0.121854728125 0.7933378156249999 0.17481023906249998 0.7147464046875001 0.140182146875 0.6920645109375 0.125106725 0.7143624625 0.126936715625 0.7155054703125
13 0.2574801890625 0.617742959375 0.2801222 0.5841021265624999 0.2591105453125 0.569929078125 0.2364360328125 0.6035447484375001 0.2574801890625 0.617742959375
6 0.21634149374999997 0.610880265625 0.21185436562499999 0.6176345265625 0.21023625781250002 0.61667328125 0.1895963640625 0.647343559375 0.1911308578125 0.6483138390625001 0.1807312921875 0.66362985625 0.20033816093749998 0.676940253125 0.23589727656249998 0.624092671875 0.21634149374999997 0.610880265625
10 0.06746493906249999 0.8082729437499999 0.08673386562499999 0.779579628125 0.07255076875000001 0.7698241296874999 0.05329815 0.7984300125 0.06746493906249999 0.8082729437499999
10 0.5571523375 0.1243744640625 0.5757721453125 0.09676839375 0.5708777359375 0.0935444421875 0.545127934375 0.1316670796875 0.5499975203125 0.134800453125 0.5514584124999999 0.1327482796875 0.5601932046875 0.138686959375 0.5659754671874999 0.1303245921875 0.5571523375 0.1243744640625
1 0.5542996515625 0.29063757031250004 0.6579583625 0.13712805625 0.6456008453125001 0.1289811796875 0.6191032265625 0.1684561359375 0.6205253749999999 0.1692230078125 0.6032945421875 0.1949549921875 0.6017871687499999 0.19393900625 0.5530612296874999 0.266240796875 0.5544681609375 0.2672832859375 0.5436506265625 0.2833823453125 0.5542996515625 0.29063757031250004
8 0.5993682890625001 0.19226948593749998 0.6014297203125001 0.19341394218750002 0.6109248953125 0.17949743906249999 0.49499595625000004 0.101786490625 0.49344367499999997 0.101102909375 0.4759669421875 0.1271076953125 0.47709223125 0.127865440625 0.47674097968750007 0.1284282109375 0.5616277421875 0.185100178125 0.5131285828125 0.25697028906249997 0.5222381125 0.2634221796875 0.5190991453125 0.2679956796875 0.5412218140625 0.2829167734375 0.5527307765625 0.2658539640625 0.5507296640625 0.2646232484375 0.5993682890625001 0.19226948593749998
6 0.530155990625 0.066514715625 0.5038674171874999 0.10558031875 0.5201315171875 0.116316046875 0.548343625 0.07463114531250001 0.5443096781250001 0.0718466390625 0.5466092328125 0.0683781703125 0.53433344375 0.0603159 0.5329997765625001 0.059392628125 0.5308848937499999 0.062515053125 0.5312436109374999 0.06277999375 0.529147665625 0.065868253125 0.530155990625 0.066514715625
11 0.51977015 0.3121670171875 0.537177534375 0.2863292359375 0.5257022375 0.2785213171875 0.5082940796875 0.30434437812500004 0.51977015 0.3121670171875
10 0.6603891765625 0.133484021875 0.679519253125 0.10496385 0.6683255703125 0.09757286093749999 0.6491879703125 0.1258423265625 0.6603891765625 0.133484021875
10 0.5102894796874999 0.3263345234375 0.5180002515625 0.31484110625 0.5062965593750001 0.307042359375 0.49858333125 0.3183468328125 0.5102894796874999 0.3263345234375
10 0.48966900312500006 0.226415946875 0.5296427140625 0.1668257078125 0.51640049375 0.1578061234375 0.47617956718750004 0.21740403437500003 0.48966900312500006 0.226415946875
7 0.5016767234375 0.2341045265625 0.49141887031250003 0.24906497968750002 0.493479390625 0.2500499328125 0.49633094218749996 0.24582090625 0.5083100875000001 0.2536222734375 0.5051461390624999 0.25825695937500004 0.5099631437500001 0.261475521875 0.5616277421875 0.185100178125 0.5332847859375 0.1662434109375 0.4916194734375 0.2275382 0.5016767234375 0.2341045265625
2 0.4578204125 0.1987487046875 0.47544329531249996 0.21080393593750002 0.4725843171875 0.2150431375 0.47506519531249997 0.2166362640625 0.515071965625 0.1573376828125 0.4885046234375 0.1397349140625 0.45130244375000006 0.19457656406249998 0.44839596249999997 0.1988144453125 0.4547494578125 0.203186615625 0.4578204125 0.1987487046875
2 0.618558984375 0.168277725 0.6165799843750001 0.166839528125 0.6431146953125 0.12742979375000002 0.6449683015625001 0.128987853125 0.667290984375 0.0959650015625 0.6297983953124999 0.07125402812500001 0.57678341875 0.14971421875 0.6118130625 0.1739728578125 0.613766046875 0.1751840421875 0.618558984375 0.168277725
13 0.5441928515625001 0.1309593875 0.568444178125 0.094785909375 0.546435646875 0.0798780625 0.5220043359375001 0.11605717499999998 0.5441928515625001 0.1309593875
1 0.47677322968749997 0.24619011875000002 0.450142371875 0.2856733984375 0.49736494843749995 0.31752498125 0.524519771875 0.277644340625 0.5157596890625 0.2719221 0.518719028125 0.2674116015625 0.5099002031250001 0.261837234375 0.507056984375 0.266051228125 0.48662198125 0.25198523125 0.4966362375 0.2373256546875 0.4697150921875 0.2193588390625 0.47223753906250004 0.21568163437500001 0.45433881875 0.20417559375 0.45218233281250003 0.207437528125 0.4375885109375 0.1977848625 0.43987775625000003 0.19432854375 0.42250418281249996 0.18223285625000002 0.42005438437500003 0.18586279375 0.41297419375000005 0.181277178125 0.40288928281249997 0.1961673515625 0.47677322968749997 0.24619011875000002
2 0.4229463765625 0.181389996875 0.42586578125 0.17717714375 0.4435483546875 0.18896354531249998 0.4405326734375 0.19343388125 0.446501040625 0.1975371890625 0.48672651875 0.1376184453125 0.4753682453125 0.13046315 0.47706888125 0.127888228125 0.4573873921875 0.11478657656249999 0.4157319734375 0.176588853125 0.4229463765625 0.181389996875
2 0.527133628125 0 0.5027764453125 0.0358902 0.5479589453125 0.0659142171875 0.5924176109375 0 0.5613993953125 0 0.5515638359375 0.014692882812499999 0.529625128125 0 0.527133628125 0
10 0.592872046875 0 0.567281178125 0.038056157812500005 0.5975428546875 0.0583212828125 0.6234436390625 0.0198553640625 0.5929167015625 0 0.592872046875 0
3 0.6014333 0.11324715468749999 0.6297983953124999 0.07125402812500001 0.604393303125 0.0535398203125 0.5756907250000001 0.096051540625 0.6014333 0.11324715468749999
10 0.5312022140625 0.06281600000000001 0.5230648796875 0.0573174734375 0.5210508984375 0.060419009375 0.49491792187500006 0.09904920625 0.5032173390625 0.10438746875 0.5312022140625 0.06281600000000001
10 0.5783082937499999 0.0867656734375 0.5942688109375001 0.06304500625000001 0.5641912296875 0.0426282453125 0.5483174578125001 0.0662826609375 0.5783082937499999 0.0867656734375
8 0.1647127609375 0.8037153828125 0.1629928546875 0.8026316093749999 0.20743970156249997 0.736731334375 0.2091146625 0.737950978125 0.21784482500000002 0.7250181765625 0.19536584375 0.7098084640625 0.2555912078125 0.620470734375 0.2439305359375 0.6122688625 0.1218758359375 0.7933513015625 0.15581525937500001 0.8168662765624999 0.1647127609375 0.8037153828125