13 0.40010625 0.7939640625 0.419365625 0.7592187499999999 0.39652031249999997 0.746765625 0.3771375 0.7816953125 0.40010625 0.7939640625
0 0.4555859375 0 0.0116078125 0.8009578125000001 0.370690625 1 0.5444140625 1 0.9883921875 0.1990421875 0.629309375 0 0.4555859375 0
11 0.4538015625 0.7144609375 0.4416921875 0.7076718750000001 0.4188375 0.7489046874999999 0.43105000000000004 0.755571875 0.4538015625 0.7144609375
8 0.4069109375 0.69100625 0.394565625 0.6841 0.3223375 0.815025 0.2961890625 0.8005968749999999 0.2964078125 0.8002015625000001 0.2839375 0.7931625 0.2259828125 0.8977187499999999 0.24201406250000002 0.9065390624999999 0.24221093749999997 0.90639375 0.27688437499999996 0.9251671874999999 0.4069109375 0.69100625
7 0.6816296875 0.1922984375 0.6818859374999999 0.19245625 0.6734015624999999 0.2078046875 0.7185671874999999 0.23316093750000003 0.7764249999999999 0.1288234375 0.731028125 0.10344687500000001 0.6816296875 0.1922984375
6 0.599553125 0.338965625 0.6004703124999999 0.339425 0.5954640625 0.3483953125 0.6182453125 0.3610234375 0.6402609375 0.32130468749999996 0.6165468749999999 0.308265625 0.599553125 0.338965625
2 0.3233546875 0.722090625 0.3603265625 0.7427109375 0.3931859375 0.683334375 0.39308125 0.6832703125 0.39883281249999997 0.6729140625000001 0.3619703125 0.652425 0.3233546875 0.722090625
10 0.5998671875 0.4017734375 0.60175 0.402815625 0.60161875 0.403075 0.604296875 0.4046140625 0.6252 0.36688125 0.6205390625 0.3643765625 0.5998671875 0.4017734375
10 0.4014703125 0.7955062500000001 0.4029859375 0.7963484375000001 0.402865625 0.796565625 0.4060625 0.7983453125 0.4273765625 0.759925 0.422671875 0.7573109375 0.4014703125 0.7955062500000001
10 0.3949140625 0.74580625 0.3824109375 0.7388125 0.362896875 0.7740875 0.375328125 0.7811 0.3949140625 0.74580625
10 0.6591921875 0.1962390625 0.6201046875 0.17449375 0.600596875 0.20966718750000002 0.6400203125 0.230953125 0.6591921875 0.1962390625
10 0.5926765625 0.350934375 0.5804734375 0.3439609375 0.560571875 0.379865625 0.5728359375000001 0.3867734375 0.5926765625 0.350934375
2 0.69199375 0.2256546875 0.670484375 0.21377968749999998 0.6358453125 0.276190625 0.6734671875 0.296759375 0.708259375 0.23395000000000002 0.6923203124999999 0.225065625 0.69199375 0.2256546875
13 0.617615625 0.3659171875 0.5940859374999999 0.35233593750000003 0.5747328125 0.38710468750000004 0.5985968749999999 0.40022812500000005 0.617615625 0.3659171875
10 0.6567921875 0.29150312500000003 0.6340375 0.2789140625 0.618825 0.3063140625 0.64155625 0.3189671875 0.6567921875 0.29150312500000003
8 0.687590625 0.05280625 0.621875 0.17130625 0.6631781250000001 0.19416093750000002 0.64204375 0.2320875 0.64239375 0.23228125 0.5821125 0.3410203125 0.5943890625 0.3481484375 0.6809390625 0.19189375 0.6815515624999999 0.1922578125 0.7410734375 0.0852828125 0.7408781249999999 0.08521875 0.74175 0.083646875 0.70340625 0.06193125000000001 0.7034171875 0.061709375 0.687590625 0.05280625
0 0.4555859375 0 0.0116078125 0.8009578125000001 0.370690625 1 0.5444140625 1 0.9883921875 0.1990421875 0.629309375 0 0.4555859375 0
1 0.22210312499999998 0.9020390624999999 0.21548906250000002 0.9139703125 0.226375 0.9200046875 0.2329390625 0.9081359375 0.22210312499999998 0.9020390624999999
10 0.29341875 0.9571671875 0.299646875 0.9459109375000001 0.2748328125 0.932078125 0.2708359375 0.9392703125 0.28764218750000003 0.9485859375000001 0.28536562499999996 0.952703125 0.29341875 0.9571671875
1 0.7012015625 0.053531249999999996 0.7070109375 0.043071874999999996 0.6951296874999999 0.036485937499999996 0.6892968749999999 0.047015625 0.7012015625 0.053531249999999996
6 0.42558749999999995 0.691909375 0.42613593749999995 0.69091875 0.41603124999999996 0.6852437499999999 0.41103750000000006 0.6942828125 0.4088421875 0.693103125 0.40892656250000003 0.6925921875000001 0.4070078125 0.691571875 0.38813749999999997 0.725521875 0.3891015625 0.72605625 0.38406093750000003 0.7352484375 0.39995625 0.743840625 0.42395468750000004 0.7004125 0.42297812500000004 0.699903125 0.4225546875 0.7006671875 0.42122187499999997 0.699965625 0.4256828125 0.692003125 0.42558749999999995 0.691909375
10 0.7601890625000001 0.095840625 0.7421125 0.085928125 0.7334671875 0.10156875000000001 0.751478125 0.1115765625 0.7601890625000001 0.095840625
10 0.39975312500000004 0.8021968749999999 0.35967812499999996 0.7799078125000001 0.3301625 0.8330500000000001 0.3733015625 0.8570109374999999 0.4028484375 0.80370625 0.39989375 0.8019421875000001 0.39975312500000004 0.8021968749999999
2 0.518903125 0.3570671875 0.52180625 0.3586765625 0.5219875 0.3585421875 0.5578375 0.378484375 0.59626875 0.30894374999999996 0.55755625 0.287378125 0.518903125 0.3570671875
7 0.2777484375 0.9260734375 0.30274843749999997 0.9399656249999999 0.3120015625 0.92325 0.330403125 0.9337953125 0.3708875 0.8607484375000001 0.3283390625 0.8358234375 0.3241390625 0.84335625 0.3237171875 0.8432265624999999 0.2777484375 0.9260734375
10 0.7179546875 0.2370890625 0.7107015624999999 0.2328875 0.7044374999999999 0.24414375000000002 0.7117875 0.2481921875 0.7179546875 0.2370890625
10 0.4381390625 0.708375 0.42508749999999995 0.7010640625 0.40105625 0.74441875 0.414125 0.7517390625 0.4381390625 0.708375
2 0.2865671875 0.788375 0.299134375 0.79535625 0.29946875 0.79475 0.3240046875 0.8082984375000001 0.35849375 0.7459390625 0.3215046875 0.725384375 0.2865671875 0.788375
1 0.31130625 0.9287015625 0.29502968749999997 0.958059375 0.31204375 0.9674906249999999 0.3281453125 0.9382734375 0.31130625 0.9287015625
10 0.7618796875 0.096421875 0.76176875 0.09633125000000001 0.7532234375 0.1117484375 0.759490625 0.11517187499999999 0.7717203125000001 0.09310937500000001 0.76561875 0.0896765625 0.7618796875 0.096421875
2 0.6104468749999999 0.22132187499999997 0.5979765625 0.21445937499999998 0.55913125 0.2845375 0.597946875 0.3061265625 0.6364921875 0.23660781250000001 0.6100796875000001 0.2219671875 0.6104468749999999 0.22132187499999997
1 0.779303125 0.08314375 0.76099375 0.11613906249999999 0.769946875 0.1211546875 0.770421875 0.1202953125 0.78530625 0.1285296875 0.803209375 0.09639375 0.779303125 0.08314375