13 0.5042175375 0.76955735 0.48329738750000006 0.7348196671875 0.46157291718750004 0.74787485 0.482456809375 0.782629825 0.5042175375 0.76955735
6 0.48061306249999997 0.80394136875 0.484838471875 0.8108641359375 0.4832828171875 0.8119248156250001 0.5023566609375 0.8435901671874999 0.503884790625 0.842610415625 0.513370696875 0.8585074484374999 0.5337203671874999 0.8463642828125 0.50085185 0.7918026031250001 0.48061306249999997 0.80394136875
10 0.1837217078125 0.28945548906249996 0.166570478125 0.260913340625 0.1615801234375 0.26398680625000004 0.1852492140625 0.3034355890625 0.1901468328125 0.3003466921875 0.1889047390625 0.2981554921875 0.197978990625 0.2927491453125 0.1928440984375 0.28397501406250003 0.1837217078125 0.28945548906249996
1 0.333200721875 0.362308121875 0.23788252499999998 0.20348490937500002 0.225275890625 0.2112410921875 0.24985425781249998 0.251939059375 0.251150896875 0.25097496874999997 0.2671904296875 0.277465928125 0.2656308328125 0.27840284843749996 0.3105675390625 0.35311927656250003 0.31210601250000003 0.3522858859375 0.3221244984375 0.3688923796875 0.333200721875 0.362308121875
8 0.2630968890625 0.2798887171875 0.2650038234375 0.278504175 0.2564040109375 0.2640178015625 0.13698104687499998 0.3362427078125 0.1357058703125 0.3373603796875 0.15188769375 0.3641900953125 0.1530505375 0.36349085937500003 0.153413021875 0.36404638437500003 0.2406492578125 0.3110652484375 0.285289228125 0.385392684375 0.29498594218749996 0.3798636140625 0.29780341250000003 0.3846416140625 0.320677065625 0.3708980859375 0.31007579218750003 0.35325574843749996 0.308115971875 0.3545492984375 0.2630968890625 0.2798887171875
6 0.1198731734375 0.28946972031249996 0.14416861875 0.329806109375 0.1607725796875 0.3196028609375 0.13491637812499999 0.27641778281249996 0.1306877515625 0.27889644062499996 0.128516371875 0.2753468921875 0.11601991250000002 0.2830652796875 0.11462038593749999 0.2838835125 0.11655569218749999 0.28711903125 0.11694814843750001 0.2869062234375 0.1188610234375 0.290111365625 0.1198731734375 0.28946972031249996
11 0.338120390625 0.402700753125 0.322060903125 0.376003178125 0.310134684375 0.3831051609375 0.326181525 0.409795840625 0.338120390625 0.402700753125
10 0.2356076828125 0.19974170156249998 0.2178431296875 0.17035070937500002 0.2064157671875 0.177372215625 0.223948365625 0.206663953125 0.2356076828125 0.19974170156249998
10 0.3469523875 0.41727994375 0.3397959234375 0.40543559062499995 0.327781509375 0.41274641250000005 0.33476818750000004 0.42451343750000003 0.3469523875 0.41727994375
10 0.24768159375 0.39374265625 0.2105676875 0.332329546875 0.19679744999999998 0.3405183609375 0.2338141828125 0.40215819062499997 0.24768159375 0.39374265625
7 0.2597245890625 0.386107875 0.2689500265625 0.4017264140625 0.27071214375 0.40027680937500004 0.2680849765625 0.3959056328125 0.280218646875 0.38834422812499997 0.28308143750000003 0.393170103125 0.2880337 0.3901654359375 0.2406492578125 0.3110652484375 0.2115803859375 0.3287821 0.2495243203125 0.3924468390625 0.2597245890625 0.386107875
2 0.2091471515625 0.410914028125 0.22752165937500002 0.4000373203125 0.23015415625000002 0.404418546875 0.2326465609375 0.40284246718750005 0.1958132890625 0.34152465625 0.16863021875 0.35816336875 0.2026125875 0.41505692187500004 0.2052241671875 0.4194825296875 0.21187216874999998 0.41557270625 0.2091471515625 0.410914028125
13 0.21377512968749998 0.2832319703125 0.1926871921875 0.24832867812499998 0.1688725734375 0.262364865625 0.1832391578125 0.28620829531249997 0.192326396875 0.28073529218750004 0.1991545265625 0.292162225 0.21377512968749998 0.2832319703125
2 0.2494636484375 0.2523559453125 0.24732295781250002 0.253542575 0.22282022656249997 0.21283971249999997 0.225014990625 0.2118173015625 0.20452040781249997 0.1776313203125 0.1662795859375 0.20116665 0.21498385468749998 0.282372825 0.2517718375 0.2608778953125 0.25369624062499996 0.25962062812500003 0.2494636484375 0.2523559453125
13 0.184211134375 0.30398530625000003 0.1616767703125 0.266718596875 0.13886351875 0.2803630265625 0.161327875 0.3177963703125 0.184211134375 0.30398530625000003
1 0.26015418437500004 0.4137858890625 0.28468225625 0.4546079640625 0.3335076828125 0.42527177031249996 0.30883946406249996 0.3838053796875 0.299952290625 0.3893253125 0.2971132234375 0.38473879843750003 0.28833564218749996 0.390376009375 0.2909534453125 0.39473320312500004 0.2695679625 0.40730899374999996 0.260513721875 0.39203744375 0.23285489843749999 0.40884277343750003 0.23058687031249997 0.40500387031249996 0.2125945015625 0.41636323593749996 0.2146397609375 0.4196951890625 0.199723275 0.42884168593750005 0.1975582 0.425306771875 0.17925339375 0.435940234375 0.1815084625 0.43969563125000005 0.174360140625 0.44417505 0.18359406875 0.45960808125 0.26015418437500004 0.4137858890625
2 0.178677346875 0.435184103125 0.1760927234375 0.4307575578125 0.1942476140625 0.41971188281250005 0.19702550937500002 0.4243337625 0.20326508593749998 0.42065931093750003 0.1659613546875 0.35887921093749997 0.15467643125 0.3661499875 0.15306041718750002 0.3635223046875 0.1328686171875 0.37582200625 0.1712765578125 0.4396932234375 0.178677346875 0.435184103125
2 0.06362833749999999 0.21790928593749997 0.0819543484375 0.2481681359375 0.057602734375 0.26290950468749996 0.080547684375 0.30134130937500003 0.12685261406249998 0.2730807875 0.0854819578125 0.20422922031250001 0.06362833749999999 0.21790928593749997
10 0.140926403125 0.22493380468750002 0.11701092500000002 0.1852051328125 0.08608401875 0.20449900312499997 0.10977060000000001 0.24379710625 0.140926403125 0.22493380468750002
3 0.19234989062500002 0.24462250624999998 0.1662795859375 0.20116665 0.13948901875 0.21670598124999998 0.165887703125 0.2606846765625 0.19234989062500002 0.24462250624999998
10 0.116962575 0.286959065625 0.10854107187499999 0.29200941875 0.11050185781249999 0.295146871875 0.1344676171875 0.3351571828125 0.142812975 0.32989138906250004 0.116962575 0.286959065625
10 0.158576484375 0.2543874671875 0.14382486875 0.22989746093750002 0.11260866249999998 0.248529196875 0.1273378640625 0.2729137484375 0.158576484375 0.2543874671875
8 0.6335619625 0.93222768125 0.6318523640625 0.9333306671875 0.590908965625 0.8651965718750001 0.5927245812499999 0.8641940515625001 0.58469128125 0.8508172671875001 0.5614081671875 0.8647612453125 0.505892196875 0.7724233593750001 0.49353109999999994 0.7795235328125 0.606064725 0.9666723781250001 0.6417195890625 0.9458511968750001 0.6335619625 0.93222768125
13 0.40795540781249995 0.11878161093749999 0.385530384375 0.08125524375 0.362553659375 0.09496477187499999 0.38526122812499997 0.132617978125 0.40795540781249995 0.11878161093749999
10 0.731310203125 0.6375624109375 0.7268317468750001 0.6301630921875 0.7165900578125 0.636472521875 0.7210097656250001 0.64382841875 0.731310203125 0.6375624109375
10 0.7438925484375 0.7059262453125 0.73859263125 0.6971648265625 0.716394740625 0.7104276656249999 0.7243626609375 0.7237448671875 0.742649196875 0.7126121046875 0.7400073375 0.7082168953125 0.7438925484375 0.7059262453125
10 0.688426421875 0.598033396875 0.6764106484375 0.6056384296874999 0.7063361546875 0.6553801046875 0.7092576078125 0.65370324375 0.7042304140625 0.6453982218750001 0.7134860609375 0.6399133828125 0.688426421875 0.598033396875
12 0.7206372937500001 0.7238114953125 0.6570866 0.6175715796875 0.630843440625 0.6334993375 0.694635925 0.7394338703125001 0.7206372937500001 0.7238114953125
10 0.7962004328125001 0.74507666875 0.769426653125 0.7005131812500001 0.744071546875 0.7148847953125 0.7711682421875 0.760306140625 0.7962004328125001 0.74507666875
10 0.8364635609375 0.88114931875 0.8200768734375 0.8538743421874999 0.8073001703125 0.8616570890625 0.8236086015625 0.8888720250000001 0.8364635609375 0.88114931875
1 0.7775158296875 0.61919816875 0.7964123703125 0.6506456218750001 0.7949021375 0.65155926875 0.8191071734375001 0.6921241359375 0.8206694593750001 0.69107961875 0.8354688749999999 0.71556905 0.8338971921875 0.7166219546875 0.8784463484374999 0.790762628125 0.8800780218750001 0.7897289203125 0.8925029125 0.8105698140625 0.8893880765625 0.812118453125 0.897407871875 0.825544434375 0.89586105625 0.8264738453125 0.9042116015625 0.8404413296875 0.9165764062499999 0.8330129015625 0.898430696875 0.8029409624999999 0.9017366890625 0.8009539359375 0.756089703125 0.5585574531249999 0.7449911234375 0.5650665921875 0.753246034375 0.5787269359375 0.7515625218750001 0.57962949375 0.775932525 0.620151309375 0.7775158296875 0.61919816875
10 0.37612210625000003 0.13396153125000002 0.3576887515625 0.1030849390625 0.346906465625 0.1099022390625 0.365256375 0.1404914625 0.37612210625000003 0.13396153125000002
1 0.5037296375 0.34617723125 0.5053981453125 0.34517403125 0.49331265 0.325058103125 0.49137912968749997 0.32621986718749996 0.46398751562499996 0.28043310312499997 0.4600778734375 0.282781659375 0.412816784375 0.20392361874999998 0.42250623281250005 0.1979695828125 0.410196815625 0.1775817703125 0.407605790625 0.179137278125 0.3844902203125 0.1410676125 0.38286704375 0.1420436046875 0.379756721875 0.1369700328125 0.36552765 0.145916103125 0.38471025625 0.177935325 0.39399093125 0.1724930875 0.40314492187499995 0.18782809843749998 0.39396747187500003 0.193342640625 0.49981553125 0.369502290625 0.512960515625 0.361738703125 0.5037296375 0.34617723125
2 0.8949319046875001 0.8265515375 0.885987865625 0.81175335625 0.847773765625 0.8351663953124999 0.865120734375 0.8639305109375 0.9016774875 0.841963975 0.893141059375 0.8277532593749999 0.8949319046875001 0.8265515375
10 0.82954604375 0.842938490625 0.8215159265624999 0.8477634843749999 0.8281589265625 0.8587553375000001 0.836201196875 0.8539724890624999 0.82954604375 0.842938490625
8 0.79859880625 0.7467105984375 0.79659738125 0.7477558078125 0.84585805 0.8292574453125001 0.8863110656250001 0.8055106796875 0.8780418765625001 0.79170800625 0.876114521875 0.7927710171875 0.8311005046875 0.71781863125 0.8329637578125 0.7166494390625 0.824840603125 0.7031655578125 0.79855314375 0.7191554453125 0.7405685203125 0.622478184375 0.7283942062500001 0.629870915625 0.79859880625 0.7467105984375
6 0.7167350906250001 0.660294178125 0.7151654453125 0.6612364281249999 0.73422605625 0.69304995625 0.73574686875 0.6920733578125 0.7454782109375 0.70862906875 0.7671906765625 0.6947809281249999 0.7340792796875 0.639467378125 0.71243415 0.6531814 0.7167350906250001 0.660294178125
13 0.8319163828124999 0.8444330171875001 0.8386098843750001 0.8555722781249999 0.829478471875 0.8609652171875 0.840242665625 0.878878028125 0.8640838437499999 0.8645534546875 0.846526959375 0.835560803125 0.8319163828124999 0.8444330171875001
7 0.7834809515625001 0.7949357375 0.799687303125 0.8217155125 0.798077165625 0.8228580578125 0.813443265625 0.8487509640625 0.8457689109375 0.8293115359375 0.79659738125 0.7477558078125 0.7643048421875 0.7671706281249999 0.78159429375 0.79606996875 0.7834809515625001 0.7949357375
2 0.7508580375 0.57999009375 0.7427473171875 0.566444465625 0.7178733 0.5817792921875 0.758734603125 0.6498653437499999 0.7836120171875 0.6344563140624999 0.775422178125 0.62077894375 0.7736634718750001 0.6220792640624999 0.74909186875 0.581052390625 0.7508580375 0.57999009375
5 0.673135690625 0.6007372281250001 0.656013525 0.6115010937500001 0.7122775015625 0.7045473765625 0.7323800281249999 0.6923161703125 0.7096321624999999 0.654217865625 0.70628789375 0.656385546875 0.673135690625 0.6007372281250001
1 0.7743558578124999 0.788589584375 0.77623203125 0.78719560625 0.764339425 0.7672431468750001 0.7622741859375 0.768536740625 0.758295128125 0.761916234375 0.76754951875 0.7562000375 0.74344911875 0.7159771375 0.7260474375 0.7264330125 0.8044671203125 0.8570613093749999 0.8126389984375001 0.8523020296875 0.7743558578124999 0.788589584375
2 0.7941918875 0.6519754078125 0.7850616203125 0.6368797578125001 0.7601556031250001 0.6522293734375 0.7970715265625 0.7132596546875 0.82212906875 0.698404975 0.81863565625 0.69256620625 0.8167124953125 0.6937992484375 0.7922834421875 0.652954528125 0.7941918875 0.6519754078125
10 0.432029459375 0.1582417578125 0.41117349062499997 0.123693303125 0.3861508796875 0.1383440765625 0.4069542234375 0.1734340546875 0.432029459375 0.1582417578125
10 0.4785566390625 0.2783474984375 0.47207426406249997 0.2675627125 0.464186821875 0.27242766406249996 0.47055721562499997 0.28302379843750003 0.4785566390625 0.2783474984375
13 0.73877391875 0.6195514078125 0.7164513890624999 0.58234190625 0.6936796562499999 0.5960238359375001 0.7160438265625 0.6331286421875 0.73877391875 0.6195514078125
11 0.5927114671875 0.31368080625 0.57671559375 0.2869217859375 0.565175521875 0.294457653125 0.5810771265625 0.3207431125 0.5927114671875 0.31368080625
2 0.46278641093750006 0.1237942671875 0.42605471093749997 0.0626912828125 0.40262382656250006 0.07670660625 0.439290259375 0.13768289218750002 0.46278641093750006 0.1237942671875
8 0.3720488796875 0.0288169921875 0.36024678125 0.0365555171875 0.49031465937499996 0.252853578125 0.5271870140625 0.23075606406250002 0.46566649218749995 0.1286564015625 0.44117426875000004 0.14375832187499998 0.3720488796875 0.0288169921875
10 0.400133428125 0.18561683906249998 0.394344234375 0.176026534375 0.38639748281249997 0.1807251828125 0.39216407656249996 0.1903218890625 0.400133428125 0.18561683906249998
10 0.36732139531249997 0.088521771875 0.342395090625 0.047051134375 0.334013878125 0.05208813125 0.35893766562499996 0.09362959062500001 0.36732139531249997 0.088521771875
2 0.578578378125 0.3229882546875 0.5267985453125 0.2372027046875 0.49041352031249996 0.259458609375 0.5416426359375001 0.3451407765625 0.578578378125 0.3229882546875
13 0.47454551875 0.26914121562500004 0.481193503125 0.28008887968749996 0.472188115625 0.285691446875 0.48627493125 0.309180615625 0.50993620625 0.29495658125 0.48905918281250005 0.26000845781250004 0.47454551875 0.26914121562500004
6 0.343862425 0.0417872796875 0.3482118078125 0.049105410937499996 0.345881534375 0.050504857812500005 0.36850807812499997 0.08812257343749999 0.385035778125 0.077973871875 0.36247649531250004 0.0402667828125 0.3593700828125 0.0421331140625 0.3552329640625 0.035009475 0.343862425 0.0417872796875
5 0.3580391015625 0.0294834140625 0.3524371125 0.0201951625 0.3317599890625 0.0245902203125 0.3410736859375 0.040158051562500005 0.3580391015625 0.0294834140625
7 0.410092640625 0.1744538265625 0.429240803125 0.2065139140625 0.42234796875 0.21065468906249998 0.458819946875 0.2711595390625 0.49031465937499996 0.252853578125 0.43429023593749994 0.15979950625 0.410092640625 0.1744538265625
3 0.5409397609375 0.3455841 0.5121773390625 0.29783476875 0.48835627343750004 0.3120735984375 0.5169866578125 0.360081021875 0.5409397609375 0.3455841
1 0.33772243125 0.067138146875 0.33021626875 0.0548585515625 0.3181703796875 0.0623294140625 0.3443470421875 0.10548151875 0.3564212171875 0.0981963328125 0.349993809375 0.0874973046875 0.35202165937499996 0.0861781125 0.339888084375 0.0658359890625 0.33772243125 0.067138146875
1 0.42003208125 0.0436683875 0.43864895 0.07476954531249999 0.4370978734375 0.075701459375 0.46156833124999996 0.11665079375000001 0.46326939375 0.11562789531249999 0.47786565000000003 0.14009341718749999 0.47647709687499995 0.1410083578125 0.5210173250000001 0.215400125 0.52259090625 0.21445384218750002 0.5348783953125 0.2349038234375 0.532011615625 0.23684541406249998 0.539677403125 0.24993610781250003 0.5381038218749999 0.250882390625 0.5625608515625 0.2915055125 0.574967240625 0.28394205 0.5408434125 0.227262265625 0.5441188234375 0.22535681875 0.41311282968749996 0.007298140625 0.39800350624999997 0.0105097265625 0.41851419375 0.044658740625 0.42003208125 0.0436683875
10 0.360590375 0.09650505781249999 0.3627610375 0.10022408437500001 0.36043269843750003 0.1017077828125 0.380504234375 0.1349405796875 0.3839008140625 0.132816090625 0.361686584375 0.09584554375 0.360590375 0.09650505781249999
2 0.424433571875 0.059994403125 0.39508587500000003 0.011129887500000001 0.3668281078125 0.0171362625 0.40111453125 0.0740849921875 0.424433571875 0.059994403125
2 0.65373981875 0.9655097625 0.644603946875 0.9503050828124999 0.6064864875 0.973879684375 0.6143089265625 0.986873184375 0.6583821171875 0.9775051390625 0.651844234375 0.9665644234374999 0.65373981875 0.9655097625
10 0.55557943125 0.8827761515624999 0.5364519328124999 0.850956075 0.5125917062500001 0.8652511515624999 0.5333921875 0.9000270499999999 0.55557943125 0.8827761515624999
10 0.48307574375 0.7858272625 0.4847443796875 0.788574746875 0.47615663281250004 0.79371475 0.48024813125000004 0.8005110312499999 0.49807096093750003 0.7897819375 0.4923306 0.7802259796875 0.48307574375 0.7858272625
2 0.539974296875 0.7760749 0.53792826875 0.777233421875 0.51358800625 0.7366110390625 0.5153505203125001 0.7354488828125 0.5065403500000001 0.7206717671875 0.484717725 0.7341519578125 0.5212764703125 0.7952453796875 0.543396946875 0.781941490625 0.5430250578125 0.7812665625 0.539974296875 0.7760749
5 0.5010882375000001 0.8437926875 0.44134492343750004 0.7441171203125 0.4243467859375 0.7548482328125 0.48390685937500005 0.854067553125 0.5010882375000001 0.8437926875
1 0.529650584375 0.89592150625 0.5106438921875001 0.8642338953125 0.4891841390625 0.8769788234375 0.5615988734374999 0.9975578953124999 0.5700482484375 0.9924808515624999 0.514075590625 0.899272009375 0.5181687171875 0.896967515625 0.5205753296875 0.90114276875 0.529650584375 0.89592150625
13 0.5907468078125 0.9835046640625 0.5952304625 0.9909284375 0.6128432328125 0.987184728125 0.605331040625 0.9746588171875 0.5907468078125 0.9835046640625
10 0.4243467859375 0.7548482328125 0.4175811578125 0.7591440734375 0.47706838906250004 0.858065784375 0.48390685937500005 0.854067553125 0.4243467859375 0.7548482328125
1 0.509028190625 0.7194800359375 0.517820590625 0.734181059375 0.5162509734375 0.7353038109375001 0.5405256875 0.7755727234375 0.54204829375 0.774566990625 0.5560954609375 0.79794478125 0.5546799421874999 0.7990635312500001 0.5788892531250001 0.8395508140624999 0.580436771875 0.8385270078125 0.595168046875 0.8631091953125001 0.593648496875 0.864114278125 0.6341534015625 0.931463003125 0.635734446875 0.9304240828125 0.6559357515625 0.9641772078124999 0.6543466578125 0.9651331765625001 0.6613822796875 0.976867434375 0.6766474953125 0.9736227124999999 0.519959353125 0.7129122359375 0.509028190625 0.7194800359375
0 0.44744788281250003 0 0.3142007109375 0.0283225609375 0.0014027875000000001 0.2162702640625 0.4723144828125 1 0.5525521171875 1 0.6857992890625 0.9716774390625 0.9985972125 0.7837297359375001 0.5276855171875 0 0.44744788281250003 0
10 0.4500027953125 0.7395324875 0.44183661093750004 0.7442809734375 0.467485090625 0.787165165625 0.4758681625 0.7822571625 0.4500027953125 0.7395324875
10 0.580317534375 0.986707075 0.584212546875 0.9932703671875001 0.5938182624999999 0.991228609375 0.58820175 0.98187955 0.580317534375 0.986707075
2 0.5538129359374999 0.79944110625 0.5449254609375 0.7845558234375 0.5227458234375 0.797603925 0.5596853281249999 0.8587601812500001 0.5817946609375 0.8460576874999999 0.578187125 0.8400051609375 0.5763730078125 0.84115751875 0.552007428125 0.8004686328125 0.5538129359374999 0.79944110625
12 0.48185061406249996 0.8711703703125 0.41812303125000005 0.7649249250000001 0.39216499374999997 0.7809390375 0.45575323437500004 0.886581528125 0.48185061406249996 0.8711703703125
10 0.5119500218749999 0.8564756109375 0.5072383625 0.84854280625 0.48155786718750004 0.864344575 0.4876229671875 0.8745790937500001 0.5099472265625 0.8607910046875 0.508606875 0.858558390625 0.5119500218749999 0.8564756109375
7 0.5376509921875 0.9291866140625 0.55428940625 0.9568793203125001 0.5524721140625 0.9579716515625 0.5706036625 0.9882926 0.6060434234375001 0.9666848921875 0.55719510625 0.8854773874999999 0.522003409375 0.9072751734375 0.53584021875 0.9303622218750001 0.5376509921875 0.9291866140625