0 0.45558619375 0 0.011608396875 0.8009571484375 0.3706912078125 1 0.54441380625 1 0.988391603125 0.19904285156249998 0.6293087921875 0 0.45558619375 0
10 0.308019603125 0.6834041328125 0.299009725 0.6998227531250001 0.31042145 0.7057374828125 0.3194326390625 0.6894196328125 0.308019603125 0.6834041328125
5 0.3275011390625 0.6833624984375 0.31378024375 0.7082477890625001 0.331529396875 0.71919214375 0.37605926875 0.6384939390625 0.36726960625 0.633582446875 0.431356165625 0.5179994625 0.44022151875000004 0.5227099468749999 0.48481707343749997 0.4424572578125 0.4657046859375 0.43284744531249997 0.45633038125000003 0.44985904843749996 0.4359788171875 0.43894600937500006 0.427751390625 0.4538885921875 0.4240318703125 0.452032275 0.404413771875 0.48729212187500004 0.4079984234375 0.48935951875 0.390804434375 0.5203106156249999 0.39671563125 0.523505065625 0.3127026421875 0.6752006484375 0.3275011390625 0.6833624984375
13 0.43788757812499995 0.5512470453125 0.4207829 0.5819564484375 0.43790561875 0.5910368328125 0.4555089109375 0.5596051671875 0.43788757812499995 0.5512470453125
10 0.40735105625 0.5655375140625 0.38753592187499997 0.6013848734375 0.39445703125 0.605139128125 0.4142448390625 0.569440978125 0.40735105625 0.5655375140625
10 0.4310456203125 0.5227366 0.40939630156250006 0.5617994515625 0.4164472359375 0.5656256703125 0.43814471875 0.526301890625 0.4310456203125 0.5227366
10 0.4136256953125 0.5790503218749999 0.41846228906249994 0.5816437515625 0.43595707343749995 0.550214465625 0.4310694546875 0.5475873921875001 0.4136256953125 0.5790503218749999
10 0.4927119875 0.45490663124999997 0.5080303921875 0.4636710953125 0.5153090125 0.45049822187500005 0.49199953125 0.43746680312499997 0.4556999390625 0.5027112828125 0.4640279234375 0.507131046875 0.4927119875 0.45490663124999997
13 0.4919301296875 0.46034900937499995 0.4656208484375 0.507944346875 0.479472771875 0.5151259484375 0.5062133390625 0.46750348906249994 0.4919301296875 0.46034900937499995
13 0.456729165625 0.507932028125 0.4362549015625 0.5453487953125 0.45903620624999997 0.5570673562499999 0.47893469375000003 0.520937484375 0.456729165625 0.507932028125
10 0.385500075 0.6049512828125 0.37128595937500003 0.630645790625 0.3781633734375 0.6345723375000001 0.3926380625 0.6085559953125 0.385500075 0.6049512828125
2 0.5626890734375001 0.41733023124999996 0.5203806046875 0.49345368437500003 0.5553438296875 0.5134683203125 0.552007728125 0.5193224375 0.5764469671875 0.5325459734375 0.5830116640624999 0.5206191515625 0.5806387046875 0.51920196875 0.6160480749999999 0.45525409375 0.61837364375 0.45646993125 0.62228709375 0.449703165625 0.5626890734375001 0.41733023124999996
2 0.483802309375 0.31291549375 0.4867035875 0.30751708125 0.53505384375 0.333557021875 0.5912469890625001 0.2321013296875 0.522069340625 0.1938216328125 0.513223725 0.20950237500000002 0.5157775 0.2108286296875 0.47639305 0.2815287609375 0.474232465625 0.2803311296875 0.46293176875000003 0.30078580625 0.483802309375 0.31291549375
13 0.48577949374999996 0.314199046875 0.44245142499999995 0.392178021875 0.4674152375 0.4054833140625 0.510725921875 0.3278966640625 0.48577949374999996 0.314199046875
10 0.440033934375 0.39578835 0.43518645781250004 0.4043883984375 0.4606742625 0.41875948125000007 0.4655632640625 0.4099394890625 0.440033934375 0.39578835
10 0.44550917031250004 0.42165288749999996 0.438658121875 0.43424455625 0.456862515625 0.44449977343749997 0.4640800625 0.431578884375 0.44550917031250004 0.42165288749999996
6 0.49164939687500003 0.3684964 0.4631199578125 0.42006155781250004 0.4891531546875 0.43486358437500006 0.517821025 0.3830035703125 0.49164939687500003 0.3684964
9 0.49372578125000005 0.43756259062499997 0.49608949375 0.4332596640625 0.5183878390625 0.44556267031249996 0.5406514375 0.4046858125 0.5158186296875 0.3910958375 0.49096628593749997 0.4359918875 0.49372578125000005 0.43756259062499997
4 0.40573804999999996 0.399537721875 0.350884309375 0.49854161250000006 0.38710313125 0.518618034375 0.44198201875 0.4195655546875 0.40573804999999996 0.399537721875
12 0.253080709375 0.6749034046875 0.295245625 0.6978470421875 0.38908245468749997 0.529949996875 0.34603259531249997 0.5065176140625 0.253080709375 0.6749034046875
11 0.524687715625 0.580785215625 0.499601090625 0.6260426859375 0.5188705375 0.6364327171874999 0.5438712265625 0.590975759375 0.524687715625 0.580785215625
2 0.5490745203125 0.5294355640624999 0.553917871875 0.5204884375 0.546662734375 0.517056390625 0.54572304375 0.517723528125 0.496555384375 0.48912958125 0.439661115625 0.5926816421875001 0.4890179625 0.6199351859375 0.4891656359375 0.6202617921875 0.49606888125 0.624699303125 0.5240047953125 0.574591640625 0.5212032843750001 0.57320309375 0.546276275 0.5279702234375 0.5490745203125 0.5294355640624999
10 0.62463063125 0.250972415625 0.6149636953125001 0.2682702203125 0.6277547734375 0.275431890625 0.637536165625 0.2578438046875 0.62463063125 0.250972415625
7 0.6273946609375 0.28070965625 0.610677125 0.271442975 0.622960240625 0.249612384375 0.5950497328125001 0.23433606562499998 0.53604575625 0.3402309375 0.5816444625 0.364118609375 0.6273946609375 0.28070965625
8 0.4996632640625 0.4836259515625 0.51853026875 0.4924601828125 0.5651339859375 0.4082559359375 0.62591264375 0.44245345937499997 0.6386957453125001 0.41958873125 0.6366721531249999 0.4181794109375 0.6920790453125 0.31819050312499997 0.6946530265625 0.3196994625 0.7077208875000001 0.2960921875 0.639428784375 0.2590929859375 0.5816444625 0.364118609375 0.5137169109374999 0.32777346406249996 0.4911844125 0.368197565625 0.5470003578125 0.39852408281249996 0.4996632640625 0.4836259515625
1 0.5528455734375 0.529948421875 0.5276974765625 0.5755166093749999 0.5465075109375 0.5866774296874999 0.5716813375 0.5407179703125 0.5528455734375 0.529948421875