0 0.14989623125 0 0.003068365625 0.40340624218750004 0 0.491269375 0 0.85010376875 0.40340624218750004 0.996931634375 0.491269375 1 0.85010376875 1 0.996931634375 0.5965937578125 1 0.508730625 1 0.14989623125 0.5965937578125 0.003068365625 0.508730625 0 0.14989623125 0
2 0.3796813140625 0.5738856875 0.382932903125 0.48076472812500004 0.3037475328125 0.478144 0.300395578125 0.5711935109375 0.3178127046875 0.57172474375 0.318018696875 0.565795428125 0.3713915859375 0.5677341375 0.3712450421875 0.573513825 0.3796813140625 0.5738856875
2 0.44534550156249997 0.57029645625 0.44513964375 0.57622083125 0.45368072968749995 0.5765194375 0.45684818437499997 0.48351085468750005 0.3865085921875 0.4809820421875 0.3832937265625 0.5740614953125001 0.4006231515625 0.5745824234375 0.40080831874999995 0.56865550625 0.44534550156249997 0.57029645625
8 0.460702725 0.47835247187499996 0.45735551093750004 0.5766015515625 0.46879631093749996 0.577001134375 0.4689821375 0.5711043859375 0.5398965828125 0.5735248375 0.5396643937500001 0.579562675 0.5569321453125 0.580079446875 0.56194010625 0.43217238281250003 0.43753874374999996 0.427898090625 0.437664403125 0.4236788015625 0.4498736484375 0.4238858453125 0.450891425 0.3952823828125 0.40626110468750004 0.39395671718749997 0.40512855937500003 0.42243693125000004 0.4174523828125 0.42295504843750004 0.41732591250000006 0.42720397187500003 0.3543182015625 0.42505243750000005 0.35378864062500004 0.439061478125 0.35454633750000003 0.43909947968749996 0.3533964140625 0.4744572671875 0.460702725 0.47835247187499996
1 0.559119084375 0.6351418437499999 0.560691240625 0.5889434484375 0.300028859375 0.579839503125 0.29850439375 0.6259205703124999 0.559119084375 0.6351418437499999
1 0.6071851390624999 0.636868334375 0.609217975 0.5866174843749999 0.5672927640625 0.5852970203125001 0.565746178125 0.635769746875 0.6071851390624999 0.636868334375
6 0.401138315625 0.42603113125 0.40248905312499994 0.388732809375 0.40549583125 0.38882286875 0.4067465109375 0.354028853125 0.40437743125000003 0.3539364453125 0.40461721562499997 0.34704171562499997 0.37277110156250004 0.3459012359375 0.3725236578125 0.3529677703125 0.3567827828125 0.3525228671875 0.35425298125000004 0.42440016875 0.401138315625 0.42603113125
7 0.490325128125 0.4296116890625 0.5620022062500001 0.4320885671875 0.564988525 0.34581814375 0.5419271234374999 0.344978478125 0.541770403125 0.3508592171875 0.49734429062499996 0.349205484375 0.49752518281249997 0.3432903125 0.46708483437500004 0.342330596875 0.4653007515625 0.3905868640625 0.46976351875000005 0.390756246875 0.4685973609375 0.42412110781249995 0.49049017812500006 0.42490956718749995 0.490325128125 0.4296116890625
2 0.57538751875 0.44998329843749996 0.57535389375 0.450381765625 0.565240415625 0.4499947234375 0.5605245296875 0.5798123171875 0.5673538578125 0.580021646875 0.5675439531250001 0.574583715625 0.603038128125 0.575879721875 0.6028337546875 0.5817497671875 0.6611643046875 0.5837453375 0.6658822343749999 0.452423675 0.57538751875 0.44998329843749996
13 0.34947293125 0.4712118203125 0.3528075796875 0.377999709375 0.3072284875 0.3767909703125 0.30389725 0.46929930625000005 0.34947293125 0.4712118203125
10 0.3529808125 0.3731608921875 0.353646678125 0.352335853125 0.3280783015625 0.3513851828125 0.3275317484375 0.37005046875000003 0.307008428125 0.36930486406249996 0.306911275 0.3714676953125 0.3529808125 0.3731608921875
10 0.4149313046875 0.2873142078125 0.41259331250000003 0.354287953125 0.40986980624999997 0.354196240625 0.40898012968749997 0.380264034375 0.42600613593750003 0.380746025 0.42909706718749996 0.2878426125 0.4149313046875 0.2873142078125
1 0.6696791015625 0.3408830578125 0.671321325 0.296100246875 0.43220384999999995 0.2878726296875 0.4289320140625 0.38084820937499997 0.46248006718749995 0.381876521875 0.46415220156250003 0.33344815 0.6696791015625 0.3408830578125
3 0.5765786265624999 0.4198300296875 0.57581709375 0.445024946875 0.58323165 0.4452527359375 0.583052084375 0.44983484375 0.6109958671875 0.45070064531250004 0.6144074640625 0.35322491093749997 0.587768578125 0.3523601625 0.5879447578125 0.34658128593750004 0.5687744968749999 0.34593740156249997 0.56619346875 0.41950871875000006 0.5765786265624999 0.4198300296875
13 0.6617774187500001 0.38732174218750004 0.6475413296875 0.38670788125 0.6486355421875001 0.353316834375 0.617486425 0.3520841828125 0.6141282671875 0.4462471609375 0.6597015578125001 0.44766828593749997 0.6617774187500001 0.38732174218750004
10 0.6682432703125001 0.3824536765625 0.6695228296875 0.3452458421875 0.65228126875 0.3446388375 0.651077775 0.3819392046875 0.6682432703125001 0.3824536765625
11 0.66106569375 0.5881324359375 0.6123321640625 0.586430709375 0.610657440625 0.6368534734375 0.6592753546875 0.6385896062499999 0.66106569375 0.5881324359375