5 0.261794834375 0.4611414375 0.291318175 0.4873186078125 0.30741615625 0.46879962031250005 0.3362921828125 0.4932168703125 0.331465653125 0.4984907328125 0.3107232078125 0.48030114843750005 0.26967613749999997 0.5264163515625 0.33328258437499997 0.581878115625 0.37888939375 0.5302468953125 0.4041404078125 0.55270900625 0.4049160953125 0.5554359078125 0.3868674796875 0.5761971906250001 0.42698589218749994 0.6110714109375001 0.543267978125 0.47702586093750005 0.488822309375 0.4297602515625 0.465767615625 0.45641290625000003 0.48024314375 0.468863490625 0.43422324375 0.5225600921875 0.3777321734375 0.4731117453125 0.382741296875 0.46873710468749996 0.3544264875 0.4439542046875 0.35041459218750004 0.44884977499999995 0.31687355781250004 0.4208908671875 0.32100371562499996 0.41558202499999997 0.2928797515625 0.391134753125 0.288835196875 0.39634498906250004 0.27008613124999997 0.38004726718750004 0.267089228125 0.38377316562499997 0.236345715625 0.357048496875 0.21175307187499998 0.38478257031249996 0.27609182187500003 0.44151842500000005 0.2766230421875 0.4440850921875 0.261794834375 0.4611414375
3 0.734144065625 0.3580140328125 0.73485699375 0.3591285390625 0.756294159375 0.334705640625 0.754050659375 0.3327627265625 0.7608813421875 0.32478809062499997 0.7469954046875 0.3129371484375 0.7492172265625 0.3102197375 0.7353205828125 0.2983320171875 0.7262186546875 0.308641559375 0.7234565828124999 0.3063390734375 0.73253370625 0.2958763765625 0.6829644765625 0.2527797140625 0.673631459375 0.26332361406250004 0.677327640625 0.2664177234375 0.6633664421875001 0.28208931875 0.6599793203125001 0.2790273109375 0.6503513921875 0.2899085203125 0.6686135578125 0.306022721875 0.6708028546875 0.303513725 0.702185259375 0.3305180640625 0.7090868 0.3226933328125 0.711909984375 0.3251473671875 0.70496163125 0.333140328125 0.734144065625 0.3580140328125
10 0.415226059375 0.6249389890625 0.426294696875 0.611884875 0.38629447968749997 0.5770132859375 0.3747908890625 0.59008808125 0.415226059375 0.6249389890625
1 0.6663566515625 0.699502534375 0.750912815625 0.6025635687500001 0.667459390625 0.5298075625 0.5829971140625 0.627146096875 0.6663566515625 0.699502534375
3 0.339626378125 0.7191561046875 0.3175922484375 0.7446662078124999 0.331424165625 0.7567883125 0.324791384375 0.7640967468750001 0.35634287656249997 0.7911262078125 0.3846838703125 0.758523434375 0.339626378125 0.7191561046875
2 0.46948243125 0.9211415078125 0.48314752656250004 0.9053689859375 0.46978399531250004 0.8937517015625 0.486751290625 0.8744979687500001 0.45844843593749995 0.8505829140625 0.45627149375 0.8532782328125 0.4158622078125 0.8180932578125001 0.417400921875 0.8148099999999999 0.4113470375 0.809957575 0.4240893296875 0.794626165625 0.38649737812499996 0.761578028125 0.316616696875 0.841725896875 0.322633984375 0.8470985875 0.3249394390625 0.8446782484375 0.3657682 0.8797268984375 0.363568996875 0.8821473718749999 0.44293102656250005 0.951295625 0.44412699375000003 0.9493979625 0.4410889 0.9465963234375 0.465851671875 0.918063934375 0.46948243125 0.9211415078125
12 0.25976225468749997 0.46814870624999994 0.22193919062499998 0.435864065625 0.1440147171875 0.5257022250000001 0.2088483625 0.58182455 0.289048234375 0.48956610468750006 0.261550578125 0.4659006921875 0.25976225468749997 0.46814870624999994
4 0.2747856359375 0.37492057968750003 0.4010160390625 0.4849348703125 0.43898312968750003 0.440791784375 0.31295719843750003 0.33123859843750003 0.2747856359375 0.37492057968750003
13 0.3232537390625 0.7660274328125001 0.30832959843749996 0.7833559921875 0.2966646828125 0.7734156750000001 0.2730187109375 0.8002942359375 0.3154283828125 0.8370647390625001 0.3536559984375 0.7932485453125 0.3232537390625 0.7660274328125001
1 0.5324354875 0.7956244515625001 0.558609128125 0.8176384656250001 0.6592991328125 0.7026073953124999 0.633944003125 0.680565190625 0.5324354875 0.7956244515625001
2 0.8287720249999999 0.44429448125000004 0.8588211375 0.409925209375 0.7635285828125 0.3273339046875 0.7075455359375 0.39156083124999996 0.7917775046875 0.464423153125 0.791748815625 0.46523120625000003 0.8022446046875 0.47423410625000006 0.8055152078125 0.4706635171875 0.8022611546875 0.4678351328125 0.82524695625 0.44158542343749996 0.8287720249999999 0.44429448125000004
10 0.428682275 0.51636254375 0.470801128125 0.46799630625 0.44686823281250004 0.44697814375 0.40440204843750005 0.4951238125 0.428682275 0.51636254375
2 0.5786899046875 0.7320081953125 0.59206141875 0.7163192171875 0.5889595203125 0.7136771468750001 0.6136742734375 0.68459515625 0.6171716765624999 0.6879577640625001 0.6277829921875 0.6753149281249999 0.571168834375 0.625808153125 0.5215995062500001 0.682827196875 0.5786899046875 0.7320081953125
10 0.862388003125 0.4688830765625 0.887561075 0.43976444218750005 0.8599573109374999 0.41576966562499995 0.8347670968750001 0.4450690703125 0.862388003125 0.4688830765625
10 0.42625641875 0.62877344375 0.417363853125 0.638874334375 0.4197545 0.64111063125 0.4080072171875 0.6548653578125 0.44934655625 0.6907078515625 0.46970515312499994 0.6672884609375 0.43699653281249995 0.6386285828125 0.436694378125 0.6380070609375 0.42625641875 0.62877344375
10 0.526791528125 0.5781281671875 0.55040245625 0.55032501875 0.51877676875 0.5227333328125 0.4942713484375 0.549959153125 0.526791528125 0.5781281671875
1 0.72715893125 0.5725630875000001 0.7525409546875 0.59492545625 0.8601477484375 0.47178548437499995 0.8314065609375 0.44700277968749996 0.8060095828125 0.47750752968750004 0.8082729625 0.479574365625 0.79675011875 0.49282928437500007 0.7937501625000001 0.4903223609375 0.73365219375 0.5592943625 0.7366387640625 0.56199244375 0.72715893125 0.5725630875000001
10 0.48364793281249996 0.5987568734375001 0.5075932109375 0.571046703125 0.49005951249999996 0.5556069531250001 0.466032796875 0.5832471671875 0.48364793281249996 0.5987568734375001
1 0.298968403125 0.748463421875 0.3206313125 0.7234533078125 0.311489809375 0.7154964234375 0.3132168375 0.7133128531249999 0.28376899375 0.6878334828125 0.28206228125 0.6897956625 0.26097952343749997 0.6713587734375001 0.2627864359375 0.66923890625 0.23552239687499998 0.6453006265625 0.211619421875 0.6724114 0.298968403125 0.748463421875
10 0.594588715625 0.5234365984375 0.6256561984375 0.4876976578125 0.59501983125 0.4610646671875 0.5641642703125 0.496752865625 0.594588715625 0.5234365984375
13 0.5246047546875 0.60537716875 0.5338437218750001 0.5943435359375 0.5107631484375 0.57403306875 0.48691664218749997 0.601333253125 0.48880284375 0.6027972218750001 0.48661203750000004 0.6051902234375001 0.469030140625 0.5894168640624999 0.43527050625 0.627960490625 0.4741811203125 0.661441821875 0.5076738515625 0.6231816828125 0.505737190625 0.6215728890625 0.50791446875 0.6193374984375 0.5115708359375 0.6225164828125 0.5258002234375 0.6064173765625 0.5246047546875 0.60537716875
1 0.6572976171875 0.27669625 0.6704873124999999 0.26094821874999996 0.6677464265624999 0.25868225 0.676889278125 0.247774046875 0.658589184375 0.2317083265625 0.492505665625 0.42257602656250004 0.5461984921874999 0.46889169375 0.5672826609375 0.4444405921875 0.5408614218750001 0.42147166875000003 0.562455828125 0.3966289328125 0.565710615625 0.3994586953125 0.5784321718750001 0.383662278125 0.5756568234375 0.38124828593750004 0.5939260140625 0.3610050234375 0.596659175 0.3638555421875 0.620827303125 0.335665875 0.61795555 0.3331704203125 0.62880440625 0.32049507187500004 0.6387637765624999 0.3291514296875 0.6598043765625 0.30513758750000003 0.6412473859375 0.289364190625 0.6544441484375 0.27456800625 0.6572976171875 0.27669625
1 0.4712887140625 0.835172859375 0.4754372171875 0.8304010828124999 0.519676115625 0.8681190296875 0.5564017437500001 0.8258712484374999 0.4735878984375 0.7531432578125 0.43051517656250005 0.799482553125 0.4206340328125 0.8102170265625 0.5028712828125 0.882389784375 0.5120862296875 0.8712344296874999 0.4712887140625 0.835172859375
10 0.5517082515625 0.473313190625 0.5574091390625 0.4785001859375 0.5515191515625 0.48518538749999995 0.5570869093749999 0.48996890625 0.5873582374999999 0.45467629218749994 0.576584859375 0.44525116562499994 0.5517082515625 0.473313190625
10 0.30675959062499997 0.7782465562499999 0.3261142265625 0.7558511718750001 0.3127107671875 0.74411885625 0.293149446875 0.7664949531249999 0.30675959062499997 0.7782465562499999
10 0.40531784687499994 0.651837596875 0.41778977968750003 0.6374887499999999 0.3507089203125 0.5798891312500001 0.338310875 0.5941739171875 0.40531784687499994 0.651837596875
6 0.5741648625 0.5529570140625 0.5963880859375 0.5277126828125 0.5495824296875 0.4876202546875 0.547550096875 0.489782115625 0.5426647609375 0.485453321875 0.5232410390625 0.50818805 0.5280156625 0.5123385781249999 0.520977703125 0.520688871875 0.5644877578124999 0.558610309375 0.571403525 0.550655909375 0.5741648625 0.5529570140625
10 0.26484877500000004 0.666823959375 0.285815428125 0.642704325 0.2583900171875 0.61896510625 0.2375658 0.643106334375 0.26484877500000004 0.666823959375
7 0.6237210484375 0.3375603453125 0.6276253953125 0.340956096875 0.6030019109375 0.36974711875 0.59872408125 0.366314590625 0.5821677281250001 0.3862912703125 0.5856402828125 0.389024709375 0.5719149515625 0.4050433875 0.5681249984375001 0.4017496203125 0.550558396875 0.42241564687500005 0.579096890625 0.44736629531250005 0.5814002312500001 0.444945309375 0.6304978375 0.48777069375000004 0.7066567 0.39966412500000004 0.6387974296875 0.3404008375 0.6407315140625001 0.3379443671875 0.631151503125 0.329475621875 0.6237210484375 0.3375603453125
10 0.48525854218750003 0.9030555703124999 0.49953998281249995 0.886132446875 0.4893482546875 0.8774085171875001 0.474763515625 0.8938876890625 0.48525854218750003 0.9030555703124999
10 0.373786184375 0.5891570296875 0.4035609359375 0.554717740625 0.4034667234375 0.5530495140625 0.3854082703125 0.5375613984375 0.3550296953125 0.5728420187500001 0.373786184375 0.5891570296875
2 0.5273081609375 0.7907040828125 0.5454083140625 0.7706887296875 0.5414322546875 0.7675275390625 0.5664045109375 0.73912620625 0.570104825 0.7424410921875 0.5764723765624999 0.7343109984375 0.519410659375 0.6849077015625 0.47077173906249997 0.7416497046875 0.5273081609375 0.7907040828125
1 0.2628336140625 0.802020046875 0.247378271875 0.8196009671875 0.4237764609375 0.973418284375 0.43935689531250005 0.955110775 0.2628336140625 0.802020046875
4 0.2885221828125 0.6343157390624999 0.32945949531249996 0.58755811875 0.2656022828125 0.5320474140625 0.22493267499999997 0.5788325796875 0.2885221828125 0.6343157390624999
10 0.6637148265625 0.3574695078125 0.6707610234375 0.349364353125 0.645458621875 0.3274179859375 0.6383031734375 0.33557061250000003 0.6637148265625 0.3574695078125
10 0.26074997187500004 0.4600583140625 0.2752106875 0.4433159328125 0.27505090625 0.44145782499999997 0.2418371203125 0.412666609375 0.2264985328125 0.43044381718749997 0.26074997187500004 0.4600583140625
13 0.6717482234375 0.3084102375 0.6529679328125 0.33001535625 0.6759959734375001 0.3499308109375 0.669094890625 0.3581923984375 0.7046039203125 0.388564553125 0.7300995046875001 0.35923373281250004 0.6717482234375 0.3084102375
8 0.4692967421875 0.7367056468750001 0.5662060578125 0.6252243921875 0.5694823515625 0.627908228125 0.59189065625 0.60159749375 0.588428653125 0.5985876890624999 0.639664475 0.5396473140625 0.642593425 0.5421937609375 0.6647248359375 0.518613928125 0.7211077921875 0.5677923781249999 0.7306231734375 0.55738510625 0.727241253125 0.5542796296875 0.7874093921875 0.48425808437500006 0.7913024046875 0.48731301250000003 0.798647975 0.478323125 0.7069138781250001 0.3990761234375 0.45145560625 0.6959058375 0.33604858437499996 0.5957501921875 0.26988655 0.672131715625 0.28498426875 0.6854229765625 0.28740951875 0.682901778125 0.317690646875 0.7093891906249999 0.315480534375 0.7119322609375 0.3295979234375 0.7242051859374999 0.338745328125 0.7152924875 0.42375821562500005 0.7893605765625 0.42179405000000003 0.7916206859375 0.424591525 0.7940529953125 0.4338903015625 0.7836210921875 0.430133075 0.7806850875 0.4573965015625 0.7485119250000001 0.461719703125 0.751607103125 0.47227708125 0.7394619015624999 0.4692967421875 0.7367056468750001
0 0.375336 0 0.18344256875 0.102031546875 0 0.31305767812499996 0 0.6246640015625 0.102031546875 0.81655743125 0.3037640765625 0.9919218890625 0.31308205624999996 1 0.624664 1 0.81655743125 0.897968453125 1 0.6869423218749999 1 0.3753359984375 0.8982112578124999 0.18389921874999998 0.6864686578125 0 0.375336 0