0 0.0337424578125 0 0 0.48253961562500003 0 0.9662575421874999 0.48253961562500003 1 0.9662575421874999 1 1 0.517460384375 1 0.0337424578125 0.517460384375 0 0.0337424578125 0
10 0.400191790625 0.4535135546875 0.40120485781250004 0.43788365 0.36917450625 0.43581146562499995 0.36825877500000004 0.4511693734375 0.400191790625 0.4535135546875
10 0.22290258125 0.506727675 0.23259995625 0.5073055375 0.2336236359375 0.4940101828125 0.22399723124999998 0.49347017656250003 0.22290258125 0.506727675
13 0.20472081874999998 0.48829259687500004 0.23327780156250003 0.49024250625 0.2348677109375 0.4660945890625 0.2064169921875 0.46403620312499994 0.20472081874999998 0.48829259687500004
10 0.7840479625000001 0.32896160625 0.772704321875 0.3282279015625 0.7684399156249999 0.393534828125 0.7795430828125001 0.3947059484375 0.7840479625000001 0.32896160625
1 0.8917746734374999 0.567466603125 0.6794144421875 0.5522457125 0.6812871625 0.5249269859375 0.61174728125 0.5202256140625 0.6096734984375 0.5504420609375 0.68381100625 0.555786025 0.6816605546875001 0.5828206218750001 0.8898921203124999 0.597591478125 0.8917746734374999 0.567466603125
12 0.393974634375 0.36734966406249997 0.442581321875 0.369959153125 0.44728732187500003 0.29912111874999997 0.39901844375 0.2958022171875 0.393974634375 0.36734966406249997
10 0.832883 0.404373740625 0.7899475015624999 0.40118813906249995 0.7865741093749999 0.4520282296875 0.82916848125 0.4548955109375 0.832883 0.404373740625
11 0.1826122796875 0.33422978125 0.211462471875 0.3364664671875 0.21358056250000002 0.3061763703125 0.1847449015625 0.304202275 0.1826122796875 0.33422978125
6 0.3328564421875 0.4780105265625 0.3640076796875 0.48008858906249996 0.3671459375 0.435567803125 0.3356484734375 0.43333395937499997 0.3328564421875 0.4780105265625
3 0.616875721875 0.4466839 0.6500830718749999 0.44881332812499997 0.6535212421875001 0.397741253125 0.63557195625 0.396611421875 0.6357481218750001 0.3934425546875 0.6207184796874999 0.3930290703125 0.616875721875 0.4466839
10 0.324192846875 0.43565770312499996 0.3131428734375 0.43484585625000005 0.3102922015625 0.476261953125 0.330721096875 0.4776810828125 0.3339382375 0.4333537703125 0.32438863281249997 0.432432253125 0.324192846875 0.43565770312499996
7 0.2895095765625 0.4330867453125 0.26491027031250003 0.43136659374999997 0.261672659375 0.4760762234375 0.3080139890625 0.4791851546875 0.31128553281250004 0.43148153593750005 0.3259257984375 0.43251311562500006 0.3315697703125 0.350770196875 0.3158089546875 0.34961327343750004 0.3154876390625 0.3542083015625 0.295884753125 0.352781146875 0.29618078125 0.3483237515625 0.2838018203125 0.34743306875 0.278668196875 0.4292022765625 0.28972712968750003 0.4299755921875 0.2895095765625 0.4330867453125
10 0.27831595 0.3106623859375 0.27325449062499996 0.31042592812500003 0.2711592671875 0.3402994171875 0.276829709375 0.34078677968750004 0.279330978125 0.3043897859375 0.2786871171875 0.3044136796875 0.27831595 0.3106623859375
8 0.26268191875 0.586855540625 0.3268189328125 0.59140935625 0.32647335312500003 0.5956346046875 0.33539699375 0.5961896875 0.3406700640625 0.515136640625 0.3615054734375 0.5164541921875 0.3639928640625 0.48298837031249997 0.2368876171875 0.4741003046875 0.234688246875 0.5076583171875 0.2595066953125 0.5090445046875 0.2537973453125 0.5906920046875 0.2624456125 0.5916460390625 0.26268191875 0.586855540625
2 0.27445706406250003 0.4289908203125 0.2801511953125 0.3470681515625 0.2597663359375 0.3456912578125 0.2594708109375 0.35041026406250003 0.22449569375 0.3478690203125 0.22473676406249998 0.343435975 0.2161899234375 0.3429354328125 0.20968619687499998 0.43495747968750004 0.2396972875 0.437056059375 0.23730431406250002 0.4712771828125 0.2596279265625 0.4728382015625 0.2627343796875 0.42841386875 0.27445706406250003 0.4289908203125
8 0.68947124375 0.5159212546874999 0.6861427250000001 0.5158106734375 0.6839661578125 0.5466010359375 0.6956578671875 0.5477553578125 0.6960998453125 0.5430027359375 0.7602949328124999 0.547308434375 0.760023790625 0.552104328125 0.76878365 0.552716878125 0.7729616953125 0.490481721875 0.86014101875 0.495995225 0.8621559109374999 0.46317144375 0.6938138765625 0.452900353125 0.68947124375 0.5159212546874999
3 0.1757691828125 0.4326954140625 0.207444009375 0.4344983921875 0.21389556875000001 0.3427295734375 0.182336434375 0.3405713 0.1757691828125 0.4326954140625
4 0.335735634375 0.354137746875 0.380296434375 0.3573085625 0.38458964687499997 0.294591203125 0.3401408453125 0.2917226859375 0.335735634375 0.354137746875
3 0.6678149624999999 0.3238301640625 0.6256725578125 0.32088327968749997 0.62059666875 0.392195103125 0.66292134375 0.39508894843750003 0.6678149624999999 0.3238301640625
13 0.2349569328125 0.46486343906250005 0.236673934375 0.4404659671875 0.2083227546875 0.438417675 0.20647583749999998 0.4630378765625 0.2349569328125 0.46486343906250005
10 0.6929375015625 0.40043015468750004 0.6850893578125 0.3995023109375 0.68167124375 0.4509595359375 0.68965226875 0.4512638796875 0.6929375015625 0.40043015468750004
2 0.6375621484375 0.5115286203125 0.6784611421875 0.514897609375 0.6782652625 0.5189532 0.6847525453125 0.5194068359374999 0.68772280625 0.47957324687499997 0.689768478125 0.4796395453125 0.6917836562499999 0.45460663749999997 0.6194265375 0.44940440156249994 0.61202046875 0.514190909375 0.6370486109375 0.5156246515625 0.6375621484375 0.5115286203125
6 0.8545153484375 0.45961104218750004 0.86245433125 0.460314990625 0.866051503125 0.4066555171875 0.8346983765625 0.4044630921875 0.8314776984375 0.4605782484375 0.854329196875 0.4626539078125 0.8545153484375 0.45961104218750004
3 0.20735337656250002 0.43798963750000003 0.1755907171875 0.43574038125000003 0.1720241671875 0.4867220296875 0.1844986109375 0.48759119531249995 0.1832387046875 0.5067734734375 0.2026076765625 0.5081858375 0.20735337656250002 0.43798963750000003
9 0.6998766203125 0.326216234375 0.6707534500000001 0.32412022500000004 0.6657907 0.39448607343750003 0.69498668125 0.3964368078125 0.6998766203125 0.326216234375
13 0.8963862609375 0.436873296875 0.8667092546875 0.4351489328125 0.86250496875 0.4959898 0.8919816890625001 0.49800245624999995 0.8963862609375 0.436873296875
2 0.833398565625 0.49788750000000004 0.774960853125 0.493094728125 0.770870621875 0.55293173125 0.7795152359374999 0.55360200625 0.7798401484374999 0.548955540625 0.8207285453125 0.551714490625 0.82045736875 0.5562644703124999 0.8287409671875 0.557012878125 0.833398565625 0.49788750000000004
10 0.3840130734375 0.365644378125 0.39187045 0.36619381875 0.3968419078125 0.29554664218750004 0.3890136890625 0.2951402078125 0.3840130734375 0.365644378125
11 0.6282403953125 0.557523221875 0.609134590625 0.5561104640625001 0.6073596671875 0.580709071875 0.6266418218750001 0.5819070453124999 0.6282403953125 0.557523221875
10 0.898665165625 0.409009703125 0.8682584484375001 0.40670019999999996 0.8665650906250001 0.43127475156250006 0.8968961046875 0.433210878125 0.898665165625 0.409009703125
10 0.170824221875 0.503120459375 0.1812366453125 0.503709165625 0.18207550625 0.490548121875 0.1718004984375 0.48976383749999997 0.170824221875 0.503120459375
1 0.21355284375 0.33649830000000003 0.2689744046875 0.34043170625 0.2710246421875 0.310103971875 0.21572897656249998 0.30638612187500003 0.21355284375 0.33649830000000003
5 0.35054804375000004 0.35519389375 0.35014465625 0.3611866015625 0.3353780921875 0.360191615625 0.3306905859375 0.426867675 0.359314015625 0.4290321171875 0.3611832171875 0.40263727187500004 0.4398537 0.4082715859375 0.4419486640625 0.3759154671875 0.379157990625 0.3715059203125 0.37970086875 0.36320481875 0.36998229375 0.36259414687499997 0.3703185484375 0.356598309375 0.35054804375000004 0.35519389375
1 0.164785090625 0.59040243125 0.162580040625 0.6206817484375 0.3874499 0.6364030484375001 0.3892836984375 0.6062810296875 0.164785090625 0.59040243125
10 0.7877257328125 0.4013554390625 0.7749208671875001 0.4005524484375 0.7715388937500001 0.45086565624999997 0.784246478125 0.45182787500000005 0.7877257328125 0.4013554390625
1 0.2788201828125 0.341015246875 0.33200934531250004 0.34470796875 0.33454034843749997 0.3082441359375 0.2816436 0.30460318750000004 0.2788201828125 0.341015246875
13 0.682464553125 0.40023662812499994 0.654132175 0.398255434375 0.6506240437499999 0.44795365781249996 0.67904845 0.4499851421875 0.682464553125 0.40023662812499994
2 0.235039228125 0.5893693453125 0.24952959843750003 0.5904389984375 0.254946915625 0.5118253921875 0.22072331875 0.5094901984375 0.2217676015625 0.4933690859375 0.2059655640625 0.4922641 0.204859140625 0.50866906875 0.17063451875 0.506393325 0.1650428015625 0.584589059375 0.1824946796875 0.5861571359375 0.18284204531249998 0.5811895781249999 0.2353423421875 0.5850346171874999 0.235039228125 0.5893693453125
2 0.85485945625 0.499175171875 0.8353457000000001 0.49757099218749995 0.8309867171875001 0.5569506328125 0.8400689640625 0.55763428125 0.8402825015625 0.5531021984375 0.8812870593750001 0.5559695171875 0.88100831875 0.560448484375 0.89247225 0.561298675 0.8965024484375 0.5021858124999999 0.8573112828125 0.4993466203125 0.856105015625 0.515611471875 0.8538589375000001 0.5154544109375 0.85485945625 0.499175171875
13 0.36361713125 0.5164279921875 0.3940582375 0.518581703125 0.39834203437500004 0.456491778125 0.36807219999999996 0.45437510468750003 0.36361713125 0.5164279921875
10 0.361687371875 0.429138559375 0.4024680015625 0.43189310625 0.40405414375 0.40909822343749996 0.3632266 0.40616340156249997 0.361687371875 0.429138559375
7 0.7727954078125 0.400283215625 0.7633807218750001 0.399358603125 0.7682379984375001 0.33097146718750003 0.7026375671875 0.32622290781249996 0.6936585828124999 0.4524556234375 0.75732375625 0.45600689531249994 0.7574913343749999 0.45305044531250005 0.76894783125 0.45369336406249994 0.7727954078125 0.400283215625
2 0.33740995625000003 0.5965669609375001 0.346143928125 0.5974377093750001 0.346373728125 0.5927626625 0.38155585625 0.595345009375 0.3812738015625 0.5996921734375 0.3898825875 0.600225240625 0.39535895 0.521640825 0.3634474953125 0.5195706890625 0.3623456953125 0.5363127390625 0.36008098906249997 0.53613088125 0.361312596875 0.5193916421875 0.342937165625 0.51803935625 0.33740995625000003 0.5965669609375001
10 0.43784075937500005 0.43428046406250004 0.439340365625 0.411535915625 0.40650460624999996 0.4091771640625 0.4049022015625 0.4321150109375 0.43784075937500005 0.43428046406250004