13 0.35584189374999997 0.1167310796875 0.3767635609375 0.1265241828125 0.3887966703125 0.10066792499999999 0.38219740625 0.097555984375 0.3910896671875 0.07854287343750001 0.3768062375 0.071882546875 0.35584189374999997 0.1167310796875
10 0.522644815625 0.6102517921875 0.510529809375 0.6046417640625 0.4948385953125 0.63814558125 0.506938790625 0.643736915625 0.522644815625 0.6102517921875
6 0.518111209375 0.1440398765625 0.503184821875 0.1371039640625 0.5012401984375 0.14126811875 0.49485807187499997 0.13834993906249998 0.47933910468749996 0.171718578125 0.48512232187500004 0.1743772015625 0.484213459375 0.1763260703125 0.5095775171875 0.18839120625 0.5262646156249999 0.1529918109375 0.516145878125 0.14825635312500002 0.518111209375 0.1440398765625
2 0.479931671875 0.8010794796875 0.44762404218749996 0.7860032218749999 0.41571455 0.8544817968749999 0.46448831874999996 0.8772705500000001 0.5161525109375 0.7664080421875 0.4997111765625 0.758782725 0.479931671875 0.8010794796875
11 0.2551627421875 0.7058948953125 0.24450951562499998 0.7287183234375 0.26575299218750004 0.738655159375 0.27645723125 0.7157738109375 0.2551627421875 0.7058948953125
13 0.1476420578125 0.543026621875 0.12535426249999998 0.5326331953125 0.10532545468750001 0.57562404375 0.127619915625 0.5860448359375 0.1476420578125 0.543026621875
10 0.8288278703125 0.282641828125 0.8168418109375001 0.27705212968750004 0.8114284890624999 0.2884805046875 0.823459778125 0.2941515140625 0.8288278703125 0.282641828125
13 0.2800093375 0.5931464953125001 0.2732498875 0.5900178203124999 0.2612186515625 0.6158597953125 0.28221106093750004 0.6256869593750001 0.3031532609375 0.580780484375 0.288869965625 0.5741152203125 0.2800093375 0.5931464953125001
3 0.722345203125 0.20679206093750002 0.700557909375 0.19673211562499998 0.6683059390625 0.2658958109375 0.69025199375 0.276277921875 0.722345203125 0.20679206093750002
1 0.0799646765625 0.626685796875 0.070263853125 0.6474864124999999 0.24285998437499998 0.728106303125 0.25264548593749997 0.707155265625 0.0799646765625 0.626685796875
1 0.5852763578125 0.6626070093750001 0.594145315625 0.6438497984375 0.5363678421875 0.6169076812500001 0.527903165625 0.6349972765625 0.516367159375 0.62970606875 0.5092763125 0.6449119453125001 0.5381739515625 0.6583014421875 0.5448969421875 0.643822996875 0.5852763578125 0.6626070093750001
10 0.1895351171875 0.5406573171875 0.1813806015625 0.5368296609375001 0.164523209375 0.5729801734375 0.172681878125 0.5767644468750001 0.1895351171875 0.5406573171875
2 0.7116966359375 0.28851277343750004 0.6673989 0.26799499375 0.637963715625 0.3310140171875 0.6823861890625 0.351796684375 0.7116966359375 0.28851277343750004
10 0.1521002328125 0.533413875 0.128517575 0.5224892984375 0.1250402625 0.529996475 0.14861022968749998 0.5409513515625 0.1521002328125 0.533413875
6 0.8541224734374999 0.3038884859375 0.8392645671875 0.2969608703125 0.8372383234375 0.30130815312500003 0.8308923859374999 0.2983499375 0.8153809000000001 0.33169801875 0.8210884265624999 0.3343590234375 0.8201392500000001 0.336299871875 0.8363364625 0.3437964296875 0.852679765625 0.3085695390625 0.8520725875 0.308287021875 0.8541224734374999 0.3038884859375
10 0.508845396875 0.1908001453125 0.5007585437500001 0.187028709375 0.4910592421875 0.2076469734375 0.499161690625 0.2114989109375 0.508845396875 0.1908001453125
10 0.31660584375 0.5448340140625 0.2998588453125 0.5370891296875 0.28734740937500003 0.56391694375 0.3040586078125 0.5717419140625 0.31660584375 0.5448340140625
8 0.45267541875 0.7317213609375 0.51812266875 0.7621234859375 0.5259384625 0.7452958781250001 0.598699784375 0.778970346875 0.60951830625 0.7555968421875 0.5186287375 0.713696371875 0.5398972109375 0.6682817828125 0.49255228124999995 0.646204303125 0.45267541875 0.7317213609375
10 0.5349558203125 0.6162141671875 0.5255826453125 0.6119246625 0.5182386625000001 0.6276935406249999 0.5276188937499999 0.632050459375 0.5349558203125 0.6162141671875
10 0.7968439765625 0.284264621875 0.7815858640625 0.2773127265625 0.7667170640625 0.309137171875 0.78195848125 0.316121234375 0.7968439765625 0.284264621875
10 0.4928238171875 0.1227825421875 0.4809046296875 0.11722383437499999 0.4754806078125 0.1287181515625 0.48742796874999994 0.134258846875 0.4928238171875 0.1227825421875
9 0.467388340625 0.7436660140625 0.44868279375000003 0.783688225 0.47960602343750003 0.7981092890625 0.4982136171875 0.7579815890625 0.467388340625 0.7436660140625
10 0.734983678125 0.24214350156250003 0.72857131875 0.23899317031249998 0.720665475 0.256077325 0.7271143046875 0.2591411640625 0.734983678125 0.24214350156250003
2 0.7956713546875 0.355857715625 0.7594201078125 0.33881567343749996 0.7294391546875 0.40290475312499996 0.7659455125 0.4199265796875 0.7956713546875 0.355857715625
10 0.4909692109375 0.09510400937499999 0.47747448437499995 0.088812225 0.4740731921875 0.09610596875 0.48758154375 0.10236945625 0.4909692109375 0.09510400937499999
10 0.8269735015625 0.25506315 0.8134103921875001 0.2488861484375 0.8100705453125 0.25604761875 0.8236142875000001 0.2622641265625 0.8269735015625 0.25506315
1 0.4311301203125 0.7258299515625 0.444763928125 0.732187321875 0.4463665703125 0.728834840625 0.44734614375000004 0.72929114375 0.4887556796875 0.6404859296875001 0.47411013124999996 0.633655559375 0.4311301203125 0.7258299515625
13 0.6918643109375 0.27678660625 0.712754475 0.2865748953125 0.724729128125 0.26066909374999997 0.718098875 0.2576240234375 0.7270620828125 0.2384022828125 0.7128448703125 0.231724490625 0.6918643109375 0.27678660625
10 0.5485750265625 0.156406475 0.5334252296875001 0.1492711921875 0.5224916171875 0.17271421250000002 0.5376848140625 0.17979878124999998 0.5485750265625 0.156406475
13 0.49266225312499995 0.139206853125 0.4622693015625 0.1250968515625 0.447589228125 0.1565809453125 0.47799365624999995 0.1707051 0.49266225312499995 0.139206853125
2 0.612929928125 0.7060257453125 0.5765354125 0.6890895218749999 0.557796790625 0.729001590625 0.59424211875 0.7461042953125 0.612929928125 0.7060257453125
10 0.8619790796875 0.3129934484375 0.8542008390625 0.3093060703125 0.8377133499999999 0.3445819109375 0.8455200375 0.3482231078125 0.8619790796875 0.3129934484375
6 0.1618567890625 0.5717037234375 0.16304125625000002 0.5722229624999999 0.179860309375 0.5361549375 0.1786889328125 0.5356088703124999 0.18015855625 0.5324573921875 0.16523336718749998 0.5255318921875001 0.163808478125 0.5286381312499999 0.15759775 0.5257424296875 0.14079309375 0.56188054375 0.1465944421875 0.564617265625 0.145747025 0.5664338609375 0.16100428125 0.5735799890625 0.1618567890625 0.5717037234375
10 0.39119580625 0.0486249 0.38882568906250004 0.0475211453125 0.38103703125 0.06422394375 0.39995471562499996 0.0730448921875 0.4090942609375 0.0533934875 0.39256163593750004 0.0457083375 0.39119580625 0.0486249
0 0.18146481718750002 0 0.0376204171875 0.30847526406250003 0 0.41183651093750007 0 0.8185351828125 0.30847526406250003 0.9623795828124999 0.41183651093750007 1 0.8185351828125 1 0.9623795828124999 0.6915247359375 1 0.5881634890624999 1 0.18146481718750002 0.6915247359375 0.0376204171875 0.5881634890624999 0 0.18146481718750002 0
10 0.49972145 0.11861037187500001 0.49441018281250004 0.13026544843750001 0.5011796234375 0.1334626078125 0.515279434375 0.10322557343750001 0.4965342125 0.09444245625 0.487746603125 0.113026415625 0.49972145 0.11861037187500001
8 0.390644265625 0.24176364062500003 0.4215891171875 0.1751587625 0.489489290625 0.2069807796875 0.5003081078125 0.183958228125 0.4268051265625 0.1501834203125 0.3898207984375 0.132926103125 0.38882844843750003 0.135054096875 0.3786655484375 0.130234390625 0.3380384171875 0.21723260312499998 0.390644265625 0.24176364062500003
8 0.1854148078125 0.61276549375 0.164641965625 0.657371125 0.2251287046875 0.6856136 0.25691255156250004 0.61768124375 0.1399070953125 0.5636980609375 0.129181728125 0.5867014171875 0.1854148078125 0.61276549375
11 0.31357011562500003 0.1829296015625 0.2973385109375 0.1752625625 0.2870010703125 0.197382840625 0.30327047500000004 0.204968859375 0.31357011562500003 0.1829296015625
2 0.1813701640625 0.613882309375 0.1449732890625 0.5967972390625 0.125322765625 0.639004590625 0.16169205 0.655941609375 0.1813701640625 0.613882309375
10 0.5300391624999999 0.8021722125 0.5321462 0.803153609375 0.5315504062499999 0.8045529796875 0.5401176578125 0.8084709999999999 0.5470269890624999 0.7935947984375 0.5363385421875 0.7887251453124999 0.5300391624999999 0.8021722125
11 0.4238280484375 0.827192265625 0.40772896718749996 0.8196499484374999 0.396758446875 0.8428517359375001 0.41276624218749997 0.8503159328125 0.4238280484375 0.827192265625
10 0.56284681875 0.7648634078125001 0.5505906140625 0.7591205140625 0.537809753125 0.786528678125 0.5501296484375 0.7922199296875 0.56284681875 0.7648634078125001
3 0.386328615625 0.0468849796875 0.3645581703125 0.0367330640625 0.33220970781250003 0.10626236874999999 0.35416105937500003 0.11634211875 0.386328615625 0.0468849796875
10 0.2236242265625 0.501819590625 0.2102304 0.49559778593750003 0.20477613906249997 0.5073305140625 0.21813125156250002 0.51355818125 0.2236242265625 0.501819590625
1 0.4606303828125 0.7445352 0.44584232031250004 0.7375116234375 0.40850089843750004 0.81759304375 0.423264571875 0.8244780453124999 0.4606303828125 0.7445352
13 0.5487297171875001 0.7586643515625 0.52638255 0.748164515625 0.5062656453125001 0.791123296875 0.5286818546875 0.8015385203125 0.5487297171875001 0.7586643515625
2 0.4679240546875 0.2777660984375 0.49786058750000006 0.2135660734375 0.4301221125 0.1820672921875 0.424855271875 0.19336275 0.4171338734375 0.189765896875 0.3924810171875 0.24261506875 0.4679240546875 0.2777660984375
10 0.735917878125 0.23304393281250002 0.7451094875 0.2133865375 0.7283833421875 0.2055478140625 0.7270384625 0.208493615625 0.7248437390625 0.2074470484375 0.7170025859375 0.22426210000000002 0.735917878125 0.23304393281250002
13 0.7983012781250001 0.28487485 0.7834902859375 0.31668209062499997 0.8139345312499999 0.330687715625 0.8286732375 0.29910191875000003 0.7983012781250001 0.28487485
10 0.6022274765625 0.6476843765625 0.5957913109375 0.64468168125 0.590455159375 0.6560716328125 0.5969319015625 0.659090759375 0.6022274765625 0.6476843765625
10 0.8693803875 0.30925568124999997 0.85839631875 0.33268200000000003 0.8735828171875 0.3398489328125 0.8845506265624999 0.3163302296875 0.8693803875 0.30925568124999997
1 0.6775491015624999 0.35843481875 0.678825675 0.3558000359375 0.654505578125 0.344493984375 0.6533026937499999 0.347127321875 0.650063378125 0.34565233281249996 0.640772265625 0.3654780328125 0.6695150187500001 0.3789824234375 0.6788200515625 0.35902710312499997 0.6775491015624999 0.35843481875
13 0.46582334843749995 0.8778512390625 0.4801247875 0.8845580265624999 0.4889250484375 0.8656195109375 0.49568674375 0.8688288171874999 0.507785984375 0.8427954328125 0.4866728703125 0.8330623453125 0.46582334843749995 0.8778512390625
1 0.304681984375 0.20559068749999998 0.333470921875 0.2191052359375 0.34291428125 0.199062253125 0.341488234375 0.1983935640625 0.3426044046875 0.196021315625 0.3182310671875 0.1846376890625 0.317149471875 0.1870108828125 0.3140536578125 0.1855482171875 0.304681984375 0.20559068749999998
12 0.614095315625 0.8187938296875 0.5795039109375 0.802710090625 0.537462578125 0.892785175 0.57198440625 0.9089549968749999 0.614095315625 0.8187938296875
2 0.8336910609375 0.3735550640625 0.79739053125 0.35659817656250004 0.7674494953125001 0.42067351718749996 0.8038624562500001 0.43753165312500003 0.8336910609375 0.3735550640625
1 0.44558096249999996 0.114445165625 0.474033071875 0.128039978125 0.48529892500000005 0.10378007656249999 0.47176468906249996 0.0974689234375 0.475785515625 0.08884763749999999 0.4608602515625 0.081725903125 0.44558096249999996 0.114445165625
10 0.20724083593749998 0.4941721296875 0.2020744265625 0.4917330171875 0.18411636874999998 0.5301949109375 0.1892947984375 0.53261013125 0.20724083593749998 0.4941721296875
10 0.194328621875 0.533787159375 0.1740068890625 0.57736809375 0.194617428125 0.5870063859375 0.2150590296875 0.5434524515625 0.194328621875 0.533787159375
11 0.6494940125 0.342990840625 0.6331325 0.33539291250000003 0.6229995359375 0.3571752453125 0.639396696875 0.3647528921875 0.6494940125 0.342990840625
2 0.103157128125 0.5769582046874999 0.08332629375 0.61948735625 0.12373748124999999 0.63826630625 0.14345584375 0.5959822140625 0.103157128125 0.5769582046874999
8 0.7146941296875 0.2902090234375 0.6741340421875 0.377105265625 0.72669893125 0.40156153437500003 0.757589309375 0.3349784 0.8256045703125 0.3667491890625 0.8363364625 0.3437964296875 0.7257878359375 0.292909928125 0.7248478421875 0.294948896875 0.7146941296875 0.2902090234375
10 0.6235953703125 0.7984306109375 0.5889134828125 0.7822574062500001 0.58134053125 0.7985731390625 0.6159872875 0.814820021875 0.6235953703125 0.7984306109375
10 0.8444735874999999 0.3504677578125 0.836813203125 0.3468448921875 0.827037925 0.36753028125 0.8348251250000001 0.3711610609375 0.8444735874999999 0.3504677578125
7 0.22800962343750003 0.5493433296875 0.21790766874999998 0.5447353625 0.1977891546875 0.5881691140624999 0.2575974890625 0.61593188125 0.2838941578125 0.5595440171875 0.2341201140625 0.5363329968749999 0.22800962343750003 0.5493433296875
10 0.5139621875 0.8527620015625 0.5106102140625 0.851249334375 0.49170022187500007 0.8914997578125 0.5033963390625 0.897063740625 0.5410379734374999 0.816125515625 0.5328930875 0.8122348515625 0.5139621875 0.8527620015625
10 0.398989121875 0.08222614843750001 0.3925436109375 0.079221715625 0.3845774609375 0.09619745625000001 0.3910927671875 0.0992705265625 0.398989121875 0.08222614843750001
1 0.8101146890625 0.2878826015625 0.82128224375 0.263783128125 0.8077023453125 0.257496925 0.8118313484374999 0.24871547968750002 0.79690139375 0.24165688593749998 0.781534775 0.27446075937500003 0.8101146890625 0.2878826015625
2 0.5957590625 0.74681105625 0.6104148890625 0.753645165625 0.6127738734375 0.7485892656249999 0.6265160625 0.7549960609374999 0.6428175031250001 0.72003494375 0.6144288203125 0.7068323546874999 0.5957590625 0.74681105625
1 0.3163110578125 0.5508291140625 0.3084623734375 0.5678293203125 0.33882741875 0.5819657453125 0.3489711734375 0.5602588390625 0.31919489375 0.5463732890624999 0.3169995296875 0.5511212671875 0.3163110578125 0.5508291140625
2 0.2601453640625 0.61812793125 0.2280825390625 0.686881590625 0.2765531796875 0.709548375 0.308663959375 0.6406858 0.2601453640625 0.61812793125
6 0.573633796875 0.8031957453125 0.586499246875 0.7754957890624999 0.5808258890625 0.772850546875 0.5815736593749999 0.7712437734375001 0.56533108125 0.76367084375 0.55160919375 0.7929928921875 0.573633796875 0.8031957453125
7 0.5186287375 0.713696371875 0.5538023109375 0.7302181390625 0.5818425421875 0.669734278125 0.5588526328125 0.6591318609375 0.5606456484375 0.6552883140625 0.54865533125 0.649655496875 0.5186287375 0.713696371875
3 0.5293679906250001 0.8047746015625 0.5052128640625 0.7935635125 0.48767841718750005 0.830994028125 0.5119112109375 0.8422932453125 0.5293679906250001 0.8047746015625
7 0.459200965625 0.08114525156249999 0.41190141718750006 0.0590892765625 0.3796769484375 0.128241365625 0.4268051265625 0.1501834203125 0.459200965625 0.08114525156249999
7 0.7953804609375 0.2408971265625 0.7479842156250001 0.21899717812500002 0.7156442625 0.28819702343750003 0.7627706578125 0.3098424546875 0.7953804609375 0.2408971265625
1 0.614748628125 0.75813903125 0.6026535171875 0.783749909375 0.625489484375 0.7944326421875 0.6701669156250001 0.6984580609375 0.59194215625 0.661908803125 0.5822612359375 0.6826684421875 0.6516670437500001 0.7150683953125 0.6285103046875 0.76455624375 0.614748628125 0.75813903125
3 0.333161696875 0.588285653125 0.30730264375 0.5762282484375 0.28378419843749997 0.6264174984374999 0.30967979218749997 0.6386029343749999 0.333161696875 0.588285653125
10 0.49599357499999996 0.8713299062500001 0.4895076125 0.8683406781249999 0.48162119062500003 0.8852024390625 0.4881194125 0.8882676281249999 0.49599357499999996 0.8713299062500001
10 0.27388662343750003 0.58558215625 0.2750438515625 0.586121409375 0.2742184640625 0.5879277328125 0.279502340625 0.590391309375 0.287439109375 0.5734597453125 0.2809920171875 0.5703865625 0.27388662343750003 0.58558215625
2 0.37579219375 0.128571684375 0.331410959375 0.10781733125 0.3019124296875 0.1710743546875 0.346425553125 0.1918318171875 0.37579219375 0.128571684375
1 0.246741440625 0.5374864968749999 0.2484386671875 0.5338924203125 0.2890613734375 0.5529079828125 0.29701243593750004 0.535941715625 0.2250877796875 0.5025085812500001 0.2186641578125 0.5162695890625 0.20382374531249997 0.5093167484375 0.1961853640625 0.52569346875 0.22629131249999998 0.5397788218749999 0.2325064296875 0.52643078125 0.2378382234375 0.5289134625 0.23615006093750002 0.53255573125 0.246741440625 0.5374864968749999
10 0.460550503125 0.1244330171875 0.44552668593750006 0.117426725 0.4306934375 0.149107809375 0.44589867187500004 0.1561136203125 0.460550503125 0.1244330171875
10 0.8357629531249999 0.2786728453125 0.8303664140624999 0.2902287109375 0.837149615625 0.2933926359375 0.8513189890625 0.2631060953125 0.8325099578125 0.25432469375 0.82379626875 0.27302535 0.8357629531249999 0.2786728453125