12 0.5223297671875 0.31413199999999997 0.5112156531250001 0.3098355640625 0.5099277078125 0.3132692578125 0.47263833125000004 0.29892508125 0.4684198890625 0.3099101375 0.516828984375 0.3283704703125 0.5223297671875 0.31413199999999997
10 0.24533600937500002 0.8901217453125 0.24468174843749999 0.89197439375 0.24336579062500002 0.8915177812499999 0.24371934374999998 0.8904267015625 0.242210496875 0.8898926984375001 0.23263156093749998 0.9150428796875 0.23931286406250002 0.917654453125 0.24904029218749998 0.891938671875 0.24533600937500002 0.8901217453125
8 0.3069303578125 0.8461328359375001 0.2958369640625 0.8752021531249999 0.43043406875 0.9307202421874999 0.43711638906249994 0.9134691625 0.43882198125 0.914314675 0.447329371875 0.8922611671875 0.44545509218749996 0.891637096875 0.465714640625 0.8388591703125 0.46490505156250006 0.8385483984375 0.463318303125 0.8425686562499999 0.42663006093750006 0.8286728109375 0.4281741109375 0.8245457828125 0.42717926406249995 0.8241638968749999 0.40445409843749996 0.8838096999999999 0.3705664171875 0.8705403468749999 0.37916276875 0.8481460859375 0.37294605625 0.8459505109375 0.3714929859375 0.8497358890625 0.354601934375 0.8436285953124999 0.35625139687499996 0.839444959375 0.3502079234375 0.8371250874999999 0.341511640625 0.8595529562499999 0.3069303578125 0.8461328359375001
10 0.637880509375 0.1545300515625 0.630308165625 0.151593175 0.6291574859375 0.1544469140625 0.624619203125 0.15273160937500002 0.6148057703124999 0.178335715625 0.626394825 0.18275086406250002 0.6299706046875 0.17351412187499998 0.6305263765625 0.17372746249999999 0.637880509375 0.1545300515625
1 0.3845190734375 0.8150736437500001 0.38474494375 0.8142933890625 0.36862065781250003 0.8080285421875001 0.36838380000000004 0.8086455796875001 0.363118478125 0.8069407343749999 0.352475028125 0.8351300343749999 0.3786137 0.8453210546875001 0.3896482078125 0.81712454375 0.3845190734375 0.8150736437500001
13 0.5822512718749999 0.22678903906249998 0.605569871875 0.23585067187500003 0.6197075046875 0.198876996875 0.5964802875 0.1899173875 0.5822512718749999 0.22678903906249998
2 0.6446313765625 0.25260232656250003 0.6461170593750001 0.25322283749999996 0.6526210984375 0.23627487500000002 0.628108790625 0.2268872390625 0.599735925 0.300661559375 0.6243387765625 0.3100705625 0.6318790625 0.290427446875 0.63036511875 0.28981952031249997 0.6446313765625 0.25260232656250003
13 0.25559597031250003 0.8647626859375 0.24703844375 0.8871735234375 0.2636498453125 0.8933073625000001 0.2722543890625 0.8709179203125 0.25559597031250003 0.8647626859375
1 0.41803801093750004 1 0.489785034375 0.8129001 0.482047571875 0.8099835234375 0.482302909375 0.8093183484375001 0.446198075 0.7953502125 0.445782759375 0.7961749015625 0.43895012187500004 0.7933864046875 0.42824427031249995 0.821533340625 0.46945518125 0.837625534375 0.41820882812500004 0.9711878890625 0.41103442812499996 0.9686531453124999 0.4000799203125 0.997216771875 0.407330478125 1 0.41803801093750004 1
1 0.3276129484375 0.750701625 0.3277789640625 0.7499988156249999 0.3119418578125 0.7437270484375 0.3115911546875 0.744544740625 0.29570825 0.738401003125 0.28492571875 0.76662561875 0.32808759374999996 0.7830985109374999 0.3389244328125 0.75506378125 0.3276129484375 0.750701625
0 0.3906724875 0 0.05824652968750001 0.865999228125 0.407330478125 1 0.6093275125 1 0.9417534703125 0.13400077187499998 0.592669521875 0 0.3906724875 0
8 0.5981053265625 0.3000741265625 0.655491159375 0.1506356015625 0.681752575 0.1606812671875 0.687414509375 0.1458485796875 0.68588835 0.1452593953125 0.7171683484375 0.06371553437500001 0.718707296875 0.0643062828125 0.72402646875 0.0504232078125 0.6846162453125 0.035295040625 0.584917796875 0.2949616984375 0.5981053265625 0.3000741265625
1 0.6897493203125 0.1636505109375 0.6897120640625001 0.1639742890625 0.6957797921875 0.166326903125 0.7016826375 0.1508971421875 0.7019629187499999 0.1509779546875 0.7328620171875 0.070395846875 0.7326439625 0.07026193281250001 0.73819646875 0.05586256093750001 0.7254545546875 0.0509713984375 0.6831123078125 0.161176440625 0.6897493203125 0.1636505109375
2 0.6745266 0.179435815625 0.679282140625 0.16687280625 0.6547461875 0.1573505703125 0.62933965 0.2236458609375 0.6539127390624999 0.23300159687500002 0.6602308 0.21659480625 0.6586913046875 0.21602728125 0.67296185 0.1788468796875 0.6745266 0.179435815625
5 0.54397841875 0.268325884375 0.521648871875 0.2597091859375 0.521407534375 0.26033789375 0.49181962187500006 0.2489299484375 0.475119471875 0.2922958046875 0.527318128125 0.31225935 0.5205102562499999 0.32999446093749996 0.5422287265625 0.3385724078125 0.559901715625 0.29264605781249997 0.557501384375 0.2917966234375 0.57685633125 0.241458103125 0.557204509375 0.23381405625 0.54397841875 0.268325884375
2 0.37909340625 0.8523772624999999 0.37343410625 0.86729464375 0.403194475 0.8785846859375 0.42450540312499996 0.8230939828125001 0.417920946875 0.8207053609375 0.41638040312499996 0.8248755765625001 0.3998187984375 0.8183809312499999 0.4014647078125 0.8142545109375 0.3933578953125 0.811258078125 0.37774324843749996 0.8519443421874999 0.37909340625 0.8523772624999999
4 0.4942694203125 0.2424041234375 0.5208816203125 0.25261289531250003 0.542952475 0.195085834375 0.5164049015625001 0.184891828125 0.4942694203125 0.2424041234375
10 0.3635611515625 0.931522478125 0.3544905234375 0.955152275 0.37139724531249996 0.96155010625 0.38046050937500003 0.9378086937500001 0.3635611515625 0.931522478125
2 0.3298459609375 0.7867626484375 0.3084917109375 0.842392371875 0.3414196015625 0.8551928765625 0.347265978125 0.8400410265625 0.3488509 0.8405992109374999 0.364428040625 0.8001981375 0.3545778390625 0.796371809375 0.35307849999999996 0.8002515609374999 0.336529328125 0.7938989296875001 0.338004796875 0.7900552046875 0.3298459609375 0.7867626484375
7 0.40353000781250004 0.98430495 0.4109013265625 0.9654856890625 0.4182088234375 0.9680966296875001 0.41993560937499996 0.963445596875 0.4182528921875 0.962928534375 0.43043406875 0.9307202421874999 0.3918444765625 0.91631880625 0.37511478125000003 0.9597921515625 0.372465746875 0.9587752828125 0.37139724531249996 0.96155010625 0.37250009687499996 0.9618947890625 0.36424064375 0.9834593625 0.398208384375 0.99649835625 0.40295136249999997 0.9842819953124999 0.40353000781250004 0.98430495
10 0.299149671875 0.9338084921875 0.3168248078125 0.8880771109375001 0.2942451265625 0.879501634375 0.2810640796875 0.91393535625 0.27720105156249997 0.91244913125 0.270567909375 0.9299383390625 0.27700982500000004 0.9322186875 0.2793537765625 0.9261124875 0.299149671875 0.9338084921875
9 0.601115509375 0.14419140156250002 0.602508778125 0.14467769218749998 0.594009384375 0.16695017343750002 0.5925967375 0.1665100015625 0.590226615625 0.1727367015625 0.597147890625 0.17520273125000002 0.5983086656250001 0.17217880624999998 0.6129171062500001 0.1778450390625 0.622821778125 0.1521253265625 0.610442671875 0.147426990625 0.6127792828125 0.14141839218750002 0.6035711953125 0.1379205609375 0.601115509375 0.14419140156250002
10 0.5638192625 0.21239639375000002 0.5776710703125 0.21776214062500002 0.59307745625 0.17768381093750002 0.579146475 0.17252867968750002 0.5638192625 0.21239639375000002
1 0.246097975 0.8212885640625001 0.22154694843749997 0.8855557359375 0.23081660781250002 0.889202728125 0.2554143125 0.824953475 0.246097975 0.8212885640625001
11 0.278498353125 0.775259796875 0.284725328125 0.759373696875 0.28538711562499997 0.7595942609375 0.2937092171875 0.7375918031250001 0.2801511828125 0.732524603125 0.26561984375000003 0.770602396875 0.278498353125 0.775259796875
10 0.31540099062500004 0.9219795859375 0.32272345625 0.9029039125 0.322119425 0.9028293703125 0.3267043515625 0.890972428125 0.318678234375 0.8882061390624999 0.300850346875 0.93450985625 0.3088006875 0.9377089890624999 0.3147706421875 0.9219736046874999 0.31540099062500004 0.9219795859375
7 0.630162265625 0.07301722031249999 0.6188153515625 0.1026118234375 0.6173683015625 0.10205635312500001 0.6118821624999999 0.11638747499999999 0.6121071437500001 0.1164771859375 0.6039218140625 0.1376568171875 0.639775228125 0.15176108125 0.6844849609375 0.0352446453125 0.64836706875 0.021380284375 0.628724175 0.0724384109375 0.630162265625 0.07301722031249999
1 0.6746094125 0.2214514671875 0.67490115625 0.2215634578125 0.6886821578125 0.1856060375 0.68841175 0.18552566875 0.693665759375 0.1718385046875 0.6875303859375 0.1694833546875 0.6871356359374999 0.1698489875 0.6807661609375 0.1673537640625 0.6257466015625 0.3106846171875 0.6385283140625 0.31553749999999997 0.6463398234375 0.295161665625 0.6465600890625 0.2952462171875 0.6603779734375 0.2592493984375 0.660107903125 0.25917250625 0.6746094125 0.2214514671875
13 0.34729559062500004 0.9001804484375 0.3332910046875 0.9368118859375001 0.356349196875 0.9459894609375 0.3704400046875 0.9089459265625001 0.34729559062500004 0.9001804484375
6 0.56302925625 0.2865477578125 0.5846679 0.29485405625 0.5997409671875 0.255757415625 0.5985127390625 0.2553077 0.604299059375 0.24009430156249997 0.5838711515624999 0.23225276250000002 0.5777535484375 0.24830302343750002 0.576337146875 0.2477810765625 0.5652921390625 0.276388625 0.56674284375 0.27687353125 0.56302925625 0.2865477578125
4 0.279661496875 0.9326357218749999 0.27353892968750004 0.9486422359375 0.3000701171875 0.95882660625 0.30619285937499996 0.9429155578125 0.279661496875 0.9326357218749999
10 0.5962457046875 0.185614728125 0.6214173656249999 0.1952772234375 0.6248788265624999 0.186373171875 0.5959546 0.17534216875 0.5793577015625 0.21843468437500002 0.583132721875 0.21983189374999998 0.5962457046875 0.185614728125
2 0.25432910937500003 0.8313470437499999 0.2560213984375 0.8320920515625 0.2417511640625 0.8692324031249999 0.2400547328125 0.8685025421875 0.23139034687499999 0.8911568828125 0.24044182187500002 0.8944740937500001 0.242210496875 0.8898926984375001 0.24357980937499998 0.8902844359375001 0.255209184375 0.8601589187500001 0.27537093125 0.8677259015625 0.2660204484375 0.8919277781250001 0.2684805234375 0.8930445 0.2690338109375 0.8916903375 0.28368788437500003 0.8986895875 0.327179221875 0.7861189046875 0.31610713125 0.7817565921875 0.314612371875 0.785777015625 0.297945675 0.779486384375 0.29955941875000003 0.7754045203125 0.283345075 0.769173721875 0.2785128859375 0.7816922453124999 0.2804476640625 0.782367990625 0.2662666125 0.8191626546874999 0.264344240625 0.8184197046874999 0.2615682875 0.8257341515625001 0.25714706875000004 0.8241106468750001 0.25432910937500003 0.8313470437499999
1 0.4295394625 0.78992796875 0.4298142546875 0.78899410625 0.41361372812499997 0.78296275625 0.4133287125 0.7837052453125 0.4051174171875 0.780645275 0.3943927359375 0.808815109375 0.425352628125 0.8205773203125 0.436425003125 0.7924740078125 0.4295394625 0.78992796875
1 0.6118274578125 0.035058203125 0.6107039015625 0.03804620625 0.6286597078125 0.044906995312499996 0.6194106609375 0.0689754234375 0.619616340625 0.06905437656249999 0.6086667265625 0.097552934375 0.6084427906250001 0.0975171828125 0.5975141765624999 0.1258781953125 0.5977854984375 0.12598234531250002 0.5901943328125 0.145701328125 0.5899675249999999 0.14556405625 0.5819098312500001 0.16653326562499998 0.582926309375 0.166884959375 0.582072903125 0.169042759375 0.58897346875 0.1717502171875 0.602689784375 0.13585667031249998 0.602962359375 0.13598807968749999 0.6100280140625001 0.117555259375 0.609774903125 0.11750830937500001 0.645410246875 0.024705582812499998 0.6349692328125001 0.020774640625 0.6364945515625 0.016822851562499998 0.616514471875 0.00915321875 0.6072543718750001 0.033302760937499995 0.6118274578125 0.035058203125
10 0.3272036234375 0.9508737187499999 0.32105817187499996 0.9668831656249999 0.3620102609375 0.9826031984375 0.36818771875 0.96647549375 0.3272036234375 0.9508737187499999
1 0.3661696125 0.765528921875 0.366467628125 0.7645956046875 0.350329321875 0.75867684375 0.35011359531249997 0.7591865109375 0.341561015625 0.756082565625 0.330921503125 0.7841177265625 0.365224421875 0.7974694859375 0.3760611328125 0.7692388890624999 0.3661696125 0.765528921875
10 0.5338072421875 0.2636047875 0.54384544375 0.2674078828125 0.557072228125 0.232924771875 0.57716555625 0.2406830671875 0.5781001125 0.2382484640625 0.572793996875 0.23626184687500001 0.5771086750000001 0.22508276718750003 0.5583847125 0.21796895312500003 0.5640416796875 0.203258209375 0.557868925 0.20086527968749998 0.5338072421875 0.2636047875
10 0.385251275 0.9135954421875001 0.3857757421875 0.9122553218749999 0.37725170625 0.9090552187500001 0.376673634375 0.910421625 0.3725389171875 0.9087842453125001 0.3652132953125 0.9280076640624999 0.381828109375 0.93438549375 0.38907394375000004 0.9151214062499999 0.385251275 0.9135954421875001
1 0.25056960625 0.8990597046875 0.24344055625 0.9178146375 0.2567405390625 0.923000359375 0.2564773625 0.9236859578125 0.26584379999999996 0.9272813953125001 0.26613615 0.9266069968749999 0.26999716406249996 0.927928428125 0.2804100890625 0.9004355875 0.2673861421875 0.8953591734374999 0.263979175 0.9040515046875001 0.25056960625 0.8990597046875
10 0.521928715625 0.25894965000000003 0.5324969312500001 0.2630331859375 0.5565533671875 0.20033350625000002 0.54599028125 0.196201728125 0.521928715625 0.25894965000000003
1 0.2638701 0.7746287093750001 0.24753615468749998 0.8172062531250001 0.261262246875 0.8224634906249999 0.27762658125 0.7796934234374999 0.2638701 0.7746287093750001
6 0.328973571875 0.8892945093750001 0.3101382046875 0.9380265953125001 0.3105021796875 0.9381161015625 0.309275196875 0.9412819796875 0.3105151078125 0.9417579359375001 0.311039 0.9403975109375 0.32355498437499997 0.9454630390625001 0.3243643890625 0.9434373062500001 0.327980890625 0.9449945906250001 0.346523040625 0.8961281921875001 0.328973571875 0.8892945093750001