10 0.464873265625 0.9716139640625 0.4713257609375 0.957121421875 0.45967196875000005 0.9517840171874999 0.4531515328125 0.966336959375 0.464873265625 0.9716139640625
0 0.4147478890625 0 0.03969701875 0.8423780484375 0.39372172031249997 1 0.5852521109375 1 0.9603029812500001 0.1576219515625 0.6062782796875 0 0.4147478890625 0
10 0.546517884375 0.8977329078125 0.5572849671875 0.873549646875 0.55314831875 0.8717078921875 0.542398365625 0.8958987796875 0.546517884375 0.8977329078125
5 0.549416046875 0.2815269546875 0.5802369406250001 0.21262478593749998 0.5254568421875 0.188058946875 0.4946891203125 0.25716437812500004 0.549416046875 0.2815269546875
3 0.62956 0.710495053125 0.646930196875 0.6714809515625 0.60747525625 0.65404446875 0.5900818937500001 0.6933065218750001 0.62956 0.710495053125
10 0.8844648125000001 0.14266384375000002 0.8860472734375 0.13910958125 0.8862214171874999 0.139187115625 0.891612928125 0.1270391703125 0.8803334953125 0.12201724375 0.8733349078125 0.137763221875 0.8844648125000001 0.14266384375000002
7 0.841036228125 0.130303078125 0.8036411921875001 0.21437053437500003 0.8313123093750001 0.22686154687500001 0.84046198125 0.20606134375 0.838263390625 0.20516798593750002 0.86686766875 0.1410907515625 0.841036228125 0.130303078125
11 0.5565072625 0.66153323125 0.5695348296875 0.632395765625 0.5570018359375 0.6267780890625 0.5440224875 0.65593018125 0.5565072625 0.66153323125
2 0.4877983546875 0.1702524046875 0.5169236703125 0.10490886562499999 0.4788342359375 0.08816244375 0.4497595671875 0.15344985312499998 0.4877983546875 0.1702524046875
10 0.46716042343749997 0.2512874890625 0.47466038125 0.23450761406249998 0.46304125625000003 0.22928826562500002 0.455562678125 0.246123840625 0.46716042343749997 0.2512874890625
10 0.279785321875 0.7340992515625 0.3062600640625 0.6746360078125 0.2868379734375 0.6660674125 0.260226884375 0.725391275 0.279785321875 0.7340992515625
1 0.5788783921875 0.11309900937499999 0.5896871765625 0.11802940625 0.5947821875 0.10658582187500001 0.6048911390625 0.111086615625 0.6236386375 0.069044353125 0.6027420359375 0.059803871875000005 0.5788783921875 0.11309900937499999
10 0.5345611421875 0.1393903125 0.54919395625 0.10630166249999999 0.53723398125 0.10095279374999999 0.52245803125 0.1340940203125 0.5345611421875 0.1393903125
1 0.6900150625 0.34617298124999996 0.6905350593749999 0.34503962499999996 0.6951166875 0.347165015625 0.7598129421875 0.2018164328125 0.7629803749999999 0.2032266640625 0.801274378125 0.11711704687499999 0.798128209375 0.1156974671875 0.8093866999999999 0.09042969375 0.7980073484375 0.08536328125 0.68328528125 0.343171559375 0.6900150625 0.34617298124999996
13 0.51513304375 0.1991226359375 0.53934595 0.1447395609375 0.5214433140625 0.13676879375 0.49716622031249996 0.1912960375 0.51513304375 0.1991226359375
10 0.8051775890625 0.2923222203125 0.7955477359375001 0.3140203734375 0.7889545078125 0.311084878125 0.783568853125 0.3232542453125 0.8007273765624999 0.3308218765625 0.81574295 0.2970963484375 0.8051775890625 0.2923222203125
6 0.7575615109375 0.37177569374999997 0.7656304921875 0.35361405 0.7680028562500001 0.35467029375000003 0.77980804375 0.32819382343750003 0.777429971875 0.3271350359375 0.7825802734375 0.3155672671875 0.7625574171875 0.30670382812499997 0.7374670984375 0.36292315468749997 0.7575615109375 0.37177569374999997
6 0.34897750312500003 0.5957706078125 0.33695470156249996 0.590424553125 0.33455050625 0.5958244640625 0.32968587656250004 0.593658590625 0.3107312078125 0.6361508015624999 0.3155017390625 0.638105453125 0.31453446875 0.640277978125 0.3274330078125 0.64610800625 0.347294465625 0.6014984390625 0.34657219375000003 0.6011768640625 0.34897750312500003 0.5957706078125
10 0.3563713859375 0.6055551390625 0.34852364687500004 0.602018340625 0.329746571875 0.64416545 0.3375887890625 0.6476570296874999 0.3563713859375 0.6055551390625
7 0.23688931562499999 0.7721458640625001 0.28557083906249997 0.66245195 0.2575466015625 0.649916603125 0.2087926328125 0.7595235312499999 0.23688931562499999 0.7721458640625001
10 0.8181930484375 0.2916125421875 0.8297956046875001 0.265437528125 0.8241501796874999 0.2629240234375 0.8125492937500001 0.28921437499999997 0.8181930484375 0.2916125421875
1 0.25837892500000004 0.781898375 0.2784699234375 0.7368385578125001 0.2581993171875 0.727644175 0.2381106328125 0.7728025140625 0.25837892500000004 0.781898375
2 0.5711705593749999 0.733096828125 0.6066257125 0.6535362390625 0.5707590609375 0.637567378125 0.5352452328124999 0.7173327421875 0.5711705593749999 0.733096828125
13 0.858008825 0.1313158921875 0.863408653125 0.11930676874999999 0.8741993140625001 0.1240512171875 0.8759755984375 0.12007698281250001 0.8505661874999999 0.10876398437499998 0.843427784375 0.12482399375 0.858008825 0.1313158921875
10 0.745116159375 0.40846025937499997 0.7572600125 0.3813306984375 0.7439631343750001 0.3754618578125 0.7319468609374999 0.40255073125 0.745116159375 0.40846025937499997
10 0.7360182171874999 0.3626047515625 0.74247261875 0.3481079265625 0.730677703125 0.3428992515625 0.7242745125 0.3574462421875 0.7360182171874999 0.3626047515625
10 0.5814976203125 0 0.5917264890625 0.0045410328125 0.5937592953124999 0 0.5814976203125 0
1 0.8024281203125 0.2791477296875 0.8134157640625 0.28397988125 0.8242146218749999 0.2597252484375 0.8310568171874999 0.262831453125 0.8822141125 0.14769595 0.87109740625 0.1427464734375 0.8426239343749999 0.20669893749999999 0.8420786625 0.20645616718749998 0.83240703125 0.22823662968749997 0.8329308921875 0.2284698671875 0.829047828125 0.237191371875 0.8224888578125 0.23427112968750002 0.8024281203125 0.2791477296875
10 0.5997151390625 0.1233766921875 0.6039860609375001 0.11374178906250001 0.5948169078125 0.1095311421875 0.5905145218750001 0.11924439687499999 0.5997151390625 0.1233766921875
1 0.2583049796875 0.5497734859375 0.246418946875 0.5444045156249999 0.22472102500000002 0.5930658578125 0.238192965625 0.5990639515625 0.25760574375 0.555462140625 0.256075896875 0.5547416703125 0.2583049796875 0.5497734859375
8 0.38986827343749997 0.6598723984375 0.36836281249999997 0.65034373125 0.36315798125 0.6620839140625 0.2239307984375 0.6000959796875 0.16214505625 0.7389650671875 0.2087926328125 0.7595235312499999 0.2575637515625 0.6498934515625 0.3716357953125 0.7008731578125 0.38986827343749997 0.6598723984375
13 0.511759065625 0.921513678125 0.5359578843749999 0.8670815703124999 0.5181080625 0.85913431875 0.493891459375 0.9135910031250001 0.511759065625 0.921513678125
4 0.5667658015625 0.20007120312499999 0.5900406703125001 0.1477949921875 0.5623131375 0.13544989999999998 0.5390925109375 0.1877502609375 0.5667658015625 0.20007120312499999
3 0.3296654078125 0.592936253125 0.3504788046875 0.54631153125 0.3190850609375 0.5325393796875 0.29854435625 0.5789588328125 0.3296654078125 0.592936253125
12 0.410086740625 0.61954719375 0.437755284375 0.5574564109375 0.3866210046875 0.5346899625 0.35899385625 0.596799175 0.410086740625 0.61954719375
8 0.5180879796875 0 0.48113397812500003 0.08310086093749999 0.5204822546875 0.10037354999999999 0.4640627234375 0.226967121875 0.47721441249999996 0.23287394374999998 0.5463386390625 0.0771804515625 0.5476019015625 0.0777428921875 0.579680328125 0.0057934453125 0.5667810656250001 0 0.5180879796875 0
2 0.45426960781250003 0.24553615624999997 0.4864794625 0.1732415765625 0.44846059218749995 0.156305934375 0.41624141562499994 0.2287827921875 0.45426960781250003 0.24553615624999997
13 0.2973131453125 0.5817818 0.2807101046875 0.6191996125 0.295318278125 0.625688196875 0.3006287328125 0.6137607187499999 0.3113636234375 0.6186342703125 0.322706865625 0.59307241875 0.2973131453125 0.5817818
10 0.8678922328124999 0.13840154843750002 0.8729405124999999 0.12685163906250002 0.8633929890625 0.12239214218750001 0.8582143609375 0.13409268125 0.8678922328124999 0.13840154843750002
2 0.8421723906249999 0.1243591265625 0.8493571671875 0.10822569374999999 0.8135618875 0.0922886078125 0.8063357906249999 0.10853021249999999 0.8421723906249999 0.1243591265625
10 0.3930206515625 0.6183678953125 0.3789494703125 0.6499722859375 0.388591778125 0.6540805984375 0.39020533749999997 0.6505179484375 0.395301209375 0.6527867765625001 0.40764630156250004 0.62505924375 0.3930206515625 0.6183678953125
2 0.4157247875 0.9490817109374999 0.45212671875000005 0.9652888953125001 0.5061023359375 0.843942428125 0.49969895312499996 0.8410914593750001 0.5058557718750001 0.827259175 0.47589498125 0.8139026671874999 0.4157247875 0.9490817109374999
2 0.7638611234375 0.21253495312499998 0.7631690359375 0.21408940781250002 0.7599300453125 0.2126900765625 0.7004907546875 0.3461506484375 0.7232255328125 0.3562334859375 0.7771379203125 0.2350213515625 0.7707654109375001 0.2322662265625 0.7770300828125001 0.21823395625000003 0.7638611234375 0.21253495312499998
10 0.795488790625 0.304944565625 0.805030578125 0.283513359375 0.798511575 0.2806109125 0.78903520625 0.30195665 0.795488790625 0.304944565625
8 0.78624908125 0.2182798125 0.7319868265625 0.3400511109375 0.7450872765625001 0.34595393125 0.841036228125 0.130303078125 0.8073157984374999 0.11501098437499999 0.7653821140625 0.2090918625 0.78624908125 0.2182798125
11 0.260540721875 0.547717603125 0.274492778125 0.5163269921875 0.26162623749999997 0.5105710734375 0.2476640140625 0.5419845234375 0.260540721875 0.547717603125
10 0.8082472609375 0.25549809375 0.8204328359374999 0.22812884218749999 0.8023024953125001 0.22022773125 0.790227409375 0.2474871109375 0.8082472609375 0.25549809375
10 0.5372252343749999 0.864066028125 0.5492118890625 0.8371435578125 0.53127443125 0.82905124375 0.5192101703125 0.8562555812499999 0.5372252343749999 0.864066028125
10 0.4886420875 0.260815825 0.4960694796875 0.244133628125 0.47591013125000003 0.23511192812499998 0.46848401093750003 0.2517912703125 0.4886420875 0.260815825
6 0.500442615625 0.24121467343749997 0.5124711265624999 0.21433649375 0.5098687625 0.21322060625 0.5147496015625 0.20225806093749998 0.49574219218750004 0.1939681640625 0.4913796796875 0.20368201406250003 0.4903708703125 0.20314734531249998 0.47721441249999996 0.23287394374999998 0.497195365625 0.2417700359375 0.49793893125000005 0.2400999609375 0.500442615625 0.24121467343749997
7 0.5712044828125 0.84121410625 0.6089420171875 0.7564542171874999 0.5697226609375 0.7390302625 0.532150334375 0.8234651921875 0.5712044828125 0.84121410625
10 0.31135805781250003 0.6218045265625001 0.300659584375 0.617041259375 0.2955275859375 0.6285179765625 0.3098773859375 0.6349069203125 0.327549428125 0.5952609640625 0.32391859375 0.5935931015625 0.31135805781250003 0.6218045265625001
10 0.592503196875 0.1422294921875 0.597397040625 0.13127615625 0.5684702921875 0.1184398984375 0.5635919656249999 0.1294429 0.592503196875 0.1422294921875
10 0.263323278125 0.7849070375 0.27406008125 0.7606880609375 0.2701057140625 0.7588556265624999 0.25933114218750003 0.783090284375 0.263323278125 0.7849070375
13 0.7828870140624999 0.3125464953125 0.8071494906250001 0.25805208125 0.7892659953125001 0.2501650921875 0.7650113828125 0.3045227578125 0.7828870140624999 0.3125464953125
8 0.4773563796875 0.8106126328125001 0.5151728531249999 0.8272460781250001 0.4608734859375 0.9490008515625 0.47389173125 0.954942328125 0.532150334375 0.8234651921875 0.56166669375 0.757185728125 0.5604591 0.7566480734375001 0.5686304671875 0.73839860625 0.5193265171875 0.7163461609375 0.4773563796875 0.8106126328125001
2 0.3009440578125 0.7687083359375 0.3364215203125 0.6887557421875 0.3072141328125 0.67566625625 0.2715648109375 0.7556860046875 0.3009440578125 0.7687083359375
10 0.5245525921875 0.922720003125 0.5178900718749999 0.919970875 0.51245746875 0.9321227593750001 0.5296021484375 0.9397560625000001 0.544589884375 0.906142996875 0.534107090625 0.90126025 0.5245525921875 0.922720003125
13 0.589045184375 0.6961305671875 0.5723237328125 0.733637621875 0.5869969515625 0.7401260890625 0.592286884375 0.728286965625 0.60305590625 0.7331261125 0.6144508875 0.707532565625 0.589045184375 0.6961305671875
10 0.5967533953124999 0.7472817843749999 0.6018948 0.7357339984375 0.59229200625 0.7313679093750001 0.5870675328125 0.7430600109375 0.5967533953124999 0.7472817843749999
10 0.5243567265625 0.91389794375 0.5338667390625 0.8925381078125 0.5273782609375 0.8895363671875 0.5178685421875 0.9109339609375 0.5243567265625 0.91389794375
2 0.2794925296875 0.6186421203125 0.3178890734375 0.5319641328125 0.278703446875 0.51463729375 0.2404110078125 0.60126585 0.2794925296875 0.6186421203125
7 0.5951415953125 0 0.590508475 0.010469065625 0.579680328125 0.0057934453125 0.5396754953125 0.095495953125 0.577424240625 0.11331873750000002 0.6230029609375001 0.011089393749999999 0.5979482468749999 0 0.5951415953125 0
1 0.5514879390625 0.83580003125 0.5285350734375001 0.8869419625000001 0.54231015625 0.8929929265625001 0.5531077437499999 0.86874115 0.5579966390625 0.8709178265625 0.5700297140624999 0.8440947 0.5514879390625 0.83580003125
6 0.49688118281250004 0.9637463125 0.5087699875 0.9370128875000001 0.50641079375 0.9359539546875 0.51145786875 0.9245488906249999 0.49251999375000005 0.9161873296874999 0.48793591562499994 0.9265294390625 0.4868325234375 0.926038178125 0.4664097734375 0.9716087828125 0.486405590625 0.9808210718750001 0.4944902625 0.9626818078125 0.49688118281250004 0.9637463125
13 0.363242715625 0.6586666953125 0.38109588125 0.618613925 0.356702790625 0.607753421875 0.33893152656250003 0.6477451656250001 0.363242715625 0.6586666953125
10 0.5346409734375001 0.19119873125 0.5673490609375 0.1178158359375 0.5584654171875 0.1139358390625 0.5258107796875 0.1873408203125 0.5346409734375001 0.19119873125
10 0.3771554546875 0.6475863171875 0.3906074484375 0.6174149046874999 0.38587111875 0.615318128125 0.3724483703125 0.645408490625 0.3771554546875 0.6475863171875
1 0.5429229984374999 0.658445775 0.5198855734375 0.71007343125 0.5312078734375001 0.715287190625 0.5323468921875001 0.7127327546875 0.5336886515625 0.7133455375 0.5531493968750001 0.6696590390625 0.5517912593750001 0.6691022484375 0.554275196875 0.6635462796875 0.5429229984374999 0.658445775
2 0.3346977625 0.7838219718749999 0.3703126390625 0.7038296468749999 0.338914453125 0.6898177765625 0.30322469375 0.7698092578125 0.3346977625 0.7838219718749999
10 0.626084509375 0.7189618765625 0.6279758359375001 0.714713890625 0.6185063656249999 0.7104978109375 0.6034119875 0.7444003390625 0.6145645656250001 0.749323028125 0.6277372890625 0.7197097140625 0.626084509375 0.7189618765625
10 0.48179148749999995 1 0.4861352515625 0.99027535625 0.47284443749999994 0.9843544828124999 0.4658786046875 1 0.48179148749999995 1