13 0.74022096875 0.2406862984375 0.7436624640625 0.2013459078125 0.7294526218749999 0.20011687656250002 0.7281054734375 0.21512976093749997 0.7247689890625 0.21483750625 0.7226398484375001 0.23913789687499998 0.74022096875 0.2406862984375
1 0.2504866265625 0.6570975953125 0.2528112828125 0.6295561203125 0.23110796093750002 0.627671546875 0.22871434062499998 0.655144396875 0.2504866265625 0.6570975953125
2 0.23753054687500003 0.763520590625 0.2408282578125 0.7257431140625 0.2090929015625 0.7229272 0.2039990171875 0.7808706828124999 0.23606752343749998 0.7836868953125 0.2378420265625 0.7635474343750001 0.23753054687500003 0.763520590625
11 0.33777198125 0.794445278125 0.339550290625 0.77423728125 0.317792496875 0.772368846875 0.3159887484375 0.7925570875 0.33777198125 0.794445278125
10 0.2492890546875 0.6696626593749999 0.2501765984375 0.6596431546875 0.2282873125 0.6577281640625 0.22736592656250001 0.668272415625 0.23289841406249998 0.668790740625 0.2329603984375 0.6682153 0.2492890546875 0.6696626593749999
3 0.7177255031249999 0.7196256953125 0.7214433 0.6772438046875 0.6953989328125 0.6749644203125 0.6935422890625 0.69595376875 0.7022760984375 0.6967556296875 0.7003980359375 0.71798188125 0.7177255031249999 0.7196256953125
6 0.5474519203125 0.7203975765624999 0.5520501390625 0.720780415625 0.551757278125 0.7242882046875 0.551518575 0.7245089453125 0.55126811875 0.72756869375 0.56855088125 0.7291439125 0.5686865 0.7275933671875 0.573355525 0.727935328125 0.5754966734375 0.7025155265625 0.5534026843750001 0.7006702421875 0.5532814578125 0.7022214078125 0.553670528125 0.702254484375 0.5534995 0.704377884375 0.5494416109375 0.7039586531250001 0.549411596875 0.7041431078125 0.5489059875 0.7040982171875 0.5474519203125 0.7203975765624999
10 0.6933846078125 0.678853725 0.6944590765624999 0.667726090625 0.689617215625 0.6673167906249999 0.68862398125 0.678437075 0.6933846078125 0.678853725
10 0.5988510406249999 0.664720690625 0.59930338125 0.659573309375 0.5797499546875 0.657839365625 0.5790866703125 0.665410034375 0.5985255515625 0.6671488734375 0.5987405390625 0.66471049375 0.5988510406249999 0.664720690625
13 0.696584271875 0.7386263750000001 0.7000638734375 0.6993188406249999 0.6859135937499999 0.6981090046875 0.684562459375 0.71308846875 0.6811890234375 0.7128073421875001 0.6790660578125001 0.737078653125 0.696584271875 0.7386263750000001
1 0.6867721312499999 0.6806212671874999 0.687956021875 0.6676303390625 0.6705450078124999 0.666243984375 0.6680712546875001 0.693478603125 0.6916528765625001 0.6955494109375 0.6929089312500001 0.6811300499999999 0.6867721312499999 0.6806212671874999
2 0.6092180484374999 0.7950494 0.61264545625 0.7556227359375 0.5809210031250001 0.752947240625 0.5756944890625 0.8124663328124999 0.607747578125 0.815297825 0.6095249984375 0.79507503125 0.6092180484374999 0.7950494
10 0.6230907828125 0.7318958359375001 0.6291833484375 0.662485740625 0.602059225 0.66011276875 0.6015856187499999 0.6649471046875 0.6017169531250001 0.6649580312500001 0.596043934375 0.7294578359375 0.6230907828125 0.7318958359375001
10 0.575637565625 0.7007641921875 0.57751030625 0.679696659375 0.5554445671875 0.6777942390625 0.55357306875 0.6988329875 0.575637565625 0.7007641921875
7 0.66554689375 0.696144203125 0.6682918671875 0.6663277453124999 0.631121446875 0.6630826984375 0.6245350281250001 0.7323798765625 0.628370246875 0.7327426796875 0.6283565296875 0.7333553171875 0.670519975 0.7371035499999999 0.6740541265625 0.6968740296875 0.66554689375 0.696144203125
8 0.6158462171875 0.753348665625 0.6121937828124999 0.7953598421875 0.61199471875 0.7953420921875 0.61018348125 0.8154797968749999 0.66338679375 0.8201350125 0.66561408125 0.7943937390625 0.6655267984375 0.794242559375 0.670206978125 0.7387667109375 0.5510256734375 0.72805695625 0.549259115625 0.74794943125 0.6158462171875 0.753348665625
11 0.5757258078125 0.6756468 0.5773994890624999 0.65607075625 0.5564832296875 0.6542854593749999 0.5547455953125 0.6738103984375 0.5757258078125 0.6756468
1 0.67349911875 0.8041044859375001 0.673413453125 0.8052090109375 0.6673123921874999 0.8046936296875 0.6657454828125 0.8221808203125001 0.69083991875 0.8243771390625 0.6923555640625 0.8069182703125 0.6909642484375 0.8067800234375 0.691052775 0.805640675 0.67349911875 0.8041044859375001
10 0.6830392703125 0.710448015625 0.6842030765625 0.6975018515625 0.677056784375 0.6968908093749999 0.6735313078125 0.7368525109374999 0.6771915328125 0.7371862171875 0.6795553328125 0.7101566921875 0.6830392703125 0.710448015625
13 0.5771801937500001 0.7049077671874999 0.5949555234374999 0.70649203125 0.597982028125 0.66985348125 0.5803004609375 0.6683056656249999 0.5771801937500001 0.7049077671874999
10 0.5930823171874999 0.7292094109375 0.5948871359375 0.7091379250000001 0.5769222015625 0.7075368265625 0.575137321875 0.7276848296875 0.5930823171874999 0.7292094109375
2 0.7158130265625 0.7414331562500001 0.7175957625 0.721142228125 0.70025054375 0.7196974765624999 0.6983659984374999 0.7413765421875 0.6732228625000001 0.7391687921875 0.66851756875 0.794267478125 0.668428328125 0.794322828125 0.667982053125 0.7994475703125 0.7104291171875 0.8031213609375 0.715704084375 0.742727178125 0.7087158890625 0.7421358515625001 0.7088300890625 0.740822209375 0.7158130265625 0.7414331562500001
2 0.54906481875 0.7501717421875 0.54904790625 0.75034353125 0.5437758484375 0.7498674890625 0.5385666812500001 0.8091890265625 0.5740153609374999 0.81229140625 0.579274515625 0.752747090625 0.54906481875 0.7501717421875
10 0.32728225312500003 0.6783510859375 0.327416334375 0.6768243921875 0.2998399359375 0.6744127328125 0.29923606875000003 0.6808621359375 0.30833987343749997 0.681659609375 0.308766353125 0.67667515 0.32728225312500003 0.6783510859375
13 0.192176134375 0.696351071875 0.19531452031250002 0.6596632375 0.1777521046875 0.658129553125 0.174508084375 0.6949459921875001 0.192176134375 0.696351071875
10 0.24658548125 0.7016367906250001 0.2491890234375 0.6720040515625 0.234323484375 0.6706624140625 0.23172958906250002 0.70030744375 0.24658548125 0.7016367906250001
2 0.20233039531250002 0.7807470999999999 0.20741549843749998 0.7227397953125 0.1720750234375 0.7197165562500001 0.1674226671875 0.772885046875 0.167310353125 0.7729600984375 0.16686287500000002 0.7776607015625 0.20233039531250002 0.7807470999999999
10 0.327550678125 0.674741309375 0.330229740625 0.645418359375 0.3012949359375 0.6428724171875 0.2987458390625 0.6718371109375 0.2999885453125 0.671932303125 0.2999656953125 0.6721866171875 0.327550678125 0.674741309375
6 0.2187639796875 0.70117824375 0.22086050156249998 0.67444591875 0.202008496875 0.6729678609375 0.1998604609375 0.6979183250000001 0.2043188328125 0.698255603125 0.20417824375000002 0.6999212859374999 0.2187639796875 0.70117824375
10 0.19835264375 0.6722616546875 0.1996200078125 0.657643121875 0.197267871875 0.6574383015625 0.193808878125 0.6968500328125 0.198172265625 0.697245978125 0.200344709375 0.6724217578125 0.19835264375 0.6722616546875
3 0.3461680875 0.6869654390625 0.3496954421875 0.647117475 0.3317170046875 0.6455305515624999 0.3283344390625 0.685333196875 0.3461680875 0.6869654390625
10 0.1905063953125 0.7192750265625001 0.19215088593750002 0.6991136703125 0.1740045171875 0.6974833671875 0.1722211453125 0.717631775 0.1905063953125 0.7192750265625001
10 0.22878656562500002 0.7000801765625 0.23095035 0.67534260625 0.22219057812499998 0.674619521875 0.22001289375000002 0.69928219375 0.22878656562500002 0.7000801765625
7 0.2942420984375 0.7039371125 0.3004903546875 0.63369845625 0.2544641109375 0.629672234375 0.2482050796875 0.7001684406249999 0.2942420984375 0.7039371125
8 0.29170862343750004 0.7885472328125 0.29387417031249996 0.7636823421875001 0.2937734328125 0.763587409375 0.2987888234375 0.706389646875 0.2480380671875 0.7019629234375 0.2478645265625 0.703830065625 0.1936235703125 0.69921386875 0.1919384890625 0.7193999359375 0.24129504218750003 0.723747490625 0.24132448750000002 0.72328141875 0.2440334875 0.723518771875 0.24050493906249998 0.763775675 0.2403039625 0.763759028125 0.2385339078125 0.7838818859375001 0.29170862343750004 0.7885472328125
13 0.3102985484375 0.6792759562499999 0.3098661390625 0.6842523578125 0.299161659375 0.6833252437499999 0.2973916125 0.7033575171875001 0.3244684875 0.705767975 0.32678106875 0.68074675 0.3102985484375 0.6792759562499999
10 0.3061351359375 0.64096969375 0.3067544828125 0.633780334375 0.3022224828125 0.633403915625 0.3015668640625 0.6405414984375 0.3061351359375 0.64096969375
1 0.298394340625 0.7712507609375 0.2983099171875 0.7723265031250001 0.2958363609375 0.7721522375000001 0.2942022875 0.790590384375 0.31423994843749997 0.7924006984374999 0.3159896140625 0.7727463390625 0.298394340625 0.7712507609375
2 0.3388769296875 0.770465740625 0.34602879531249997 0.6883063265625 0.3281877796875 0.6867740203125 0.3262549875 0.7088202984375 0.30170609375 0.70677339375 0.2967707828125 0.7635817375 0.29667086875000004 0.7636407000000001 0.296376615625 0.7667129765625 0.3388769296875 0.770465740625
11 0.40322956718749997 0.3058655609375 0.405052328125 0.284930221875 0.384162 0.2830904046875 0.382349725 0.304010759375 0.40322956718749997 0.3058655609375
1 0.401137478125 0.1360033625 0.401108909375 0.13632731874999998 0.38118130781250004 0.134643553125 0.3796271484375 0.15274723750000002 0.3969032015625 0.15429315937500002 0.3966925453125 0.1568119640625 0.4074565578125 0.1577825296875 0.4076461625 0.15527587812500002 0.41630796875 0.155941978125 0.4179284 0.13788678593749998 0.41013894687499997 0.13711635 0.41015169374999993 0.1368091828125 0.401137478125 0.1360033625
13 0.39037599843750004 0.211621265625 0.39393258593749997 0.1715676078125 0.3631131984375 0.168870953125 0.36179518593750004 0.18325591875 0.3665747828125 0.183716475 0.364315059375 0.20931317656249998 0.39037599843750004 0.211621265625
7 0.3396525 0.21116177656250001 0.34453967812499997 0.15462361875 0.2975003515625 0.1505507921875 0.292533653125 0.206926909375 0.3396525 0.21116177656250001
2 0.2929933359375 0.1646183171875 0.29302906093750003 0.1644548046875 0.261174878125 0.1616054328125 0.25743600624999996 0.2033475703125 0.2891986296875 0.20625490625 0.292372340625 0.1696525671875 0.29259175625 0.169316659375 0.29292603906250003 0.1649238078125 0.2929933359375 0.1646183171875
10 0.2552736109375 0.26997699375 0.2588254234375 0.2299592609375 0.2373590921875 0.2280233390625 0.23384428124999998 0.26807201406250003 0.2552736109375 0.26997699375
6 0.231046525 0.20324361406250002 0.231189734375 0.20148966562499998 0.2362050796875 0.20192765625 0.2387736828125 0.1705417625 0.2328646453125 0.17012474375 0.23365727343749998 0.1609484671875 0.21804474375 0.1595813765625 0.217257821875 0.1685310984375 0.2176382421875 0.1685602390625 0.21475609062499998 0.20173208593749997 0.231046525 0.20324361406250002
0 0.11633650625 0 0.005715371875 0.4128436953125 0 0.478170234375 0 0.88366349375 0.4128436953125 0.9942846281250001 0.478170234375 1 0.88366349375 1 0.9942846281250001 0.5871563046875 1 0.5218297656249999 1 0.11633650625 0.5871563046875 0.005715371875 0.5218297656249999 0 0.11633650625 0
10 0.352106665625 0.2088129296875 0.354513571875 0.18167686875 0.3439309671875 0.1807597640625 0.34156185156249996 0.2078574234375 0.352106665625 0.2088129296875
3 0.4110590875 0.21606977187499998 0.41589642343750005 0.1608948515625 0.377497125 0.1575211125 0.3766898609375 0.16731948593749998 0.39600565468750004 0.1690528453125 0.39200725468750003 0.21437155468750002 0.4110590875 0.21606977187499998
1 0.2405453390625 0.151855778125 0.24188715156249999 0.13684469999999999 0.2358802359375 0.1362979265625 0.2359090078125 0.135804175 0.226899775 0.1350401296875 0.22684416093749998 0.13550727812500002 0.2192194546875 0.1348343671875 0.21744862343750002 0.15459790625 0.220236725 0.154841896875 0.220012725 0.1574105078125 0.2307814734375 0.1584599875 0.2310159671875 0.1557858078125 0.23422880156249998 0.156038459375 0.234672046875 0.151341575 0.2405453390625 0.151855778125
10 0.29655396562499997 0.14119971874999998 0.297322978125 0.13241343125 0.2912792984375 0.131889159375 0.2905133265625 0.140742584375 0.29655396562499997 0.14119971874999998
8 0.23136107187500002 0.20331333906250001 0.23131337031250002 0.203895840625 0.21430392187499997 0.20236312031249998 0.21255680781250003 0.22182081406249998 0.21475593750000002 0.2220412515625 0.21477031562499999 0.2218849609375 0.2989325171875 0.2292353875 0.2955122953125 0.268460159375 0.2954089875 0.2684955640625 0.2950000046875 0.2734086859375 0.35510489375 0.27862231249999997 0.35567425625000004 0.272241309375 0.3554995015625 0.2719275765625 0.360807028125 0.2118284375 0.355723953125 0.21138362187499998 0.3557220828125 0.21151738281250002 0.35186106875 0.211178403125 0.3519062109375 0.21088315156249998 0.3398766953125 0.20977569843750002 0.33959969375 0.212813775 0.292420715625 0.2086161765625 0.2923769578125 0.20909944375 0.2890361625 0.20879309375 0.28906854531250004 0.2083100140625 0.23136107187500002 0.20331333906250001
10 0.37820730937499997 0.14894229375 0.379456121875 0.13443525781250001 0.3721894640625 0.133814609375 0.37094299999999997 0.148294775 0.37820730937499997 0.14894229375
1 0.350642521875 0.136580534375 0.350615640625 0.137006853125 0.323996959375 0.1347337265625 0.32403564687499997 0.1342814546875 0.306636990625 0.13274635625 0.30660016562500003 0.1331554515625 0.298974346875 0.13257121249999998 0.2979960390625 0.1437504953125 0.28762069375 0.142814515625 0.2877743265625 0.1408465984375 0.285803715625 0.1406728328125 0.2858301703125 0.1401816953125 0.268431296875 0.1386594796875 0.2683932296875 0.139097359375 0.2630523890625 0.1386546515625 0.2614948140625 0.1566684515625 0.2665371890625 0.1571444203125 0.26648194062499997 0.1580629828125 0.28438586093749996 0.15959596874999998 0.28444819374999997 0.15872945 0.2931220953125 0.1594651140625 0.2943040359375 0.1453283875 0.3063168703125 0.1464135765625 0.3062281796875 0.147269796875 0.3242374515625 0.148826159375 0.32431398906250003 0.1479488890625 0.348449871875 0.1500339484375 0.34580529375 0.18014583125 0.36028934375 0.1813415734375 0.3615866453125 0.1661826890625 0.3748597921875 0.1672852890625 0.3761928375 0.15110555781249999 0.369107615625 0.150514115625 0.3701314953125 0.13876631875 0.3597352078125 0.13783605000000002 0.3597740828125 0.13739515156249998 0.350642521875 0.136580534375
2 0.4110655046875 0.21634163437499998 0.363846484375 0.21204595624999997 0.35863330625 0.271943909375 0.358386896875 0.2724650796875 0.3579720796875 0.2772067875 0.40537880625 0.2813392359375 0.4110655046875 0.21634163437499998
10 0.256001015625 0.2033723234375 0.257754778125 0.1834068609375 0.23937336875 0.1817119625 0.237628625 0.2017946921875 0.256001015625 0.2033723234375
10 0.23914359531249998 0.1683341546875 0.2404111484375 0.1537269953125 0.23602800156249998 0.153356490625 0.23473415000000003 0.167904840625 0.23914359531249998 0.1683341546875
2 0.23213526406249999 0.26789393281249996 0.23571359374999998 0.22792212812499998 0.195710934375 0.22430803125 0.192171078125 0.2644260234375 0.23213526406249999 0.26789393281249996
10 0.3599122640625 0.185417228125 0.3602506203125 0.1819086875 0.3583408125 0.1817253328125 0.3559628140625 0.20901310781250002 0.3626566171875 0.20959834531250002 0.36473458281250004 0.1858390859375 0.3599122640625 0.185417228125
2 0.29252694218749997 0.26811316875 0.29563841874999996 0.2331376546875 0.260250759375 0.23001280156249998 0.2567860484375 0.2700797546875 0.292193653125 0.27319054062500003 0.292627946875 0.268237290625 0.29252694218749997 0.26811316875
1 0.22102814999999998 0.290540875 0.2210697765625 0.290071596875 0.23567286406250001 0.29137849843749997 0.2356264421875 0.291817375 0.24938401250000003 0.29300771875 0.24942563906249998 0.2925384390625 0.26210110468750003 0.293662065625 0.26205063906250003 0.294116034375 0.282963121875 0.2959456125 0.28300261875 0.295490321875 0.3002213484375 0.29699662031249996 0.3001818515625 0.2974519109375 0.345918071875 0.3014376265625 0.3459679453125 0.30097379218750003 0.363072990625 0.3025240390625 0.36303349375 0.30297933125 0.38032248750000003 0.30447695625 0.38033819687500003 0.30388102968749997 0.380620140625 0.30386113593749997 0.3824166640625 0.283404053125 0.36454220625 0.28180940468750004 0.36444989843750003 0.2827455359375 0.35832458906250003 0.282139540625 0.3581651015625 0.28386971562499996 0.3477760078125 0.2829850515625 0.3478628140625 0.2821056796875 0.3015320171875 0.2780690296875 0.301471546875 0.2788923703125 0.2849315578125 0.2775032359375 0.2850099296875 0.2766070453125 0.2635656375 0.2747579078125 0.26348473906250003 0.2755790109375 0.25132078281250003 0.27453259218750004 0.2513959984375 0.273666290625 0.2370110828125 0.2723903484375 0.23693443749999998 0.2732740609375 0.223006646875 0.2720186953125 0.2230821296875 0.27118158281250004 0.20154580156250002 0.2692835203125 0.2014617171875 0.27015876875 0.1917226671875 0.26931725625 0.19018732656249998 0.28733863125000003 0.20015836875 0.28826818906249996 0.20011930625000002 0.2886977140625 0.22102814999999998 0.290540875
10 0.6666776750000001 0.2339424140625 0.6710864 0.1837659421875 0.643912253125 0.1813925078125 0.6434754109374999 0.186204340625 0.6436207046875 0.1862416546875 0.639625721875 0.23131216718749997 0.65122855 0.23227940937499997 0.6512050796875 0.2325481140625 0.6666776750000001 0.2339424140625
13 0.6407411796875 0.18602493125 0.6420296671875 0.1711645625 0.6236810703125 0.1696369828125 0.62035715625 0.20719229375 0.6385166765625 0.2088520015625 0.6404426625 0.1860161203125 0.6407411796875 0.18602493125
10 0.7266266156250001 0.21253515781250001 0.727740025 0.19956578281249998 0.7204913203125 0.1989143578125 0.7201925796875 0.20245616093750002 0.720302134375 0.20250007343749998 0.717111353125 0.238900490625 0.7207600671875001 0.23926508281249997 0.7231363749999999 0.212213028125 0.7266266156250001 0.21253515781250001
2 0.653294453125 0.2912484234375 0.6562112609375 0.25779630781249996 0.6244898125 0.254964709375 0.6210955484375 0.2935251234375 0.6529510828125 0.29633926875 0.6533756484375 0.2913559140625 0.653294453125 0.2912484234375
6 0.6186096640625001 0.20939150781250002 0.61906165625 0.20453520468750003 0.5970022203124999 0.20266359218750002 0.5946638984375 0.22959803281250002 0.6122383874999999 0.231134953125 0.6123491578125 0.22957451406249998 0.6169406609375 0.230018640625 0.6187559828125 0.2094129203125 0.6186096640625001 0.20939150781250002
2 0.7398274546875 0.3039802 0.7450515249999999 0.24372767187500002 0.716890415625 0.24126448437499998 0.7120783484375 0.29626661875 0.7119713421875 0.2963641203125 0.7115496484375 0.3014695671875 0.7398274546875 0.3039802
7 0.709501371875 0.1982617765625 0.710489509375 0.18719674375 0.6727234265625001 0.183965175 0.6680009515625 0.23609739531249999 0.714021425 0.24015118750000003 0.717330271875 0.20198199687499999 0.7174712828125 0.20198095781249997 0.7176949968749999 0.19897874843750002 0.709501371875 0.1982617765625
1 0.730355225 0.1826458 0.7316564453125001 0.1676594328125 0.6472766062499999 0.160336421875 0.6458299046875 0.1765358453125 0.714370253125 0.18248756875 0.7133371546875 0.1939498109375 0.7342481296875001 0.19577898437500002 0.7353802468749999 0.18307182500000002 0.730355225 0.1826458
8 0.6594274171875 0.25544063125 0.6562413078125 0.291720978125 0.65614195625 0.2918140609375 0.6556919140625 0.2965544171875 0.7087596328125 0.3012266828125 0.709177821875 0.29644220312499997 0.70907358125 0.29633015625 0.71401299375 0.2407199484375 0.5945712734375 0.23012482343750001 0.592848946875 0.24997900468749998 0.6594274171875 0.25544063125
10 0.6366122375 0.231510865625 0.6384493734375 0.2110953984375 0.6204978578125 0.20955289531250001 0.61870125 0.2297446671875 0.6366122375 0.231510865625
10 0.738973840625 0.172811684375 0.739401921875 0.1683404390625 0.73331323125 0.1678332234375 0.73220685625 0.18047448906250002 0.7357509484375 0.180794871875 0.7364881890625 0.1725678546875 0.738973840625 0.172811684375
1 0.7551699890625 0.307157853125 0.76650910625 0.177465665625 0.7537119328124999 0.1762770765625 0.751425840625 0.202292146875 0.7467270640625 0.2019163328125 0.7434995953125 0.2386951484375 0.7489111546875 0.23916974687499998 0.7430778359375 0.306078909375 0.7551699890625 0.307157853125
2 0.592588459375 0.2521706390625 0.592571328125 0.252355309375 0.5873259546875 0.251870240625 0.58398471875 0.2902750140625 0.6194200515625 0.2934271984375 0.622824434375 0.25473846875 0.592588459375 0.2521706390625
10 0.619223165625 0.2027974828125 0.6210807625 0.181683834375 0.598997309375 0.1798656375 0.5971298828125 0.2008650375 0.619223165625 0.2027974828125
1 0.5824711015624999 0.295108909375 0.5808543109375 0.31315051875 0.59098604375 0.31403578125 0.5909454421875 0.314489159375 0.6082714375 0.316017728125 0.608314603125 0.3155245984375 0.6263940015625 0.31710298593749997 0.6263535890624999 0.3175677359375 0.643772190625 0.3190887671875 0.6438134125 0.3186209984375 0.660920025 0.32012313593749997 0.6608897421875 0.320616484375 0.6995015296875 0.32397598437499997 0.69954366875 0.3234987546875 0.7155656203125 0.3248833453125 0.7155132125 0.3253626765625 0.732810690625 0.3269191921875 0.732840540625 0.3264516109375 0.7343626546875 0.32654240625000003 0.7360432578125 0.307658940625 0.7169136953125 0.3059851890625 0.7168159203125 0.3068632390625 0.5824711015624999 0.295108909375
11 0.6193470859375 0.1777220046875 0.621107584375 0.158099665625 0.600152328125 0.156266715625 0.5983942859375 0.1758557421875 0.6193470859375 0.1777220046875
10 0.6413998203125 0.1691322984375 0.6421549718749999 0.1607418484375 0.6233677937500001 0.159172778125 0.6226509515624999 0.167426290625 0.6413998203125 0.1691322984375
10 0.749945978125 0.179682475 0.7501341421875 0.1779599828125 0.7389460999999999 0.1769841796875 0.7372830578125 0.195995290625 0.7484296703125 0.1970230796875 0.7486294703125 0.194744009375 0.7500252328125 0.1948656546875 0.751381090625 0.1798081921875 0.749945978125 0.179682475
13 0.2576801703125 0.18065471093750002 0.26097352812499996 0.1423924 0.24337391406250003 0.140906984375 0.23999945312499998 0.17923653125 0.2576801703125 0.18065471093750002