13 0.610371815625 0.025519853125000002 0.6135461875 0.0245682203125 0.6106924484375 0.03493169375 0.6246045359375 0.0304954390625 0.630943659375 0.007564520312500001 0.6219444843749999 0.003175328125 0.6160722140625 0.0049963281249999995 0.610371815625 0.025519853125000002
10 0.31584667187500004 0.543011446875 0.3142527171875 0.5422340218749999 0.309567690625 0.55177559375 0.31119651406250004 0.5525456859375 0.31584667187500004 0.543011446875
10 0.17099969843750001 0.8510910812500001 0.164901115625 0.8480331578125 0.162607959375 0.8528132390625001 0.1687366109375 0.8558023828125 0.17099969843750001 0.8510910812500001
2 0.22767000781250002 0.63547626875 0.226830240625 0.635212715625 0.2220250109375 0.6451076703124999 0.23949251093749999 0.6536271390625 0.2583545625 0.6150005390625 0.24091093125000002 0.6064214359375 0.236936478125 0.614534628125 0.2377212734375 0.614821784375 0.22767000781250002 0.63547626875
10 0.5744502390624999 0.056818617187499997 0.5777823093750001 0.0447900640625 0.573504428125 0.04601533125 0.5753125421874999 0.0394566828125 0.559151165625 0.0444056828125 0.554152878125 0.0628552171875 0.5556760281249999 0.0623342609375 0.5560791218750001 0.060905421875 0.5626242578125 0.058863251562499996 0.5620740390625001 0.0606792828125 0.5744502390624999 0.056818617187499997
2 0.511728709375 0.090944209375 0.506839146875 0.0884620578125 0.49626892343750006 0.110134228125 0.5011432390625 0.11255852968749999 0.511728709375 0.090944209375
13 0.5493292000000001 0.037789826562500003 0.5393889796875 0.04086546875 0.536719184375 0.050819725 0.546651796875 0.047681265625000004 0.5493292000000001 0.037789826562500003
2 0.50614218125 0.0882942296875 0.48762369375 0.07913873125000001 0.48534454687500006 0.08392216875 0.486009259375 0.0842915703125 0.4742899921875 0.1083517109375 0.47358523750000003 0.107961040625 0.4712347515625 0.1128800515625 0.49528048125 0.1247678734375 0.5004806546875 0.11403465156249999 0.4948842578125 0.11130510625000001 0.50614218125 0.0882942296875
10 0.5222711640625 0.05299364375 0.5253141828125 0.05445348437500001 0.530166303125 0.0369131390625 0.5222711640625 0.05299364375
13 0.5319162375 0.03352484375 0.526186778125 0.054361021875000005 0.5363044703125001 0.0509286359375 0.5419396421875 0.0302394390625 0.5319162375 0.03352484375
10 0.5499341828125 0.10451766250000001 0.5437658640625 0.101474403125 0.542559796875 0.10573293749999998 0.54799996875 0.10842279375 0.5499341828125 0.10451766250000001
10 0.5377172515625 0.0842812546875 0.5208734515625 0.08940329999999999 0.520258996875 0.09157915 0.5336219890625 0.09821319218749999 0.5340701906249999 0.09731919375 0.5377172515625 0.0842812546875
1 0.46678042656249996 0.2646394875 0.45914170624999995 0.26094686562499997 0.4502807890625 0.27915008124999996 0.4578573421875 0.2828454125 0.46678042656249996 0.2646394875
10 0.5329254328124999 0.0997874828125 0.5305756921875 0.098688375 0.526325515625 0.1074702484375 0.5285696921875 0.10856480625 0.5329254328124999 0.0997874828125
10 0.5147731906249999 0.1168559296875 0.510014165625 0.11443049218750001 0.507911565625 0.11883413437499998 0.5170585703125 0.12319112031249999 0.5287168125 0.099320259375 0.5243846890625 0.097242109375 0.5147731906249999 0.1168559296875
2 0.5309112234375 0.033582275 0.5140505984375 0.02509455625 0.512418175 0.0283524125 0.5131627296875 0.028739895312500003 0.4931686234375 0.0697766578125 0.492406053125 0.06940472812500001 0.4890461734375 0.07620439531249999 0.5095403265625 0.0862956765625 0.5244021421875 0.05593136875 0.5209911328125 0.05407474062499999 0.5309112234375 0.033582275
10 0.60299346875 0.05977747343749999 0.6000298765625 0.060631990625 0.5978887609375 0.06828685625 0.6008689640625 0.067416103125 0.60299346875 0.05977747343749999
13 0.552210396875 0.027234609375000003 0.5422933015625 0.030387590625 0.5395619546875 0.040336165624999996 0.5494842281250001 0.0372830609375 0.552210396875 0.027234609375000003
1 0.5632342 0.0615441421875 0.5579989640624999 0.0806969171875 0.5679369953125 0.077682790625 0.5731893546875 0.0584949078125 0.5632342 0.0615441421875
10 0.60696114375 0.0376560984375 0.6062199171875 0.0379604015625 0.6038669734375001 0.0465271984375 0.606783090625 0.04567734375 0.612029496875 0.026594340625 0.6098626296874999 0.0273159125 0.60696114375 0.0376560984375
13 0.42529035625 0.264861396875 0.43455331093750005 0.269354903125 0.4432940203125 0.2514337921875 0.4338641609375 0.24702229375 0.42529035625 0.264861396875
10 0.463595546875 0.23462436874999998 0.4526117625 0.22924288124999997 0.45118226093749997 0.2321737921875 0.462222896875 0.23743871875 0.463595546875 0.23462436874999998
2 0.4890450171875 0.1232773234375 0.4705447609375 0.1142697921875 0.46806241093749995 0.11928094843749999 0.46876483125 0.119576603125 0.45703672656250005 0.1436619875 0.45632447656249997 0.1433615375 0.4539787125 0.1481924515625 0.47807622343749995 0.15994559375 0.483304721875 0.1491792484375 0.47776847499999997 0.14652597812499998 0.4890450171875 0.1232773234375
2 0.45577944531250003 0.22109431875 0.42560921875 0.20642625468750003 0.42321759375 0.211283478125 0.42391182812499995 0.211599478125 0.40887727500000004 0.24244626875000003 0.408164103125 0.2421940453125 0.4016678140625 0.255424303125 0.42368967187499995 0.26616508125 0.44247702968749997 0.2276880625 0.4505879640625 0.2317170453125 0.45577944531250003 0.22109431875
13 0.45147908125 0.2344238125 0.4470370734375 0.23225730000000003 0.439011696875 0.248736709375 0.443432915625 0.25092089687499997 0.45147908125 0.2344238125
10 0.4778353234375 0.241945075 0.464268146875 0.235155815625 0.45462491250000003 0.2550236140625 0.459426159375 0.2572662484375 0.4585528421875 0.2590568140625 0.467452678125 0.2632932484375 0.47006273125 0.2579097671875 0.46925909375 0.25755431406249996 0.47610241249999996 0.24358758749999998 0.4768663875 0.24396020312500002 0.4778353234375 0.241945075
4 0.5610765625 0.11003734843749999 0.551227603125 0.10514850625000001 0.53836415 0.13152249375 0.5482351609375 0.1363090921875 0.5610765625 0.11003734843749999
2 0.5186472953125 0.1493715625 0.497831790625 0.1392904390625 0.48146861249999995 0.173164278125 0.505604765625 0.18500928125 0.5072128328125001 0.18169086875 0.506457525 0.18134681875 0.5132538546875 0.1674336640625 0.5139810796875001 0.16783529375 0.5161482765625001 0.1633918796875 0.5126708265625 0.1616714765625 0.5186472953125 0.1493715625
6 0.5813214296875 0.018044029687499998 0.5650218515625001 0.0230803453125 0.55957039375 0.0429829734375 0.5758348625 0.0379295328125 0.5813214296875 0.018044029687499998
6 0.498081946875 0.1378009140625 0.519290915625 0.14809828125 0.5264432140624999 0.1334338953125 0.5148586015625 0.12778370156250002 0.5164023140625 0.124529515625 0.5073661859375 0.120219653125 0.505196153125 0.12480075937499999 0.5045265125 0.1244984921875 0.498081946875 0.1378009140625
5 0.5557499453125 0.13919721406250002 0.5540430375 0.14269689375 0.5357210578125 0.1336268078125 0.54719733125 0.1099401296875 0.5413242734375 0.10707564843749999 0.5524779875 0.0662001453125 0.5426740171875 0.069203165625 0.5349322859375001 0.097508453125 0.52849415 0.11061235312499999 0.5254719546875 0.1091383296875 0.5174334234375 0.12555916875 0.5290812328125 0.131240184375 0.5153611109375 0.1594632734375 0.5216287953125 0.162520228125 0.529227 0.14694159843750002 0.5467745500000001 0.1555001109375 0.5391257875 0.17105408125 0.54742280625 0.17496173125 0.563113003125 0.1428562171875 0.5557499453125 0.13919721406250002
6 0.5478875703125 0.047710307812500005 0.5504472 0.04692126875 0.5450819234375001 0.06571334375 0.5532503906249999 0.06310520625 0.5643942515625 0.0224352484375 0.5564867687499999 0.0247934359375 0.5560832953125 0.0261838453125 0.55354004375 0.027074746875 0.5478875703125 0.047710307812500005
2 0.49457562031249996 0.12606691718750002 0.4896909984375 0.123731465625 0.47907723906250005 0.145382403125 0.48400655937500003 0.1477153171875 0.49457562031249996 0.12606691718750002
10 0.541670940625 0.0695987984375 0.5248340625 0.07478506562500001 0.5213322296875 0.0878103921875 0.5380665890625 0.08257412187499999 0.541670940625 0.0695987984375
3 0.4614997140625 0.23879314687500003 0.452466596875 0.23443433906250002 0.444731578125 0.2503825875 0.45371341875000004 0.25471464843749997 0.4614997140625 0.23879314687500003
7 0.46990296249999997 0.23589967656250002 0.47478034999999996 0.2381394625 0.4791197078125 0.229188996875 0.483074578125 0.2312065765625 0.48646973125 0.2242989453125 0.4856995875 0.22386769062499998 0.4974653 0.19976935625 0.49823520156249995 0.2001761546875 0.5048712140625 0.1865168515625 0.4793949171875 0.1739799703125 0.4576065234375 0.218442503125 0.45791435468749997 0.2186204578125 0.4540636328125 0.2263837265625 0.4705559265625 0.234511 0.46990296249999997 0.23589967656250002
3 0.617381215625 0.060703351562499994 0.62372060625 0.058772925 0.623311734375 0.060395389062500006 0.62800195625 0.058891425 0.6363113703125001 0.0286986578125 0.62101470625 0.032897696875 0.6127715734375 0.0637173390625 0.61669409375 0.062525625 0.617381215625 0.060703351562499994
13 0.5230591796875 0.09789249375 0.511828778125 0.0924463515625 0.5036609828125 0.10950647499999999 0.51477851875 0.1148454140625 0.5230591796875 0.09789249375
10 0.482435209375 0.232556684375 0.4790198 0.23103342968749999 0.4754944484375 0.2384147375 0.478748846875 0.2400506890625 0.482435209375 0.232556684375
12 0.5467591703125 0.1554995640625 0.5292242609375 0.146947215625 0.521626740625 0.162524440625 0.539086090625 0.17106775000000002 0.5467591703125 0.1554995640625
8 0.5272009265625 0 0.5171662265625 0.02059566875 0.516295528125 0.0203135515625 0.5151999828125 0.0226702453125 0.5318450125 0.030908521875 0.6143265296875 0.0049185078124999995 0.615652925 0.00010673125 0.61543409375 0 0.5878764890625 0 0.587546746875 0.0012168984375 0.5394440890625 0.016197800000000002 0.54386813125 0 0.5272009265625 0
3 0.45846751093749993 0.2589074125 0.4440444390625 0.2519197484375 0.43533975937499997 0.26980975625000003 0.4498480390625 0.27657995 0.45846751093749993 0.2589074125
10 0.603092909375 0.0651838484375 0.611688528125 0.0625232796875 0.6112059828125 0.064186303125 0.6119022734375 0.0639313609375 0.620226915625 0.0335113296875 0.6100871796875 0.036621784375 0.6072608015625 0.0468543109375 0.60348484375 0.048027109375 0.6004178687499999 0.059230554687500006 0.6042072203125 0.058069503125 0.6017515796875 0.067064284375 0.6026840671875 0.0667385296875 0.603092909375 0.0651838484375
2 0.5446350234375 0 0.5406777390624999 0.014452596875000001 0.561031153125 0.0081478015625 0.5632830515625 0 0.5446350234375 0
10 0.528545584375 0.05822171875 0.5245049296875 0.059409706250000006 0.5110646156249999 0.08709475156249999 0.519527321875 0.09122228906249999 0.528545584375 0.05822171875
6 0.5443857875 0.06570064375 0.5490303015625 0.048650110937500005 0.5312812453125 0.054095546875 0.5264574750000001 0.07146370625000001 0.5443857875 0.06570064375
8 0.5086652984375 0.1139168953125 0.502671990625 0.11118846874999999 0.4780218328125 0.16172878125 0.45324838281249996 0.149743315625 0.4515449 0.1532359734375 0.452310278125 0.1536092734375 0.4311077359375 0.197034590625 0.4303797921875 0.19663087343750002 0.42685706874999996 0.20385352656250003 0.45754919374999997 0.21858143124999999 0.5086652984375 0.1139168953125
13 0.44681381406250004 0.23215188593749997 0.4423830390625 0.22999085312499998 0.43432710781250006 0.2464188515625 0.43874712968749996 0.2486233171875 0.44681381406250004 0.23215188593749997
6 0.300340965625 0.5676777578125 0.29194940625 0.563678796875 0.28392136875 0.580313365625 0.2922979234375 0.5842789328125 0.300340965625 0.5676777578125
13 0.6366519375 0.026952478125000002 0.6407475359375 0.012346190625 0.631786278125 0.007975492187499999 0.6256487953125001 0.030307643750000002 0.6366519375 0.026952478125000002
7 0.575939340625 0.055112821874999995 0.575140290625 0.055293307812500005 0.5690838984375 0.07734513750000001 0.5751128984375 0.075402396875 0.5755338921875001 0.073733690625 0.5903221671875001 0.06914414218750001 0.589790240625 0.07097257031250001 0.596982715625 0.06860116875 0.6143262578125 0.0049618359375 0.587316396875 0.013430092187500001 0.5865459796875 0.01651383125 0.5822152578125 0.01790803125 0.5749409484375 0.0442213078125 0.5794034484374999 0.043009593750000005 0.575939340625 0.055112821874999995
10 0.2001052515625 0.7738900359375 0.198511296875 0.7731126109375 0.1938255859375 0.7826555859375001 0.19545509375 0.7834242734375 0.2001052515625 0.7738900359375
13 0.1378149203125 0.8579018749999999 0.131338840625 0.8711263421875 0.1364594328125 0.8736516375000001 0.13598705625000002 0.87464510625 0.1370801953125 0.87509134375 0.135410615625 0.8784788453125 0.13730510468749998 0.87940285 0.145835253125 0.8618136515625 0.1378149203125 0.8579018749999999
13 0.190946534375 0.7783360140625 0.1798014875 0.7729002125 0.1716304578125 0.78970320625 0.1827373109375 0.795092565625 0.190946534375 0.7783360140625
10 0.19475438437499998 0.784860940625 0.19316885625 0.7840876265625 0.18817676249999998 0.794237390625 0.1897892109375 0.794976896875 0.19475438437499998 0.784860940625
13 0.1309387234375 0.8719360109375 0.1292300015625 0.875464359375 0.134348915625 0.8779610203124999 0.1360438375 0.87452155625 0.1309387234375 0.8719360109375
13 0.24031780781249998 0.660642690625 0.2352155015625 0.658058515625 0.2302241359375 0.6683529265625 0.2352892046875 0.670845925 0.24031780781249998 0.660642690625
10 0.31042128281250003 0.5541494015625 0.3088371578125 0.5533767734375 0.303842290625 0.5635286609375 0.3054547390625 0.5642681671875 0.31042128281250003 0.5541494015625
8 0.12633190625 0.8347777531249999 0.1444830234375 0.843599353125 0.13862364375 0.855584346875 0.1441256078125 0.8583043421875001 0.175720325 0.793646759375 0.1702194546875 0.79089600625 0.16423281875 0.8032987437499999 0.14605826718749998 0.7943683625 0.143616059375 0.7993399890624999 0.14448957499999998 0.79976603125 0.129347134375 0.830727090625 0.1284879078125 0.8304036328125 0.12633190625 0.8347777531249999
2 0.1694068984375 0.7909117078125 0.16638610781250002 0.7894383687500001 0.1672440125 0.7876437625 0.1702684953125 0.7889954718750001 0.178905159375 0.7712948125 0.161571303125 0.7626510343749999 0.159198103125 0.7674633531249999 0.1599800578125 0.7678169234375 0.14991738593749998 0.788448459375 0.149177284375 0.7880874875 0.146847753125 0.7928637359375 0.16426524375 0.8013431671875001 0.1694068984375 0.7909117078125
2 0.2934883171875 0.49871805937499997 0.291103746875 0.5035822 0.2918230578125 0.503960846875 0.2817053484375 0.5246802765624999 0.2809233921875 0.52432670625 0.2786450296875 0.5290479421875001 0.29613314375 0.537460990625 0.30568484375 0.5179483890625 0.31090806875 0.5072142390625001 0.2934883171875 0.49871805937499997
10 0.20575975781250003 0.7622466796875 0.20415594218750002 0.761532246875 0.1992535125 0.7715623296875 0.20084863125000002 0.7723159828124999 0.20575975781250003 0.7622466796875
13 0.35070634375 0.44081399218749995 0.345491015625 0.43839025937500004 0.3390001125 0.45174135781249997 0.34709932499999996 0.4556446703125 0.3562498453125 0.4369047109375 0.354384365625 0.43594617968750005 0.35216168593749997 0.4405033453125 0.35107306562499996 0.440019328125 0.35070634375 0.44081399218749995
10 0.1943045984375 0.7785796234375 0.192281834375 0.7776156546874999 0.183334475 0.7959818453125 0.185322815625 0.7969272859375 0.1943045984375 0.7785796234375
13 0.2015465171875 0.7565636203125 0.1904000671875 0.7511271328125 0.182230475 0.76793430625 0.1933359234375 0.7733229796875001 0.2015465171875 0.7565636203125
8 0.178457190625 0.7280690421875 0.19661108124999999 0.7368885171875 0.1907482421875 0.7488770406249999 0.19625020625 0.751597034375 0.227846328125 0.6869401374999999 0.22234542343750002 0.684185890625 0.21635741875 0.6965914375 0.1981835515625 0.6876596515625 0.1959238203125 0.6923569453125 0.1966372078125 0.6927726859375001 0.18159086875 0.723558096875 0.18084114375 0.7232132921875001 0.178457190625 0.7280690421875
10 0.190224084375 0.8210031015625001 0.188920834375 0.8203674640624999 0.1866478515625 0.8251382625 0.1879185578125 0.8256624125 0.190224084375 0.8210031015625001
10 0.2045518265625 0.7574591984375 0.2025742390625 0.7564703265625 0.1936521578125 0.774848846875 0.1956416609375 0.7757705171875 0.2045518265625 0.7574591984375
4 0.21176005937500003 0.8061430515625 0.20140539531249999 0.801064928125 0.18907850312500002 0.8263637546875 0.199464915625 0.83140173125 0.21176005937500003 0.8061430515625
5 0.2944252203125 0.5828044375 0.3065985375 0.5887695765625 0.3158207703125 0.569861196875 0.31323619375 0.5686875359375 0.31719249375 0.5605759203125 0.33139816093749996 0.5674140875 0.337905440625 0.5540935765625 0.323551059375 0.5474106125 0.338751725 0.516401459375 0.3291833296875 0.5116181656250001 0.3205643734375 0.529343109375 0.3228115359375 0.5305277828125 0.305397759375 0.56628478125 0.303039009375 0.56519345 0.2944252203125 0.5828044375
7 0.2383405859375 0.7146043640624999 0.230900984375 0.71112011875 0.23382403593749998 0.7052339046875 0.22187205625 0.699321090625 0.20848384531250003 0.72655 0.209255971875 0.7268987765625 0.2059993984375 0.733757521875 0.21387620937500001 0.737571484375 0.2132834828125 0.7387618046875 0.22452484374999998 0.7441854765625 0.2276165625 0.7378999796875 0.237414821875 0.742678909375 0.23891849999999998 0.7395460109374999 0.23818976875 0.739133215625 0.24823137499999998 0.71849140625 0.2490026484375 0.7188953953125 0.2548877078125 0.7067508203124999 0.24464566875 0.70175544375 0.2383405859375 0.7146043640624999
5 0.1788110296875 0.8134043453125 0.1909857515625 0.8193701687500001 0.2002066140625 0.8004645984375 0.1976234078125 0.7992881296875 0.20157970781249998 0.7911765140625 0.21573061249999997 0.798130525 0.2222374140625 0.7848323796875001 0.2079389578125 0.7780098015625 0.2231382203125 0.7469999625 0.21356776875 0.7422208828125 0.2049494984375 0.759944421875 0.20719943437500002 0.761126971875 0.1897821984375 0.7968874984375 0.18742622343749998 0.79579404375 0.1788110296875 0.8134043453125
10 0.32155107968749996 0.5313263703125 0.31994866875 0.5306126203125 0.3150462390625 0.5406427046875 0.31663926875000004 0.5413970765625 0.32155107968749996 0.5313263703125
2 0.3598603359375 0.47039568125000003 0.36056220781250004 0.470706715625 0.36847494062499997 0.45442617968750004 0.367735590625 0.4539995140625 0.3755810984375 0.437917403125 0.376341678125 0.4382292546875 0.3770738953125 0.43672798906250004 0.36099717343750004 0.42907459843750007 0.34702334375 0.4577893546875 0.34422337812500003 0.4563872125 0.33930413125 0.46641257031250005 0.35752052968750003 0.4751929953125 0.35917538125 0.471800046875 0.3598603359375 0.47039568125000003
13 0.2516962484375 0.643829028125 0.2527893875 0.6442752656249999 0.25050458125 0.6489099140625 0.25241845625 0.6498155578125 0.261544446875 0.6309975750000001 0.25352411406250003 0.627085796875 0.2470494375 0.64031095 0.25216794062500003 0.642836965625 0.2516962484375 0.643829028125
12 0.24042618437500002 0.7475184859375 0.2276066140625 0.741142534375 0.20939118906249998 0.7783756281249999 0.2223060078125 0.7846311453125 0.24042618437500002 0.7475184859375
10 0.24471451718749998 0.659562303125 0.24240316874999998 0.6583880453125001 0.2393686109375 0.664588421875 0.24169023437499998 0.665741615625 0.24471451718749998 0.659562303125
2 0.265172840625 0.6643199562500001 0.2729857765625 0.6482654203125 0.27378345625 0.6486544750000001 0.28181462968750004 0.63233783125 0.281029284375 0.631994775 0.28336881875 0.6272407906249999 0.26532688125 0.61815256875 0.26040410937499997 0.6282457453125 0.263267396875 0.62947885 0.24925645 0.6583980234375 0.2652153546875 0.6662216859375001 0.26597630156249996 0.6645866625 0.265172840625 0.6643199562500001
11 0.1755055421875 0.869508378125 0.166091253125 0.8648332765625 0.15991630625 0.8773440890625 0.16948520625000002 0.8819659546875 0.1755055421875 0.869508378125
6 0.2132783625 0.7396598203125 0.2048874890625 0.7356594546874999 0.1968601359375 0.7522926203125 0.2052352859375 0.7562575015624999 0.2132783625 0.7396598203125
10 0.3059419375 0.590073034375 0.304690715625 0.5894697265625 0.30231350468749996 0.5942296734375 0.3035776796875 0.5949418671875 0.3059419375 0.590073034375
11 0.26175808125 0.69269298125 0.252343790625 0.6880178796875 0.2461688453125 0.70052869375 0.25573428593749997 0.7051540859375 0.26175808125 0.69269298125
13 0.2517996765625 0.64361696875 0.246694596875 0.64103491875 0.241704634375 0.6513300125 0.246768265625 0.6538188328125 0.2517996765625 0.64361696875
10 0.21492849218750001 0.7997002656250001 0.2020884765625 0.793376925 0.20034047031250002 0.796960865625 0.2131836703125 0.8032527281249999 0.21492849218750001 0.7997002656250001
11 0.291274046875 0.63847089375 0.281859790625 0.6337992859375 0.275686215625 0.646307290625 0.28525165625 0.6509326828125 0.291274046875 0.63847089375
7 0.2798222921875 0.588756925 0.27898858125000003 0.5883989734374999 0.265584828125 0.6157524249999999 0.2777281671875 0.6215829890625 0.28061316718749996 0.6157355859375 0.2879734484375 0.619325434375 0.2816944015625 0.6322635453125 0.2919179421875 0.6372255609375 0.2979435375 0.625088684375 0.29712198437500004 0.6246879859375001 0.30720657500000004 0.604011509375 0.3079508890625 0.6043745359375 0.309484090625 0.6011882359375 0.299751353125 0.5963925875 0.30277891874999996 0.590121 0.283127915625 0.581911671875 0.2798222921875 0.588756925
8 0.294138434375 0.497253240625 0.3122902015625 0.5060699421875 0.306428765625 0.51805915 0.3119306953125 0.52077565 0.3435268171875 0.456118753125 0.33802735156249997 0.4533686859375 0.33203931249999996 0.46577073750000003 0.313864040625 0.4568382671875 0.311603659375 0.4615404578125 0.3123170125 0.46195270624999996 0.2972302953125 0.49282446718750006 0.296449709375 0.4924680890625 0.294138434375 0.497253240625
10 0.25165264062500003 0.6519488765625 0.249340571875 0.6507725296875 0.24630532968750002 0.6569743109374999 0.24862839218750002 0.6581316828125 0.25165264062500003 0.6519488765625
2 0.24418293124999998 0.7012463859375 0.244888296875 0.7015573859375 0.2527975359375 0.685276884375 0.252060275 0.6848494984375 0.2599065015625 0.6687694765625001 0.26066567812499997 0.66908064375 0.2613978953125 0.667579378125 0.24532117343749998 0.6599259875000001 0.23134662343749998 0.688638653125 0.22854737812499998 0.6872386015624999 0.22362813125 0.6972639593750001 0.24184244062500002 0.706045103125 0.24349660625 0.7026535593750001 0.24418293124999998 0.7012463859375
13 0.35595100468749996 0.4299859921875 0.3508486984375 0.42740181718750003 0.34585801875 0.4376948234375 0.3509224015625 0.44018922656250004 0.35595100468749996 0.4299859921875
13 0.317299821875 0.5256856125 0.3061547765625 0.5202498109375 0.2979823765625 0.5370556140625 0.309087825 0.5424442875000001 0.317299821875 0.5256856125
10 0.3564258984375 0.47735890625 0.35032735000000004 0.4743044765625 0.348034159375 0.47908106406249995 0.354164215625 0.4820708921875 0.3564258984375 0.47735890625
2 0.189447378125 0.7498297625 0.1864097046875 0.7484159906250001 0.187002190625 0.7472012140625 0.190037025 0.7486814015625 0.1953115359375 0.7381165562499999 0.17770250781250002 0.729630628125 0.1753721921875 0.7344690765624999 0.176123153125 0.734868375 0.166054040625 0.7554846015625001 0.1652981515625 0.7551524374999999 0.16299906718749999 0.7598983359375 0.1803573421875 0.7684671 0.189447378125 0.7498297625
2 0.1581394109375 0.8794866812500001 0.166169215625 0.8631728453124999 0.16538246406249998 0.8628291046875001 0.1677219984375 0.8580751203125001 0.149681465625 0.8489875843749999 0.14476075 0.859076546875 0.1476240375 0.8603096515624999 0.1381112109375 0.8797960140625 0.15337666562500002 0.8872414734375 0.157340328125 0.8790969421874999 0.1581394109375 0.8794866812500001
12 0.3560491765625 0.5168898390625001 0.343231009375 0.5105145734375001 0.325017675 0.5477469484374999 0.33792971875 0.5540045890624999 0.3560491765625 0.5168898390625001
10 0.330671325 0.5689649171875 0.317829253125 0.562645790625 0.3160812484375 0.56622973125 0.3289244484375 0.57252159375 0.330671325 0.5689649171875
6 0.184725271875 0.798337778125 0.176333028125 0.7943402203125001 0.1683049890625 0.810974790625 0.17668014062499998 0.8149396718749999 0.184725271875 0.798337778125
10 0.2867678703125 0.62023249375 0.280669321875 0.6171780640625 0.27837613125 0.621954653125 0.2845061875 0.62494448125 0.2867678703125 0.62023249375
10 0.3099785828125 0.5478072187499999 0.307999625 0.5468211546874999 0.2990789140625 0.5651968671875001 0.30106845312499997 0.5661220296875 0.3099785828125 0.5478072187499999
11 0.3774546 0.4618672453125 0.3680382546875 0.45719635781249995 0.3618653640625 0.4697029578125 0.371432209375 0.4743290359375 0.3774546 0.4618672453125
7 0.3540927234375 0.48367885 0.3466545265625 0.48019528906250003 0.34957617343749997 0.47430839062499996 0.3375359640625 0.46844815781250004 0.324235984375 0.4956244859375 0.325008109375 0.4959732625 0.3217515359375 0.5028320078124999 0.3296283484375 0.5066459703125 0.3290356203125 0.507836290625 0.34027766718749997 0.5132585578125 0.343367296875 0.5069737796875 0.35316836406249996 0.51175408125 0.35466991875 0.5086184078125 0.3539433109375 0.5082083875000001 0.36398351406249996 0.487565890625 0.364756190625 0.48797056562499996 0.37064053124999996 0.4758239015625 0.360399896875 0.470829209375 0.3540927234375 0.48367885
2 0.28512818281249996 0.5601171734375 0.28210739218750003 0.5586438359375 0.2829632421875 0.5568534421875 0.28598772499999997 0.5582051515625001 0.294624390625 0.5405044921875 0.2772939921875 0.5318571859375 0.2749187015625 0.5366702234375 0.27570065781249997 0.53702379375 0.2656379859375 0.5576553296875 0.26489928906250004 0.55729504375 0.2625683875 0.5620741 0.27998587812500003 0.5705535328125 0.28512818281249996 0.5601171734375
13 0.23502314531250001 0.671573209375 0.22980781718749999 0.6691494765625 0.223316228125 0.6825019796875 0.23141544218750001 0.6864052921875 0.240568015625 0.6676611203125 0.23870048124999999 0.6667068015625001 0.23647780312500002 0.6712639671875 0.23538918281250001 0.67077995 0.23502314531250001 0.671573209375
10 0.2407120140625 0.70819529375 0.2346148359375 0.70513805625 0.2323202421875 0.709913959375 0.2384517015625 0.7129044734375001 0.2407120140625 0.70819529375
13 0.306540103125 0.547699971875 0.2953936515625 0.542263484375 0.28722265625 0.559069971875 0.298329475 0.5644558375 0.306540103125 0.547699971875
2 0.204089078125 0.6775903249999999 0.2033363375 0.6772231890625 0.199396478125 0.6853011015625 0.21687202968750002 0.693857528125 0.2357139671875 0.6551046421875 0.21828438437500003 0.6466036671875 0.2134012421875 0.6566761875 0.2141350359375 0.65696454375 0.204089078125 0.6775903249999999
2 0.1252420171875 0.837211959375 0.121265475 0.845325871875 0.122052325 0.8456088140625001 0.11199828593750001 0.8662654218749999 0.11115988750000001 0.8659990609375001 0.110904434375 0.8665263828124999 0.128393 0.8750561265625001 0.14268701875 0.8457882531250001 0.1252420171875 0.837211959375
10 0.3202406765625 0.526706215625 0.3182630546875 0.5257138484375 0.309341659375 0.5440909656249999 0.3113318828125 0.5450147234375 0.3202406765625 0.526706215625
8 0.24193161875000002 0.6043394125 0.26008619374999997 0.6131574828125 0.2542226703125 0.6251474109374999 0.2596125953125 0.6278440515625 0.2913228109375 0.56320629375 0.2858205359375 0.56045485625 0.2798318453125 0.5728618078125 0.261660034375 0.5639258078125 0.25939684375 0.5686266296875 0.26011163593750003 0.56904305625 0.24506529531250001 0.5998284671875 0.2442492953125 0.5994947984375 0.24193161875000002 0.6043394125
4 0.32754285625 0.575279428125 0.317189596875 0.570201990625 0.3048627046875 0.595500815625 0.3152491171875 0.60053879375 0.32754285625 0.575279428125
6 0.3290150875 0.508730265625 0.32062284375 0.5047327078125 0.3125968609375 0.521363065625 0.3209720453125 0.525331440625 0.3290150875 0.508730265625
2 0.3197089421875 0.4467863109375 0.31895479843749996 0.4464184890625 0.31501425312500003 0.4544978046875 0.33249189375 0.4630535125 0.3513338328125 0.42430062656249995 0.3339056546875 0.4158003359375 0.3290224765625 0.4258693625 0.3297555859375 0.426159125 0.3197089421875 0.4467863109375
7 0.16406949531249998 0.81954478125 0.1632378390625 0.8191826171875001 0.14983131249999998 0.846538190625 0.161976021875 0.8523659468749999 0.1648596515625 0.8465213531250001 0.17221993124999999 0.8501112015625001 0.16594294062499998 0.8630450984375001 0.176165796875 0.86800851875 0.18219279531250002 0.855872328125 0.1813698375 0.85547094375 0.19145442968749998 0.8347944671875001 0.1921987421875 0.83515749375 0.1937333484375 0.8319718796875 0.18399920625 0.8271755453124999 0.18702886093749999 0.8209032390625 0.1673771734375 0.812695315625 0.16406949531249998 0.81954478125
13 0.6182213859375 0.6362170734375 0.583039903125 0.7088309875000001 0.6016355015625 0.717586009375 0.6373233203125 0.6448000875 0.6182213859375 0.6362170734375
13 0.8438333484375 0.15027624374999998 0.8271033250000001 0.184577875 0.849551878125 0.1956449796875 0.8664833249999999 0.1611477921875 0.8438333484375 0.15027624374999998
10 0.7634859546875 0.3544663984375 0.7649985203125 0.35159686093750003 0.765584234375 0.3517504125 0.7741228828125 0.3342435890625 0.75778870625 0.326276878125 0.7492516984375001 0.3437375640625 0.74978155 0.3438951609375 0.748115390625 0.3472043625 0.7634859546875 0.3544663984375
6 0.7779147656250001 0.28494461718749997 0.7590141203125 0.323696684375 0.7836290453125 0.335550940625 0.802505209375 0.296938178125 0.7779147656250001 0.28494461718749997
10 0.8525089890625 0.131921815625 0.84499085 0.14725786875 0.869699209375 0.159020359375 0.877013765625 0.14387359375 0.8525089890625 0.131921815625
10 0.7997177828125 0.245720184375 0.7825142921875 0.281117321875 0.7879495875 0.28359618750000004 0.8050687312499999 0.24843258437500002 0.7997177828125 0.245720184375
5 0.8315618890625001 0.3089491859375 0.8631734812499999 0.24408948281249998 0.835058221875 0.22989520625 0.8465784796875001 0.20627517968750003 0.831028959375 0.19858165 0.78917430625 0.2843465046875 0.8070251984375 0.2930529671875 0.8054347328125001 0.296313903125 0.8315618890625001 0.3089491859375
0 0.430947 0 0.028028601562499998 0.8261051374999999 0.38456590468749996 1 0.569053 1 0.9719713984375 0.1738948625 0.6154340953124999 0 0.430947 0
3 0.8778663968749999 0.1403397125 0.8767060828125001 0.142718709375 0.891761640625 0.1501382859375 0.89777595 0.1377073234375 0.8790023890625 0.128550846875 0.8740920171875001 0.13862573125 0.8778663968749999 0.1403397125
2 0.721121928125 0.276346884375 0.7163040328125 0.2863747359375 0.7511574609375 0.303078353125 0.7908874609375001 0.2218193859375 0.7748257484375001 0.2137039375 0.768114753125 0.22727104062499998 0.749676121875 0.21834745625 0.7446008375 0.2286357046875 0.7459660109375 0.2291729 0.72261055625 0.27707293593750004 0.721121928125 0.276346884375
10 0.8242709578125 0.19547851875 0.8108288124999999 0.222907121875 0.8161656734375 0.22546662187500002 0.8295921296875 0.1980060296875 0.8242709578125 0.19547851875
2 0.79933748125 0.1160382640625 0.7927762984375 0.1294906828125 0.8410733921875 0.15243481875 0.8577431015625001 0.11818199843749999 0.8112473625 0.0955045109375 0.8010001656249999 0.11655715156249999 0.79933748125 0.1160382640625
8 0.8242930093749999 0.1871569296875 0.8384087546875 0.1580228890625 0.82628838125 0.1518992984375 0.7497768609375 0.308771159375 0.71374599375 0.291505434375 0.70796570625 0.30357420468749996 0.709544640625 0.304033121875 0.6728805109375 0.37921998437500004 0.6713625000000001 0.37856130625 0.662958734375 0.396636325 0.7105896578124999 0.42005523125 0.7754799859375 0.286914103125 0.7767397234375 0.2873181671875 0.825346309375 0.1875315828125 0.8242930093749999 0.1871569296875
12 0.8771989328125 0.14918618125 0.8372803046874999 0.2309459578125 0.8632010515624999 0.24405077656250002 0.9033395859375 0.1618436921875 0.8771989328125 0.14918618125
10 0.7752197390625 0.3349958671875 0.7665262921875 0.3528200765625 0.773474171875 0.3562574609375 0.782299815625 0.3381622078125 0.7752197390625 0.3349958671875
11 0.9058829953125 0.15664675156250002 0.9117957328124999 0.14454522812499998 0.9007124796875001 0.1391395640625 0.8947272015625 0.151325659375 0.9058829953125 0.15664675156250002
3 0.6383693078125 0.64606299375 0.6140133203125 0.69567938125 0.6402613765625 0.708173709375 0.6645944328125 0.6588538421875 0.6383693078125 0.64606299375
8 0.52756321875 0.6989177 0.5210575171875 0.7122563656249999 0.5226345890624999 0.7130933546875 0.485974121875 0.788226371875 0.4843433140625 0.78746748125 0.47965196250000003 0.79721805625 0.5157964921875 0.8153093468750001 0.4664774890625 0.9166207625 0.47869407031250005 0.9226504625 0.5746798078124999 0.7263032046875 0.5373109859375 0.7077173546875 0.5388904921875 0.7044788875 0.52756321875 0.6989177
7 0.5833770890625 0.82514239375 0.6207288015625 0.7483925109375 0.5746798078124999 0.7263032046875 0.5384370265625 0.799998853125 0.53951335625 0.800582921875 0.5329663890624999 0.814059659375 0.5526490609375 0.8237794921875 0.5581354171874999 0.8125878249999999 0.5833770890625 0.82514239375
10 0.532722609375 0.81740025625 0.5254408828125 0.8322622828125 0.5442878328125 0.841207696875 0.5514526562500001 0.8263251593750001 0.532722609375 0.81740025625
10 0.5580671328125 0.818701646875 0.5514060796875 0.8323018 0.57549464375 0.8439271484375 0.5820365140625 0.8305713546875 0.5580671328125 0.818701646875
10 0.5813328249999999 0.7117464671875 0.5768400796875001 0.7211575609375 0.59579965 0.7301144421875 0.6002847390625 0.7209899328125 0.5813328249999999 0.7117464671875
2 0.5798659234375 0.61735514375 0.5655249109375 0.6466053109375001 0.5671394953125 0.6475614249999999 0.5438993203125 0.695246490625 0.5422469375000001 0.694567475 0.5387143578125 0.7019243953125 0.57573569375 0.720492009375 0.6170467546875 0.6356563359375 0.5798659234375 0.61735514375
9 0.612868353125 0.6986934390624999 0.5961347375 0.7330559015625 0.62201085 0.7460989671875 0.638987209375 0.7111247515625 0.612868353125 0.6986934390624999
11 0.568731634375 0.6119471875 0.55792249375 0.6340521781249999 0.566731584375 0.6386528859375 0.5775894890625 0.61639088125 0.568731634375 0.6119471875
2 0.7621948374999999 0.1920921703125 0.7505738875 0.2158473609375 0.768225425 0.22439226875 0.7747566375 0.21094783281249999 0.7920372375 0.219080609375 0.8251238171875 0.15129653437499999 0.7904609312499999 0.1345693734375 0.78577104375 0.144185065625 0.7869371890625 0.1448772609375 0.7635784765625 0.192730509375 0.7621948374999999 0.1920921703125
7 0.800435034375 0.37272235781249996 0.8017542578124999 0.37001755 0.7726332015625 0.35594290625 0.7714421078125 0.3585311484375 0.7465631359375 0.3466871828125 0.7105711640625 0.4200931484375 0.764538603125 0.44632095156249996 0.7772451453125 0.4204754109375 0.7755824921875 0.4198887390625 0.7988569453125 0.372065671875 0.800435034375 0.37272235781249996
4 0.8028774000000001 0.3017995890625 0.7782586515625 0.3523360984375 0.8041429062500001 0.3652127671875 0.828845246875 0.3143658625 0.8028774000000001 0.3017995890625
10 0.809661859375 0.2253924 0.8010535875 0.243066925 0.8064233312500001 0.24563029374999998 0.8150096843749999 0.228000709375 0.809661859375 0.2253924
2 0.4438262828125 0.8706216843749999 0.4390122296875 0.8807557171875 0.44038778437500004 0.8813536046875001 0.4170581890625 0.929254084375 0.4155541140625 0.9285204984375 0.4088805984375 0.9422032328125001 0.444377096875 0.9587824109374999 0.46666550000000007 0.9131521359375 0.46059583125000003 0.9101917593750001 0.461997696875 0.9073638453124999 0.4679569078125 0.9103903000000001 0.4791578625 0.8878384015625 0.4438262828125 0.8706216843749999
10 0.513338675 0.8902629765625001 0.5129181125 0.8911252578125 0.5185588421875 0.8940276687500001 0.5429925796874999 0.8437920734375 0.5242563296875 0.8348050375 0.49995748906250004 0.8846892015625001 0.503609459375 0.8865329703124999 0.5038912125 0.8859089546875 0.513338675 0.8902629765625001
10 0.48934516562499997 0.93093108125 0.4721329328125 0.9662213875000001 0.48115581093750004 0.970604753125 0.49842924375 0.9352139156250001 0.48934516562499997 0.93093108125
13 0.4653981390625 0.9200527578125 0.44866561406249994 0.9537464531250001 0.470883875 0.96512889375 0.4877091078125 0.93063205625 0.4653981390625 0.9200527578125
2 0.4782905125 0.8000343921875 0.47347888125 0.80998880625 0.47485015781250006 0.81064893125 0.45149045625 0.8585434187500001 0.45002570156250005 0.8578290109375001 0.44510375 0.8678634796875 0.4804403265625 0.88502005 0.5136953484375 0.817097346875 0.4782905125 0.8000343921875
6 0.497695725 0.886842165625 0.479928046875 0.9229932859375 0.4996335890625 0.93255216875 0.517712659375 0.8959479453125001 0.497695725 0.886842165625
10 0.3604056640625 0.4288295609375 0.3580929109375 0.42765461875 0.35505972343750003 0.4338521875 0.3573799765625 0.4350081890625 0.3604056640625 0.4288295609375