0 0.2887340015625 0 0.0751948234375 0.22112594843750003 0 0.39827385 0 0.708167384375 0.2268532140625 0.92723625625 0.3982738515625 1 0.7122374234375 1 0.9240438609374999 0.7806675984375 1 0.6017261484375 1 0.2877625765625 0.7806675984375 0.07595613906250001 0.6017261484375 0 0.2887340015625 0
1 0.8117728 0.5575981078125001 0.9049276734375 0.4605777171875 0.8845437578125 0.44089360781250003 0.790995225 0.5379896343749999 0.8117728 0.5575981078125001
2 0.358459359375 0.7032482265625 0.4565890203125 0.6027617249999999 0.40993320000000005 0.5572701734375001 0.37831036875 0.5899002703125 0.393830459375 0.604695271875 0.4039405171875 0.5942818296875 0.4072741578125 0.597501253125 0.39296603281250003 0.6123742015625 0.343102515625 0.564898103125 0.2821040515625 0.6283232859375001 0.358459359375 0.7032482265625
13 0.626347990625 0.553059503125 0.706695784375 0.46979915625 0.6818148328125 0.4459214171875 0.6016597499999999 0.5291396515625 0.626347990625 0.553059503125
1 0.3234033328125 0.7284426421875 0.33938330625 0.7118944515625001 0.34216649062500004 0.7145831671875 0.31736295625 0.7402695328125 0.46646556875 0.884103275 0.48164645312500004 0.8681579703125 0.49643380937500003 0.88304763125 0.605508009375 0.77110151875 0.5848988265624999 0.751656184375 0.49041620625000004 0.849829090625 0.3491264890625 0.7138421890625 0.3548340828125 0.7079338921875 0.2736508765625 0.6298427171875 0.340256084375 0.56154260625 0.32067406875 0.5424806578125 0.24647488750000002 0.6189776828125 0.2616226390625 0.6336061468749999 0.24417991875 0.651780846875 0.3234033328125 0.7284426421875
13 0.37527556562500003 0.5871285125 0.4515435359375 0.507933134375 0.400517403125 0.45929304687499994 0.3245559390625 0.5380702578125 0.37527556562500003 0.5871285125
8 0.5597920328125 0.6683028015625 0.7400096125 0.4816841421875 0.7196622484375 0.46254175468750003 0.529333975 0.6574959203125 0.525992096875 0.654267909375 0.5468978203125 0.6327135859374999 0.48894202187499997 0.5759853984375 0.35698559531249996 0.7123506671875 0.491313384375 0.8429567671875 0.5255475984375 0.8064820109375 0.468233625 0.7511329921875001 0.5539844765625 0.662773765625 0.5597920328125 0.6683028015625
10 0.6115630859375 0.641695934375 0.624394184375 0.6285911109375 0.6139281984375 0.6183569062500001 0.6011442765624999 0.6313985796875 0.6115630859375 0.641695934375
2 0.7662805515625 0.3762775125 0.7476289328125 0.39568063750000004 0.7634516921875 0.410962271875 0.7688422046875 0.4053810859375 0.7720140171875001 0.4083179390625 0.723423840625 0.4588865828125 0.743718134375 0.47793005781250003 0.754563853125 0.46672725000000004 0.805693075 0.5164601125 0.8816194671875 0.43804145156249996 0.8099014578125001 0.36953900625 0.805165659375 0.37435757187499996 0.8018591875000001 0.37128208125 0.8070243203125 0.3658479609375 0.7823417109374999 0.341894853125 0.7574550624999999 0.36775302656250003 0.7662805515625 0.3762775125
10 0.7393467671875 0.398236803125 0.758939496875 0.3779481953125 0.7529642015625 0.37226647968750004 0.7331665421875 0.3924460328125 0.7393467671875 0.398236803125
10 0.2121147953125 0.6487908796874999 0.421399478125 0.4320999828125 0.305812396875 0.32040240937500003 0.0965348375 0.53678060625 0.2121147953125 0.6487908796874999
6 0.5870951343749999 0.5956789828125 0.6231287765625 0.5577562765625 0.5593358875 0.49585655781250004 0.5158726015624999 0.5408492359375 0.55064519375 0.5739908828125 0.5576051453125 0.5668437515625 0.5870951343749999 0.5956789828125
2 0.7338749703125 0.5910346703125 0.8008547531250001 0.5212962671875 0.7529983234375 0.47522209843749996 0.68582070625 0.54423489375 0.7338749703125 0.5910346703125
10 0.448364165625 0.586100059375 0.4730573140625 0.560529790625 0.438811003125 0.5273959625 0.4139623828125 0.55315655 0.448364165625 0.586100059375
10 0.47707229062499995 0.55640165 0.512349590625 0.5198128984375 0.4781814546875 0.4867988234375 0.4427133078125 0.5232573390625 0.47707229062499995 0.55640165
1 0.6145196640624999 0.714772928125 0.6223002328125 0.7066042968749999 0.62531888125 0.709510084375 0.6171461593750001 0.7180707140625 0.637525928125 0.7375646484375 0.6859216296875 0.6873581843750001 0.6656321546874999 0.66775150625 0.649178478125 0.6848998125 0.64617111875 0.6819954218750001 0.65418126875 0.673589846875 0.6191095265625 0.640029259375 0.6105870890625 0.6488539203125 0.597111715625 0.6358400718749999 0.5656890156250001 0.6683785859375 0.6145196640624999 0.714772928125
2 0.6583157421875 0.669132203125 0.7299070000000001 0.59528800625 0.681578928125 0.548869353125 0.6180941546875001 0.6142809703125 0.632000365625 0.62723156875 0.6236019359375 0.6358440671875 0.6583157421875 0.669132203125
10 0.4556941765625 0.5039372671875 0.47503403437499997 0.483736528125 0.424555834375 0.43472134218749997 0.4051755703125 0.4549252984375 0.4556941765625 0.5039372671875
1 0.6903460156250001 0.6830813140625 0.8075781609374999 0.5616856328125001 0.7871055250000001 0.5420945671874999 0.6694232140625 0.663423078125 0.6903460156250001 0.6830813140625
10 0.22684652343749998 0.6637316156249999 0.255025953125 0.6349868109375 0.24277478593750002 0.622911875 0.214255240625 0.6520860421875 0.22684652343749998 0.6637316156249999
7 0.54323619375 0.6856318046875 0.55891929375 0.66949908125 0.5537292468749999 0.6644307625 0.46996677187499997 0.7511608375 0.526714540625 0.8058163015625001 0.6100588421875 0.7192516046875 0.56225066875 0.6727158453125 0.546611265625 0.6889655671875 0.54323619375 0.6856318046875
13 0.71087399375 0.4654704109375 0.7594846515625 0.4153653765625 0.74336505 0.399679359375 0.7375037437499999 0.40569385 0.728912025 0.3971344953125 0.6861575578125 0.4415250125 0.71087399375 0.4654704109375
10 0.5244269171875 0.6018944734375 0.5463228265625 0.5788151953125 0.5028285968749999 0.5368044328125 0.4805100578125 0.55965169375 0.5244269171875 0.6018944734375