7 0.910861153125 0.241523296875 0.875974178125 0.20996310468749999 0.8294742984375001 0.2617113796875 0.8641470968749999 0.29328720937499997 0.910861153125 0.241523296875
10 0.131553140625 0.714336475 0.13760398437500002 0.7197613125 0.171476025 0.6821422687500001 0.1654359453125 0.6767276234375 0.131553140625 0.714336475
1 0.2894961109375 0.500351384375 0.2973395734375 0.5076293093750001 0.3445604078125 0.455148325 0.3365737171875 0.44807773125 0.2894961109375 0.500351384375
10 0.184486665625 0.6870127546875 0.185621778125 0.68805755 0.1976360875 0.6746783671875 0.180985096875 0.6597350296875 0.16911475781250002 0.6728572296875 0.1846024390625 0.6868495125 0.184486665625 0.6870127546875
13 0.210736771875 0.6270183312500001 0.22124801249999998 0.6365832984375001 0.26363046562500003 0.5894611703125 0.2531294609375 0.5800406234375 0.210736771875 0.6270183312500001
7 0.1373122359375 0.74321341875 0.1471282828125 0.732348596875 0.1292265921875 0.7155583375 0.067890071875 0.7837435796875 0.094595771875 0.8077890156249999 0.14596 0.750711234375 0.1373122359375 0.74321341875
1 0.44244336406249996 0.399358709375 0.4438552140625 0.40063081875 0.4795157203125 0.361028690625 0.471629065625 0.35388406250000004 0.42980238281250005 0.40029127343750004 0.43632948125000004 0.40615886874999996 0.44244336406249996 0.399358709375
13 0.384816203125 0.46131209375 0.40286121093749994 0.47787265156250003 0.4535855625 0.42150159687500005 0.4473198140625 0.41586103750000003 0.42614195468749994 0.439297309375 0.42494368125 0.43821788906250003 0.433467146875 0.42880881718749997 0.42270413281249997 0.41916264999999997 0.41420737343749997 0.42855141874999997 0.40996115624999996 0.4247283890625 0.3972518515625 0.43884376875 0.40159267656250003 0.442752290625 0.384816203125 0.46131209375
10 0.2549958140625 0.5774542406250001 0.2667518625 0.5880875718749999 0.2219697390625 0.6378232359375 0.232959078125 0.6480007750000001 0.2823836875 0.593130403125 0.277704484375 0.588989959375 0.31744875625 0.5448856328125 0.3079104828125 0.5364432890625 0.31392793281250003 0.529772290625 0.30511588125 0.521813409375 0.2549958140625 0.5774542406250001
1 0.102490534375 0.814897771875 0.1537309703125 0.75799673125 0.1478823578125 0.7527075734374999 0.096645421875 0.8096343828125001 0.102490534375 0.814897771875
1 0.41152450468749996 0.3837272921875 0.4194285265625 0.3908679515625 0.4611681890625 0.344499465625 0.4532956875 0.337335578125 0.41152450468749996 0.3837272921875
10 0.1385049328125 0.7205762328125 0.14914467343749999 0.73023905 0.1832556359375 0.6923331671875 0.1825427421875 0.69159559375 0.182391646875 0.691694090625 0.1811008640625 0.6906060140625 0.18090332343749999 0.6906931968750001 0.17242624374999999 0.6829439609375 0.1385049328125 0.7205762328125
1 0.3231445171875 0.42906468125 0.3310548796875 0.4362582921875 0.3907445859375 0.36994461562500003 0.3828046046875 0.3628182203125 0.3231445171875 0.42906468125
10 0.1507495390625 0.7512912890625 0.1556952203125 0.7557697734375 0.16640686875 0.7439123234375 0.1614842984375 0.739384275 0.1507495390625 0.7512912890625
1 0.088412028125 0.6893783734375 0.1128236484375 0.7114334328125 0.1969429625 0.6180449546875 0.17246594531249998 0.5960524984375 0.088412028125 0.6893783734375
6 0.1818376390625 0.6570896671875001 0.19951318906249998 0.6726900625 0.2250322890625 0.644325140625 0.20832689843750002 0.6292840281250001 0.2028853609375 0.6353632890625 0.20207335624999997 0.63463121875 0.1818376390625 0.6570896671875001
2 0.2522647421875 0.55995589375 0.29492633281249997 0.5125605078125 0.2785853046875 0.49816513125000006 0.2360966734375 0.5453411890625001 0.2522647421875 0.55995589375
7 0.6254528609375 0.170608846875 0.64924559375 0.19188741250000002 0.70539346875 0.1294942109375 0.6817771390625 0.10814791093750001 0.6254528609375 0.170608846875
13 0.7515917921875 0.0823412234375 0.7621742390625 0.0705648953125 0.74169593125 0.061015704687500005 0.7354726890625 0.0679579578125 0.7515917921875 0.0823412234375
2 0.70325474375 0.119757809375 0.7032978140624999 0.11985030156250001 0.7413667671875 0.07762321250000001 0.723949678125 0.06173474531249999 0.6859579921875001 0.1038220140625 0.7013479171875 0.1176135484375 0.7012724203125 0.11799728281249999 0.70317323125 0.1195887734375 0.70325474375 0.119757809375
10 0.708513628125 0.0566935546875 0.7155942671875 0.0488442984375 0.6941700015625 0.038853998437499995 0.69177978125 0.041506421875 0.708513628125 0.0566935546875
10 0.612370065625 0.188017084375 0.6237177593750001 0.1983134546875 0.6363502515625 0.184277765625 0.6249783156250001 0.1740407765625 0.612370065625 0.188017084375
3 0.540883209375 0.26565445 0.5640228015625001 0.28651466718749996 0.6098825546875 0.23559196249999997 0.6057120968749999 0.23195769843749997 0.5826264171875 0.2575627640625 0.5636490890625 0.24039505625 0.540883209375 0.26565445
10 0.7113429953125 0.130647934375 0.7150309125 0.1339675359375 0.7222453546875001 0.125949653125 0.7185186375 0.1226171296875 0.7113429953125 0.130647934375
10 0.613527671875 0.2387778203125 0.6196401640625 0.2442331296875 0.6283090234375 0.2345935984375 0.6222087109375 0.2291491421875 0.613527671875 0.2387778203125
1 0.6516202046874999 0.20480775312500002 0.6514288234375 0.20465989375000002 0.6831870234374999 0.16934459375 0.6833769000000001 0.1695141640625 0.7041586 0.1464431265625 0.703987984375 0.146287709375 0.7130522078125 0.13615155 0.708361653125 0.13192823125 0.7207649453125 0.11817702031249999 0.72161225 0.11889624218749999 0.7239657625 0.1162818703125 0.724189053125 0.11644633281250001 0.7449657484375 0.09337123750000001 0.7447822921875 0.0932063859375 0.751148309375 0.086116928125 0.7435659 0.079336571875 0.7375269296875 0.086013053125 0.7371143359375 0.085699975 0.7157535390625 0.109450915625 0.716130453125 0.10976287031250001 0.7057853281249999 0.121270578125 0.711779490625 0.12653968124999998 0.6974167453125 0.1424631953125 0.697072578125 0.142121684375 0.6755791984374999 0.1660090625 0.6759468656250001 0.16634084375 0.6471413796875 0.1983557265625 0.6345174390625 0.1869659890625 0.6172579578125 0.206191884375 0.623655021875 0.211879884375 0.6078335390625 0.2294971640625 0.61471739375 0.23550180625 0.6231633624999999 0.22609625000000003 0.6280979875 0.2305282015625 0.6405227921875001 0.21674564531249998 0.640707003125 0.216912575 0.6516202046874999 0.20480775312500002
2 0.5407339531249999 0.2655900234375 0.59720601875 0.2030118078125 0.5720387078125 0.18041817031250001 0.572049709375 0.179950915625 0.5700595421875 0.1781591484375 0.5134585281249999 0.2410323828125 0.5407339531249999 0.2655900234375
10 0.733955784375 0.0673437109375 0.7402713296875 0.0603514015625 0.7295712328125 0.0553618640625 0.7255875031250001 0.0597900265625 0.733955784375 0.0673437109375
10 0.6155710515624999 0.20462600625 0.6170092656249999 0.20599316406249998 0.6192958765625 0.20346310625 0.607835665625 0.1931677125 0.5998442359375 0.20204216874999997 0.609813765625 0.21102007031249997 0.6155710515624999 0.20462600625
2 0.649960228125 0.09224254531250001 0.6645777625 0.10552391875 0.706848984375 0.0586033546875 0.6899907578125 0.04352028125 0.647702271875 0.090474171875 0.6497798703125001 0.0923446375 0.649960228125 0.09224254531250001
1 0.6714408734374999 0.04437661875 0.6464700171875 0.072109315625 0.6466606484375 0.0722809625 0.62609900625 0.09511670625 0.625909790625 0.09494572031250001 0.5713040859375 0.15560303281250001 0.5714861328125 0.1557930875 0.5510331828125 0.17846228749999998 0.5508439671875001 0.1782913015625 0.5302039125 0.2012249546875 0.530499415625 0.20139723125 0.5301842546875 0.20178471718750002 0.538761671875 0.20952212499999998 0.5601211625 0.1858257453125 0.5597392296875 0.185458003125 0.5670883453125 0.177354653125 0.5663738687500001 0.1766870265625 0.5787664859375 0.162903253125 0.579123396875 0.16325070625 0.634438053125 0.1018050890625 0.6340810609374999 0.1015058703125 0.6538015359375 0.0795571125 0.654177040625 0.079894271875 0.6797701218750001 0.0514483390625 0.679434171875 0.0511261765625 0.6915671984375 0.0376402921875 0.6819121875 0.0331380875 0.67161999375 0.044561860937499996 0.6714408734374999 0.04437661875
11 0.50317203125 0.23176185781249997 0.511967075 0.23966108749999998 0.5369184953125 0.21195897968750002 0.528119115625 0.204080140625 0.50317203125 0.23176185781249997
1 0.5939228828124999 0.27307111875 0.5937867296875 0.2729490125 0.6175492499999999 0.2465061890625 0.6099187890625 0.2397068734375 0.5892715500000001 0.2626078671875 0.588202259375 0.2616696234375 0.57533356875 0.27593825 0.5764215390625 0.2768438296875 0.5661234234375 0.288357940625 0.5736546062500001 0.2952333671875 0.5830028109375001 0.2849244765625 0.58314735625 0.2850211875 0.5939228828124999 0.27307111875
13 0.5669513125 0.23891096250000002 0.5837023421875001 0.25411300468750003 0.620500490625 0.2132432046875 0.614532403125 0.20772593125 0.6088040765625 0.21405419375 0.59808645 0.204355059375 0.5669513125 0.23891096250000002
8 0.646348265625 0.096180315625 0.646452528125 0.0960306703125 0.64436625625 0.0942009828125 0.5726155234375 0.17392378125000002 0.5752822109375 0.1763499609375 0.5756456765625 0.17619533125 0.6008087921875 0.1989680359375 0.6068774765625 0.19222782968750002 0.6068107281249999 0.19218980937500002 0.611420746875 0.1870692703125 0.6115224515625 0.1872097921875 0.6259161515625 0.17126795781249998 0.6246555546875 0.1701077546875 0.6810276640625 0.10755533749999999 0.6808262671875001 0.10737350000000001 0.684821890625 0.1029457109375 0.685036875 0.10311319687500001 0.728469503125 0.054848118749999994 0.7178302984375 0.049886976562500004 0.6628234546875 0.11098305625 0.646348265625 0.096180315625
10 0.9117790156250001 0.3029025890625 0.9168328140625001 0.30750045 0.9205839390625 0.3033344890625 0.9155718515625001 0.2987026328125 0.9117790156250001 0.3029025890625
10 0.85628093125 0.322660153125 0.8811026578125001 0.34491161875 0.8904758375 0.33446783125 0.8656661953125001 0.312223725 0.85628093125 0.322660153125
1 0.8980104546875 0.18555479375 0.8784889124999999 0.20733943593749998 0.89024686875 0.2180426171875 0.9098819625000001 0.1962436890625 0.8980104546875 0.18555479375
6 0.8488407312499999 0.3307813703125 0.8480087093750001 0.3300330703125 0.8291920312500001 0.3509309546875 0.84240806875 0.362832984375 0.8436569640625 0.361441340625 0.8451368890625 0.3627745046875 0.859128878125 0.34725048125 0.8576696125 0.34588040468750003 0.8666316515625001 0.3358931328125 0.8543052984375 0.3247007796875 0.8488407312499999 0.3307813703125
3 0.9272974375 0.305585790625 0.94489085625 0.321480625 0.9719557953125 0.291334975 0.954419028125 0.2754924171875 0.9272974375 0.305585790625
13 0.8770493734375 0.3180110671875 0.8924292406250001 0.3319461796875 0.9133050984375 0.3087138875 0.89743534375 0.2941951890625 0.88757958125 0.3051414828125 0.8881321296875001 0.305664640625 0.8770493734375 0.3180110671875
10 0.5519821046875 0.6752558859375 0.5605218453125 0.6829446921875 0.5657262578125 0.6771669015625 0.5571744421875 0.6694966 0.5519821046875 0.6752558859375
10 0.5492332875 0.6593595062500001 0.557793246875 0.6667905171874999 0.5796804453125 0.642605775 0.5711731953125 0.634980390625 0.5492332875 0.6593595062500001
10 0.5553952484375 0.6904448703125 0.5629560359375 0.6972013515625 0.5738684734375 0.6850685890625 0.566457021875 0.6783282984375 0.5595647359375 0.6859843703124999 0.5595051640625 0.6859531421875 0.5553952484375 0.6904448703125
13 0.5748757796875 0.6810006625 0.595800709375 0.6577222921875 0.5804085640625 0.6440797125 0.5594234015625 0.6673282703125001 0.5748757796875 0.6810006625
10 0.49411412656250003 0.7377848625000001 0.508299834375 0.750509721875 0.5367816546874999 0.7188524984375 0.5226254796875 0.70608279375 0.49411412656250003 0.7377848625000001
2 0.47231021875 0.711187546875 0.4881578125 0.725457996875 0.5261901390625 0.6832207234375 0.50189749375 0.661298725 0.46346874531250004 0.7039683453125 0.47194182500000004 0.711596759375 0.47231021875 0.711187546875
6 0.5603698328125 0.6988210671874999 0.552864196875 0.6918316984375 0.558729546875 0.6853759625 0.549791071875 0.6773184765625 0.5443776515625001 0.6833522328125 0.5436537546875 0.6827491734375 0.5260573765625 0.7022834578125 0.543380365625 0.7175677375 0.5603698328125 0.6988210671874999
2 0.5037670140625 0.6592120640625 0.5281070421875 0.6811285734375 0.5703229484375 0.634204628125 0.548001534375 0.6142000421875 0.5481325906250001 0.6140077234375 0.5461641046875 0.6121140031250001 0.5037670140625 0.6592120640625
1 0.5120610531249999 0.7546444890624999 0.5248481593750001 0.7658913609375 0.55147831875 0.73638601875 0.5387501890624999 0.725071828125 0.5120610531249999 0.7546444890624999
13 0.43264686250000006 0.8309144406250001 0.43063411875 0.829063871875 0.443201865625 0.8150635062499999 0.43481761093750004 0.807436859375 0.402339875 0.8434855296875 0.41277484375 0.8530476874999999 0.43264686250000006 0.8309144406250001
2 0.3988452171875 0.8450902203125 0.42831654218750004 0.81237209375 0.403200890625 0.7895456656250001 0.35073296875 0.8477776468749999 0.387228990625 0.8806381140624999 0.41011848124999994 0.8552208562500001 0.3988452171875 0.8450902203125
10 0.5086089453125 0.7523313421875 0.510659321875 0.754075328125 0.5401789265625 0.721512465625 0.5389293640624999 0.7203212031249999 0.538682225 0.7205886953125 0.5378577609375 0.719861159375 0.5086089453125 0.7523313421875
11 0.36926991249999996 0.8116778671875 0.368439803125 0.8126113859374999 0.366130028125 0.810532659375 0.3408485203125 0.8385877109375001 0.349272728125 0.8462950515625 0.3746031953125 0.8181387015625001 0.3738973109375 0.8174785296874999 0.3747209046875 0.8165368000000001 0.36926991249999996 0.8116778671875
3 0.38779229531250003 0.8811456 0.40243452812499997 0.8943074640625 0.4617577421875 0.8284469859374999 0.44965412968749996 0.8174757328125001 0.44819753906250004 0.8190946421874999 0.44807281874999993 0.8190071765625 0.4130831296875 0.8578325281250001 0.41073964687500003 0.8557225671875001 0.38779229531250003 0.8811456
8 0.48569196249999996 0.730280184375 0.4687497875 0.715092453125 0.4691073296875 0.7146954203125 0.4607108953125 0.7070579218749999 0.3970527265625 0.77771895625 0.4060131109375 0.7858107953125 0.4061848765625 0.785701246875 0.40776941874999995 0.78712801875 0.40797412812499995 0.787021765625 0.4317443671875 0.808526034375 0.44655564375 0.7921841296875 0.4463016609375 0.7919708734375 0.48760052031249995 0.746303678125 0.4869008953125 0.7457446937500001 0.5560856734375 0.6687665 0.5475885359375 0.6611785875 0.4888443140625 0.72632980625 0.48905864687499995 0.7265245734375 0.48569196249999996 0.730280184375
1 0.398006934375 0.7907682781250001 0.40088708124999994 0.7875495359375 0.39312289375 0.780537871875 0.3691652109375 0.8071293296875 0.3770747375 0.8150087156250001 0.398516690625 0.79118355625 0.398006934375 0.7907682781250001
7 0.4381515203125 0.8029677328125 0.4674418875 0.829789009375 0.522484875 0.7686597859375001 0.4920168453125 0.7415134812499999 0.4464144484375 0.7919286453125001 0.44738648124999997 0.7927611984375 0.4381515203125 0.8029677328125
10 0.45731702187499995 0.8353377406250001 0.46032124999999996 0.8380420015625001 0.46574684218750007 0.8319932328125 0.4628015109375 0.8292698890624999 0.45731702187499995 0.8353377406250001
10 0.413459853125 0.8542998125000001 0.414129946875 0.8549036421875 0.44713335781249997 0.8181898109375 0.4444919453125 0.8156909406249999 0.433625725 0.8276987109375 0.43572843125 0.8295670953125001 0.413459853125 0.8542998125000001
8 0.939625015625 0.2575428359375 0.9566622671875 0.23854950000000003 0.94362063125 0.22683913437499997 0.94331508125 0.2271690375 0.9417197515625 0.2256544828125 0.9420908828125001 0.2252430984375 0.910927559375 0.197184678125 0.8893770015625 0.2211540078125 0.9121962203124999 0.24169932656249998 0.7745876671875 0.3943675765625 0.7830253828125 0.40210880156249995 0.925217990625 0.2439837875 0.9271199625 0.2456689171875 0.9268220640625 0.2460230765625 0.939625015625 0.2575428359375
10 0.8084746953125 0.37620428281249996 0.8212083375000001 0.38764345 0.8416808031249999 0.364895425 0.829019734375 0.35340045 0.8084746953125 0.37620428281249996
13 0.8919816046875001 0.2845025234375 0.9110142031249999 0.30151843125 0.9434772 0.2654163390625 0.9248138234375001 0.247919196875 0.8919816046875001 0.2845025234375
8 0.3483822 0.45502712812499996 0.1103814734375 0.71939921875 0.09350914375 0.7041837140625 0.0424815 0.7608650375 0.06787213125 0.78372659375 0.35665472343750004 0.462760284375 0.3483822 0.45502712812499996
10 0.811845540625 0.3356564046875 0.8196628796875001 0.3426945765625 0.8624889390625 0.2951017640625 0.854745025 0.288013353125 0.811845540625 0.3356564046875
10 0.8970151 0.293550978125 0.88889108125 0.2862129125 0.8674523640625 0.310130953125 0.8755944828125 0.317389534375 0.8970151 0.293550978125
2 0.7541773015625 0.43660711093750004 0.7779045578125 0.4579965171875 0.8302517671875 0.39982375625 0.8186083468750001 0.38924466875 0.818768759375 0.389052246875 0.8067015281250001 0.37821001875000004 0.7541773015625 0.43660711093750004
10 0.8426274218750001 0.29362072499999997 0.8448341656249999 0.29553589687500004 0.849024084375 0.2909021765625 0.8468373421875001 0.2889515078125 0.8426274218750001 0.29362072499999997
2 0.9265126984375 0.3048026453125 0.9554247203124999 0.2726702109375 0.9738091734375001 0.289245959375 0.991463221875 0.2696989140625 0.9643217765625 0.24526064375 0.9639778234374999 0.2456433234375 0.96210978125 0.2440998703125 0.9624096671875 0.2437673265625 0.9575051703125 0.239389075 0.940466003125 0.258286696875 0.9468213562500001 0.2640086921875 0.9172791546875001 0.2967679 0.9265126984375 0.3048026453125
2 0.74795421875 0.37045927343749996 0.773650025 0.393642434375 0.8178547406250001 0.344546084375 0.810147021875 0.33760557812499997 0.8100334124999999 0.3377456921875 0.792026715625 0.321461603125 0.74795421875 0.37045927343749996
2 0.3346948265625 0.43631262968750006 0.35984853125 0.45886889062499997 0.4161819140625 0.396229453125 0.39113241875 0.3736752375 0.3346948265625 0.43631262968750006
1 0.16256700625 0.73620835 0.1633926078125 0.7369519328125 0.19571162656250002 0.701080959375 0.18656060937500002 0.6928174734375 0.141636078125 0.7426625812500001 0.1482413671875 0.748321825 0.1499869921875 0.74638255 0.15187463437499998 0.7481316812500001 0.16256700625 0.73620835
1 0.1761642390625 0.5923067 0.1838102140625 0.5992132421874999 0.27802616874999997 0.494509790625 0.270361528125 0.48768764062500003 0.1761642390625 0.5923067
10 0.42463554531250003 0.416654878125 0.4356850625 0.42668118125000004 0.44797851718750004 0.41305460156249996 0.4404467046875 0.4062840484375 0.4334997859375 0.41401291249999994 0.42991016093749995 0.41078569375 0.42463554531250003 0.416654878125
10 0.44307656250000005 0.43522412031249996 0.44757290312500003 0.439298259375 0.460781196875 0.42461561249999996 0.45632724375 0.4205577921875 0.44307656250000005 0.43522412031249996
2 0.2036556109375 0.6138945437500001 0.25028602968749997 0.5621140421875 0.2341264734375 0.547555028125 0.1874667859375 0.5993132609375 0.2036556109375 0.6138945437500001
1 0.040440442187499995 0.759027125 0.0931089546875 0.7004869828125 0.0850852765625 0.6934698265625 0.032397346875 0.7517854125000001 0.040440442187499995 0.759027125
10 0.43005707343750005 0.40866640781249997 0.423677575 0.40300728750000003 0.4679904171875 0.3537493015625 0.4617003890625 0.3480388046875 0.3609943640625 0.4597686953125 0.3694263109375 0.46747792187500004 0.3778401953125 0.4581005046875 0.382019409375 0.46197849062499996 0.3981500546875 0.4441122984375 0.3938794765625 0.44026756406249995 0.4110391421875 0.4212261453125 0.415267340625 0.425080425 0.43005707343750005 0.40866640781249997
1 0.27382378281249997 0.4834386984375 0.2890797953125 0.4973436390625 0.33465446875 0.44670693906250003 0.319305421875 0.43292756875 0.27382378281249997 0.4834386984375
1 0.364278059375 0.5142258421875 0.369374071875 0.518884765625 0.39778399375 0.48733366250000004 0.3748328640625 0.46664235625000006 0.3146895328125 0.5333927390625 0.3325362828125 0.5495281109375 0.364278059375 0.5142258421875
1 0.3095664359375 0.5191459359375 0.3176809546875 0.5265968046875 0.3651737421875 0.473809903125 0.357021584375 0.46643975156249995 0.3095664359375 0.5191459359375
0 0.5717422187500001 0 0 0.6349845140625 0 0.7226150578125 0.22096702031249998 0.92157374375 0.38915266875 1 0.42825778124999997 1 1 0.3650154859375 1 0.2773849421875 0.7790329796875 0.07842625625 0.61084733125 0 0.5717422187500001 0