0 0.175296875 0 0 0.393721875 0 0.8247031249999999 0.393721875 1 0.8247031249999999 1 1 0.606278125 1 0.175296875 0.606278125 0 0.175296875 0
10 0.3522109375 0.3487625 0.3674828125 0.3556375 0.3739859375 0.34102968749999996 0.3587734375 0.33425625000000003 0.3522109375 0.3487625
10 0.3735984375 0.44793281250000005 0.38348125 0.4523328125 0.395175 0.4260703125 0.385446875 0.421678125 0.3735984375 0.44793281250000005
2 0.73985625 0.6728328125 0.7911484375 0.6956578125 0.825840625 0.61778125 0.7745203125 0.595009375 0.73985625 0.6728328125
10 0.5861875000000001 0.6623125 0.5988359375 0.66794375 0.6044796875 0.6549609375000001 0.5919671875 0.6493578125 0.5861875000000001 0.6623125
10 0.6015234375 0.6213296875000001 0.581228125 0.612353125 0.5618000000000001 0.6558953125 0.5795015625 0.6635796875 0.590253125 0.6394328125000001 0.5929328125 0.640625 0.6015234375 0.6213296875000001
10 0.241434375 0.24865624999999997 0.23193281250000003 0.269996875 0.2559359375 0.280634375 0.267078125 0.25568749999999996 0.2458484375 0.2461859375 0.24422031249999998 0.249925 0.241434375 0.24865624999999997
3 0.7174078125000001 0.46784375 0.76280625 0.48802031250000005 0.780059375 0.449034375 0.7345843750000001 0.4287875 0.7174078125000001 0.46784375
10 0.7245625 0.5193703125 0.739728125 0.5260953125000001 0.7438484375 0.5167046875 0.72879375 0.5100015625000001 0.7245625 0.5193703125
8 0.6062015625 0.49961093749999996 0.6068875 0.49987812500000006 0.5717625 0.5788249999999999 0.5710515625 0.5785078125 0.564403125 0.5934921875 0.655621875 0.6339265625 0.690903125 0.5546765625 0.7969265625 0.6015140625 0.8099453125 0.57216875 0.7343828125 0.5386124999999999 0.7387828125 0.52875625 0.6985765625 0.5107875 0.6941109375 0.520703125 0.6173875 0.48601875000000005 0.6150578125 0.4851546875 0.6140640625 0.4848890625 0.61288125 0.48460937499999995 0.6062015625 0.49961093749999996
10 0.7373234375 0.537009375 0.7586968749999999 0.546490625 0.775365625 0.509053125 0.7540734375 0.4995 0.7373234375 0.537009375
3 0.1715453125 0.323475 0.1994 0.336059375 0.23827500000000001 0.2478859375 0.21062656249999998 0.23569843750000002 0.1715453125 0.323475
1 0.17555 0.46580781250000003 0.186825 0.44048437500000004 0.185215625 0.43976718750000005 0.1867625 0.43642343749999996 0.15589999999999998 0.4227234375 0.154440625 0.426065625 0.1503328125 0.4242796875 0.13906875000000002 0.449440625 0.17555 0.46580781250000003
1 0.6123640625 0.4778171875 0.6313187499999999 0.486434375 0.6325578125 0.4835890625 0.634746875 0.48456406249999995 0.6537078125 0.44176093749999995 0.6517203125 0.44083281249999995 0.6561781250000001 0.43074531250000003 0.63715 0.4223609375 0.6123640625 0.4778171875
10 0.2372421875 0.30996718749999996 0.2454296875 0.31367968749999997 0.2549578125 0.2921078125 0.2468203125 0.2882859375 0.2372421875 0.30996718749999996
2 0.25151249999999997 0.494603125 0.29784375 0.51523125 0.3338578125 0.4339234375 0.2878484375 0.41326718749999997 0.25151249999999997 0.494603125
10 0.2963796875 0.37575 0.31572187500000004 0.38420624999999997 0.3337578125 0.343775 0.3143984375 0.335359375 0.2963796875 0.37575
10 0.38653125 0.4188109375 0.3964375 0.4232203125 0.41638906249999996 0.37850625 0.40651562500000005 0.374040625 0.38653125 0.4188109375
13 0.24490625000000002 0.287575 0.22686250000000002 0.2794765625 0.2014421875 0.33666874999999996 0.2279515625 0.3485296875 0.24246249999999997 0.315653125 0.2340453125 0.31196875 0.24490625000000002 0.287575
2 0.29975625 0.5161374999999999 0.3459609375 0.5365640625 0.38210781250000003 0.45536875 0.3360359375 0.434821875 0.29975625 0.5161374999999999
13 0.35629374999999996 0.40184218749999995 0.374153125 0.3617578125 0.3356078125 0.3445078125 0.3176625 0.384878125 0.35629374999999996 0.40184218749999995
2 0.6915281249999999 0.6513640625 0.737953125 0.6719484375 0.7724984375 0.594225 0.7263390625 0.5737046875 0.6915281249999999 0.6513640625
2 0.6375484375 0.48946562499999996 0.6943921875 0.5147 0.7327421875 0.42787968750000005 0.6762734375 0.4025875 0.6375484375 0.48946562499999996
2 0.1347796875 0.406115625 0.19115625 0.431303125 0.226665625 0.3509921875 0.1704484375 0.3261375 0.1347796875 0.406115625
10 0.378003125 0.3053 0.36744374999999996 0.329034375 0.38263125 0.33588125 0.376090625 0.3505515625 0.3846953125 0.35438281250000003 0.4018703125 0.3159421875 0.378003125 0.3053
6 0.8050734374999999 0.5222109374999999 0.7974484375 0.518815625 0.799925 0.5132546875 0.781053125 0.50481875 0.7785703125000001 0.5104453125 0.7772734375 0.5098671875 0.7594859375 0.549821875 0.780025 0.5589671875 0.78101875 0.5567359374999999 0.788309375 0.5599125 0.8050734374999999 0.5222109374999999
13 0.7565390625 0.4882515625 0.71638125 0.470371875 0.6994921875 0.50830625 0.7227375 0.51860625 0.728221875 0.5062890624999999 0.7451515625 0.5138265625 0.7565390625 0.4882515625
8 0.244496875 0.35622031249999997 0.2433609375 0.3588046875 0.2304734375 0.3530625 0.18132500000000001 0.46334375000000005 0.2480375 0.49297812499999993 0.28545625 0.40848125 0.3717796875 0.4469796875 0.38478124999999996 0.41784687500000006 0.244496875 0.35622031249999997
10 0.43158593749999996 0.412059375 0.4448765625 0.3822109375 0.42562187500000004 0.3736390625 0.41231093750000003 0.40337500000000004 0.43158593749999996 0.412059375
11 0.11651875 0.439378125 0.1373234375 0.4485578125 0.14955625 0.42094375 0.12879374999999998 0.4117375 0.11651875 0.439378125
1 0.3328953125 0.2901359375 0.314271875 0.331771875 0.3505421875 0.3480390625 0.3640765625 0.3174546875 0.346840625 0.3098390625 0.351846875 0.29869375 0.3328953125 0.2901359375
7 0.69090625 0.5547593749999999 0.6340265625 0.682509375 0.6668328125 0.697115625 0.7238328125 0.569378125 0.69090625 0.5547593749999999
13 0.7988453125 0.602328125 0.8270640625000001 0.6149218750000001 0.8513999999999999 0.5602640625 0.8231203125000001 0.547703125 0.7988453125 0.602328125
7 0.231628125 0.350509375 0.2914296875 0.37672343750000004 0.33096562500000004 0.28921406250000004 0.27081875 0.26268437499999997 0.231628125 0.350509375
1 0.6063953125 0.6183265625 0.593640625 0.64685625 0.6076890625 0.6531109374999999 0.6010875 0.66805625 0.6321703125 0.6818578125 0.651453125 0.638425 0.6063953125 0.6183265625
6 0.4045828125 0.3731421875 0.4038125 0.3727984375 0.4062953125 0.367221875 0.387440625 0.3588265625 0.384984375 0.36434375 0.3769296875 0.3607578125 0.3581375 0.4030796875 0.3653796875 0.406303125 0.3642296875 0.4087703125 0.38478124999999996 0.41784687500000006 0.4045828125 0.3731421875
11 0.6382218749999999 0.4198234375 0.6588859375 0.429134375 0.6729437500000001 0.3975625 0.65225 0.38839999999999997 0.6382218749999999 0.4198234375
10 0.7906390625 0.560375 0.8111921875 0.5694609374999999 0.82228125 0.5445656249999999 0.801753125 0.5352796875 0.7906390625 0.560375
10 0.349790625 0.3079640625 0.3669765625 0.31549375 0.3710453125 0.306353125 0.35383749999999997 0.2988734375 0.349790625 0.3079640625
10 0.7665093749999999 0.4951875 0.7811671875 0.5017140625 0.8025109374999999 0.4536953125 0.78786875 0.4471234375 0.7665093749999999 0.4951875