10 0.674128125 0.07799375 0.680959375 0.0780296875 0.680959375 0.07242343749999999 0.6741359375 0.07233437499999999 0.674128125 0.07799375
0 0.21875 0 0.21875 1 0.78125 1 0.78125 0 0.21875 0
2 0.63219375 0.17178906249999998 0.621821875 0.17178906249999998 0.6218296875 0.17196875 0.597553125 0.171915625 0.5975859375 0.23781875000000002 0.63219375 0.237853125 0.63219375 0.17178906249999998
2 0.6746046875 0 0.6746046875 0.0005140625 0.672184375 0.0006171875 0.672184375 0.00016875 0.6656093750000001 0.0001984375 0.6655921874999999 0.025642187500000004 0.67414375 0.025642187500000004 0.674109375 0.0697546875 0.6863484375 0.069546875 0.6863328125 0.026321875 0.7110875 0.0263390625 0.7111265625 0 0.6746046875 0
10 0.6165265625 0.1173671875 0.6194484375 0.11731406250000001 0.6194609375 0.1110671875 0.61653125 0.11108124999999999 0.6165265625 0.1173671875
2 0.67839375 0.20457343749999998 0.6626624999999999 0.2045015625 0.6626531250000001 0.2042515625 0.6464296875 0.20426875 0.646471875 0.2828125 0.6784171875 0.28283125 0.67839375 0.20457343749999998
2 0.33508125 0.749640625 0.35688906249999997 0.7495328125 0.356825 0.679934375 0.33511250000000004 0.67988125 0.33508125 0.749640625
2 0.3454625 0.5383312499999999 0.36951875 0.5384609375 0.3695140625 0.5346734375 0.382621875 0.5345953125 0.3826125 0.5220906249999999 0.3883234375 0.5220796875 0.388284375 0.49684375000000003 0.3694984375 0.4968328125 0.369503125 0.45410312499999994 0.3354859375 0.454096875 0.3354875 0.5385109375 0.3454390625 0.5385109375 0.3454625 0.5383312499999999
1 0.35472031249999997 0.7571109375 0.321809375 0.7571890625 0.321809375 0.762053125 0.31766875 0.8660656250000001 0.350521875 0.8724421875000001 0.354678125 0.764846875 0.35472031249999997 0.7571109375
10 0.40629375 0.5674078125 0.411471875 0.5674781249999999 0.411471875 0.5321281250000001 0.40630937500000003 0.5321281250000001 0.40629375 0.5674078125
1 0.3966328125 0.4782921875 0.40717187499999996 0.4782921875 0.40717968750000005 0.45159843750000006 0.3966328125 0.4516171875 0.3966328125 0.4782921875
1 0.3218046875 0.6057812499999999 0.3423546875 0.60585 0.342340625 0.5550109375 0.3218109375 0.55498125 0.3218046875 0.6057812499999999
6 0.3664546875 0.8685937499999999 0.38282656249999997 0.8720296875000001 0.383159375 0.8638078124999999 0.38915781250000003 0.8647359375000001 0.3902515625 0.8360046875 0.37703125000000004 0.8326343749999999 0.377428125 0.8244421875000001 0.36828125 0.8226078125 0.367953125 0.8308390625 0.3670421875 0.830678125 0.36586562499999997 0.8606984375 0.36682187499999996 0.860825 0.3664546875 0.8685937499999999
10 0.389428125 0.8676015625 0.3842171875 0.86658125 0.3834265625 0.8870609375 0.389071875 0.8880484375 0.38954218749999997 0.8776140625 0.3890828125 0.8776140625 0.389428125 0.8676015625
7 0.361721875 0.9890437500000001 0.38723593749999996 0.9940312499999999 0.3918140625 0.8784734375 0.3907265625 0.8782578125 0.3902 0.8910609375 0.3820875 0.8894921874999999 0.38255625000000004 0.8768874999999999 0.366275 0.8738125 0.361721875 0.9890437500000001
10 0.378103125 0.830775 0.39065625000000004 0.8328312499999999 0.3919828125 0.79835 0.379525 0.79583125 0.378103125 0.830775
1 0.38833125 0.614225 0.37099375 0.6142640625 0.3709484375 0.6647640625 0.3873625 0.6648 0.387340625 0.6458468749999999 0.388290625 0.6458468749999999 0.38833125 0.614225
1 0.393503125 1 0.3942484375 0.9813140625000001 0.4040484375 0.9831734375 0.407578125 0.8934171875000001 0.39965937500000004 0.8918874999999999 0.4002 0.8784062499999999 0.39459218749999997 0.8772265625 0.3898125 1 0.393503125 1
1 0.37858281250000003 0.608546875 0.3895625 0.60835 0.38942343749999997 0.5723328125 0.3786 0.572275 0.37858281250000003 0.608546875
10 0.321484375 0.5521984375 0.3423421875 0.5521375 0.34233281249999997 0.5461125 0.32150625 0.54609375 0.321484375 0.5521984375
10 0.388465625 0.5250109375 0.3840671875 0.5250234375 0.384084375 0.5376828125 0.37098437500000003 0.5377156249999999 0.37098437500000003 0.5399468749999999 0.388425 0.5399078125 0.388465625 0.5250109375
1 0.41257968749999996 0.5747 0.391759375 0.5746249999999999 0.3917640625 0.64418125 0.39630624999999997 0.6442671875 0.3963265625 0.66636875 0.41258125 0.6664296875 0.41257968749999996 0.5747
13 0.3709703125 0.78953125 0.3851234375 0.789584375 0.3850984375 0.72639375 0.370978125 0.726371875 0.3709703125 0.78953125
2 0.6179 0.8771437499999999 0.617896875 0.9616734375 0.66986875 0.9616734375 0.6698484375 0.9276015624999999 0.6546984375 0.9277093750000001 0.6546828125 0.8774359374999999 0.6198187500000001 0.8775031249999999 0.6195796875 0.8771093750000001 0.6179 0.8771437499999999
10 0.4034328125 1 0.403984375 0.985803125 0.39535 0.9841578125 0.3947265625 1 0.4034328125 1
10 0.392278125 0.795334375 0.39332500000000004 0.7692109375 0.3933328125 0.6809875 0.392996875 0.68100625 0.392996875 0.652846875 0.38888124999999996 0.6529 0.388865625 0.6680421875 0.37072812499999996 0.6680421875 0.3707203125 0.72330625 0.38649374999999997 0.7232703125 0.38649374999999997 0.7941921875 0.392278125 0.795334375
1 0.3219703125 0.7518546875000001 0.3323734375 0.7519625 0.332365625 0.6111015625 0.3219703125 0.611046875 0.3219703125 0.7518546875000001
10 0.40089375 0.8897281250000001 0.40767031249999997 0.8910609375 0.40806718750000004 0.879878125 0.40132500000000004 0.8786203125000001 0.40089375 0.8897281250000001
13 0.3899171875 0.5640078125 0.404828125 0.5640515625 0.4049046875 0.4841109375 0.389840625 0.4841109375 0.3899171875 0.5640078125
1 0.3219703125 0.54078125 0.3327703125 0.540846875 0.3327703125 0.45158125 0.321984375 0.4516171875 0.3219703125 0.54078125
2 0.3350875 0.6770437499999999 0.3568984375 0.6771140625000001 0.3568640625 0.61360625 0.3350984375 0.6135828125 0.3350875 0.6770437499999999
3 0.3937953125 0.45416093750000003 0.370684375 0.45411406249999997 0.37066875 0.494171875 0.38828593749999996 0.4942390625 0.388278125 0.4806 0.3938234375 0.48063124999999995 0.3937953125 0.45416093750000003
8 0.3581140625 0.5432578125 0.358128125 0.766653125 0.35355 0.8807875 0.3309640625 0.8763484375000001 0.3265328125 0.9899437499999999 0.36100468750000003 0.9963875 0.36114375 0.9887765625 0.36530625 0.87361875 0.3650671875 0.87349375 0.3652734375 0.8684390625 0.3654828125 0.8684218749999999 0.3694765625 0.76479375 0.369409375 0.6106171875 0.3758328125 0.610703125 0.3758140625 0.5659203125000001 0.3883 0.5660109375 0.3882890625 0.5430531249999999 0.3581140625 0.5432578125
1 0.32404062499999997 1 0.324225 0.9955281250000001 0.323640625 0.9955281250000001 0.328384375 0.8732109375 0.3177109375 0.8713234375000001 0.3126234375 1 0.32404062499999997 1
1 0.3447484375 0.6034671875 0.3553828125 0.603575 0.35537968750000004 0.5484390625 0.34476249999999997 0.5484015624999999 0.3447484375 0.6034671875
10 0.36872343750000003 0.8196953125 0.37717812500000003 0.8214296875 0.37829687500000003 0.7926624999999999 0.3697796875 0.792646875 0.36872343750000003 0.8196953125
7 0.3728234375 0.1712703125 0.40474375 0.1711625 0.4047203125 0.087225 0.3728859375 0.0871640625 0.3728234375 0.1712703125
13 0.38584999999999997 0 0.38589843749999997 0.02136875 0.40750156249999997 0.021271875000000003 0.40747968749999997 0 0.38584999999999997 0
2 0.3730984375 0.081153125 0.39376406249999996 0.081103125 0.3939640625 0.0814390625 0.39644218750000004 0.08135 0.396615625 0.081421875 0.39670937500000003 0.0814609375 0.3967453125 0.02460625 0.3731703125 0.024453125 0.3730984375 0.081153125
10 0.3357421875 0 0.33572812500000004 0.030946875000000002 0.3583265625 0.0310359375 0.358353125 0 0.3357421875 0
10 0.37475 0.1929609375 0.3900734375 0.1930203125 0.39006875 0.1741359375 0.3747671875 0.1741390625 0.37475 0.1929609375
3 0.40473593750000003 0.22998124999999997 0.39920468750000004 0.2300703125 0.39918125 0.264546875 0.373590625 0.2644859375 0.3735734375 0.298490625 0.404728125 0.29850937499999997 0.40473593750000003 0.22998124999999997
10 0.40991406250000006 0.0841015625 0.414875 0.0841015625 0.41487187499999995 0.073315625 0.40987343750000005 0.0733328125 0.40991406250000006 0.0841015625
8 0.36069375 0 0.3606984375 0.101953125 0.33855 0.1019765625 0.3385265625 0.10179687500000001 0.335753125 0.10183281250000001 0.3357765625 0.2090890625 0.33938125 0.20910781250000002 0.3395484375 0.20875 0.37348593750000003 0.2088359375 0.37348593750000003 0.199765625 0.3734109375 0.19978281250000002 0.3734109375 0.19289218749999998 0.37357968750000003 0.192928125 0.373609375 0.17145 0.3718953125 0.17143124999999998 0.3719328125 0.087225 0.3716609375 0.087225 0.37166875 0.08126093749999999 0.371940625 0.0812421875 0.37191718749999997 0 0.36069375 0
10 0.4095765625 0.229909375 0.41776875 0.2298734375 0.41776093750000004 0.21690937500000002 0.409584375 0.2169453125 0.4095765625 0.229909375
1 0.4082515625 0.21403750000000002 0.414884375 0.2140296875 0.4148953125 0.19547343749999999 0.41514375000000003 0.19547343749999999 0.41515312499999996 0.1791765625 0.41491249999999996 0.17919374999999998 0.4148828125 0.13169843750000002 0.4151375 0.13169843750000002 0.41514375000000003 0.100646875 0.41491249999999996 0.100646875 0.41486718749999996 0.08704843749999999 0.4085546875 0.08704843749999999 0.40857031250000003 0.0685296875 0.40968125000000005 0.068496875 0.40968125000000005 0.06497968750000001 0.40995781249999996 0.0649515625 0.40995781249999996 0.033901562499999996 0.4097109375 0.033901562499999996 0.409696875 0.0243734375 0.3995265625 0.024409375 0.39950625 0.0334109375 0.3989890625 0.033454687500000004 0.3990078125 0.06539843749999999 0.399496875 0.065378125 0.399509375 0.0808515625 0.4074890625 0.08075625 0.4074703125 0.10220156250000001 0.4069859375 0.1021765625 0.40699687500000004 0.1343109375 0.40749218750000005 0.1343109375 0.4075078125 0.177378125 0.3905046875 0.17736093749999998 0.39054375 0.203196875 0.399103125 0.20314375 0.399134375 0.226821875 0.4082671875 0.226678125 0.4082515625 0.21403750000000002
10 0.373075 0 0.3730859375 0.021912499999999998 0.384359375 0.0219265625 0.3843921875 0 0.373075 0
10 0.39023281249999997 0.19980625000000002 0.3748265625 0.1998234375 0.3748265625 0.211765625 0.3882421875 0.211765625 0.3882421875 0.2031625 0.390225 0.20321562499999998 0.39023281249999997 0.19980625000000002
2 0.35836718749999996 0.03356875 0.3357453125 0.033640625 0.3357375 0.09683125000000001 0.338534375 0.09683125000000001 0.3385984375 0.096634375 0.35835 0.0967234375 0.35836718749999996 0.03356875
1 0.3225265625 0 0.322534375 0.024082812500000002 0.32279843750000003 0.024082812500000002 0.322790625 0.0467078125 0.322534375 0.0466890625 0.322534375 0.0840078125 0.322790625 0.0840078125 0.322790625 0.1147359375 0.322534375 0.1147359375 0.32254218749999997 0.19635156250000002 0.3228046875 0.1963703125 0.322775 0.22690312499999998 0.32251875 0.22690312499999998 0.3225265625 0.25775625 0.3228609375 0.25768749999999996 0.3228859375 0.2581859375 0.3344375 0.258196875 0.33445468749999996 0.22629375000000002 0.33392499999999997 0.2262765625 0.3339640625 0.21533750000000002 0.3329875 0.21531875 0.3329734375 0.19678281250000002 0.3334703125 0.196803125 0.3334625 0.1141265625 0.33299687499999997 0.11414375000000002 0.33296562500000004 0.08463593750000001 0.3334703125 0.08463593750000001 0.33345625 0.046371875 0.332990625 0.04635625 0.33298125 0.024648437500000002 0.3334703125 0.024648437500000002 0.3334796875 0 0.3225265625 0
11 0.3228703125 0.2985375 0.3346921875 0.2985234375 0.3346984375 0.261240625 0.3228875 0.2612734375 0.3228703125 0.2985375
1 0.4075234375 0.2984734375 0.4177203125 0.29854375 0.41777031249999996 0.284628125 0.4179421875 0.28460312499999996 0.41795312500000004 0.26851250000000004 0.41777031249999996 0.26851250000000004 0.4177359375 0.2329609375 0.407515625 0.23301406249999998 0.40749531250000004 0.2638484375 0.4060734375 0.2638671875 0.4060578125 0.28308125 0.407471875 0.2830265625 0.4075234375 0.2984734375
13 0.397671875 0.2062671875 0.3895453125 0.20616093750000003 0.389521875 0.214696875 0.3750671875 0.2146609375 0.3750515625 0.2611734375 0.397671875 0.2612625 0.397671875 0.2062671875
2 0.33969375 0.2143015625 0.3393890625 0.21394687499999998 0.33671093750000003 0.21394687499999998 0.33671875 0.29854375 0.3734203125 0.29854375 0.3735140625 0.21425156250000002 0.33969375 0.2143015625
7 0.6539921875 0.8344531249999999 0.6949640625 0.8344109375000001 0.6949609375 0.750146875 0.6540546875000001 0.750346875 0.6539921875 0.8344531249999999
10 0.6910546875 0.74726875 0.6952015625 0.74726875 0.6952015625 0.738571875 0.6910296875 0.7385375 0.6910546875 0.74726875
10 0.6050734375 0.6942375000000001 0.6394968750000001 0.69421875 0.639528125 0.6558984375 0.605096875 0.6558437500000001 0.6050734375 0.6942375000000001
6 0.6540953125 0.6498125 0.6718015625 0.6495437500000001 0.6718265625 0.61185 0.6666593749999999 0.6118359375 0.666640625 0.6067703125 0.6572546874999999 0.6067703125 0.6572546874999999 0.6118359375 0.6531640624999999 0.611775 0.6531046875000001 0.6408828125 0.6540953125 0.6408640625 0.6540953125 0.6498125
3 0.6978671875 0.8960546875000001 0.6803671875 0.8960015625000001 0.6803515625000001 0.9277312500000001 0.670659375 0.9276406250000001 0.670634375 0.9617281249999999 0.697803125 0.9617281249999999 0.6978671875 0.8960546875000001
2 0.605096875 0.652953125 0.6395046875 0.652971875 0.6395203125 0.5815125 0.6050734375 0.5814421875 0.605096875 0.652953125
10 0.65591875 0.8561390624999999 0.6712421875000001 0.8562 0.6712374999999999 0.83731875 0.6559375000000001 0.8373234374999999 0.65591875 0.8561390624999999
13 0.6725921875 0.8663343749999999 0.6803109375 0.8663624999999999 0.6802921875 0.8931890625 0.689540625 0.8930781250000001 0.6895328125 0.8774171875000001 0.6950062499999999 0.8773453124999999 0.6948765625 0.8380078125000001 0.6725921875 0.8380531250000001 0.6725921875 0.8663343749999999
10 0.689740625 0.60933125 0.6728328125 0.60933125 0.672840625 0.6390453125 0.6824765625 0.6390265625 0.6824609374999999 0.6495796875 0.6897562500000001 0.6495437500000001 0.689740625 0.60933125
10 0.671403125 0.8629875 0.655996875 0.86300625 0.655996875 0.8749484375 0.6694125 0.8749484375 0.6694125 0.8663437500000001 0.6713953125 0.8663984375 0.671403125 0.8629875
10 0.65425625 0.6850921875 0.6655296875000001 0.6851109375 0.665578125 0.6522953125 0.6542390625000001 0.6523125000000001 0.65425625 0.6850921875
8 0.653103125 0.7504078125 0.6528296874999999 0.7504078125 0.6528390625 0.7444437500000001 0.6531109374999999 0.7444265624999999 0.65308125 0.6414484375 0.6527515625 0.64145625 0.652815625 0.6093859375 0.64175 0.60935 0.6417734375 0.61494375 0.6418609375 0.61494375 0.64186875 0.7651375 0.6164156249999999 0.76519375 0.6164078125 0.764621875 0.605096875 0.7645562499999999 0.6050984374999999 0.8724515625 0.619534375 0.872384375 0.6197250000000001 0.8720265625 0.65465625 0.87201875 0.65465625 0.8629484375 0.65458125 0.8629671875 0.65458125 0.856075 0.6547484375 0.8561109374999999 0.6547796875 0.834628125 0.6530640625 0.8346140625 0.653103125 0.7504078125
13 0.6788406250000001 0.86945 0.6707156249999999 0.8693421875 0.670690625 0.877878125 0.6562375 0.87784375 0.6562203125 0.92435625 0.6788406250000001 0.9244453125 0.6788406250000001 0.86945
11 0.604040625 0.9617203125 0.6158609375 0.96170625 0.6158671874999999 0.9244234375 0.60405625 0.9244562500000001 0.604040625 0.9617203125
10 0.6730640625000001 0.6498125 0.6813109374999999 0.64979375 0.681303125 0.6419718750000001 0.6730875000000001 0.6419359375 0.6730640625000001 0.6498125
2 0.65425625 0.744346875 0.689784375 0.7449765625 0.689778125 0.6878515625 0.654340625 0.6876359375 0.65425625 0.744346875
13 0.66706875 0.6845515625 0.6886703125 0.6844515624999999 0.688640625 0.6530546875 0.6669968749999999 0.65301875 0.66706875 0.6845515625
2 0.6395359375 0.6967515625 0.605096875 0.6967515625 0.6050890625 0.76048125 0.6164031249999999 0.76048125 0.6164109375 0.7598890625 0.6395203125 0.7599078125000001 0.6395359375 0.6967515625
10 0.6989375 0.88005625 0.6953671875 0.880075 0.69529375 0.88021875 0.690778125 0.880128125 0.6907625000000001 0.8931812499999999 0.698921875 0.8931812499999999 0.6989375 0.88005625
1 0.6040484375 0.9213765625000001 0.614978125 0.9214156250000001 0.6149125 0.8771125 0.604075 0.8770828125 0.6040484375 0.9213765625000001
8 0.60275625 0 0.6027796875 0.0322328125 0.633484375 0.0322328125 0.6333765625 0.2377640625 0.6448265625 0.237871875 0.644690625 0.025215625000000002 0.64723125 0.025196875 0.647246875 0.025659375 0.6644703125 0.025653125 0.664421875 0.00013749999999999998 0.64689375 0.0001625 0.6468875 0.0006109375 0.6446890625 0.000553125 0.6446890625 0 0.60275625 0
10 0.64640625 0.20159218750000002 0.6635234375 0.201571875 0.6635156249999999 0.17096875 0.646415625 0.1708984375 0.64640625 0.20159218750000002
13 0.647103125 0.0775671875 0.6726328125000001 0.077478125 0.6726 0.028926562500000003 0.6470234375 0.0284109375 0.647103125 0.0775671875
7 0.632375 0.0329953125 0.5853312500000001 0.032884375 0.5854015625 0.10245625 0.6322953124999999 0.1027203125 0.632375 0.0329953125
10 0.6217796875 0.169203125 0.6322984375 0.169203125 0.632278125 0.10517812499999998 0.6217796875 0.1050921875 0.6217796875 0.169203125
1 0.585375 0 0.58544375 0.029253125 0.6013437500000001 0.029339062500000002 0.6013484375 0 0.585375 0
10 0.6568984375 0.0809234375 0.6459515625 0.08090625 0.6460234375 0.11302656250000001 0.65693125 0.11297187500000001 0.6568984375 0.0809234375
13 0.67915 0.0812921875 0.6576421875 0.0811203125 0.6576421875 0.09585 0.658403125 0.09586875 0.658428125 0.1124609375 0.67918125 0.11252500000000001 0.67915 0.0812921875
3 0.6874546875 0.0696046875 0.711165625 0.06964375 0.7111078125 0.029131249999999997 0.6874734375 0.029092187499999998 0.6874546875 0.0696046875
6 0.664675 0.14618124999999998 0.6626734375 0.1461390625 0.6626515625 0.1327203125 0.6460015625 0.13265156250000001 0.646009375 0.1408265625 0.644890625 0.1408265625 0.644890625 0.1689484375 0.6626765625 0.1689484375 0.6626734375 0.1670796875 0.664665625 0.1670796875 0.664675 0.14618124999999998
10 0.6461046875 0.1298125 0.679440625 0.1297390625 0.6794171875 0.11570625000000001 0.646096875 0.11577656249999999 0.6461046875 0.1298125