0 0.46064914218749997 0 0.321705246875 0.0220065515625 0.1134832921875 0.92391804375 0.4430313078125 1 0.53935085625 1 0.6780030765625 0.9780396453125 0.8625552031250001 0.1798738359375 0.8865167078124999 0.07608195625 0.5569686921875 0 0.46064914218749997 0
10 0.3478590578125 0.6674681484375 0.3322556421875 0.6640497859375001 0.3204370140625 0.71524138125 0.3357597 0.7195141765625 0.3478590578125 0.6674681484375
10 0.36633318593749997 0.6719616046875 0.350065309375 0.6682134390625001 0.33824773750000003 0.719401703125 0.3543533171875 0.7234935499999999 0.36633318593749997 0.6719616046875
10 0.46287960625 0.197022059375 0.441200725 0.191751621875 0.43469892187500003 0.21939974687500002 0.4561463625 0.22514663124999998 0.46287960625 0.197022059375
10 0.6657032078125 0.24330705312499998 0.6448030218749999 0.2387580578125 0.6356837843750001 0.278256853125 0.6564093468750001 0.28251236562500004 0.6657032078125 0.24330705312499998
2 0.46663319375 0.510049696875 0.410328540625 0.49652239218750005 0.37937066875 0.6306130234375 0.43539613906249997 0.6438159453125001 0.46663319375 0.510049696875
4 0.37818978593749997 0.6356424875 0.3488706640625 0.761921209375 0.38844330625 0.7710572265625 0.4174905953125 0.644530475 0.37818978593749997 0.6356424875
10 0.4062990046875 0.773463921875 0.40905807968749996 0.7612190531249999 0.39517908125 0.7526471734375 0.39117911875 0.769972140625 0.4062990046875 0.773463921875
10 0.43154936718750003 0.6633266734375 0.43464061249999997 0.6499328828125 0.41961992812500004 0.646308325 0.415317034375 0.664946853125 0.43154936718750003 0.6633266734375
2 0.64307325 0.23814453750000003 0.568640340625 0.22214771249999998 0.521661021875 0.42487246250000005 0.5952109203125 0.44368426562499996 0.64307325 0.23814453750000003
13 0.5483136609375 0.29704018125 0.5012418734375 0.28564320312499997 0.4842856484375 0.35857331875 0.531360675 0.3694414046875 0.5483136609375 0.29704018125
10 0.5188177234375 0.258106271875 0.5077794796874999 0.25540445625 0.50226705 0.2792810640625 0.5131181171875 0.28193975312499997 0.5188177234375 0.258106271875
13 0.5657613640625 0.22095053125000003 0.5320226671875 0.21294075 0.5159584203125 0.2821037 0.5497850703125 0.29057889062500003 0.5657613640625 0.22095053125000003
1 0.408016996875 0.4962509671875 0.3728811671875 0.48813974687500006 0.3334966578125 0.659240184375 0.368242575 0.6669971015625 0.408016996875 0.4962509671875
1 0.4550741359375 0.23062240625000002 0.433170384375 0.22530057499999998 0.406223415625 0.3415060671875 0.4282972390625 0.3466032140625 0.4550741359375 0.23062240625000002
7 0.40574985156250004 0.3474755171875 0.3744402296875 0.4823717171875 0.4700214734375 0.5042545546875 0.50156235 0.368491190625 0.40574985156250004 0.3474755171875
6 0.479092303125 0.5865060296875 0.452058909375 0.5811487140625 0.43744693437500004 0.643579721875 0.4641909390625 0.6501962484375 0.479092303125 0.5865060296875
8 0.517617515625 0.43062583906249996 0.530247321875 0.375206865625 0.5015044765625001 0.3687550546875 0.4519099796875 0.581077384375 0.4790529546875 0.5866071796875 0.464177346875 0.649970596875 0.543638396875 0.6679489937499999 0.5943797171874999 0.44816476875 0.517617515625 0.43062583906249996
1 0.6557598546875 0.2878405046875 0.63500138125 0.2830475875 0.5454382046874999 0.6687649875 0.572678084375 0.6758155359375 0.6237828000000001 0.454610090625 0.617620796875 0.45304065624999995 0.6557598546875 0.2878405046875
12 0.43708446562500003 0.6496613 0.432762440625 0.66837879375 0.41170015624999995 0.6701976171874999 0.3943420765625 0.746004134375 0.41268143281249997 0.7565984734375 0.4081535359375 0.775584290625 0.5131812640625 0.799388021875 0.5422939859375 0.6736339859375 0.43708446562500003 0.6496613
2 0.5159929078125 0.2092577 0.46534416875 0.19759038906249998 0.430563696875 0.3466998515625 0.48140413125 0.358518728125 0.50724205625 0.24706713125 0.5095110125 0.24745920312499997 0.5087675843749999 0.25067604375 0.5197952734375 0.25322133125 0.5292475546875 0.21252918125 0.5184774562500001 0.20983235625000002 0.5177286984375 0.2129456296875 0.5152689953125 0.2123480546875 0.5159929078125 0.2092577