10 0.11568704375000001 0.5277238328125 0.167007746875 0.557307075 0.1709428796875 0.5504632421875 0.11959664375000001 0.5208652625 0.11568704375000001 0.5277238328125
11 0.687347534375 0.763243296875 0.7055413625 0.77372744375 0.7160471328125 0.7555875953125 0.697843121875 0.7450876265625 0.687347534375 0.763243296875
1 0.5660289828125 0.6780095968750001 0.56575563125 0.6778682578125 0.5612153921874999 0.685697446875 0.561496253125 0.6858595671875001 0.5515487453125 0.703208853125 0.56730025625 0.7122681265625 0.5760028859374999 0.6972636828125001 0.5781963343750001 0.69852004375 0.5836240625 0.68917488125 0.5814326046875 0.6879422359375 0.5856976984375 0.6803743718749999 0.570018571875 0.671274840625 0.5660289828125 0.6780095968750001
13 0.589851746875 0.7371849125 0.6120957812500001 0.750051115625 0.6252008171875 0.7274075671875 0.5904000875000001 0.7072571812499999 0.5749321765625 0.7340469171875 0.58741388125 0.7413231921875 0.589851746875 0.7371849125
7 0.5306006140624999 0.7857734093750001 0.57959505625 0.8141001234375 0.6033458281249999 0.77318390625 0.55417114375 0.744861009375 0.5306006140624999 0.7857734093750001
13 0.4989844953125 0.8307513703125 0.5322977515625 0.8500079609375 0.54105624375 0.8345827234375 0.5077685953125 0.81542754375 0.4989844953125 0.8307513703125
2 0.5455335875 0.798152421875 0.5416930265625 0.7959915875 0.541445746875 0.7958027624999999 0.5413117781250001 0.795700571875 0.5252667468750001 0.8233652203125 0.5615182046875 0.8443935453125 0.577577159375 0.8168382890625001 0.5457448281249999 0.79849313125 0.5455335875 0.798152421875
10 0.5753972578125001 0.8730190312499999 0.610208884375 0.8931300015625 0.6209899828125 0.8745128359375001 0.5862247046875 0.85438253125 0.5753972578125001 0.8730190312499999
10 0.5776024453125 0.7564588609375 0.601160075 0.770058253125 0.606480759375 0.7609044984375 0.5829058203125 0.7472559125 0.5776024453125 0.7564588609375
3 0.5889982953125 0.704314596875 0.6283817328125 0.7270930250000001 0.6379731765625001 0.71054181875 0.5900121359375 0.682840678125 0.5707249515624999 0.7162162125 0.5792656671875 0.721089521875 0.5889982953125 0.704314596875
1 0.508833390625 0.8454336937500001 0.5047656328125 0.8430485828125001 0.50771400625 0.83794339375 0.494677146875 0.8303818578125 0.491639940625 0.8355962171875 0.491206965625 0.8353610187499999 0.48670476249999994 0.8432018375 0.487104540625 0.8434511484374999 0.4832729921875 0.850077096875 0.5004379828125 0.8600341140625 0.501837465625 0.8576106078124999 0.5040694765625 0.8588995531249999 0.5095719859375001 0.8495818749999999 0.5072477625 0.8482393187499999 0.508833390625 0.8454336937500001
10 0.5110585000000001 0.7835235921875 0.5187592375000001 0.78795870625 0.521725571875 0.7826776203125 0.5140862921875 0.778268228125 0.5110585000000001 0.7835235921875
8 0.5798080671875 0.8180552671875001 0.579384278125 0.81782403125 0.55046891875 0.8680145125 0.5509766421875 0.8683037578125001 0.5423973828124999 0.8830709484374999 0.559294365625 0.8928767078125001 0.5604238828125 0.8909772171875 0.5602884125 0.890898828125 0.602517046875 0.8177275625 0.63662370625 0.83740464375 0.636610334375 0.8375126234374999 0.6408893203125 0.839958846875 0.6710191671875 0.787689203125 0.6654768109375 0.7844777765625001 0.665116759375 0.7845028734375 0.6128898640625 0.7542936671875 0.610338775 0.7587115843750001 0.610460484375 0.7587707453125 0.6085224109375 0.7621283140624999 0.6082742765625 0.7619611796875 0.6021853359375 0.77239585625 0.604820528125 0.7739305328125 0.581078490625 0.8149164296875 0.58149905 0.8151582312500001 0.5798080671875 0.8180552671875001
10 0.5469958609375001 0.711007603125 0.5595935937500001 0.7182558078125 0.5632535046875 0.711949403125 0.5506295046874999 0.70468508125 0.5469958609375001 0.711007603125
1 0.54537869375 0.7239948140625 0.5449957000000001 0.723773740625 0.5403965078125 0.7317050609375 0.5407728109375001 0.731910225 0.5274605921875 0.755072721875 0.52706979375 0.7548469515625 0.518326025 0.769967059375 0.518681371875 0.7701727484374999 0.51492909375 0.7768379515625 0.524647921875 0.782449240625 0.5194144625 0.791457515625 0.5176943671875 0.7904856703124999 0.5167062625 0.7921984828124999 0.5162698812500001 0.791966865625 0.5075374125 0.8070915828125 0.5079175593749999 0.8073106296875 0.50526194375 0.8119646265625 0.5209294 0.820988959375 0.5234915453125 0.8166217937500001 0.5243014687499999 0.8170600421875 0.5332560203125001 0.801481009375 0.5324968125 0.8010582656249999 0.5368294375 0.7935075828125 0.5245163749999999 0.78646194375 0.5305774624999999 0.7760314609375001 0.5313162390625 0.7764756859374999 0.5403364328125 0.76081043125 0.5395746734375 0.7603695765625 0.5516642 0.73937731875 0.5778385640625 0.7544999671875 0.5850421296875 0.7418781875 0.5718509765625 0.7342960515625 0.5784603703125 0.7227334484375 0.5643600625 0.7146861921875 0.5608289046875 0.7208586593749999 0.5506151203125 0.7149654937500001 0.54537869375 0.7239948140625
2 0.6709460968750001 0.7844931515625 0.6947277656249999 0.7432755953125 0.6382226703125 0.7106516015625 0.614370715625 0.751630465625 0.666455640625 0.781669178125 0.6668246546875001 0.7821135796875 0.6709460968750001 0.7844931515625
10 0.5342778796875 0.85162195625 0.5517392375 0.8616903796875001 0.5609360265625 0.8457082515625001 0.543582615625 0.8356797625000001 0.5342778796875 0.85162195625
10 0.5071649171875 0.8426718390625 0.5198042875 0.8499916953125 0.5220552546875 0.8461775359375 0.5093521937500001 0.8388543828125 0.5071649171875 0.8426718390625
2 0.554429965625 0.9091955671875 0.5892925359375 0.9293590828125 0.6093259515625 0.8946046203125 0.5746101312499999 0.8744674859374999 0.554429965625 0.9091955671875
10 0.6116520890625 0.7516761984375 0.59099804375 0.7397501515625 0.588576928125 0.7439432312500001 0.585540403125 0.742152990625 0.5845668953125001 0.7438067234375 0.608293071875 0.7574934609375 0.6116520890625 0.7516761984375
2 0.639508734375 0.8424112390625 0.635201490625 0.8399251812499999 0.6350465703125 0.8399633124999999 0.6046630234375 0.822362634375 0.5868751171875 0.8531129484375001 0.621724934375 0.8731859140625 0.639508734375 0.8424112390625
1 0.6142756390625 0.9321967578124999 0.6146465984375 0.9324118421875 0.6251550734375 0.9142404703125001 0.6247493953125 0.9140066859375 0.632103775 0.9013224140625 0.6324820703125 0.9015512937500001 0.6393742375 0.889585278125 0.638967090625 0.889348734375 0.645343528125 0.8783364796875001 0.6457324765625 0.8785720828124999 0.6562281859375 0.8603933421875001 0.655834540625 0.860165546875 0.6644765546875 0.845196871875 0.6648702 0.84542466875 0.6878138171875 0.8056596375 0.6874121015625 0.805416665625 0.6960480796875 0.7905697671875 0.6964424593749999 0.7907989421875 0.70510579375 0.775760534375 0.7045721203124999 0.7754957046875 0.704675946875 0.77523168125 0.686893525 0.7649588078125 0.6778942812500001 0.780483740625 0.6787045218750001 0.7809625234375 0.6755673046874999 0.786258375 0.6770661984374999 0.787133709375 0.671874146875 0.796176596875 0.67111561875 0.7957251765625 0.6478739203125 0.8360079375 0.6485949171875001 0.8364120671874999 0.6403462640625001 0.8508158890624999 0.6395675125 0.8503663749999999 0.62882855625 0.86901953125 0.629540890625 0.869440653125 0.6234493734375001 0.8800235796875 0.6226975328125001 0.8795880687500001 0.6154614953124999 0.8920855421875 0.61622959375 0.8925283343749999 0.6092063859375 0.9046206531250001 0.6084786125 0.904197121875 0.5976574046875001 0.9229152484375 0.5984151125 0.9233617953125 0.5935337140625 0.93183071875 0.6092196624999999 0.9408399093750001 0.6142756390625 0.9321967578124999
2 0.8129066937499999 0.5252023234375 0.808616825 0.5227123359375 0.8084626390625 0.5227518453125 0.7806896265625001 0.506706034375 0.7647682015624999 0.5343102703125 0.7969182125 0.552920078125 0.8129066937499999 0.5252023234375
2 0.7961015015624999 0.5543594859375001 0.7638477031249999 0.5357641625 0.752189171875 0.556159171875 0.752318040625 0.55622514375 0.746261825 0.5666548062500001 0.7783155203125001 0.5851866421875 0.7961015015624999 0.5543594859375001
10 0.7173574515625 0.48778131875 0.7518773203125 0.507769584375 0.7636599093750001 0.4872484453125 0.725059625 0.46492780937499995 0.7132093671875 0.4855380171875 0.7172864328124999 0.4879040234375 0.7173574515625 0.48778131875
13 0.7229853234375 0.5150834046874999 0.7320784687499999 0.4998748609375 0.700065409375 0.48162579687499996 0.6913088953125001 0.49679515468749996 0.7229853234375 0.5150834046874999
10 0.7253211296875001 0.5168604421875 0.74120874375 0.526079171875 0.7504142421875 0.510333084375 0.7344253703125 0.50109033125 0.7253211296875001 0.5168604421875
1 0.7131862859375 0.5193291921875 0.6934321953125 0.50794748125 0.6960415234374999 0.503482671875 0.6862342046875 0.497854728125 0.6770233906249999 0.51380715 0.704164771875 0.529500415625 0.7054664296875 0.5272457187499999 0.707844303125 0.528609296875 0.7131862859375 0.5193291921875
10 0.7887809703124999 0.4394505921875 0.765295625 0.42589063125 0.7670843578125 0.4227381125 0.7557983687500001 0.416232928125 0.752332153125 0.42229123125 0.7556697625 0.4242416859375 0.7558829421875 0.42421327968749994 0.7871329968749999 0.44227874843750004 0.7887809703124999 0.4394505921875
8 0.8409485421875 0.476667265625 0.83590976875 0.473747284375 0.8357508859375 0.4737946015625 0.789088896875 0.4469157859375 0.7327722296875 0.5449822078125 0.75035168125 0.55513295 0.77912313125 0.50550386875 0.778620246875 0.5052403640625001 0.7800566703125 0.5028963156249999 0.8101108203124999 0.5202668890625 0.8101403578124999 0.5203856765625 0.814323396875 0.52282451875 0.8409485421875 0.476667265625
6 0.7327486421875 0.544738153125 0.7396689578125 0.5327518609374999 0.7381957390625 0.5319248125 0.740585978125 0.5277269140625 0.7183010203125 0.5147338203125 0.709048715625 0.5307879375 0.7274784375000001 0.5414528062499999 0.7276060078125 0.5417459828125 0.7327486421875 0.544738153125
10 0.72950048125 0.397546425 0.73980521875 0.40347086406250005 0.74414625 0.3960325078125 0.7338365203125 0.3901319609375 0.72950048125 0.397546425
10 0.6986343078125 0.5073705140625 0.7145481890625 0.5166053609375 0.7164071937500001 0.5134119390625 0.70047305625 0.504205559375 0.6986343078125 0.5073705140625
1 0.7608437046875001 0.39522210625 0.7650225171875 0.39765965625 0.770439134375 0.3882336890625 0.768736503125 0.3872614046875 0.7714584796875 0.38260574531249997 0.760783725 0.3764480265625 0.7484561859375 0.39857022343750004 0.74615999375 0.39723046093750003 0.7410593390625 0.4060991078125 0.7287336109375 0.3989664125 0.69934735625 0.449835525 0.7099760390625 0.455939878125 0.6986558046875 0.47541353124999997 0.709621340625 0.48173871406249996 0.7423176796875001 0.42508012656250005 0.7432640375 0.42563518437500003 0.7608437046875001 0.39522210625
2 0.837074165625 0.471231109375 0.8414907906250001 0.47378642343750005 0.8628030765625001 0.4368442390625 0.8104449218750001 0.4066411171875 0.7891709609374999 0.44343904843750004 0.8370063640625001 0.47106365156249996 0.837074165625 0.471231109375
3 0.7661146750000001 0.40160745625 0.8015154062500001 0.422047571875 0.8103757140625 0.40664075468750005 0.7750076015625 0.3861355140625 0.7661146750000001 0.40160745625
1 0.8463038140625001 0.4740286328125 0.8467629343749999 0.47430302031249993 0.8459498578125 0.4757758890625 0.8467470359375 0.47626338749999997 0.841707796875 0.48504451875 0.8410114249999999 0.4846467625 0.821187546875 0.5188367828125 0.8219506859375001 0.519276903125 0.8136856671875 0.533613334375 0.8129908484374999 0.5332218296875 0.80395418125 0.5487595828125 0.8046863562500001 0.549191390625 0.7959050953125 0.5643774453125 0.7951907890625 0.563989225 0.7861324703125 0.5796393578125 0.786847390625 0.5800520265625 0.7819469406249999 0.5885416984375 0.7848203812500001 0.590211603125 0.7846830406249999 0.59044920625 0.7975196546875 0.5979137046874999 0.8027517484375 0.5888229828125 0.8031649703125 0.5890509875000001 0.8118766453124999 0.574016959375 0.8114628093749999 0.5737645062500001 0.8205568890625001 0.558035190625 0.8209498015625 0.55826160625 0.8296910734375 0.54315344375 0.8292449828124999 0.5428969046875001 0.8378530171874999 0.52805070625 0.8382360109375 0.5282717781249999 0.8576607109375001 0.49466562812500003 0.8572656859375 0.494438565625 0.863491315625 0.483628603125 0.863903071875 0.4838538484375 0.872687978125 0.468618075 0.8551281109375 0.45860734062499997 0.8463038140625001 0.4740286328125
13 0.7683190703125 0.425596109375 0.7892836156249999 0.437723378125 0.7981783124999999 0.422377909375 0.76414743125 0.40274017031250003 0.7570957625 0.41495203125 0.7701259328125001 0.42249765781250004 0.7683190703125 0.425596109375
11 0.8554852374999999 0.456679665625 0.873056640625 0.46687184843749996 0.88411431875 0.44765990312500004 0.8665818281250001 0.4375142765625 0.8554852374999999 0.456679665625
7 0.7661190484375 0.4870009125 0.7889800499999999 0.447007284375 0.7873671328125 0.44610055624999995 0.787478315625 0.445906946875 0.7540358078125 0.426596975 0.754006915625 0.4264760734375 0.751084521875 0.42477733906250004 0.7469874453124999 0.43190901718749997 0.7448671015625 0.43069695937499997 0.7257517078125 0.463703315625 0.7661190484375 0.4870009125
6 0.5131717359375 0.8657641999999999 0.5420183671875 0.8823947328124999 0.550273284375 0.8682689531250001 0.5487430437499999 0.8673978984374999 0.5512592234375 0.8630374749999999 0.5238995156249999 0.8474461390625001 0.521022834375 0.8526229265625 0.513042703125 0.8480284515625 0.5052065921875 0.8616006265625 0.5129836328125 0.8660960390625 0.5131717359375 0.8657641999999999
13 0.2863504375 0.310992696875 0.306784015625 0.3228236125 0.31573494687500003 0.3074907140625 0.28213700625000004 0.2881147375 0.275011734375 0.30045775468749997 0.2880359484375 0.3079888515625 0.2863504375 0.310992696875
2 0.3806868046875 0.198396696875 0.3258857 0.1666876359375 0.30750576875 0.198471209375 0.34467994375 0.22014325625 0.33865350781250003 0.23064556718749998 0.35616643593749997 0.24070780468750003 0.3806868046875 0.198396696875
10 0.3003033734375 0.165488725 0.2998524453125 0.16629477343750002 0.31100830625000003 0.1727116484375 0.3114699078125 0.1719689421875 0.31388733750000003 0.1733769640625 0.3197626765625 0.1632328265625 0.303696090625 0.1539570703125 0.29785632500000003 0.16409822031250001 0.3003033734375 0.165488725
10 0.381161315625 0.211423778125 0.3807219140625 0.21118314843750002 0.3684625953125 0.232345321875 0.3689278796875 0.2326146609375 0.3573073703125 0.252741703125 0.3568949140625 0.25248851562499997 0.3410123875 0.2798597125 0.34149578125 0.2801265 0.3338030890625 0.2934525328125 0.3333928 0.293230046875 0.3246073609375 0.30830506562500004 0.3250722953125 0.3085604328125 0.29981667968750003 0.35221454531249996 0.3479179015625 0.3799030875 0.4348646546875 0.22930634843750003 0.3868224390625 0.20154573125000003 0.381161315625 0.211423778125
13 0.1017750609375 0.576054525 0.1410099796875 0.5990428750000001 0.1547117921875 0.575025540625 0.11538122343749999 0.5523764984375 0.1017750609375 0.576054525
7 0.2567078234375 0.6177483625 0.18458217187499998 0.575935296875 0.1648508546875 0.6098301234375 0.23724564374999998 0.6517000546875 0.2567078234375 0.6177483625
1 0.06658646875 0.63043881875 0.073192553125 0.6190230859375 0.0456898484375 0.603052984375 0.038931590625 0.6145885609375 0.06658646875 0.63043881875
10 0.1853004875 0.574753484375 0.2014401125 0.58412666875 0.219471825 0.55289633125 0.20327472812499997 0.5435448578125001 0.1853004875 0.574753484375
10 0.1663439296875 0.5587111984375001 0.149537765625 0.5490429625 0.14057284375 0.56468236875 0.157422025 0.5744215234375 0.1663439296875 0.5587111984375001
2 0.1663975296875 0.49948998749999995 0.1913840015625 0.5139028609375 0.21340811718750002 0.47560357968750006 0.1642285734375 0.4471983234375 0.1422564921875 0.4853425234375 0.166456515625 0.49936129375 0.1663975296875 0.49948998749999995
10 0.20669201875 0.5832772453125 0.2112047296875 0.5858734906249999 0.212980475 0.582816359375 0.20846699531250001 0.5802452984375 0.20669201875 0.5832772453125
2 0.09432827656250001 0.5904354640625 0.10445730625 0.596265746875 0.1116410796875 0.5838863140624999 0.098474584375 0.5762839890625 0.110935475 0.5548252875 0.09203319374999999 0.5440471375 0.07989880625 0.5651181078125 0.04179133125 0.543105265625 0.0184192359375 0.583149440625 0.074998640625 0.61581001875 0.0760839234375 0.6139305078125 0.07585198125 0.61382378125 0.09069830625 0.5881148765625 0.0944541984375 0.5902163218750001 0.09432827656250001 0.5904354640625
2 0.2201723 0.55150456875 0.2575335078125 0.573109021875 0.2760193046875 0.5409753984375001 0.2227464359375 0.5101968546875 0.20416471406249997 0.5423797140625 0.220134128125 0.551599190625 0.2201723 0.55150456875
0 0.3753359984375 0 0.13867298749999998 0.1258359546875 0 0.36602495468749996 0 0.6246640015625 0.1258359546875 0.8613270125 0.36602495468749996 1 0.6246640015625 1 0.8613270125 0.8741640453124999 1 0.6339750453125 1 0.3753359984375 0.8741640453124999 0.13867298749999998 0.6339750453125 0 0.3753359984375 0
10 0.1011392984375 0.5474377046875001 0.11161917187499999 0.5535450859375 0.11322366406249999 0.5507949078125 0.102716284375 0.5447056906250001 0.1011392984375 0.5474377046875001
1 0.2174324015625 0.6665864890625001 0.22581342656249997 0.6714190624999999 0.2360516203125 0.6533683984375 0.2115988546875 0.6391937921874999 0.1988038453125 0.6613221078125 0.2150521296875 0.6706799875 0.2174324015625 0.6665864890625001
6 0.1462825625 0.5343373609375 0.1718995703125 0.5491706093750001 0.174186696875 0.545181496875 0.1759094296875 0.5461749453125 0.18381923125 0.5324751062499999 0.1564359015625 0.516666278125 0.1559149828125 0.5175803250000001 0.15284746093749998 0.5158083359375001 0.14695397968749999 0.5259815859375 0.15002569375000002 0.5277814296875001 0.1462825625 0.5343373609375
3 0.0425452796875 0.541727540625 0.07892321249999999 0.5627540953125 0.09034706406250001 0.5430359953125 0.0538506546875 0.5219397140625001 0.0425452796875 0.541727540625
11 0.011651589062499999 0.5986911671875 0.036811678125000004 0.6132541687499999 0.04399401875 0.6008454140625 0.018788315625 0.586303128125 0.011651589062499999 0.5986911671875
13 0.1436265390625 0.5567499203125 0.142460953125 0.5560654484375 0.1470879390625 0.5479600828125 0.11515513125000001 0.5294825359375 0.10641791874999999 0.544724803125 0.1394844609375 0.5639267625 0.1436265390625 0.5567499203125
8 0.13676830625 0.6146890843749999 0.12017477343750001 0.64342225 0.119909996875 0.6432604265624999 0.1128168390625 0.6555739796875 0.177708496875 0.6930842312500001 0.210201421875 0.6365090265625 0.162927184375 0.6092142703125 0.22090101875 0.5091890046875001 0.203302090625 0.4989583671875 0.143702540625 0.6026723875 0.139784978125 0.6004233125 0.1398901515625 0.6001851171875 0.11337144531250001 0.584877475 0.1062689875 0.5973499328125 0.13326181406249998 0.6129169078125 0.13339838906249998 0.6127044875000001 0.13676830625 0.6146890843749999
10 0.22533442343750001 0.6730576125 0.21857951875 0.6691566 0.216229421875 0.6732269765625001 0.197921046875 0.662690478125 0.1955608890625 0.6667219625 0.22061612031250002 0.6812009140625 0.22533442343750001 0.6730576125
10 0.1557103328125 0.514935578125 0.18201966249999998 0.5301722765625 0.19066578125 0.5152279640625 0.16430549375 0.5000219 0.1557103328125 0.514935578125
2 0.11694416875 0.6415299265625001 0.1165813984375 0.6413069484375 0.1323162546875 0.6139841859375 0.093608009375 0.5917067968749999 0.0704422890625 0.631143971875 0.10983571406249999 0.65387461875 0.11694416875 0.6415299265625001
10 0.23511442656249998 0.255295846875 0.25867354374999996 0.2689546140625 0.2718381921875 0.24612364062499997 0.27764555625 0.2495339328125 0.29907165625 0.21227994374999998 0.293309303125 0.2089642859375 0.3124222671875 0.17591675 0.2966559984375 0.166826390625 0.28207113906250003 0.1921184375 0.2742118609375 0.1876048140625 0.23511442656249998 0.255295846875
8 0.28277710312500004 0.254678571875 0.287003171875 0.25710515156249997 0.287115828125 0.2570541 0.3143429734375 0.2727389265625 0.3005613265625 0.29658281406250003 0.318073628125 0.3067037828125 0.3550185859375 0.24271260468750003 0.33557770625 0.23164039062500003 0.33543235 0.23189287187500002 0.3101532453125 0.21732236718750003 0.3100659875 0.2171316328125 0.3058338734375 0.2146870296875 0.28277710312500004 0.254678571875
10 0.31170687343750003 0.2147461140625 0.3165639484375 0.21758397031249999 0.3217712296875 0.20856307031250002 0.30505807812499997 0.198896696875 0.299779684375 0.2078970125 0.31151849375 0.21478787968750002 0.31170687343750003 0.2147461140625
10 0.271232525 0.2782832875 0.300903103125 0.29538177499999996 0.31287862187500004 0.27463771875 0.28321024375000003 0.25754336875 0.271232525 0.2782832875
10 0.262209053125 0.273001278125 0.2690249421875 0.2769371109375 0.281591421875 0.2552010609375 0.27476810937499996 0.251247940625 0.262209053125 0.273001278125
10 0.3089817625 0.32620479687500004 0.2831916171875 0.3113521203125 0.284974959375 0.3083192625 0.271948753125 0.30076445 0.28007764218750003 0.28679770000000004 0.2658277296875 0.2785822390625 0.265966396875 0.2783138484375 0.2623987296875 0.27622027031249996 0.23970307812499997 0.3155596953125 0.24339280312499997 0.31772640625 0.2435094234375 0.31766616718749996 0.2903036390625 0.34471711875 0.290404290625 0.34485649218750003 0.29630945 0.3482643328125 0.3089817625 0.32620479687500004
10 0.3368067453125 0.2296118875 0.3370542671875 0.2297545734375 0.3425001171875 0.22032367968750002 0.3238320140625 0.2096298328125 0.3186017375 0.2187372859375 0.33696821875 0.22933314062500001 0.3368067453125 0.2296118875