1 0.8379328125000001 0.45269843749999994 0.8104609375 0.47124375 0.8116796875000001 0.47305 0.8008031250000001 0.48041718749999995 0.813859375 0.4998359375 0.8580890625 0.4700296875 0.8512859374999999 0.4600015625 0.8567 0.45637812499999997 0.8502812499999999 0.4470015625 0.839221875 0.4544984375 0.8379328125000001 0.45269843749999994
3 0.76590625 0.2779640625 0.8003265624999999 0.3290734375 0.8262265624999999 0.31162968750000003 0.8051953125000001 0.28042500000000004 0.7911359375 0.28988281250000003 0.7776953125 0.2700125 0.76590625 0.2779640625
3 0.73221875 0.267296875 0.7116453125 0.28125 0.7388609374999999 0.3216171875 0.7594890624999999 0.30764843750000004 0.73221875 0.267296875
1 0.8952015624999999 0.4140984375 0.86775625 0.43263281249999996 0.8689640624999999 0.43442499999999995 0.854103125 0.44444062500000003 0.8605375000000001 0.4539640625 0.8599875000000001 0.45429062499999995 0.8666421874999999 0.46425 0.9261593749999999 0.424121875 0.913034375 0.40465 0.8964515625 0.415925 0.8952015624999999 0.4140984375
2 0.7838625 0.340359375 0.799115625 0.330040625 0.7632703125 0.27679375 0.7763421875 0.2679359375 0.772328125 0.26194687499999997 0.7704046875 0.2632140625 0.7510640625 0.2345625 0.752959375 0.233309375 0.74398125 0.2199875 0.74215 0.2212671875 0.7227015625 0.1924109375 0.724528125 0.191178125 0.7162453125 0.17884843749999998 0.6865515624999999 0.198878125 0.733225 0.2680734375 0.734296875 0.26730468749999997 0.760775 0.3065921875 0.7612703125 0.306759375 0.7838625 0.340359375
12 0.6302625 0.19538906250000002 0.691246875 0.2858828125 0.723834375 0.2637109375 0.6627578125 0.17324062499999998 0.6302625 0.19538906250000002
10 0.579809375 0.45764062499999997 0.5738671875 0.4615984375 0.585928125 0.4795375 0.5918328125000001 0.4754546875 0.579809375 0.45764062499999997
10 0.7349234375 0.3282046875 0.7330734375 0.32544375 0.7372484375 0.3227171875 0.7099968750000001 0.2823015625 0.7005421875 0.288678125 0.72960625 0.3318671875 0.7349234375 0.3282046875
13 0.762403125 0.3754359375 0.752346875 0.36057656250000003 0.7795796875 0.3422078125 0.760846875 0.31436875 0.7334859375 0.3328453125 0.7434453125 0.34765625 0.7213406250000001 0.3626109375 0.740071875 0.390428125 0.762403125 0.3754359375
1 0.7712796875000001 0.44491875 0.7022609375 0.4914203125 0.742321875 0.5507765625000001 0.8112734375 0.5043 0.7712796875000001 0.44491875
1 0.716028125 0.5366015625 0.6668421875 0.5699109375 0.668153125 0.5717875 0.6587359375 0.578384375 0.6575984375 0.57679375 0.6549703124999999 0.578565625 0.6546078125 0.5781 0.6360703125 0.5906875 0.649640625 0.6109 0.7373359374999999 0.55150625 0.725128125 0.5333375 0.717421875 0.5386203125 0.716028125 0.5366015625
5 0.6830265625 0.3634125 0.6590390625 0.3795921875 0.6780999999999999 0.40769374999999997 0.7219359375 0.37827968749999996 0.70310625 0.35040625 0.703115625 0.3499 0.6957312499999999 0.33890937499999996 0.6958031250000001 0.33729375 0.71728125 0.32288125 0.6956015625 0.2907015625 0.691221875 0.29365625 0.6167890625 0.18338749999999998 0.5879015625 0.202796875 0.6194124999999999 0.2495921875 0.6268203125 0.24455624999999998 0.6307390625 0.2501640625 0.623309375 0.2553296875 0.659815625 0.309453125 0.65049375 0.315740625 0.6830265625 0.3634125
1 0.642678125 0.40184687500000005 0.6550312500000001 0.4202421875 0.6723515625 0.40857968749999996 0.6469078125000001 0.37086874999999997 0.5158296874999999 0.45937031250000004 0.5248296875 0.472659375 0.528009375 0.4704546875 0.52928125 0.4722234375 0.5400765625 0.46496250000000006 0.538871875 0.46315156249999995 0.5497124999999999 0.45586093749999995 0.5583671875 0.4687671875 0.5753484375 0.45732343750000004 0.570640625 0.4503828125 0.579746875 0.444215625 0.581040625 0.44603906249999997 0.600928125 0.43268281249999996 0.5997125 0.43087968749999994 0.6139921875 0.42116875 0.6151671875 0.42293593749999997 0.62609375 0.4156359375 0.6248671875 0.41383281250000004 0.642678125 0.40184687500000005
10 0.6964312500000001 0.3388453125 0.7037421875 0.3495453125 0.7253937500000001 0.334896875 0.71781875 0.3236 0.6964640625 0.337934375 0.6964312500000001 0.3388453125
1 0.8023 0.2630546875 0.816940625 0.253046875 0.7847171875 0.20525000000000002 0.7700015625 0.2151515625 0.8023 0.2630546875
10 0.6499843750000001 0.31601093750000003 0.6268 0.3317765625 0.6376625 0.3478515625 0.660790625 0.33203125 0.6499843750000001 0.31601093750000003
8 0.874271875 0.34720625 0.872565625 0.34835781250000003 0.8507453125 0.31600625 0.85260625 0.3147515625 0.8427609374999999 0.300490625 0.82500625 0.3124671875 0.8265218750000001 0.3147140625 0.7853515625 0.3424828125 0.8088374999999999 0.3773015625 0.8051546875 0.3797859375 0.8049328125 0.37945625 0.7553124999999999 0.41292656250000004 0.755378125 0.41335937500000003 0.751771875 0.41587031249999995 0.74581875 0.40704531250000003 0.725928125 0.420621875 0.7315484375 0.428871875 0.6156531249999999 0.5068343750000001 0.6544765625 0.564303125 0.654128125 0.5645374999999999 0.659046875 0.5719125 0.6650984375 0.5676703125 0.663434375 0.5652046875 0.7130546875 0.5317359374999999 0.7147546874999999 0.53425625 0.7223890625 0.5291875 0.69494375 0.4886640625 0.7121953125 0.47702968749999997 0.71049375 0.4745078125 0.7525546875 0.4462171875 0.7541796875 0.44870937499999997 0.7727859375 0.43624062500000005 0.7713453125 0.434021875 0.8823359375000001 0.359078125 0.874271875 0.34720625
0 0.347134375 0 0 0.2341453125 0 0.652865625 0.2341453125 1 0.652865625 1 1 0.7658546875 1 0.347134375 0.7658546875 0 0.347134375 0
2 0.3745 0.67505625 0.38361875 0.6691984375 0.3812875 0.6658921875 0.4065796875 0.6487625 0.40886875 0.652234375 0.41775312500000006 0.6460250000000001 0.38347031249999997 0.595275 0.3403125 0.624678125 0.3745 0.67505625
7 0.22435 0.5871234375000001 0.21048125 0.5960421874999999 0.24386875 0.64573125 0.3158296875 0.596971875 0.2892625 0.55775625 0.28590312500000004 0.5600953125 0.24397031249999998 0.497378125 0.188715625 0.5344734375 0.1969765625 0.54663125 0.19922656249999998 0.5450234375 0.2232765625 0.580771875 0.22074375000000002 0.5819578125 0.22435 0.5871234375000001
5 0.305375 0.3979109375 0.262134375 0.42718437500000006 0.2841265625 0.4598140625 0.2871484375 0.4577890625 0.3272234375 0.5177515625 0.36812187500000004 0.49016562500000005 0.305375 0.3979109375
2 0.825171875 0.4014703125 0.851321875 0.4403125 0.86595 0.43047031249999995 0.864153125 0.42780625 0.8921078124999999 0.4090421875 0.8938406249999999 0.411678125 0.9103296875 0.40053593750000005 0.8842171875 0.36186562499999997 0.825171875 0.4014703125
13 0.775146875 0.3602609375 0.769696875 0.352203125 0.75544375 0.36186875 0.7674765625 0.3796625 0.7657625 0.3807640625 0.76390625 0.37798125 0.74168125 0.3927640625 0.7540359375000001 0.41107187500000003 0.7617609375 0.40586093749999996 0.7629484375 0.40765 0.777440625 0.3979421875 0.774890625 0.3942 0.7764624999999999 0.3930234375 0.777403125 0.3943921875 0.8031015625 0.377075 0.7866109375 0.352640625 0.775146875 0.3602609375
10 0.6602750000000001 0.4342703125 0.685259375 0.417428125 0.682625 0.41361406250000005 0.6778984375 0.4168015625 0.6751921875 0.412815625 0.65500625 0.42648125 0.6602750000000001 0.4342703125
10 0.7344171875 0.337715625 0.71149375 0.353203125 0.7173468749999999 0.36193906249999996 0.7403375 0.34643437499999996 0.7344171875 0.337715625
3 0.5418765624999999 0.467165625 0.543653125 0.46975156250000005 0.5323578125 0.47734531249999995 0.5305718749999999 0.47479062499999997 0.5247140625 0.47880625 0.529721875 0.48624999999999996 0.5298093749999999 0.48619218750000004 0.5484203125 0.513690625 0.57158125 0.49813437499999996 0.55646875 0.475821875 0.5581484375 0.4746015625 0.549515625 0.461990625 0.5418765624999999 0.467165625
2 0.8214234375 0.4041765625 0.771871875 0.437575 0.7980171875 0.47626718749999997 0.8087921874999999 0.46911250000000004 0.806971875 0.46648750000000005 0.83483125 0.44769531249999994 0.8366093749999999 0.45030625 0.8475343750000001 0.4429546875 0.8214234375 0.4041765625
1 0.8557515625000001 0.313103125 0.854303125 0.3141046875 0.8755546875 0.3455578125 0.8770031250000001 0.34465 0.8979625 0.3757234375 0.898609375 0.3753640625 0.909353125 0.3910875 0.9265359375 0.37959062499999996 0.8441531250000001 0.2574640625 0.8096828125 0.2806453125 0.8264671874999999 0.3055046875 0.8430421875 0.2944578125 0.8557515625000001 0.313103125
10 0.31200937500000003 0.5414640625 0.290915625 0.5566015625 0.3156140625 0.5932890625 0.3463953125 0.5725453125 0.32027656250000003 0.5331078125000001 0.310696875 0.5395703125 0.31200937500000003 0.5414640625
2 0.42025781249999994 0.644234375 0.43201718749999996 0.636553125 0.4295625 0.633415625 0.454765625 0.61635625 0.457125 0.6196703125 0.4716359375 0.60976875 0.43712343750000004 0.558553125 0.3861328125 0.593953125 0.42025781249999994 0.644234375
4 0.3396484375 0.438834375 0.3648125 0.42164999999999997 0.335028125 0.37759062499999996 0.3098640625 0.394678125 0.3396484375 0.438834375
10 0.3121625 0.5279796875 0.3266359375 0.5182171875 0.29068125 0.46482343750000005 0.2761296875 0.4744625 0.3121625 0.5279796875
1 0.17300625 0.6762421875 0.189453125 0.665146875 0.16441250000000002 0.6282515625 0.1397953125 0.64485625 0.227084375 0.77426875 0.2355 0.7687375000000001 0.20205781250000002 0.7193140625 0.2038609375 0.7181703125000001 0.18010625 0.6830265625 0.178475 0.68426875 0.17300625 0.6762421875
13 0.1954078125 0.61438125 0.172790625 0.6294328124999999 0.1981078125 0.6667515625 0.23493124999999998 0.6419484375 0.216546875 0.614790625 0.20204218749999997 0.62441875 0.1954078125 0.61438125
13 0.4050640625 0.5717828125 0.42996875 0.555134375 0.39709374999999997 0.5065500000000001 0.37227968749999996 0.5232296875 0.4050640625 0.5717828125
1 0.29624843749999996 0.7326859375 0.2595046875 0.7573171875 0.2618140625 0.7607406250000001 0.2595390625 0.762428125 0.2571609375 0.758746875 0.2293609375 0.7776500000000001 0.24594062499999997 0.8023859375000001 0.2738828125 0.7835375 0.2708046875 0.778975 0.2731484375 0.7775421875 0.276084375 0.782053125 0.4902203125 0.6375703125000001 0.47491874999999995 0.614884375 0.46032343750000004 0.6247296875 0.4586421875 0.62239375 0.43363125 0.6392640625 0.43532187499999997 0.6412953124999999 0.41184374999999995 0.6574296875 0.41023437500000004 0.6550453125 0.3853796875 0.6715093750000001 0.3871328125 0.6739499999999999 0.37803437500000003 0.6802343750000001 0.38706406250000003 0.6934640625 0.38244375 0.6965796875 0.3735609375 0.6832515625 0.3660109375 0.688196875 0.3646125 0.68596875 0.307778125 0.7241531250000001 0.30945625 0.72664375 0.29736406249999997 0.7344999999999999 0.29624843749999996 0.7326859375
1 0.207153125 0.591125 0.2189953125 0.5833171875 0.1950375 0.5479234374999999 0.1934046875 0.5490421875 0.1819234375 0.5319109375 0.183890625 0.5307421875 0.16724531250000002 0.506321875 0.1430890625 0.522915625 0.19513750000000002 0.6000156249999999 0.2029796875 0.5946671875 0.19960625 0.589603125 0.204175 0.5865843749999999 0.207153125 0.591125
2 0.2881203125 0.7289140625 0.28996875 0.7318125 0.29401875 0.7292328125 0.23669687499999997 0.6445171875 0.1983234375 0.6707546875 0.196271875 0.6677500000000001 0.18224374999999998 0.6770562499999999 0.2082953125 0.7156328125 0.2057921875 0.717221875 0.238903125 0.76625625 0.26650625 0.7478906249999999 0.264346875 0.74485 0.2881203125 0.7289140625
8 0.4050546875 0.576559375 0.3867484375 0.548871875 0.24386875 0.64573125 0.29849375 0.7264171875 0.305775 0.7215046875 0.30348593749999997 0.7184375000000001 0.360734375 0.6798234375 0.36282187499999996 0.6830265625 0.3701515625 0.67829375 0.3337625 0.6241265625 0.4050546875 0.576559375
6 0.3849359375 0.5463984375 0.3586 0.507246875 0.35285781250000003 0.511215625 0.350040625 0.50705625 0.32974375 0.520771875 0.3325859375 0.5249984375000001 0.3244296875 0.5306015625 0.35093593749999996 0.5696343749999999 0.3576171875 0.5650265625 0.359096875 0.5671109375000001 0.3798421875 0.5535234375 0.37810781250000003 0.550953125 0.3849359375 0.5463984375
10 0.21482968750000003 0.612190625 0.20653125 0.5998171875 0.19398125 0.608203125 0.20227656249999998 0.6205546875 0.21482968750000003 0.612190625
10 0.3092546875 0.535021875 0.2715796875 0.479059375 0.2462765625 0.49622343750000003 0.28357343749999997 0.5518375 0.3092546875 0.535021875
10 0.36858124999999997 0.48990156249999994 0.39773749999999997 0.4702796875 0.36898906249999996 0.42794999999999994 0.3399140625 0.44735625 0.36858124999999997 0.48990156249999994
5 0.24355000000000002 0.487196875 0.28185625000000003 0.4612578125 0.25975000000000004 0.42836562499999997 0.22129218750000001 0.45452343749999996 0.24355000000000002 0.487196875
10 0.39864375 0.501615625 0.3887125 0.4869359375 0.3607140625 0.505875 0.3705515625 0.5205671875 0.39864375 0.501615625
10 0.18603125 0.529615625 0.19509062500000002 0.523396875 0.1783765625 0.49869531250000004 0.1693515625 0.5048874999999999 0.18603125 0.529615625
4 0.6307968749999999 0.274578125 0.61958125 0.2577921875 0.58565 0.2806796875 0.6186609375 0.3297 0.6526296874999999 0.30674999999999997 0.644284375 0.29441562499999996 0.64795 0.2918625 0.63451875 0.27199375 0.6307968749999999 0.274578125
4 0.6083203125 0.2411359375 0.611996875 0.23865625000000001 0.598578125 0.21869531250000002 0.5949328125 0.2212203125 0.5842171875 0.20529999999999998 0.5502234374999999 0.2282296875 0.5820000000000001 0.2753390625 0.61593125 0.2524203125 0.6083203125 0.2411359375
10 0.6890796875 0.4224546875 0.663771875 0.43949218749999996 0.6784765625 0.4614359375 0.7038703125 0.44433437500000006 0.6890796875 0.4224546875
10 0.7752421875 0.35700625 0.78511875 0.35034375 0.7811796875 0.3445046875 0.7712734375 0.3510578125 0.7752421875 0.35700625
6 0.70676875 0.44568125 0.7247359375 0.433503125 0.72340625 0.431496875 0.72885 0.42795468750000004 0.7077859375 0.39666250000000003 0.7020171875 0.4005546875 0.6998765625 0.39735 0.683784375 0.4082703125 0.685878125 0.41134375 0.684425 0.412390625 0.6869625 0.41621718750000003 0.6873546875 0.4163015625 0.70676875 0.44568125
10 0.6343703125 0.5924484375 0.61006875 0.6088843749999999 0.6232515624999999 0.6284328125 0.647509375 0.6120359375 0.6343703125 0.5924484375
1 0.7191328125 0.17690937499999998 0.7276640624999999 0.1895859375 0.726340625 0.1904234375 0.745440625 0.2186140625 0.7466328125 0.2177453125 0.75609375 0.23167343749999997 0.7547531249999999 0.2325328125 0.77368125 0.260509375 0.7749921875 0.259653125 0.7912874999999999 0.28393125 0.803290625 0.2757375 0.7980859375 0.2680328125 0.7994796875 0.2671109375 0.7325328125 0.16781718750000002 0.7191328125 0.17690937499999998
10 0.72909375 0.3822828125 0.709359375 0.395571875 0.72455625 0.418 0.7442484375 0.4047828125 0.72909375 0.3822828125
2 0.564834375 0.5418093749999999 0.6081953125 0.60609375 0.6342640625 0.5885109374999999 0.6325937500000001 0.586034375 0.6516828125 0.5732515625 0.6532875 0.57563125 0.6558671875 0.5738921875 0.650984375 0.566796875 0.6506125 0.5665859375 0.6101859375 0.5066015625 0.5875734375 0.5218078125 0.57286875 0.50015 0.549784375 0.5157203124999999 0.563028125 0.53545625 0.5687031250000001 0.5316734375000001 0.5699875 0.5336234375 0.5643765625 0.5374546875 0.5665640625 0.5405968750000001 0.564834375 0.5418093749999999
7 0.6783234375 0.464521875 0.6544390625000001 0.42911093749999996 0.6560015625 0.42800312500000004 0.64251875 0.4079546875 0.6278718750000001 0.41783281250000004 0.62964375 0.4204609375 0.618234375 0.4280453125 0.6165140625000001 0.42549374999999995 0.602621875 0.4348078125 0.6044484375 0.4374546875 0.584096875 0.451128125 0.5823750000000001 0.4485765625 0.5764796875 0.45249843749999996 0.581 0.45919999999999994 0.5825890625000001 0.45818281250000004 0.5945296875 0.475946875 0.5947453125 0.4758 0.6156531249999999 0.5068343750000001 0.6783234375 0.464521875
10 0.802340625 0.2707859375 0.8050124999999999 0.274740625 0.8054343749999999 0.2745046875 0.808096875 0.2784046875 0.8425953125 0.25518125 0.8372375 0.24726093750000003 0.802340625 0.2707859375
10 0.6636765625 0.33629375 0.640428125 0.351921875 0.6555296875 0.37425156249999997 0.6786765625 0.35850624999999997 0.6636765625 0.33629375
13 0.6084140625 0.5041 0.5915 0.4789625 0.5857265625 0.48272343749999996 0.574853125 0.46662968749999995 0.5595656250000001 0.47687656250000005 0.5875250000000001 0.51829375 0.6084140625 0.5041