10 0.7645512562500001 0.325427315625 0.7716035875 0.33020302031250004 0.787604553125 0.30836949687500004 0.78156515 0.30220383281249996 0.7645512562500001 0.325427315625
10 0.756385509375 0.31305908437499996 0.7653050375 0.32211354375 0.7860241218749999 0.2939389640625 0.7767669500000001 0.2852146375 0.756385509375 0.31305908437499996
1 0.6640245734375 0.5443166015625 0.678470553125 0.5540605375000001 0.7068827343749999 0.5119489234375 0.69241235 0.502229990625 0.6640245734375 0.5443166015625
2 0.6821928796875001 0.48585675000000006 0.7101762453125 0.5046714578125 0.7455871140625 0.452016209375 0.7176774984375001 0.433187165625 0.6821928796875001 0.48585675000000006
7 0.398995790625 1 0.42328221875 0.9639170296874999 0.38455015625 0.9374771765625001 0.34549436718750004 0.9952372609375001 0.352519625 1 0.398995790625 1
10 0.39752860156250003 0.8638522171874999 0.41106838906250004 0.8730395765625 0.42808250000000003 0.8477732078125 0.41457904218749997 0.838599046875 0.39752860156250003 0.8638522171874999
6 0.39457114375 0.898011884375 0.39549862812500003 0.89863748125 0.41122418125 0.875323390625 0.39643850937499997 0.8654068703125001 0.3761779828125 0.8954136 0.39000447031249996 0.9047962265624999 0.39457114375 0.898011884375
10 0.3527410015625 0.9002427921875 0.380412721875 0.918907603125 0.38835624375 0.9071448203125 0.36064174531250004 0.8884568093749999 0.3527410015625 0.9002427921875
10 0.3999141796875 0.9378155390625 0.40235885 0.9394079484375 0.4058731796875 0.9341697984374999 0.4034442375 0.9325540718750001 0.3999141796875 0.9378155390625
3 0.3016446953125 0.9193660156250001 0.2785385125 0.953731315625 0.298132296875 0.9669474890625 0.321208565625 0.9325846296875 0.3016446953125 0.9193660156250001
1 0.4485611453125 0.9078691890625 0.4300510125 0.8954103328125 0.4068066609375 0.9299217953125 0.410081359375 0.93213060625 0.4041196046875 0.9408519140625 0.41945865 0.9510154125 0.4485611453125 0.9078691890625
10 0.37874735 0.921301175 0.36980874531249996 0.9152927421875001 0.3519469 0.941774015625 0.360739265625 0.9478986671875 0.37874735 0.921301175
13 0.33693901249999997 0.935844559375 0.310411121875 0.9752296609375 0.331615053125 0.9895318937500001 0.3581521390625 0.9500493343749999 0.33693901249999997 0.935844559375
2 0.431927584375 0.8859388718749999 0.4520231859375 0.899559490625 0.488904334375 0.8449256453125 0.46015357031250004 0.8255330109375001 0.42323882343749997 0.8802893171875 0.43183749687499995 0.8860891953125 0.431927584375 0.8859388718749999
2 0.4161469765625 0.836352725 0.4296085953125 0.8454100859375 0.47356890468749996 0.78017756875 0.447104928125 0.7622425796875001 0.4032078890625 0.827395265625 0.41627855 0.8361436875000001 0.4161469765625 0.836352725
10 0.38508261250000003 0.9349413999999999 0.39456460312499997 0.9414407421875 0.43041585781249997 0.888289071875 0.42092768124999996 0.8819721421875 0.38508261250000003 0.9349413999999999
10 0.3271835828125 0.9354312281249999 0.332875353125 0.9392873375 0.3360465125 0.9345998718749999 0.330372334375 0.930776359375 0.3271835828125 0.9354312281249999
13 0.33364130937500003 0.9290761812499999 0.35060324062500003 0.9408545125 0.3682195890625 0.91481264375 0.3510818640625 0.9031664046874999 0.33364130937500003 0.9290761812499999
8 0.35097389843750004 1 0.3441267515625 0.995381540625 0.4591626984375 0.8249287390625 0.449727371875 0.8184552171874999 0.33363453593750003 0.9908940515625 0.347134659375 1 0.35097389843750004 1
1 0.514660140625 0.1569094390625 0.5231089421874999 0.16261576718749998 0.54500736875 0.130166778125 0.5365347375 0.1244594546875 0.514660140625 0.1569094390625
10 0.493945134375 0.189777825 0.49371844375 0.189624921875 0.4996384765625 0.18084531718750002 0.4965252171875 0.1787548203125 0.534479653125 0.122468290625 0.52600524375 0.11676919062499999 0.4969713515625 0.1598109109375 0.49271355312500004 0.1570030703125 0.414964646875 0.272292915625 0.42763419062499997 0.28084805468749996 0.45381089531249996 0.2420534640625 0.456887671875 0.24415893125000002 0.46226266875000005 0.23623487656250003 0.46249740156249997 0.2364233609375 0.493945134375 0.189777825
10 0.50652569375 0.1767287609375 0.5117444703125 0.18029975781250002 0.52189146875 0.1652869484375 0.51304501875 0.15930674843749998 0.5017999984375 0.1759781765625 0.5049373015625 0.178030234375 0.5048803203125 0.1782292734375 0.505315565625 0.17852285 0.50652569375 0.1767287609375
8 0.46508332656249995 0.253722146875 0.467361884375 0.25525905312499997 0.46746149062500003 0.25511138125 0.47534846249999996 0.2604519421875 0.44800507187500005 0.301020921875 0.45743796562499994 0.3073834875 0.5308869265625 0.1985188671875 0.5203738312499999 0.1916425515625 0.5200659140624999 0.1920850859375 0.5130818125000001 0.187434559375 0.5131694296875 0.1872599546875 0.51095513125 0.18570042656250002 0.46508332656249995 0.253722146875
13 0.45476828437499994 0.3096537515625 0.43675238906249997 0.2973982171875 0.422609990625 0.3183763625 0.42960562500000005 0.32313832656249997 0.42618951406249994 0.32824483125000004 0.4371360609375 0.335666065625 0.45476828437499994 0.3096537515625
10 0.10874932343749999 0.8075871890625 0.09407765312500001 0.82931089375 0.0985091171875 0.8322999546875 0.11314527031249999 0.8105730234375 0.10874932343749999 0.8075871890625
10 0.167199446875 0.7808474703125 0.169178596875 0.78213530625 0.1726957875 0.7769292390625 0.17077303906250002 0.7755494015625 0.167199446875 0.7808474703125
1 0.2306219234375 0.6220165640624999 0.2302604234375 0.6217896921875 0.2122940046875 0.6483757078125 0.21268056875000002 0.6486157171875 0.2106664484375 0.651629715625 0.21868371875 0.6569168109375 0.22097059375 0.6535515281250001 0.221241325 0.6537341390625 0.23851430625 0.6280392734375 0.23830982031249998 0.6278674203125 0.24129451249999997 0.6234424328125 0.23330511406249999 0.6180497468749999 0.2306219234375 0.6220165640624999
2 0.21615461875 0.6589954203125 0.206706303125 0.652599834375 0.23101649375000002 0.6165305531249999 0.2140081828125 0.6049942234375 0.1700980734375 0.670079665625 0.1964590359375 0.6882316484375 0.21615461875 0.6589954203125
0 0.49800546093750003 0 0 0.738323459375 0 0.765854715625 0.347134659375 1 0.5019945390625 1 1 0.261676540625 1 0.23414528437499998 0.652865340625 0 0.49800546093750003 0
10 0.11961973125 0.7430419734375 0.14728882968749998 0.7617106703125 0.155233225 0.7499465921875 0.1412437546875 0.7405708859375 0.1276744859375 0.731145015625 0.11961973125 0.7430419734375
10 0.163658128125 0.706074434375 0.17795164531250002 0.7157230734375 0.1951218484375 0.6902811703125 0.18082202812499998 0.680756440625 0.163658128125 0.706074434375
3 0.06849414375 0.7621303687500001 0.06306524375 0.770165075 0.063148025 0.770243528125 0.045422215625 0.7964923859375 0.06502118125 0.8097120562500001 0.0881816828125 0.775319315625 0.06849414375 0.7621303687500001
1 0.195171703125 0.7366637218750001 0.19495585937499998 0.736508709375 0.19520153125 0.7361165421875 0.18683665 0.7305987484375 0.183926225 0.7349136296875 0.1836579609375 0.7347553 0.1828506265625 0.7359522234375 0.1826705703125 0.7358307734375 0.16054484375 0.76872013125 0.1606751328125 0.7688287453125 0.15987566250000002 0.770014009375 0.160097653125 0.7701543203125001 0.1571931921875 0.7744883031249999 0.16542476875 0.7799746062499999 0.17144726875 0.7710794140624999 0.171778309375 0.7713290890625 0.195171703125 0.7366637218750001
2 0.1903159515625 0.72278318125 0.2090696359375 0.7355627453125 0.245902515625 0.6810395812500001 0.2270224796875 0.6683048359375 0.1903159515625 0.72278318125
10 0.09368648125 0.7778487484375 0.09975149531250001 0.78200373125 0.1028927390625 0.7773187046875 0.0967843984375 0.773241925 0.09368648125 0.7778487484375
13 0.1005422421875 0.7718564140625 0.11755632812500001 0.7835266859375001 0.135170509375 0.7574852390625 0.11808429843749998 0.745849246875 0.1005422421875 0.7718564140625
10 0.14574962656249998 0.7640932234375 0.136676059375 0.758038990625 0.11878200312500001 0.7846266984375 0.1278477640625 0.7907623625 0.14574962656249998 0.7640932234375
8 0.1124691578125 0.8382237421875001 0.15883031875 0.769465346875 0.1577634453125 0.7687306546875 0.22603053125 0.6675792171875 0.21652596562499998 0.6612474640625 0.10047937656249999 0.8336289109375 0.1289283203125 0.852817965625 0.13052813593749998 0.850446140625 0.1124691578125 0.8382237421875001
1 0.21873778906250002 0.7252723343749999 0.2188686203125 0.7253605828125 0.21802983125000003 0.7266041390625 0.21825862968749998 0.7267678890625 0.20999290781250002 0.73905026875 0.21851686718750002 0.7448826796875 0.25668003437500003 0.6883034546875 0.248077321875 0.6825291234375 0.23976103906250001 0.6949451390625 0.23953185000000002 0.6947735875000001 0.23892146718750001 0.6956924875 0.2387296921875 0.6955744421875 0.21873778906250002 0.7252723343749999
13 0.114928159375 0.8077649234375001 0.12517681249999998 0.7926265546875 0.10398667343750001 0.7784184375 0.07732202656250001 0.8180090812499999 0.0929260671875 0.828534140625 0.1094587109375 0.8040681953125001 0.114928159375 0.8077649234375001
6 0.14307201249999998 0.7382683359375 0.15690024687499998 0.7476483703125 0.1614651734375 0.7408666187499999 0.1623913625 0.7414913421875 0.178116915625 0.7181772515625 0.1633156078125 0.708267146875 0.16228459687500002 0.709795684375 0.1606615015625 0.7086198515625 0.1488835921875 0.7260645546875 0.15053805 0.72721065625 0.14307201249999998 0.7382683359375
1 0.17370263125000002 0.7725780578125 0.1754484 0.77374805625 0.17556496875 0.7735892078125 0.1770722375 0.7746266046875 0.1709845375 0.7836380203125 0.1863020171875 0.7937021609375 0.21538878593750002 0.750579253125 0.196945290625 0.738138959375 0.17370263125000002 0.7725780578125
7 0.1826637609375 0.8016611796875001 0.15139943281249998 0.78059385625 0.11260255937500001 0.8381572921875 0.143821184375 0.8592616375000001 0.1826637609375 0.8016611796875001
10 0.574086646875 0.14146375 0.5738677296875 0.1413160875 0.5495134921875 0.1774367015625 0.5497388859375001 0.17758873125000002 0.5267009218750001 0.2117606859375 0.5264807078125 0.21161215000000003 0.49501179687499997 0.25824716875 0.4952320109375 0.2583957046875 0.47993877500000004 0.2811023890625 0.4796907859375 0.280961503125 0.462323115625 0.30669616093749996 0.46256378593749997 0.3068283390625 0.41381663281250003 0.3790095515625 0.4396929671875 0.3964633609375 0.6112296374999999 0.14217214218750002 0.585408434375 0.1247008640625 0.574086646875 0.14146375
10 0.428261159375 0.2850347265625 0.43191305468749996 0.287452728125 0.4569293984375 0.2504650640625 0.45324870468749995 0.24800313749999997 0.428261159375 0.2850347265625
10 0.43314497812499997 0.288359059375 0.44905776406250003 0.29916964375 0.47290659062499996 0.2637899515625 0.45694722499999996 0.2530176859375 0.43314497812499997 0.288359059375
2 0.551439275 0.10238771718749999 0.538439753125 0.121746921875 0.5480578484375 0.12832110624999998 0.5127711296874999 0.1809375921875 0.51592740625 0.183087259375 0.516034328125 0.1830293328125 0.5230052640625 0.18771055625 0.5227495281250001 0.18812043750000002 0.53322243125 0.1950563390625 0.5818278609374999 0.1230377390625 0.551439275 0.10238771718749999
1 0.496177815625 0.191223478125 0.4959570578125 0.1910953078125 0.46449299843749997 0.2377147515625 0.4646880875 0.23786141875000003 0.46047937812499995 0.2440843203125 0.46578262343750004 0.24774244687500002 0.5086635296875001 0.18417168281250001 0.503400440625 0.1805406421875 0.496177815625 0.191223478125
10 0.38129969531249996 0.3563736015625 0.411851690625 0.376937834375 0.43703016874999995 0.33953935 0.423150896875 0.3302210109375 0.4266440125 0.32505901718749997 0.4196379296875 0.320225925 0.435701828125 0.2964521296875 0.42802412656250005 0.29136015312499997 0.42833831250000004 0.2908803828125 0.42640059375000006 0.2894640625 0.38129969531249996 0.3563736015625
10 0.5300530953125 0.1132045515625 0.529006203125 0.1147845734375 0.5350686125 0.1187003265625 0.5360675031250001 0.1172613203125 0.5373947203125 0.1180962296875 0.5490278890625 0.1008912609375 0.5403865890625 0.0950400140625 0.5287799578125 0.11230623125000001 0.5300530953125 0.1132045515625
13 0.721855490625 0.37656321406250004 0.733549528125 0.3844773265625 0.7688742796875 0.3321202015625 0.7571705140625 0.32416183125 0.721855490625 0.37656321406250004
10 0.598610046875 0.514775990625 0.6020970640625001 0.5171506296875 0.615613321875 0.49712033437500003 0.612141396875 0.49475964531249994 0.598610046875 0.514775990625
8 0.6549282234375 0.4710927015625 0.617140403125 0.5271014796875 0.6523017140625 0.5503827140625 0.6522518765624999 0.5505432234375001 0.654454515625 0.5520948875 0.69110575 0.497824259375 0.68879619375 0.49624948125 0.688604403125 0.496374553125 0.678353409375 0.48943378437499996 0.7667761578125 0.3581935765625 0.8343462203125 0.26620665625 0.8593531140625 0.2914515796875 0.9266329578124999 0.1996797734375 0.8928087031249999 0.1662013046875 0.8884374328125 0.1724332953125 0.8205911328125 0.2655758078125 0.8207194265625001 0.26581311875 0.8177218921874999 0.2698883109375 0.8175387000000001 0.2697854796875 0.7562796203125 0.3534638125 0.67012088125 0.481319546875 0.6549282234375 0.4710927015625
7 0.7964196625 0.24187255156249998 0.8021108703125 0.2475149921875 0.8097068265624999 0.2371951703125 0.8155551593749999 0.24303217500000002 0.8081180968749999 0.2532198140625 0.819896346875 0.2648734640625 0.8881075562499999 0.17188850312499998 0.8713709843749999 0.15546180781250002 0.8630251921875001 0.16668374218749998 0.851550621875 0.1548900234375 0.7992286875 0.2267407421875 0.8038670890624999 0.231691903125 0.7964196625 0.24187255156249998
3 0.60396141875 0.5771528515625 0.5893936796875 0.5672457453125 0.5817732890625 0.5785574078125 0.567452509375 0.5689016890625 0.552658209375 0.5908630828125 0.581548421875 0.6103535453125 0.60396141875 0.5771528515625
10 0.8130854890625001 0.2442989796875 0.808957515625 0.2403234859375 0.8027327812499999 0.2487109796875 0.8031136203125 0.2489678578125 0.7972284234375 0.2570755 0.8009779359375001 0.26083529687499996 0.8130854890625001 0.2442989796875
10 0.6171703703125 0.533578728125 0.6280491109375 0.5408769515625 0.629296809375 0.5390271609374999 0.615240071875 0.5295891203124999 0.6069637718750001 0.5419039453125001 0.6101055859375 0.5440834359375 0.6171703703125 0.533578728125
10 0.659032903125 0.55171705625 0.6737533234375 0.5615989875 0.67718515625 0.5565502046875 0.6623744406250001 0.54677699375 0.659032903125 0.55171705625
10 0.8598740578124999 0.143234603125 0.8530149578125 0.1525681703125 0.8574963953125 0.1571345203125 0.8668720875 0.1443493734375 0.8651712640625 0.143202153125 0.86296379375 0.14622897343750002 0.8598740578124999 0.143234603125
1 0.682121646875 0.4153863078125 0.6659567453124999 0.40439624687500003 0.6328632187500001 0.45350133125000003 0.6367248062499999 0.45617008593749997 0.6154346796875 0.4877647328125 0.6314653156250001 0.4986604609375 0.670356790625 0.4409930953125 0.6666392015625 0.438381890625 0.682121646875 0.4153863078125
1 0.7942649703125 0.382391046875 0.85586075625 0.298476184375 0.8321900093749999 0.2748185390625 0.7685777875 0.3616949515625 0.76421693125 0.3680847421875 0.791545021875 0.38642353749999997 0.7942649703125 0.382391046875
1 0.6991234890625 0.43556911875 0.6855645640625 0.42647439687500005 0.6748201968750001 0.44240357656249996 0.6739949234375 0.44186953906250004 0.6565038078125001 0.4679129515625 0.6708513593750001 0.4772663265625 0.6991234890625 0.43556911875
10 0.8000960062500001 0.23232025312500001 0.7959885156250001 0.2284038078125 0.8162067953125 0.20099964531249997 0.813629103125 0.1982017578125 0.78764471875 0.2336487703125 0.794315878125 0.24015197656249998 0.8000960062500001 0.23232025312500001
2 0.627566884375 0.544221228125 0.6166563296875001 0.5369562 0.60967156875 0.5473282984375001 0.60538460625 0.5445441343749999 0.591273875 0.5654362125 0.6064196296875 0.575601265625 0.58252160625 0.6110231609375 0.620967140625 0.636915421875 0.6681132187500001 0.5670184875000001 0.6496718671874999 0.554502365625 0.6495519562500001 0.5546382265625 0.6296809421875 0.5410786265625 0.627566884375 0.544221228125
2 0.7193154796875 0.4308900859375 0.7472295203125 0.449782425 0.786190503125 0.3920036265625 0.758181321875 0.37315454375 0.7193154796875 0.4308900859375
10 0.68963803125 0.40960209687500004 0.689927021875 0.40977440625000006 0.6741804984375 0.4331195859375 0.6776222140625 0.43537697187499996 0.686102571875 0.42283226718750005 0.701139240625 0.43297462812500004 0.7320489890624999 0.38716301249999996 0.7189521203125 0.3783724109375 0.7586111296875 0.3195755125 0.75445436875 0.3153940140625 0.738978428125 0.3364659203125 0.68963803125 0.40960209687500004
6 0.800304015625 0.263726103125 0.7958500859375001 0.25960236875 0.778877015625 0.2828100375 0.7879524953125 0.2929968578125 0.7830424578125 0.299566559375 0.7895997921875 0.3062021921875 0.7944746765625 0.2995616625 0.7951398828125 0.300204475 0.81290244375 0.2759744328125 0.8121804484374999 0.2753347796875 0.816829090625 0.2690995234375 0.80517754375 0.257095965625 0.800304015625 0.263726103125
13 0.5704191140625 0.56661873125 0.5829370734375 0.5749962359375 0.62750343125 0.5087646218749999 0.6151456765625001 0.5004932921874999 0.5704191140625 0.56661873125