0 0.456255671875 0 0.33518683125000004 0.021347703125 0.0169346171875 0.1905652265625 0.44731920625 1 0.5437443281250001 1 0.6648131687500001 0.9786522968750001 0.9830653828125 0.8094347734375 0.55268079375 0 0.456255671875 0
10 0.7917357453125 0.8792539015624999 0.801203590625 0.8741732656250001 0.7919508515625 0.8568178812499999 0.782426146875 0.8620259515625 0.7917357453125 0.8792539015624999
2 0.21880423906250002 0.09479661874999999 0.23076476875 0.11734982812500001 0.2533695796875 0.1053310140625 0.2366213421875 0.073756503125 0.21624621875 0.084590446875 0.2210033421875 0.0935282921875 0.21880423906250002 0.09479661874999999
7 0.3418210484375 0.0450161984375 0.3292550015625 0.0515839859375 0.32659687187499997 0.046586834375000004 0.3244786234375 0.047656857812499995 0.3337405640625 0.06522639687500001 0.3012190515625 0.0823447015625 0.30390125156250003 0.08738837968749999 0.29912551875000004 0.0898805390625 0.3376444265625 0.16250925624999998 0.36362481406249997 0.1486957640625 0.3600611640625 0.1419464234375 0.35862181406250004 0.14265557499999998 0.3487957484375 0.124127240625 0.350367725 0.12323445625 0.361515765625 0.1441491734375 0.3904949796875 0.1287978265625 0.3792008046875 0.1075582375 0.390451778125 0.1016935546875 0.35354815156249997 0.032430795312499996 0.3390933328125 0.0398853484375 0.3418210484375 0.0450161984375
13 0.6379452359375 0.8239551687500001 0.660003859375 0.8121500703125 0.639688696875 0.773942615625 0.639233828125 0.7742243203125 0.6321297796875001 0.7607945218750001 0.627204953125 0.7634129265625 0.63403824375 0.7764319375000001 0.631437415625 0.777896440625 0.616891496875 0.7505696578125 0.602987628125 0.7580444734375 0.6379452359375 0.8239551687500001
12 0.4410063234375 0.2866973484375 0.47809353593750004 0.26674154687499996 0.4052268859375 0.12960028750000002 0.36800925 0.1495092734375 0.4410063234375 0.2866973484375
11 0.7161747703125 0.8228238781250001 0.7325639421875 0.8141111875 0.705311146875 0.7627428734375 0.6888620750000001 0.7713138109375001 0.7161747703125 0.8228238781250001
2 0.25696838125 0.068306096875 0.2715580140625 0.0956648375 0.3019602859375 0.07959293281249999 0.2851237140625 0.047967359375000004 0.2624435015625 0.060026440625 0.2646278265625 0.064136134375 0.25696838125 0.068306096875
7 0.7371781609375 0.91392000625 0.7631570109375 0.9001067859375 0.7595951703125 0.8933587125000001 0.75815274375 0.8940684062500001 0.7483276734375 0.8755367234375001 0.7499020015625 0.874648284375 0.761047690625 0.8955586562500001 0.79002771875 0.8802119265625 0.7787350828124999 0.858972065625 0.789983975 0.853104575 0.7315565171875 0.7433596875 0.7172471265625 0.7510091375 0.7197394781249999 0.7556959859375 0.7072430093750001 0.76245141875 0.737995140625 0.82028530625 0.6987383625 0.8412900328124999 0.7371781609375 0.91392000625
1 0.28827715625 0.0462895921875 0.3025808359375 0.07315137656250001 0.3126807 0.06766895 0.298411040625 0.040901124999999997 0.28827715625 0.0462895921875
6 0.7740610921875 0.9205647390625 0.7649838171875001 0.903511603125 0.7388955562499999 0.917190215625 0.74804440625 0.934397325 0.7740610921875 0.9205647390625
1 0.323151221875 0.0400388109375 0.349942396875 0.02579359375 0.346536740625 0.0193464078125 0.33518683125000004 0.021347703125 0.3180495125 0.030460446875 0.323151221875 0.0400388109375
10 0.376888921875 0.23619364062499998 0.3793997640625 0.234857653125 0.3619057859375 0.20199621093750003 0.3594459921875 0.20335175625000002 0.376888921875 0.23619364062499998
2 0.34685004531249997 0.326464059375 0.383116390625 0.307179753125 0.33550383125 0.21745001562500002 0.29988028437500003 0.23822027656250003 0.3086650171875 0.2546491015625 0.3108292734375 0.25339009375 0.3402558421875 0.30859230625 0.33799193125000004 0.3098530203125 0.34685004531249997 0.326464059375
1 0.1959725671875 0.0953700078125 0.2772211828125 0.248176559375 0.28102157031249997 0.2461546609375 0.32882889843749996 0.335999196875 0.3438106546875 0.3281137828125 0.29981015625 0.24522797968750001 0.2958903625 0.24739151406249998 0.210871509375 0.0874468390625 0.1959725671875 0.0953700078125
10 0.3847866359375 0.306493353125 0.40864235937500004 0.2936685109375 0.399107940625 0.275696421875 0.37518785625 0.2885611703125 0.3847866359375 0.306493353125
10 0.3921631765625 0.1278658640625 0.40162894062500004 0.12278242343750001 0.39237955156250004 0.105428034375 0.38285303593750003 0.1106348375 0.3921631765625 0.1278658640625
6 0.382588134375 0.237148171875 0.40460593281249996 0.22537248437500002 0.3655382296875 0.152186853125 0.33948435 0.165970465625 0.3572891375 0.19956881875000002 0.3614826515625 0.19733798125 0.382588134375 0.237148171875
2 0.6002259343749999 0.8558569031250001 0.6122513875 0.8782384171875 0.652836809375 0.8565805515625 0.5970647921875 0.7516555890625 0.5563582765625 0.773220571875 0.5705314546875 0.79994511875 0.5726956953125 0.7987940015625 0.602414078125 0.8546523859375 0.6002259343749999 0.8558569031250001
5 0.45939254375000005 0.28537832500000004 0.44153573437500004 0.295152621875 0.40809626093749996 0.23216489999999998 0.3859896203125 0.243643690625 0.43957667031250003 0.344527296875 0.5019408015625 0.31140245 0.4887910265625 0.286837690625 0.46640247968750004 0.2986612984375 0.45939254375000005 0.28537832500000004
10 0.4660874078125 0.2940760375 0.4867534703125 0.283038478125 0.4818571953125 0.2736714 0.461032834375 0.284648021875 0.4660874078125 0.2940760375
2 0.6616477015625 0.7241765421874999 0.6637675749999999 0.7231427234375001 0.660846109375 0.717731890625 0.6228342765625 0.7378967375000001 0.66402914375 0.8155337421875 0.65638529375 0.8195042156250001 0.67092968125 0.8467773234375 0.7144985375 0.8236112906249999 0.6871332875 0.7718661531250001 0.6891337640625 0.770893053125 0.6837238390625 0.7607994453125 0.6816757421874999 0.76184440625 0.6616477015625 0.7241765421874999
8 0.624877446875 0.897007634375 0.6675619875 0.9771902593749999 0.7480617859375001 0.9343879140625001 0.6987035171875 0.841272378125 0.673162784375 0.8548528609374999 0.654757034375 0.8202847562500001 0.6398660421875 0.828316 0.6582379703125001 0.8626742890625 0.6158374609374999 0.88515991875 0.6228037171875 0.8981681781249999 0.624877446875 0.897007634375
8 0.287858246875 0.219268396875 0.2855981453125 0.2204697359375 0.29531735000000003 0.23875195 0.30090150625 0.2359046390625 0.2983672796875 0.2309713171875 0.35733862968749996 0.199696540625 0.29914415 0.089977209375 0.27364065000000004 0.1033369359375 0.2552948578125 0.0691358703125 0.2403978234375 0.077015865625 0.2587405140625 0.1113793109375 0.2343816265625 0.12421195625 0.2415929234375 0.13771010781249998 0.2438490484375 0.13646821874999998 0.287858246875 0.219268396875
10 0.6148123140624999 0.7421433140625 0.6234554296875 0.7583178687500001 0.6299125812499999 0.75485175 0.6213324578125 0.7387105140625 0.6148123140624999 0.7421433140625
11 0.32707635156250003 0.060013809375000005 0.3178976328125 0.042799275 0.321402496875 0.040766021875 0.31638548593750004 0.0313440765625 0.29996771093749997 0.040074503125 0.3142471234375 0.067005615625 0.32707635156250003 0.060013809375000005
13 0.3730932953125 0.28462762812500003 0.394484225 0.273309940625 0.357814575 0.205356125 0.33638506874999996 0.21549224687500002 0.3730932953125 0.28462762812500003