0 0.37996093750000004 0 0 0.1936 0 0.6200390625 0.1936 1 0.6200390625 1 1 0.8064 1 0.37996093750000004 0.8064 0 0.37996093750000004 0
13 0.309990625 0.39056875 0.32268906249999996 0.3840484375 0.2958125 0.33056562500000003 0.25538125 0.3510640625 0.299109375 0.43717187500000004 0.32647499999999996 0.4231640625 0.309990625 0.39056875
10 0.460103125 0.42567187500000003 0.5073359375 0.40222968750000004 0.499946875 0.38772656250000004 0.4727015625 0.4015328125 0.45196249999999993 0.3615921875 0.4325140625 0.3714203125 0.460103125 0.42567187500000003
10 0.449678125 0.4181109375 0.43222812499999996 0.4269953125 0.4384453125 0.4400640625 0.45613125 0.430896875 0.449678125 0.4181109375
2 0.5089187500000001 0.4097359375 0.440459375 0.4446171875 0.4655234375 0.4927953125 0.4627875 0.4941890625 0.5003359374999999 0.5675796875 0.5147062499999999 0.5605687500000001 0.5126671875000001 0.55645625 0.5573796875 0.53391875 0.55895625 0.5372421875 0.5709671875 0.531121875 0.5089187500000001 0.4097359375
13 0.363034375 0.41130625 0.32401875 0.4312625 0.3258640625 0.43477187500000003 0.30695625 0.44479687500000004 0.33392656249999997 0.49826718750000004 0.3920859375 0.468321875 0.363034375 0.41130625
10 0.3308625 0.42150625 0.3634671875 0.404996875 0.3494609375 0.37727656249999997 0.316796875 0.39429375 0.3308625 0.42150625
6 0.428265625 0.3764484375 0.40343906250000006 0.38975312500000003 0.401003125 0.3848765625 0.376946875 0.3970703125 0.3795921875 0.4023578125 0.367290625 0.40882031249999995 0.39933125 0.47160156249999996 0.4400578125 0.4507125 0.4268546875 0.4244203125 0.44769375 0.414165625 0.428265625 0.3764484375
10 0.31749375 0.4832609375 0.283921875 0.4998203125 0.293971875 0.5202515625 0.32725468750000003 0.5027781250000001 0.31749375 0.4832609375
3 0.28025937500000003 0.41012343749999997 0.246553125 0.42760781249999996 0.2787 0.4907 0.31260937499999997 0.47350312499999997 0.28025937500000003 0.41012343749999997
2 0.28842500000000004 0.5172609375 0.2414046875 0.42494531249999995 0.27816718749999997 0.40598124999999996 0.251046875 0.35242968750000003 0.2174453125 0.369471875 0.22697656249999998 0.3885015625 0.2235765625 0.390390625 0.2139390625 0.371259375 0.1281703125 0.41584843749999995 0.16167499999999999 0.48160468749999996 0.164334375 0.48009531250000004 0.196721875 0.5437671875000001 0.1939609375 0.5451734375 0.202221875 0.56149375 0.28842500000000004 0.5172609375
1 0.11978124999999999 0.48645625 0.149671875 0.47145312500000003 0.1223 0.4179203125 0.0926015625 0.433215625 0.11978124999999999 0.48645625
1 0.16655625000000002 0.5751171875 0.19520625 0.5605203125 0.15226875 0.4769953125 0.12400312499999999 0.491353125 0.16655625000000002 0.5751171875
1 0.31211406249999996 0.8598703125 0.3405796875 0.84590625 0.1994265625 0.56925 0.17093750000000002 0.583359375 0.31211406249999996 0.8598703125
8 0.440153125 0.45099062500000003 0.20597812499999998 0.56960625 0.218703125 0.5940375 0.221996875 0.5925906249999999 0.276509375 0.7003390625 0.27372968750000004 0.7016 0.28624375 0.7269171875 0.35276874999999996 0.693021875 0.354803125 0.69745 0.40276093749999997 0.673328125 0.34367187499999996 0.5572921875 0.39001406250000004 0.5352421875 0.3879359375 0.531384375 0.4625125 0.49400781250000003 0.440153125 0.45099062500000003
2 0.33575468750000004 0.8155578125 0.3322234375 0.81728125 0.34507187500000003 0.8433546875 0.41426406250000003 0.80781875 0.3578125 0.6962984375 0.2881828125 0.7314859375 0.29922031250000003 0.75294375 0.3027046875 0.7507843750000001 0.33575468750000004 0.8155578125
7 0.40276093749999997 0.673328125 0.42001406250000006 0.664171875 0.41815781249999995 0.6601703125 0.43972656250000003 0.6484265625 0.4417265625 0.652353125 0.47095624999999997 0.6378 0.41340937499999997 0.5238265625 0.34387500000000004 0.557565625 0.40276093749999997 0.673328125
10 0.4196109375 0.8050203125 0.433575 0.7977937500000001 0.4121859375 0.7559671875 0.41386093749999997 0.7548890625 0.4060890625 0.740415625 0.3900296875 0.7483703125 0.4196109375 0.8050203125
1 0.366778125 0.70159375 0.38848906250000004 0.7428046875 0.40724375 0.7335875 0.417146875 0.752709375 0.4527765625 0.73511875 0.4375140625 0.707034375 0.4444109375 0.703409375 0.45912968750000005 0.73120625 0.506996875 0.7078296875000001 0.47506562499999994 0.6456296874999999 0.366778125 0.70159375