10 0.503598784375 0.7644851890625 0.5090701171875 0.736336084375 0.49433549374999997 0.7333874546875 0.4888456875 0.761560625 0.503598784375 0.7644851890625
1 0.388930590625 0.6279295874999999 0.3887354578125 0.6278911968750001 0.3756509171875 0.695143884375 0.3758801328125 0.6951887546875 0.3742562875 0.70354334375 0.3934267484375 0.7073862906249999 0.39507675937500003 0.6988906890625 0.39620740468750004 0.69914083125 0.40929818124999995 0.631858740625 0.4081303453125 0.6316614140625 0.4187730921875 0.577174990625 0.3995114140625 0.5734305296875 0.3982686765625 0.57982738125 0.3980471796875 0.57978448125 0.3922376046875 0.6098794875 0.392426503125 0.6099472796875001 0.388930590625 0.6279295874999999
10 0.5040964984375 0.9310144593749999 0.5085543640625 0.9080819625000001 0.4815496890625 0.9028067296875 0.477129196875 0.925772478125 0.5040964984375 0.9310144593749999
11 0.5292927296875 0.6418821953125 0.554677534375 0.6468378375 0.5551062171875001 0.6446291203125 0.555222671875 0.6446461765625 0.5617932062500001 0.6108984890625 0.5616464515625 0.6108923625 0.562787346875 0.6051848750000001 0.549942478125 0.6026904578125001 0.5459860421875 0.622981515625 0.5334971875 0.6205307906249999 0.5292927296875 0.6418821953125
2 0.327475871875 0.968043471875 0.326029878125 0.9755421343749999 0.38518724843749996 0.9870414500000001 0.4032896015625 0.89405360625 0.3975468125 0.8929593640625001 0.39763251875 0.892458475 0.34420709843749997 0.8820512671875 0.33927609375 0.9074436234375 0.341169203125 0.9078338609375001 0.3294093859375 0.96843895625 0.327475871875 0.968043471875
10 0.44243900312499995 0.9851633265625 0.4629250359375 0.989191003125 0.46638297968750003 0.971455484375 0.4643778671875 0.971112575 0.47094438125 0.9373818875 0.47294662656249997 0.93774968125 0.48057222812499995 0.8986185843750001 0.42730511250000003 0.8880866781250001 0.410234996875 0.9760669953125 0.44294421406250006 0.982539296875 0.44243900312499995 0.9851633265625
10 0.44564144375000003 0.9934704390625001 0.44480935156249995 0.997793753125 0.4593206859375 0.9985542609375001 0.4597875953125 0.9961535312500001 0.44564144375000003 0.9934704390625001
2 0.45749777500000005 0.7272620609375 0.4583610484375 0.7228214671875001 0.4584795609375 0.7228589703125 0.4701131078125 0.662782365625 0.4897639625 0.6665049765625 0.5038587078125001 0.5937695203125 0.4218369109375 0.5777674 0.411204615625 0.6323529437500001 0.41340282500000003 0.63280298125 0.4002933125 0.70002463125 0.3981651625 0.6996111234375 0.395168396875 0.715025409375 0.45749777500000005 0.7272620609375
3 0.535438071875 0.5998571609375001 0.5058184156250001 0.59414290625 0.4916695671875 0.666955325 0.5212588671875 0.6728009828125 0.535438071875 0.5998571609375001
2 0.48684836875000004 0.14853001875 0.48185262656249994 0.1741724546875 0.5409714218749999 0.1857808390625 0.5627018109375 0.0743795109375 0.5035764484375 0.0624187375 0.4986304265625 0.087858809375 0.500534853125 0.08818236093750001 0.4887687328125 0.148877875 0.48684836875000004 0.14853001875
10 0.5473582234375 0.39993358749999997 0.534158896875 0.43674480000000004 0.557240621875 0.4412511671875 0.56344824375 0.41848860312499997 0.5473582234375 0.39993358749999997
10 0.5945336515624999 0.41361036562500003 0.585459596875 0.4466432359375 0.6020350046875 0.4502938546875 0.609460359375 0.4228057328125 0.5945336515624999 0.41361036562500003
10 0.606543678125 0.1740856609375 0.6018546671875 0.1982640171875 0.6459885421875 0.2069826296875 0.65069133125 0.1827205046875 0.606543678125 0.1740856609375
13 0.5062874140625 0.7313648859375 0.5168852109375 0.676750934375 0.4712652140625 0.6679372265625 0.46066705781249995 0.7224087765625 0.5062874140625 0.7313648859375
10 0.5482243828125 0.602334428125 0.537205684375 0.6001938828125 0.534095484375 0.6162499859375 0.5450668953125 0.6184568968749999 0.5482243828125 0.602334428125
8 0.3444956453125 0.8565126187500001 0.3397611296875 0.8810218609374999 0.34607905781250003 0.8822479453125001 0.3468882625 0.87803295625 0.39837854687499996 0.8881353453124999 0.4002200875 0.8786124234375 0.40807090625000003 0.8801159890625 0.3871295453125 0.9874186203124999 0.40536127187500004 0.990962025 0.45581637812500003 0.7312811328125 0.3946526125 0.7195827875 0.39549799218750004 0.715185065625 0.3728467765625 0.710763846875 0.3680063859375 0.7355616921875 0.36993809375 0.735961775 0.34639475000000003 0.8569078640625 0.3444956453125 0.8565126187500001
7 0.5124799953125 0.8774516875 0.5281864984375 0.7966520312500001 0.530131834375 0.7970309234374999 0.5352293390625 0.7707006843750001 0.5018924484375 0.7642033125000001 0.5011049796875 0.768302090625 0.4862193546875 0.765458203125 0.49241105156250004 0.7335353765625 0.46541936406250006 0.72831089375 0.463450178125 0.738448290625 0.456402821875 0.7368100281250001 0.4281184640625 0.884061228125 0.479622596875 0.89401883125 0.4788538125 0.8979402203125 0.5093280265625 0.9039480375 0.51438665 0.8778222937500001 0.5124799953125 0.8774516875
1 0.5284220140625 0.64646478125 0.5061845875000001 0.76076385625 0.5315527265625 0.765738965625 0.5537742984375 0.651414025 0.5284220140625 0.64646478125
8 0.5130732499999999 0 0.505866471875 0.037113282812499995 0.5039288546875 0.036736359375 0.4991757921875 0.0613009546875 0.5054593921875 0.062525240625 0.506181246875 0.058812618750000004 0.5470884328125 0.0668520546875 0.550349003125 0.050076270312500004 0.568760340625 0.0536556890625 0.5319028718750001 0.241637465625 0.5503384265625 0.245172778125 0.5961086328125 0.009323106250000001 0.5610841234375 0.0025151109375 0.513092946875 0 0.5130732499999999 0
2 0.46434541406249996 0.26419363125 0.4594405828125 0.28947470468750003 0.5185089656249999 0.300761259375 0.5402301203125 0.1895659796875 0.4810948671875 0.1781820421875 0.476144778125 0.20343101406250003 0.478111878125 0.2038126125 0.466295015625 0.26455084218749997 0.46434541406249996 0.26419363125
0 0.31067591562499997 0 0.128512271875 0.9371491203125 0.4389158765625 0.9974848890624999 0.486907046875 1 0.689324084375 1 0.8714877281250001 0.0628508796875 0.5610841234375 0.0025151109375 0.5130929531249999 0 0.31067591562499997 0
4 0.6159308109375 0.34869280156250004 0.6365138625 0.3613185875 0.65860394375 0.2804325921875 0.6380367359375 0.2677732140625 0.6159308109375 0.34869280156250004
7 0.59615355625 0.009331718749999999 0.5855748984375 0.063968578125 0.6358589671875 0.073740196875 0.635083709375 0.07772539687499999 0.6679004 0.08444585 0.6730632234375 0.05788433750000001 0.6711652078125 0.057587721875 0.6774659296875 0.025137065625 0.59615355625 0.009331718749999999
10 0.49971319999999997 0.33688019062499996 0.5677538390625 0.41389671093749997 0.6072071890624999 0.26956060625 0.5804351015625 0.264713759375 0.5693516640625 0.321697728125 0.5071070890625 0.3096939609375 0.49971319999999997 0.33688019062499996
10 0.558272709375 0.308615596875 0.5666332328125 0.310335196875 0.577443853125 0.254436875 0.5691193328125 0.25286623750000004 0.558272709375 0.308615596875
10 0.6379749640625 0.0826256171875 0.634221584375 0.1020276453125 0.6633852015625 0.10769609375 0.6671811125 0.08825874375000001 0.6379749640625 0.0826256171875
6 0.5921082906249999 0.236542328125 0.592751096875 0.23666676562500003 0.5996388031250001 0.20113635937500002 0.599133309375 0.20101911874999998 0.59970290625 0.1980323359375 0.5969275203125 0.1975191921875 0.603405340625 0.16377916406249998 0.5675169515625 0.15685548437500002 0.5503326000000001 0.24519437812499997 0.57729295625 0.25059871718750004 0.576824146875 0.2529461484375 0.5857995 0.25454776562500003 0.588767853125 0.23913824843749998 0.5914957656250001 0.2396316921875 0.5921082906249999 0.236542328125
13 0.5333494625 0.246009790625 0.5225549390625 0.301541265625 0.5567014359375 0.308204675 0.5675183640625 0.252603965625 0.5333494625 0.246009790625
10 0.5864804671875 0.0683641828125 0.5700566859375 0.153147384375 0.602946803125 0.1595415453125 0.602372928125 0.162490553125 0.61988910625 0.16562563749999998 0.6226817171875 0.15133032500000002 0.6207199328125 0.15084730468750002 0.62732666875 0.1170357984375 0.6292578734375 0.11738578749999999 0.637051890625 0.0785342 0.5864804671875 0.0683641828125
5 0.645835840625 0.2075676265625 0.6017344203125 0.19891643125 0.5887976078125 0.26538045781249997 0.6076542 0.2688830734375 0.560366215625 0.4419187875 0.5852887609375 0.4465591796875 0.594424028125 0.4129255640625 0.618265575 0.42744479531249996 0.6339239375 0.3704924890625 0.6098956624999999 0.3553266625 0.6352505578125001 0.262689178125 0.645835840625 0.2075676265625