10 0.6128875 0.24899374999999999 0.594371875 0.253225 0.6023171875 0.2879015625 0.6209484375 0.283515625 0.6128875 0.24899374999999999
2 0.715234375 0.25439375000000003 0.71635 0.258565625 0.6935718750000001 0.26382500000000003 0.692590625 0.2598375 0.67498125 0.263903125 0.6838359374999999 0.30594062499999997 0.7292453125 0.29545781249999997 0.7283484375 0.29170625 0.725625 0.292290625 0.7180156249999999 0.2598578125 0.7210765625 0.2591515625 0.7196421875000001 0.2533328125 0.715234375 0.25439375000000003
2 0.74143125 0.34655468749999996 0.7382187499999999 0.347346875 0.7309281249999999 0.31512656250000004 0.7334906250000001 0.3143796875 0.7302671875 0.30041562499999996 0.685925 0.3111171875 0.70005625 0.374040625 0.745334375 0.3636125 0.74143125 0.34655468749999996
1 0.6215921875 0.27 0.721934375 0.24787499999999998 0.767746875 0.447596875 0.7841390625 0.44382968749999996 0.7327046875 0.221234375 0.6166921875 0.2480953125 0.6215921875 0.27
11 0.6713421875 0.5621421875 0.6488343750000001 0.567459375 0.6541109374999999 0.590278125 0.6765875 0.5850109375 0.6713421875 0.5621421875
10 0.34469375 0.4144734375 0.348778125 0.43235625000000005 0.365884375 0.4285671875 0.3617375 0.4105078125 0.34469375 0.4144734375
0 0.4430328125 0 0 0.1022828125 0 0.5569671875 0.1022828125 1 0.5569671875 1 1 0.8977171875 1 0.4430328125 0.8977171875 0 0.4430328125 0
13 0.3475890625 0.49307656250000004 0.3751390625 0.4868578125 0.36241406249999997 0.43212031250000005 0.3349421875 0.43844374999999997 0.3475890625 0.49307656250000004
1 0.26414218749999996 0.6212421875 0.2693234375 0.643915625 0.3808515625 0.6181281249999999 0.37559062499999996 0.5954937499999999 0.26414218749999996 0.6212421875
1 0.34142656250000003 0.409803125 0.3361375 0.38713125000000004 0.28471406250000003 0.3990265625 0.289921875 0.4217375 0.34142656250000003 0.409803125
9 0.1977453125 0.495559375 0.23365468749999999 0.48726875 0.2174484375 0.4169421875 0.181496875 0.42538125000000004 0.1977453125 0.495559375
8 0.33726406249999996 0.5989109375 0.30798437500000003 0.4727015625 0.2103515625 0.4953390625 0.21852812500000002 0.5312218750000001 0.1774515625 0.5408015625 0.1836359375 0.5674078125 0.2507078125 0.55154375 0.265425 0.615496875 0.271034375 0.6142484375 0.270059375 0.6101546875 0.3303953125 0.5961796875 0.33132656250000003 0.6002156249999999 0.33726406249999996 0.5989109375
1 0.4049765625 0.5805515625 0.420353125 0.5770593749999999 0.39664375 0.47419374999999997 0.381265625 0.47761250000000005 0.4049765625 0.5805515625
5 0.0795875 0.48256249999999995 0.091065625 0.5313453124999999 0.16742812499999998 0.5132656250000001 0.16398125 0.4978328125 0.192759375 0.490996875 0.1851421875 0.45824999999999994 0.0795875 0.48256249999999995
4 0.0994328125 0.43491406250000003 0.0963046875 0.4380296875 0.0914140625 0.417059375 0.06586875 0.4229765625 0.078434375 0.47705937499999995 0.10394375 0.471259375 0.10122187499999999 0.45913125 0.10525781249999999 0.46014218749999997 0.0994328125 0.43491406250000003
10 0.1514046875 0.522359375 0.14402500000000001 0.5240453125 0.1478078125 0.5404859375 0.15518749999999998 0.5387453125 0.1514046875 0.522359375
1 0.170153125 0.637203125 0.175425 0.65983125 0.2640796875 0.639421875 0.2588359375 0.616709375 0.170153125 0.637203125
2 0.2462515625 0.61018125 0.24722499999999997 0.6141609375 0.2604953125 0.6111328125 0.248084375 0.5573718750000001 0.2031140625 0.567690625 0.21552500000000002 0.6215359375 0.2244328125 0.6193859374999999 0.223465625 0.6153828125 0.2462515625 0.61018125
13 0.15781406250000002 0.541015625 0.1500828125 0.5428 0.15713125 0.5730906250000001 0.181315625 0.5675671875 0.16989218749999999 0.51850625 0.153478125 0.5222984375 0.15781406250000002 0.541015625
3 0.3466265625 0.432621875 0.3426 0.4149484375 0.33204218750000003 0.4174234375 0.332915625 0.42127499999999996 0.3100921875 0.4266015625 0.3091671875 0.4227046875 0.300775 0.42464218750000005 0.31939687499999997 0.505246875 0.34659062500000004 0.4988921875 0.33213125 0.4359125 0.3466265625 0.432621875
12 0.18383750000000001 0.4526265625 0.17144375 0.3987 0.0951171875 0.41615624999999995 0.1076171875 0.4703015625 0.18383750000000001 0.4526265625
2 0.186359375 0.6239874999999999 0.20928593750000002 0.618640625 0.2102265625 0.6227765625 0.21390625000000002 0.6218890625 0.20157656249999997 0.5685953125000001 0.15668125 0.57883125 0.168990625 0.6322421874999999 0.1872921875 0.6280328125 0.186359375 0.6239874999999999
10 0.355284375 0.3827109375 0.338215625 0.3866078125 0.3434859375 0.40954687500000003 0.3605875 0.40557968750000006 0.355284375 0.3827109375
7 0.7577046875 0.4176171875 0.7545203125 0.41839062499999996 0.74841875 0.39242656249999996 0.751584375 0.3916953125 0.7464875 0.36926875 0.7075765625 0.3780625 0.7241109375 0.44869375 0.7628390625 0.4400953125 0.7577046875 0.4176171875
10 0.6091484375 0.4088953125 0.610928125 0.41686875 0.6399781250000001 0.41020312499999995 0.6424953125 0.42097656250000004 0.65725625 0.4176125 0.652625 0.398596875 0.6091484375 0.4088953125
13 0.62161875 0.4627734375 0.6304984375 0.4606171875 0.6344921875 0.47760781249999995 0.6529906249999999 0.473178125 0.63884375 0.41379687499999995 0.6119296875 0.4198546875 0.62161875 0.4627734375
10 0.6214359375 0.2860578125 0.6029734375 0.290496875 0.60685 0.30760624999999997 0.6254562499999999 0.3033765625 0.6214359375 0.2860578125
10 0.7057562500000001 0.37837031250000003 0.7000609375 0.37977656249999997 0.703425 0.394440625 0.709159375 0.39292812499999996 0.7057562500000001 0.37837031250000003
1 0.8236453125000001 0.526903125 0.751471875 0.5433890625 0.7568640624999999 0.56626875 0.844921875 0.5464296875 0.820928125 0.44067968750000003 0.804653125 0.444553125 0.8236453125000001 0.526903125
3 0.682871875 0.414584375 0.643628125 0.42394218749999996 0.6556421875 0.47578906249999997 0.6950265625000001 0.46711562500000003 0.682871875 0.414584375
12 0.52971875 0.32536718750000004 0.5878281249999999 0.31211406249999996 0.588359375 0.314315625 0.6056296875 0.310328125 0.6051078125 0.3078640625 0.60625625 0.307634375 0.5936312499999999 0.2527390625 0.5170953125 0.27119375 0.52971875 0.32536718750000004
2 0.34485 0.592746875 0.3721203125 0.5864296875 0.3730859375 0.59061875 0.40177968750000004 0.5840265625 0.3802984375 0.4911734375 0.3193921875 0.505228125 0.340821875 0.59815 0.345853125 0.5969671875 0.34485 0.592746875
7 0.21920781250000002 0.4166671875 0.23604375000000002 0.489275 0.308015625 0.47260156249999996 0.29707343750000004 0.4254421875 0.2874109375 0.427603125 0.28157031250000003 0.40230468750000004 0.24532656249999998 0.41060625 0.24633750000000001 0.41489062499999996 0.22795937500000002 0.41909843750000003 0.2269703125 0.41490937499999997 0.21920781250000002 0.4166671875
11 0.37780625 0.595465625 0.38311875 0.61748125 0.408171875 0.61180625 0.40295625 0.5895515625 0.37780625 0.595465625
10 0.18043125 0.420621875 0.1878859375 0.41880468750000005 0.18262499999999998 0.3960171875 0.175125 0.397809375 0.18043125 0.420621875
6 0.1737546875 0.5006640625000001 0.168728125 0.501859375 0.17743124999999998 0.54076875 0.21666875000000002 0.531634375 0.20839218750000002 0.4957359375 0.1998609375 0.4977609375 0.1992421875 0.49519531250000004 0.1939296875 0.496325 0.19344375 0.494034375 0.17338437499999998 0.49879375000000004 0.1737546875 0.5006640625000001
1 0.28038281249999997 0.397296875 0.2751671875 0.3746375 0.1846671875 0.39559687499999996 0.189903125 0.41827812499999995 0.28038281249999997 0.397296875
10 0.6292109375 0.46351718750000004 0.6222218749999999 0.4652078125 0.6255390625 0.47963281249999995 0.6325921875 0.4779859375 0.6292109375 0.46351718750000004
13 0.65168125 0.27426875 0.62703125 0.2797015625 0.6360406249999999 0.3188671875 0.660734375 0.313078125 0.65168125 0.27426875
1 0.7175171875 0.5514125 0.673215625 0.5618875 0.6785359375 0.5845796875 0.7227421875 0.57405 0.7175171875 0.5514125
2 0.6950265625000001 0.46711562500000003 0.6262875 0.4826578125 0.6447171875000001 0.5629187499999999 0.6782781250000001 0.555125 0.6773171875 0.5509625 0.704515625 0.5449171875000001 0.7055703125 0.5492 0.7163515625 0.5462390625 0.707109375 0.5053359375 0.7040171875000001 0.5060984375 0.6950265625000001 0.46711562500000003
10 0.6740999999999999 0.3745375 0.650375 0.3802625 0.658875 0.41688281250000003 0.6827203125 0.41131406249999997 0.6740999999999999 0.3745375
8 0.8033703125 0.522140625 0.8044140625 0.5265187499999999 0.8195265624999999 0.5232671875 0.81835 0.518021875 0.8149859375 0.51875625 0.8003609375 0.45525937499999997 0.8031890625000001 0.4545125 0.8009625 0.4449875 0.7655375 0.4529453125 0.7624578125 0.440278125 0.72415625 0.4488890625 0.71135 0.39505625 0.7022062499999999 0.3974515625 0.6715015625 0.264490625 0.6692437499999999 0.2651046875 0.6701937499999999 0.269221875 0.656546875 0.2723265625 0.6550109375 0.2674015625 0.652628125 0.2677625 0.7086546874999999 0.5078546875 0.71315 0.5068171875 0.7120828125 0.5029171875 0.7350234375 0.4974796875 0.7360046875 0.5015890625 0.74153125 0.5002640625 0.7503765625 0.5384296875000001 0.75904375 0.5367124999999999 0.7581375 0.532634375 0.8033703125 0.522140625
4 0.607309375 0.35531875 0.5690078125 0.36423125 0.5791265625 0.407846875 0.6174734374999999 0.399128125 0.607309375 0.35531875
6 0.640490625 0.36009375 0.6423015624999999 0.35989218749999996 0.6464515625 0.37825625 0.6766062500000001 0.37117187500000004 0.6639984375 0.315809375 0.6337578125000001 0.3226296875 0.6356671875 0.3310171875 0.63394375 0.3316234375 0.63456875 0.3342640625 0.636665625 0.33371249999999997 0.6420703125 0.35671718750000003 0.639859375 0.3572625 0.640490625 0.36009375
10 0.641528125 0.372990625 0.6165734375 0.37879843750000003 0.621109375 0.39830156250000004 0.6460953125 0.392628125 0.641528125 0.372990625
5 0.5391453125 0.3658421875 0.6099328125000001 0.3493828125 0.6164078125 0.3778953125 0.64133125 0.3721375 0.6266 0.3085109375 0.5308703125 0.330553125 0.5391453125 0.3658421875