0 0.463915625 0 0.0064296875000000005 0.7923875 0.366025 1 0.536084375 1 0.9935703124999999 0.20761250000000003 0.6339750000000001 0 0.463915625 0
11 0.65004375 0.15049375 0.6467078125 0.148465625 0.622853125 0.1896953125 0.63535625 0.1968671875 0.659103125 0.15571875 0.658040625 0.155071875 0.6590640624999999 0.1532984375 0.6511109375 0.14866875 0.65004375 0.15049375
13 0.524590625 0.5624765625 0.5081781249999999 0.5530109375000001 0.45797499999999997 0.6401421875 0.47418281249999994 0.6495984375 0.524590625 0.5624765625
1 0.430253125 0.6011765625 0.41869375 0.594478125 0.3837859375 0.6549015625 0.3953234375 0.6616390625 0.400146875 0.6532625000000001 0.430253125 0.6011765625
1 0.722375 0.2300703125 0.732471875 0.21246874999999998 0.7322203125 0.2123171875 0.761121875 0.16232968750000001 0.7598078125 0.161640625 0.7709125 0.1424875 0.7776609375 0.1464328125 0.7859812500000001 0.132003125 0.786271875 0.13214062499999998 0.805415625 0.09898124999999999 0.7913640625 0.09086875 0.7718953125 0.1247546875 0.772390625 0.1250421875 0.706925 0.23841562500000002 0.7145421875 0.2428875 0.7220546875 0.22986875 0.722375 0.2300703125
1 0.411996875 0.6002125 0.389390625 0.58721875 0.3573359375 0.6427734375 0.3799078125 0.655834375 0.411996875 0.6002125
1 0.2621015625 0.8077500000000001 0.2048265625 0.9069312500000001 0.2407109375 0.9276500000000001 0.29794062499999996 0.8284796875 0.2621015625 0.8077500000000001
1 0.4053140625 0.735934375 0.41030937500000003 0.7387937499999999 0.406009375 0.7462015625 0.42371875000000003 0.7563703125 0.4759078125 0.665971875 0.453253125 0.6529234374999999 0.4053140625 0.735934375
10 0.29905624999999997 0.889603125 0.2892859375 0.8839921875 0.2821328125 0.8964234375 0.2918296875 0.902021875 0.29905624999999997 0.889603125
13 0.2912796875 0.8809531249999999 0.3006265625 0.8862875000000001 0.31671875 0.858384375 0.32287187500000003 0.8619984374999999 0.3505875 0.8139937500000001 0.33515937500000004 0.80501875 0.2912796875 0.8809531249999999
1 0.46638437499999996 0.4813703125 0.4547921875 0.47465156249999996 0.398628125 0.5718875 0.4102625 0.5786578125 0.46638437499999996 0.4813703125
10 0.46826875 0.6072671875 0.454021875 0.5990656249999999 0.45227812500000003 0.602084375 0.47142343750000004 0.6131890624999999 0.481140625 0.59631875 0.47624374999999997 0.5934125 0.46826875 0.6072671875
10 0.41760937499999995 0.5905109375 0.39475625000000003 0.5774078125 0.3908671875 0.584071875 0.4137984375 0.5970625 0.41760937499999995 0.5905109375
1 0.36545 0.6551125 0.35429374999999996 0.6486328125 0.26560937500000004 0.8022390625 0.276803125 0.8086625 0.36545 0.6551125
10 0.7343390624999999 0.1519796875 0.737375 0.15379375 0.71645625 0.1900203125 0.7174125 0.1905171875 0.7484625 0.136740625 0.744534375 0.13431875 0.7343390624999999 0.1519796875
13 0.699928125 0.17955937500000002 0.7152875 0.1886328125 0.733903125 0.156290625 0.7308656250000001 0.15458906249999999 0.7428125 0.1338953125 0.7304406250000001 0.126671875 0.699928125 0.17955937500000002
10 0.7697812500000001 0.1604671875 0.7763578125 0.1490765625 0.770628125 0.1461234375 0.76423125 0.1572015625 0.7697812500000001 0.1604671875
2 0.45602656250000007 0.5031828125 0.457478125 0.5040203125 0.4251828125 0.5599062499999999 0.42381718749999997 0.5589453125 0.411684375 0.5799624999999999 0.423953125 0.5873765625 0.42591875 0.583965625 0.42917812499999997 0.5859734375000001 0.4294171875 0.5858 0.4521078125 0.5989718749999999 0.45429062499999995 0.5951593749999999 0.4685578125 0.603446875 0.47657812499999996 0.5896046875 0.482703125 0.593190625 0.4986453125 0.5656046875 0.4781234375 0.5538203125 0.506528125 0.5045968750000001 0.46822656250000005 0.481815625 0.45602656250000007 0.5031828125
3 0.7116671875 0.22743750000000001 0.7099624999999999 0.226578125 0.722340625 0.20494531249999998 0.7237609375 0.20601250000000002 0.7608875 0.14145625 0.7509765625 0.1357859375 0.7499578125 0.1376140625 0.7498125 0.1375015625 0.716890625 0.19449687499999999 0.6960437500000001 0.1825234375 0.6745187500000001 0.21976874999999998 0.705459375 0.23800781249999997 0.7116671875 0.22743750000000001
2 0.2932078125 0.787603125 0.2917765625 0.7867015625 0.278490625 0.809765625 0.30343749999999997 0.82433125 0.349146875 0.7454609375000001 0.324078125 0.730721875 0.31215625 0.751528125 0.313503125 0.75230625 0.2932078125 0.787603125
8 0.4363546875 0.6457609375 0.441015625 0.6378015625 0.453021875 0.6447328125 0.46941718750000005 0.6162609375 0.4352203125 0.59643125 0.42605468750000003 0.6122375 0.4274375 0.6130359375000001 0.4030875 0.6552578125 0.40169375 0.654334375 0.39370625000000004 0.6681078125 0.395428125 0.6689578125 0.3067515625 0.82219375 0.305346875 0.8215015625 0.29336562499999996 0.8423046875000001 0.29469218750000004 0.8431031250000001 0.24456875 0.9298765625 0.2568921875 0.9369921874999999 0.40639531250000005 0.6782874999999999 0.4163453125 0.6841999999999999 0.41801875 0.6814 0.41474687499999996 0.6795656250000001 0.4349234375 0.6448640625000001 0.4363546875 0.6457609375
2 0.33699218750000004 0.7116234375 0.33549687499999997 0.710771875 0.325578125 0.7282078125 0.3508296875 0.7426171874999999 0.390521875 0.67379375 0.381446875 0.668578125 0.38149375 0.6683250000000001 0.37824375 0.6664484374999999 0.380246875 0.662984375 0.3673328125 0.655803125 0.3558484375 0.675928125 0.35737968750000004 0.6767078125 0.33699218750000004 0.7116234375
10 0.3368734375 0.8015546875 0.354025 0.8114578124999999 0.3239640625 0.8636265625 0.33204218750000003 0.868559375 0.404946875 0.7426390625 0.39891875 0.7392000000000001 0.39128124999999997 0.75260625 0.3716953125 0.7412687499999999 0.3368734375 0.8015546875
7 0.7698421875 0.12256562499999998 0.7889953125 0.08950156249999999 0.75945625 0.072446875 0.7322640625 0.119628125 0.7533046875 0.1318015625 0.7529984375 0.1323515625 0.7626765625 0.13851875 0.7714265625000001 0.12348125000000001 0.7698421875 0.12256562499999998
3 0.5078750000000001 0.505209375 0.48101093749999996 0.551675 0.500253125 0.562834375 0.508653125 0.5483515625 0.5159015625000001 0.552734375 0.51746875 0.549959375 0.5160140625 0.5490781250000001 0.5282 0.5280703124999999 0.5296296875000001 0.528915625 0.5346671875 0.520428125 0.5078750000000001 0.505209375
1 0.37406875 0.737934375 0.39175 0.748140625 0.4039046875 0.7270671875 0.40503125000000006 0.7277140625 0.4168265625 0.7071546875 0.4182 0.708034375 0.4261015625 0.6944140625 0.42604375 0.6944296875 0.4057421875 0.6833296875 0.37406875 0.737934375
1 0.6516124999999999 0.14768125000000001 0.652640625 0.145846875 0.661015625 0.1503875 0.6598515625 0.152403125 0.6606078125 0.152759375 0.681809375 0.1158328125 0.6812703124999999 0.11549374999999999 0.6834171875 0.111775 0.6828593749999999 0.111375 0.7188546875 0.0490046875 0.7073921875 0.0423875 0.6827671875 0.0850578125 0.6830484375 0.08522031249999999 0.6691203125 0.109375 0.6688531249999999 0.1092203125 0.64791875 0.1455484375 0.6516124999999999 0.14768125000000001
8 0.7269203125 0.1288890625 0.729009375 0.12535625 0.7289375 0.125225 0.7593828125 0.0724046875 0.7219859375000001 0.050812500000000003 0.69710625 0.0939375 0.6956 0.0930171875 0.6877546875 0.1065703125 0.69295 0.1093875 0.693090625 0.1092625 0.7269203125 0.1288890625
6 0.28012031249999997 0.8992374999999999 0.27501875 0.90805 0.2739765625 0.9075015625 0.256934375 0.9370171875000001 0.28493124999999997 0.9531812499999999 0.3002421875 0.9267203125 0.2990328125 0.926021875 0.3006984375 0.9231374999999999 0.2851515625 0.9142390625000001 0.2904296875 0.9051484375 0.28012031249999997 0.8992374999999999
2 0.6897125 0.1146578125 0.6855421875000001 0.111978125 0.6828890624999999 0.11655 0.6843015625 0.1172796875 0.6641296875 0.15235156249999998 0.6632703125 0.1518546875 0.636684375 0.1978 0.6744296875 0.21974062499999997 0.7236921875 0.134615625 0.6895953125000001 0.11490156250000001 0.6897125 0.1146578125
1 0.45221875 0.6488515625 0.4404125 0.6421140624999999 0.416409375 0.684153125 0.42801406249999996 0.6910171875 0.45221875 0.6488515625
10 0.5041156250000001 0.6170734375 0.4971984375 0.6128312499999999 0.47227031249999996 0.6565531250000001 0.47910312499999996 0.66004375 0.5041156250000001 0.6170734375
10 0.291446875 0.9058999999999999 0.2913515625 0.905865625 0.287509375 0.91241875 0.302090625 0.9209203125000001 0.3304328125 0.8714765625 0.316028125 0.86328125 0.291446875 0.9058999999999999
1 0.5312453125000001 0.5298765624999999 0.5296296875000001 0.528915625 0.51590625 0.5526953125 0.529209375 0.560625 0.5477421875 0.5282875 0.5360859375 0.521534375 0.5312453125000001 0.5298765624999999