7 0.1193705984375 0.41166708906249994 0.1624501234375 0.38257188750000004 0.11995840312499999 0.319245603125 0.076691709375 0.3484293578125 0.1193705984375 0.41166708906249994
10 0.4493432390625 0.7471148875 0.46039914531250004 0.7397216640625001 0.45329826874999996 0.7291941828125 0.44233424687499995 0.736589509375 0.4493432390625 0.7471148875
2 0.505194503125 0.8763267562499999 0.538587878125 0.8538026406249999 0.4989786875 0.7953226953125 0.46570065156249996 0.8176182375 0.505194503125 0.8763267562499999
10 0.374820690625 0.8082256343750001 0.3807693703125 0.80427539375 0.37025094687500004 0.7887761906249999 0.3642498421875 0.792648709375 0.374820690625 0.8082256343750001
11 0.41117744843750004 0.944010940625 0.426116115625 0.933857409375 0.41266620625000006 0.9139953359374999 0.397724703125 0.9241055453125 0.41117744843750004 0.944010940625
6 0.4878069640625 0.7221018265625 0.4872525453125 0.7224757875 0.48454045937499995 0.7184549546875 0.470949425 0.7276222234375 0.4736309296875 0.7315977171875 0.4678250765625 0.735513815625 0.488421809375 0.7659854625 0.49364215624999996 0.76246429375 0.49482074374999996 0.7642758890625 0.5095850484375 0.75425504375 0.4878069640625 0.7221018265625
1 0.4538264984375 0.9153700703125001 0.44151464375 0.8971169937499999 0.4403526953125 0.8979007375 0.43875245312500005 0.8954500421875 0.4165335859375 0.9104745515625 0.41817205468749996 0.91286176875 0.4152386734375 0.914878053125 0.42744740156249994 0.93305368125 0.4538264984375 0.9153700703125001
10 0.5109680640625001 0.7534805046875 0.5181094453124999 0.74866358125 0.4963893171875 0.7164090765625 0.4892225359375 0.7211771671875 0.5109680640625001 0.7534805046875
2 0.5400048359375 0.8528940078125 0.573207090625 0.830368759375 0.5337315968749999 0.771849521875 0.500500834375 0.7942319140625 0.5400048359375 0.8528940078125
3 0.35626931093750003 0.85816349375 0.37647193125 0.844698740625 0.33343995937500004 0.78140138125 0.31359415625 0.7948949734374999 0.35626931093750003 0.85816349375
2 0.39645891875 0.9177107124999999 0.43715297968750005 0.8903376109375 0.398003803125 0.8326179015624999 0.3576011234375 0.8600206296874999 0.39645891875 0.9177107124999999
1 0.401723440625 0.7354510203125 0.42192926249999996 0.7655191515624999 0.44815288437499995 0.7479347546875 0.43324750781250004 0.72594839375 0.420865328125 0.7343511656249999 0.41546661250000005 0.7262885625 0.401723440625 0.7354510203125
13 0.48681227343750005 0.7667035890625 0.4673291296875 0.7378046703125001 0.43949078437500005 0.7565102515625 0.4591270109375 0.785588621875 0.48681227343750005 0.7667035890625
10 0.4208420796875 0.7315755828125 0.43314882343749994 0.7231671515625 0.4287041125 0.7165775984375 0.41642270937500003 0.7250235953125 0.4208420796875 0.7315755828125
10 0.4309216546875 0.7114518859375 0.44246455781250005 0.7285537671875 0.4534678375 0.721205465625 0.4605962828125 0.7317822015625 0.46679981562500006 0.7275978671875001 0.44813765156249996 0.6998546265625001 0.4309216546875 0.7114518859375
8 0.40903015624999994 0.8228057890624999 0.4102947875 0.824661121875 0.40100088906250003 0.8309223953125 0.45459594843750006 0.9104446046874999 0.502633159375 0.8779809015625 0.46147097343750004 0.8172125187500001 0.523733746875 0.7752760578125 0.5095850484375 0.75425504375 0.40903015624999994 0.8228057890624999
10 0.5253851796875 0.7202950968749999 0.5108741234374999 0.698781571875 0.4969981078125 0.7081410640625 0.5114223078125 0.729620821875 0.5253851796875 0.7202950968749999
10 0.5251403171875 0.7744498203125 0.5322635625000001 0.76964513125 0.519495615625 0.750715871875 0.512444184375 0.755417465625 0.5251403171875 0.7744498203125
2 0.7376885046874999 0.5599852484375 0.7709448796875 0.537691125 0.7307542703125 0.4780390375 0.6975642703125 0.500425975 0.7376885046874999 0.5599852484375
1 0.6423471203125 0.556775775 0.6456142375 0.5615775640625 0.673355571875 0.5428036015625 0.65168295625 0.510599978125 0.6326621515624999 0.5235088296875 0.6416782640625 0.536875765625 0.630973315625 0.5440963437499999 0.640350953125 0.55812220625 0.6423471203125 0.556775775
10 0.8037404421875 0.619197553125 0.79616670625 0.6242816015625 0.8211512703125001 0.661322740625 0.8180312296875 0.6633612703125 0.8427271546874999 0.7003992046875 0.8536004140625 0.693129178125 0.8037404421875 0.619197553125
9 0.756415878125 0.6625925234375 0.7318710078125 0.6260803109374999 0.6874840375 0.6561403234375 0.7120085984375 0.69258330625 0.756415878125 0.6625925234375
7 0.703027275 0.584063771875 0.735115865625 0.5621954640625 0.685145046875 0.48804082187500003 0.652844178125 0.5097620671875001 0.703027275 0.584063771875
1 0.7127943953125 0.6982106453125 0.7366203812500001 0.733534121875 0.7518713953125 0.723360265625 0.7307103125000001 0.6919876703125001 0.728984878125 0.693151490625 0.7262960484375001 0.6891036640625 0.7127943953125 0.6982106453125
10 0.7873245984375 0.6025441296875 0.77762874375 0.6090840656250001 0.786100090625 0.6215651140625 0.788001609375 0.6203466046874999 0.7886604078125 0.6213233140625001 0.796382171875 0.616045184375 0.7873245984375 0.6025441296875
10 0.776527184375 0.6066909109374999 0.7881845390625 0.5989655093749999 0.771220871875 0.5738912828125 0.759630303125 0.5815452515625 0.776527184375 0.6066909109374999
10 0.809248634375 0.5755564171875001 0.8409606171874999 0.5541664140625 0.831025809375 0.5393648078125 0.79931253125 0.5607556828125 0.809248634375 0.5755564171875001
10 0.832162240625 0.705787621875 0.8381867078124999 0.701667525 0.8277915 0.686194525 0.8217362484375 0.6903919265625 0.832162240625 0.705787621875
11 0.7522340953125 0.75668240625 0.7667965921875 0.7467675265625 0.752689803125 0.72580305625 0.7381065140625 0.735639609375 0.7522340953125 0.75668240625
6 0.792337546875 0.5594010093749999 0.7869319625 0.5630471218750001 0.78584614375 0.5614010046875 0.7714214640625 0.571156959375 0.7896473734375 0.597965621875 0.7904239359375 0.5974795187499999 0.7923050953125 0.600268453125 0.8059090843750001 0.5910924468750001 0.804027925 0.5883035125 0.8094322125 0.5846582734375 0.792337546875 0.5594010093749999
10 0.627219815625 0.5671470109375 0.6383651890625 0.5596293609375 0.6177520578125 0.5290104578125 0.6065813453125 0.5364905421875 0.627219815625 0.5671470109375
13 0.7644334171875 0.6362850140625 0.7848136343750001 0.62240456875 0.7582895421875 0.5830809859375 0.73772321875 0.5966855171875001 0.7644334171875 0.6362850140625
10 0.6313538734375 0.5412236703125 0.638922153125 0.5360924140625001 0.6307695953125 0.5239806031249999 0.6231513640624999 0.5290908937500001 0.6313538734375 0.5412236703125
3 0.7886895359375 0.6724529625 0.811052825 0.6573687328125 0.7878680671875 0.62289811875 0.7654783375 0.638141534375 0.7886895359375 0.6724529625
2 0.74800135625 0.615111671875 0.7332417546875 0.6252009640625 0.759196875 0.663890578125 0.7297194078125 0.68377338125 0.7719480828124999 0.746379965625 0.8163421156249999 0.7165036625 0.74800135625 0.615111671875
12 0.8673870484374999 0.6618786937500001 0.8991628390624999 0.6405078484375 0.8434978531249999 0.5577491921875 0.8118061296875 0.5793592359375 0.8673870484374999 0.6618786937500001
2 0.7724615203125 0.536703946875 0.8093335343750001 0.511778803125 0.769119096875 0.45212771093750004 0.7323324343750001 0.4771291 0.7724615203125 0.536703946875
13 0.8094293718750001 0.661522659375 0.7902978359375 0.6746305921875 0.8177575906250001 0.7154810640625 0.8308693375 0.706637078125 0.8192066703125 0.6893464640625 0.825419271875 0.6851560109375 0.8094293718750001 0.661522659375
8 0.703027275 0.584063771875 0.676159534375 0.5442614453125 0.6167588312500001 0.58413736875 0.669618384375 0.6626026765625 0.7453548624999999 0.611199259375 0.734968184375 0.5957808171875 0.82496610625 0.53488798125 0.8107729734375001 0.5139044765625 0.7271803234374999 0.5703336640625001 0.7259177703125 0.568461853125 0.703027275 0.584063771875
10 0.691759521875 0.494452225 0.6965057625 0.49125084531249996 0.69056024375 0.482486546875 0.6857908640625 0.485656415625 0.691759521875 0.494452225
7 0.39976575312499996 0.829071671875 0.4425926609375 0.7998226921875 0.40029003281250003 0.7363632078125 0.3571065578125 0.7657094578125 0.39976575312499996 0.829071671875
13 0.3629659265625 0.7936372281249999 0.3499186734375 0.8023868234375 0.3777399625 0.843577696875 0.39688711875 0.830713665625 0.3808483859375 0.8071057125 0.3748260578125 0.811220596875 0.3629659265625 0.7936372281249999
10 0.335289775 0.7795976734375001 0.34566367656249997 0.7949776156249999 0.36293335312499997 0.78328949375 0.3508174234375 0.7652849765624999 0.3354843234375 0.7755858203125 0.33731673125 0.7782549750000001 0.335289775 0.7795976734375001
10 0.4440228796875 0.796078040625 0.4578588828125 0.786611725 0.43821611406249994 0.757445415625 0.42440108125 0.7669428218750001 0.4440228796875 0.796078040625
2 0.4581724359375 0.1455856375 0.49142881093749996 0.12329151249999999 0.4512373296875 0.0636381296875 0.418047328125 0.08602506875 0.4581724359375 0.1455856375
1 0.36283017812499996 0.1423748671875 0.366097296875 0.14717665625 0.39383863125 0.12840269375 0.3721660140625 0.0961990703125 0.3531452109375 0.1091079234375 0.362161321875 0.1224748578125 0.35145637500000004 0.1296954359375 0.3608340109375 0.1437213 0.36283017812499996 0.1423748671875
10 0.5242243734375001 0.2047979421875 0.5166506390625 0.20988198906250002 0.541635203125 0.2469231296875 0.5385151609375 0.24896165781250001 0.5632102125 0.285998296875 0.5740843453125 0.27872956718749997 0.5242243734375001 0.2047979421875
9 0.4768989375 0.248191615625 0.4523540671875 0.211679403125 0.4079670953125 0.24173941562499998 0.43249252968749996 0.27818369375 0.4768989375 0.248191615625
7 0.42351033437499996 0.1696628640625 0.4555997984375 0.1477958515625 0.4056281046875 0.0736399140625 0.3733272359375 0.095361159375 0.42351033437499996 0.1696628640625
1 0.433277453125 0.2838097375 0.4571034390625 0.319133215625 0.4723544546875 0.3089593578125 0.45119337187499997 0.2775867640625 0.44946793749999997 0.2787505828125 0.44677910781249996 0.27470275625 0.433277453125 0.2838097375
10 0.50780765625 0.18814322187500002 0.49811180312500003 0.1946831578125 0.5065831484375 0.20716420625 0.5084846671875 0.20594569687500003 0.5091425921875 0.20692111093749999 0.5168652296875 0.2016442765625 0.50780765625 0.18814322187500002
10 0.497011115625 0.19229129843749998 0.508667596875 0.1845646015625 0.4917048046875 0.159491671875 0.4801133609375 0.16714434375 0.497011115625 0.19229129843749998
10 0.5297316921874999 0.161155509375 0.561443675 0.13976550625 0.5515097421874999 0.12496519531250001 0.5197964640625 0.1463560703125 0.5297316921874999 0.161155509375
10 0.552646171875 0.291388009375 0.558669765625 0.28726661875000004 0.5482745578125 0.2717936171875 0.5422193078124999 0.27599101875 0.552646171875 0.291388009375
11 0.4727171546875 0.3422814984375 0.48727965156249997 0.33236661875 0.47317286249999996 0.31140214843749997 0.45858957343749995 0.3212387015625 0.4727171546875 0.3422814984375
6 0.5128206046875 0.1450001015625 0.507415021875 0.1486462140625 0.506329203125 0.14700009687499999 0.491905396875 0.1567573484375 0.5101304328125 0.1835647140625 0.51090786875 0.18307990624999998 0.5127881546874999 0.1858675453125 0.5263921421875 0.17669153906249999 0.52451185625 0.1739039 0.5299161453125001 0.1702586609375 0.5128206046875 0.1450001015625
10 0.347703746875 0.15274739843750001 0.358849121875 0.1452297484375 0.33823511562499997 0.1146095515625 0.32706440312499996 0.122089634375 0.347703746875 0.15274739843750001
13 0.484916475 0.22188410625000002 0.5052966921875 0.2080036609375 0.4787726 0.16868007812500002 0.4582062765625 0.182284609375 0.484916475 0.22188410625000002
10 0.35183780468750003 0.1268240578125 0.3594052109375 0.1216915078125 0.351252653125 0.1095796953125 0.343635296875 0.11469128125000001 0.35183780468750003 0.1268240578125
3 0.5091725953124999 0.2580520546875 0.5315358828125001 0.24296782656250002 0.508351125 0.2084972109375 0.4859613953125 0.223740628125 0.5091725953124999 0.2580520546875
2 0.468484415625 0.20071076406250002 0.45372481249999996 0.21080005625 0.4796799328125 0.24948967031249997 0.450202465625 0.2693724734375 0.4924311421875 0.331979059375 0.5368251734375 0.30210275625 0.468484415625 0.20071076406250002
12 0.5878701078125 0.2474777859375 0.6196458984375 0.22610694062499997 0.5639809109375 0.1433482859375 0.5322891875 0.164958328125 0.5878701078125 0.2474777859375
2 0.49294457812500003 0.122303040625 0.52981659375 0.09737789531249999 0.48960215625 0.037726803125 0.4528154921875 0.0627281921875 0.49294457812500003 0.122303040625
13 0.5299124296875 0.2471217515625 0.51078089375 0.2602296859375 0.5382406484375 0.30108015625 0.551352396875 0.2922361703125 0.5396906031250001 0.2749468515625 0.545903203125 0.2707564 0.5299124296875 0.2471217515625
8 0.42351033437499996 0.1696628640625 0.39664259375 0.12986053749999998 0.33724276249999996 0.1697377578125 0.39010056875 0.24820047343749999 0.46583879531249994 0.1967996484375 0.45545124374999996 0.18137990937499998 0.545448290625 0.12048577812500001 0.5312560328125 0.09950356875000001 0.44766338125000005 0.1559327578125 0.446400828125 0.1540609453125 0.42351033437499996 0.1696628640625
10 0.41224258125 0.0800513171875 0.41698882031249995 0.07684993749999999 0.4110433015625 0.06808563906250001 0.406273921875 0.0712555078125 0.41224258125 0.0800513171875
6 0.21608256718750002 0.29876393125 0.20681280000000002 0.30499950625 0.20421080468750002 0.30114189062499996 0.190577596875 0.3103639921875 0.19314554687500002 0.314176721875 0.1873568671875 0.3181434296875 0.2079671296875 0.3486323390625 0.21322395468750002 0.3450451015625 0.21442621874999998 0.3468275328125 0.2378323875 0.3312999625 0.21608256718750002 0.29876393125
3 0.0760827984375 0.441034703125 0.09602843125 0.42740969531250006 0.0530599015625 0.3640638890625 0.033144865625 0.37749675 0.0760827984375 0.441034703125
10 0.09442717187500001 0.3909631859375 0.1004163078125 0.38696115781249996 0.0898733578125 0.3714144171875 0.0839781234375 0.375390803125 0.09442717187500001 0.3909631859375
10 0.15058395468750002 0.2940933625 0.1619881875 0.31119642812500004 0.1729418453125 0.30380809062499997 0.1801958546875 0.3143642140625 0.18642424375 0.3102083453125 0.167767296875 0.282548284375 0.15058395468750002 0.2940933625
2 0.191398503125 0.411247559375 0.22400171093750001 0.45959777187500006 0.29298826875 0.4130355953125 0.2533764421875 0.35430864687499997 0.1914888828125 0.3961503359375 0.198457825 0.4064822171875 0.191398503125 0.411247559375
1 0.1375406859375 0.495531703125 0.13469291562500002 0.497431815625 0.147045628125 0.515787378125 0.173457921875 0.4980719515625 0.1611408453125 0.47965465781249994 0.15983336406249998 0.48053279531250004 0.1583750015625 0.47835392031249996 0.136062984375 0.493382834375 0.1375406859375 0.495531703125
10 0.1635311421875 0.37868394843750003 0.1773669359375 0.3692592359375 0.15775780625 0.34038310156249996 0.1440152140625 0.349652596875 0.1635311421875 0.37868394843750003
10 0.1691210140625 0.3297934421875 0.1800239703125 0.3224053796875 0.17296508906250002 0.3118703046875 0.16206195 0.3192245640625 0.1691210140625 0.3297934421875
13 0.082647778125 0.3762881328125 0.0695826640625 0.3851006625 0.0972273453125 0.4261694171875 0.11639733593749998 0.41328055937499997 0.10043084531249999 0.3896483796875 0.09436528125 0.393701959375 0.082647778125 0.3762881328125
13 0.178638396875 0.36805106875 0.20640479531249997 0.3492639703125 0.186960340625 0.32046711562499997 0.1592134328125 0.3392523765625 0.178638396875 0.36805106875
0 0.347134659375 0 0 0.23414528437499998 0 0.652865340625 0.23414528437499998 1 0.652865340625 1 1 0.765854715625 1 0.347134659375 0.765854715625 0 0.347134659375 0
10 0.07036388593750001 0.34790281093750003 0.055260853124999995 0.3581144375 0.05705861718750001 0.3607881140625 0.054890165625 0.362250753125 0.065195915625 0.37752965625 0.0825007796875 0.36585737812499997 0.07036388593750001 0.34790281093750003
11 0.1309038 0.52671664375 0.1457863203125 0.51667825625 0.13219904531249999 0.49649796874999996 0.11726672187500001 0.50646251875 0.1309038 0.52671664375
8 0.12055699375 0.4135601140625 0.17420508125 0.4931916765625 0.22232553125 0.46073402343750003 0.1811716859375 0.3999053578125 0.2434203984375 0.3580933484375 0.2292581078125 0.336962765625 0.1624501234375 0.38257188750000004 0.1286089125 0.40538487968750003 0.1299221421875 0.40733182343749996 0.12055699375 0.4135601140625
2 0.11603385468750001 0.5003847312499999 0.1567512578125 0.4729204953125 0.1176526 0.4151667109375 0.0770039375 0.4425204984375 0.11603385468750001 0.5003847312499999
10 0.231045465625 0.3121567703125 0.24494350312500002 0.302782425 0.230501625 0.2813994015625 0.21658201406250002 0.290711025 0.231045465625 0.3121567703125
10 0.24480044687500002 0.3570908765625 0.2522738703125 0.35212914687499997 0.23952005 0.333167740625 0.2321221859375 0.33815766406250003 0.24480044687500002 0.3570908765625
1 0.1351024046875 0.3089969203125 0.121311359375 0.318121934375 0.14148750000000002 0.3480706171875 0.16779410156250002 0.3306846859375 0.152801590625 0.30853281718750003 0.14042172656250002 0.316883140625 0.1351024046875 0.3089969203125
10 0.140441896875 0.3142026640625 0.1527680140625 0.3058508984375 0.148284859375 0.2992043484375 0.1359412671875 0.30753020625 0.140441896875 0.3142026640625