13 0.8768817468749999 0.520832659375 0.9196442796875001 0.5260049687499999 0.9271764921875001 0.4643915234375 0.9162989671874999 0.46297758437500003 0.9166838437499999 0.46030783125 0.8892963999999999 0.45699481718749996 0.888967475 0.45966860625 0.8845891359375001 0.45914859375 0.8768817468749999 0.520832659375
2 0.6529836375 0.4268570890625 0.6525978218749999 0.42682572968750004 0.642195484375 0.51482156875 0.6434083671875 0.5150175578125 0.6336041140625001 0.5945104703124999 0.6324524 0.5944083421874999 0.6320967015625001 0.597078846875 0.6339247968749999 0.5971704578125 0.634498590625 0.5928673828125001 0.7024803234375 0.6011979484375 0.7022371953125 0.6030940921875 0.7039442203124999 0.6033839703125 0.71074336875 0.5479038828125 0.711883090625 0.5479811046874999 0.72582270625 0.4360060640625 0.7245205421875001 0.435797484375 0.724926928125 0.4325657109375 0.6533264578125 0.4242447359375 0.6529836375 0.4268570890625
7 0.9225877203125 0.5249441984375001 0.9219560234375 0.5300138390625 0.8731782046875001 0.52371158125 0.8675647578125 0.5671741640625 0.8730054328125 0.5678588421875 0.8718719687500001 0.5769104625 0.869735615625 0.5766674218750001 0.86445615 0.61957201875 0.8871634890625 0.6223740640625001 0.8869010234375001 0.624504478125 0.9174441874999999 0.6282855890625 0.9176967734374999 0.626155421875 0.9360196843749999 0.6283718703125001 0.9377984250000001 0.6134312796875 0.9393384390625 0.613604740625 0.9446491015625 0.57054465625 0.9430992953124999 0.57035513125 0.94827998125 0.5281637546875 0.9225877203125 0.5249441984375001
2 0.161728653125 0.4478826890625 0.16297331406249999 0.4479266375 0.1769394453125 0.3357472984375 0.17567476875000002 0.33549626093749996 0.17602248125 0.33266482656249996 0.10442734843749998 0.3236690515625 0.09336981250000001 0.4147111203125 0.09447934687500001 0.414865709375 0.08492269375 0.49252266718750004 0.1535893328125 0.5009858359375 0.15334684375000002 0.50278904375 0.1550555046875 0.5029666828125 0.161728653125 0.4478826890625
9 0.3997382546875 0.4250242828125 0.40131195937499997 0.4252799359375 0.4065827265625 0.382264840625 0.4050572453125 0.38205987812500003 0.40681359375000004 0.3677643625 0.381144109375 0.3646252953125 0.373750590625 0.424849853125 0.3993832140625 0.427997259375 0.3997382546875 0.4250242828125
7 0.3241097328125 0.46777436874999995 0.3230146703125 0.4767805421875 0.32108855625 0.476544590625 0.3156998015625 0.5191706921875 0.3383988703125 0.5220371984375001 0.33811491562499996 0.524355475 0.368353903125 0.5278916375 0.3686611578125 0.5257536765624999 0.387136603125 0.5280216625 0.3993832140625 0.427997259375 0.373750590625 0.424849853125 0.3731248421875 0.42984125312500004 0.324940953125 0.423867628125 0.319556275 0.46722859375 0.3241097328125 0.46777436874999995
8 0.8789738921874999 0.451889675 0.8786145203125001 0.45468976874999995 0.8784197125000001 0.45630495 0.8104333265625 0.4480056390625 0.81060908125 0.44639933750000005 0.8006847578125 0.44521310156249994 0.800489759375 0.446722021875 0.732480503125 0.4384173515625 0.7330706484375 0.43387909375 0.7313101078125 0.43366271875000006 0.73091605625 0.4365976265625 0.72961803125 0.43645566718750006 0.7160063453125 0.5485979546875 0.7171844140625 0.5487261140624999 0.716868328125 0.5515770203125 0.7185952906249999 0.551774959375 0.7191526015624999 0.5472479031249999 0.7871171828125 0.5556238765625 0.7869063765625001 0.5573501734375 0.79682984375 0.5584430171875 0.7970395546875 0.5568111499999999 0.8650446140625 0.56514558125 0.8645044546875 0.5696272296875 0.8663942875 0.5698749640624999 0.8667580562499999 0.567092553125 0.8675647578125 0.5671741640625 0.8731782046875001 0.52371158125 0.881683165625 0.45509529843749996 0.8804633453124999 0.45493803593750004 0.8808078968749999 0.4521383140625 0.8789738921874999 0.451889675
9 0.948638028125 0.525330578125 0.9501494328125 0.5255655499999999 0.9554909234375 0.48233516249999997 0.953917703125 0.4821580859375 0.9557233703125 0.4678188296875 0.9299848656249999 0.464627615625 0.9225877203125 0.5249441984375001 0.94827998125 0.5281637546875 0.948638028125 0.525330578125
13 0.3782947828125 0.364293353125 0.3674389078125 0.3629742640625 0.3677508921875 0.3600779890625 0.340305125 0.3567847234375 0.340006275 0.359573909375 0.33562903125 0.3589594671875 0.3278795859375 0.42070093125 0.370755184375 0.42588820156249996 0.3782947828125 0.364293353125
0 0.13001946250000002 0 0.0090581875 0.395646503125 0 0.4694191484375 0 0.8699805375 0.395646503125 0.9909418125 0.4694191484375 1 0.8699805375 1 0.9909418125 0.6043534968750001 1 0.5305808515625 1 0.13001946250000002 0.6043534968750001 0.0090581875 0.5305808515625 0 0.13001946250000002 0
8 0.1836237859375 0.33829087812499997 0.1838546359375 0.3365952171875 0.18074689375 0.3361679296875 0.1671616953125 0.44828237031249996 0.1699563546875 0.448878628125 0.17024224375000002 0.4471899921875 0.2382837546875 0.4554800140625 0.23805178124999998 0.4571900359375 0.2479252625 0.4583394875 0.24809550625000001 0.45667104687500004 0.316171259375 0.4649666359375 0.3159390203125 0.46678441406250004 0.319556275 0.46722859375 0.324940953125 0.423867628125 0.33278396250000003 0.35485126562499997 0.32971803906249997 0.3545544046875 0.32949548906250004 0.3562656734375 0.2614981578125 0.347884590625 0.261749346875 0.3461918796875 0.2518425453125 0.344975053125 0.2516152546875 0.34673389062500004 0.1836237859375 0.33829087812499997