0 0.3428028359375 0 0.1106516484375 0.866403090625 0.32408574218749997 0.9705018546874999 0.4341741953125 1 0.6571971640625 1 0.8893483515625 0.133596909375 0.6759142578125 0.0294981453125 0.5658258046875 0 0.3428028359375 0
2 0.3957396578125 0.7765510765625 0.36187709687499997 0.903468715625 0.4163964125 0.9175619140625001 0.4468519984375 0.8039349093749999 0.440783925 0.802482540625 0.44127884375 0.80037355625 0.43704966718750005 0.7992391765625 0.439652053125 0.7898187734375 0.3957396578125 0.7765510765625
10 0.370729690625 0.8160454296875 0.37176161875 0.8123399703124999 0.38165032656250003 0.814598815625 0.39283640625 0.7731080453125 0.36945295 0.7667272640625 0.357264940625 0.812414459375 0.370729690625 0.8160454296875
8 0.525600925 0.5492648531250001 0.511126759375 0.5453866765625001 0.517052509375 0.523267653125 0.5314902312500001 0.5271350078125 0.5570765390625 0.431646696875 0.576818453125 0.43702846093750003 0.5775954828125001 0.43397750156250003 0.600936284375 0.440142771875 0.6002654125 0.4434002296875 0.606229525 0.44472714062499996 0.6380581109375 0.3254870703125 0.6330940375 0.324519265625 0.6371649406250001 0.30932203125 0.6418724453125 0.3104915265625 0.6566617406249999 0.2559101390625 0.54491638125 0.2257847 0.44831998906250004 0.5867408515625 0.5110710093749999 0.6036459203125 0.525600925 0.5492648531250001
10 0.49231550312500005 0.6866616734375001 0.5459053984375 0.701391565625 0.6117480171875 0.45599615625 0.5971556296875 0.452955615625 0.5985662921875 0.44768948281250004 0.575871615625 0.441496875 0.5744879375 0.44666490937500003 0.5580720015625 0.4428079796875 0.49231550312500005 0.6866616734375001
10 0.5312050328125 0.22357892812500002 0.47765588125 0.20915401249999999 0.3815241296875 0.5691824609375 0.445266446875 0.5863398046875 0.46331781562499996 0.5187969515625 0.45276941718749997 0.5159694953125 0.4562941171875 0.5027119421874999 0.46685103593750005 0.5054114328125 0.5409799890625 0.229325234375 0.5305741953124999 0.22614836718750003 0.5312050328125 0.22357892812500002
12 0.44293340625 0.79085768125 0.5085915296875 0.8079828515624999 0.5351333265625 0.7089743203125 0.5298349625000001 0.707554890625 0.5294817671875001 0.7088707296875 0.4901444515625 0.69900441875 0.48014296874999995 0.7363270140625 0.459105625 0.731102678125 0.44293340625 0.79085768125
13 0.4729211703125 0.69229035 0.47577053593749996 0.68155445625 0.489168278125 0.684980640625 0.49814264374999995 0.6516387859375 0.4899514609375 0.6494638265625 0.4854341375 0.6497222125000001 0.4333761984375 0.6357186453125 0.41399624687500003 0.7081347906250001 0.4735082890625 0.724117234375 0.47470331562499996 0.7196603484375 0.47950632187500003 0.7209476984375 0.48616685156250006 0.6960283031250001 0.4729211703125 0.69229035
10 0.335633578125 0.7381728921875 0.3347371625 0.7415185281250001 0.391309259375 0.756785040625 0.39241296718749996 0.7528468703125 0.335633578125 0.7381728921875
10 0.46216533593750003 0.843019003125 0.4420148453125 0.91822329375 0.508048765625 0.935686475 0.5279288546875 0.8607692640625 0.46216533593750003 0.843019003125
10 0.4020229640625 0.759722675 0.3985343 0.7724536734375 0.4409323109375 0.782667153125 0.45530568125000004 0.7297725921875 0.40548164375000006 0.7156799078125 0.3941799953125 0.757710596875 0.4020229640625 0.759722675
10 0.445828578125 0.5961475828125 0.4372688953125 0.62824356875 0.49136405937500005 0.6438978875 0.4995783171875 0.6464995890624999 0.5084840671874999 0.6130025796874999 0.445828578125 0.5961475828125
10 0.40249834375000004 0.7145360359375 0.4016270125 0.7139772 0.4051841453125 0.7012448265625 0.41197873749999997 0.7027438390625 0.4322982625 0.6263981296875001 0.43660895312500003 0.6186505906249999 0.4416705125 0.5997434125 0.43115714218749995 0.596712259375 0.43194705625 0.593763196875 0.381445590625 0.5803501437499999 0.38171721718749996 0.5793369921875 0.3789772953125 0.5784960984375 0.33796188437499997 0.7317845140625 0.39387600625 0.7470812734375001 0.40249834375000004 0.7145360359375