0 0 0 0 1 1 1 1 0 0 0
13 0.49158125 0.40093281249999996 0.45502343749999996 0.40106093749999994 0.45506875 0.44683124999999996 0.49149062499999996 0.44679843750000003 0.49158125 0.40093281249999996
6 0.4168546875 0.5678328125000001 0.41682031249999996 0.6199515625 0.44999062500000003 0.6200109375 0.4501390625 0.5694671875 0.44820312500000004 0.5694078124999999 0.44814375 0.5668703125000001 0.420684375 0.5668984375 0.42070468749999995 0.5678390624999999 0.4168546875 0.5678328125000001
1 0.36246875 0.313540625 0.3624546875 0.3630421875 0.4495 0.36393125 0.4494640625 0.3137078125 0.36246875 0.313540625
13 0.49173125000000006 0.31775312499999997 0.45514374999999996 0.3179078125 0.45549062500000004 0.3962921875 0.49155625000000003 0.39619218749999996 0.49173125000000006 0.31775312499999997
10 0.397334375 0.5677453125 0.384753125 0.5676734375 0.3846890625 0.5651796874999999 0.3658015625 0.565359375 0.365778125 0.6191671875 0.3974546875 0.61915625 0.397334375 0.5677453125
2 0.6351796875 0.38518281249999997 0.5740015625 0.38508593750000003 0.5742734375 0.510328125 0.6354093749999999 0.510425 0.6351796875 0.38518281249999997
12 0.5685125 0.494090625 0.49195 0.4937890625 0.4920265625 0.5601859375 0.5689296875000001 0.56011875 0.5685125 0.494090625
12 0.44994375 0.2795953125 0.36784218750000003 0.27964687499999996 0.3679625 0.3111171875 0.4498875 0.3106953125 0.44994375 0.2795953125
6 0.4032 0.5678453125 0.40315 0.619215625 0.41369999999999996 0.619125 0.413521875 0.567825 0.4032 0.5678453125
2 0.4975390625 0.332625 0.497334375 0.485546875 0.5685578125 0.48585781250000004 0.568509375 0.3325 0.4975390625 0.332625
10 0.36316875 0.6267625 0.3631359375 0.6795015624999999 0.4494515625 0.6793609375 0.449478125 0.6273625 0.36316875 0.6267625
3 0.574184375 0.3325265625 0.5743031249999999 0.37695625 0.6352125 0.3769984375 0.6354015625 0.332725 0.574184375 0.3325265625
7 0.44936875 0.37141406250000003 0.44700937500000004 0.37133125 0.4469265625 0.3688 0.4269796875 0.3687578125 0.4269796875 0.37108125 0.365778125 0.3714078125 0.3655875 0.5596140625 0.4205203125 0.5594296875 0.42071718750000003 0.563671875 0.4487 0.56336875 0.44936875 0.37141406250000003
12 0.398940625 0.6796031250000001 0.3631359375 0.6795015624999999 0.363228125 0.731953125 0.3991171875 0.73206875 0.398940625 0.6796031250000001
12 0.3605171875 0.47937031250000006 0.3332921875 0.47929843749999995 0.3333359375 0.5637234375 0.3605578125 0.5638234375 0.3605171875 0.47937031250000006
8 0.448684375 0.5576078125 0.4564078125 0.5575234375 0.4565359375 0.5694109375 0.45223125 0.5695265625 0.4522953125 0.6192984375 0.45505000000000007 0.6193421875 0.45516875 0.724353125 0.5685156250000001 0.7244609375 0.5684265625 0.567790625 0.53173125 0.5675734375 0.53173125 0.5601859375 0.4920265625 0.5601859375 0.49149843750000005 0.45208750000000003 0.44913749999999997 0.45175312500000003 0.448684375 0.5576078125
12 0.3680140625 0.2406265625 0.36793125 0.2723921875 0.49576093749999994 0.27215781250000004 0.49584374999999997 0.2408015625 0.3680140625 0.2406265625