0 0.393721875 0 0 0.175296875 0 0.606278125 0.175296875 1 0.606278125 1 1 0.8247031249999999 1 0.393721875 0.8247031249999999 0 0.393721875 0
10 0.353853125 0.40717499999999995 0.381625 0.3947796875 0.3581015625 0.342084375 0.3303 0.35443125000000003 0.353853125 0.40717499999999995
1 0.572521875 0.3438328125 0.6156421875 0.324634375 0.5728765625000001 0.2287296875 0.5297203125000001 0.24812812499999998 0.572521875 0.3438328125
3 0.32715 0.34785937499999997 0.40344687500000004 0.31370156250000003 0.363971875 0.2255859375 0.28781875 0.2593 0.32715 0.34785937499999997
10 0.5370125 0.14806875 0.4936375 0.167409375 0.5263953124999999 0.24112499999999998 0.56985 0.221778125 0.5370125 0.14806875
10 0.30474999999999997 0.46311093750000004 0.361715625 0.4377484375 0.32165625000000003 0.3478703125 0.26466406249999996 0.37318281249999996 0.30474999999999997 0.46311093750000004
10 0.669509375 0.6332625000000001 0.6911421875 0.6235593749999999 0.665640625 0.5664828125 0.6440265625 0.576153125 0.669509375 0.6332625000000001
10 0.3665265625 0.43566562500000006 0.39428593749999996 0.42330625 0.38465625000000003 0.40177968750000004 0.35699375 0.41415625 0.3665265625 0.43566562500000006
7 0.4889859375 0.45628906249999995 0.3980046875 0.4975125 0.5054484375 0.738765625 0.5976390625 0.6976734375 0.4889859375 0.45628906249999995
13 0.3991265625 0.42108437500000007 0.4425484375 0.401590625 0.4063328125 0.320353125 0.362996875 0.339746875 0.3991265625 0.42108437500000007
10 0.4849140625 0.7481421874999999 0.5007406249999999 0.741034375 0.4757140625 0.684525 0.4598375 0.6918562500000001 0.4849140625 0.7481421874999999
2 0.249115625 0.547021875 0.19755781249999999 0.5699703125 0.28318750000000004 0.7626937500000001 0.37331875000000003 0.7225937499999999 0.2967796875 0.550490625 0.25829843750000003 0.5677296875 0.249115625 0.547021875
13 0.194584375 0.5634921875 0.2462625 0.5404265625 0.195734375 0.42711875 0.14417968750000001 0.45013437500000003 0.194584375 0.5634921875
6 0.2315484375 0.4953078125 0.2457765625 0.4888296875 0.24888906249999998 0.49587812500000006 0.28649375 0.47897187499999994 0.2835328125 0.472175 0.2998078125 0.46491718750000005 0.25995 0.37539531249999997 0.1916640625 0.4054609375 0.2315484375 0.4953078125
10 0.6607140625000001 0.6266421875 0.6409281250000001 0.6353875 0.6569953125 0.6713078125 0.7032046875 0.6507031249999999 0.69403125 0.630471875 0.66766875 0.6422625 0.6607140625000001 0.6266421875
2 0.44736562500000004 0.3996765625 0.5676203125 0.3458828125 0.4891328125 0.1695546875 0.368890625 0.22304374999999999 0.44736562500000004 0.3996765625
1 0.63905625 0.5780328124999999 0.5643125 0.61149375 0.6023968749999999 0.69568125 0.652296875 0.67331875 0.633225 0.6307921875 0.657734375 0.6196953125 0.63905625 0.5780328124999999
8 0.7109921875 0.538453125 0.6189890625000001 0.33185937499999996 0.234953125 0.5023875 0.26029843750000003 0.5593140625 0.4893734375 0.4559796875 0.5570046875 0.606790625 0.7109921875 0.538453125
2 0.3778546875 0.7205874999999999 0.4727140625 0.678428125 0.3961875 0.505903125 0.30141249999999997 0.5485078125 0.3778546875 0.7205874999999999