0 0.45185624999999996 0 0.1285125 0.0628515625 0.3106765625 1 0.54814375 1 0.8714875 0.9371484375 0.6893234374999999 0 0.45185624999999996 0
2 0.5745984375 0.79655 0.5728078125 0.7869421875 0.5275234375 0.7942671875 0.552725 0.923184375 0.6079046875 0.9119515625 0.5854671875 0.7964734375 0.5793765625 0.797828125 0.5788968750000001 0.7957156249999999 0.5745984375 0.79655
10 0.499590625 0.7969609375 0.5086640625000001 0.8433671875 0.5223578125 0.840728125 0.5216609375 0.8369453124999999 0.5315390625 0.8346406249999999 0.5234046875 0.7924453125 0.499590625 0.7969609375
8 0.491575 0.6006171874999999 0.5553859375 0.588303125 0.54460625 0.53305625 0.529896875 0.535915625 0.5255265625 0.5134375 0.5401984375 0.510584375 0.5213359375 0.41354375 0.5414390625000001 0.40972656250000006 0.5408000000000001 0.40664375 0.5644812499999999 0.401953125 0.56530625 0.405175 0.5712484375 0.403753125 0.547584375 0.282628125 0.5426984375 0.28393437499999996 0.5396953124999999 0.268490625 0.5444390625 0.267478125 0.5338046875 0.21193749999999997 0.4201625 0.233846875 0.491575 0.6006171874999999
10 0.54356875 0.41940937500000003 0.5271234375 0.42313906250000005 0.5749203125 0.6711390625 0.6295437500000001 0.6608859375 0.5811484375 0.4114625 0.5667 0.41512656249999996 0.565659375 0.40977499999999994 0.542546875 0.41415781249999994 0.54356875 0.41940937500000003
10 0.41817656249999996 0.2387546875 0.40743124999999997 0.24046093750000003 0.40687187500000005 0.237875 0.35241875 0.24838437500000002 0.4238421875 0.6141171875 0.48865468749999996 0.6015953125 0.4752703125 0.532975 0.46455 0.5350578125000001 0.46190625 0.521596875 0.47257812499999996 0.5193953125 0.41817656249999996 0.2387546875
12 0.5857515624999999 0.7211140625 0.564553125 0.725640625 0.5762125 0.7864375 0.6427328125 0.773046875 0.6231859375 0.6724234375 0.6178015625 0.6734703125 0.6180609375 0.6748078125 0.5783796875 0.683184375 0.5857515624999999 0.7211140625
13 0.5784374999999999 0.7075703125 0.5735 0.682253125 0.55995625 0.6847000000000001 0.5578109375 0.6738015625 0.5713546875 0.6710078125 0.5648046875 0.63710625 0.5564890625000001 0.6387421875 0.5525421875000001 0.6409546875000001 0.49961406249999996 0.6511890625000001 0.513940625 0.724771875 0.5744359375 0.7130484375 0.57355625 0.70851875 0.5784374999999999 0.7075703125
10 0.5148765625 0.77844375 0.5141421875 0.7744203125 0.45667656250000005 0.786121875 0.45733750000000006 0.7895218749999999 0.5148765625 0.77844375
10 0.6982265625 0.8880640625 0.683253125 0.8120140625 0.6163640625 0.8248890624999999 0.6312203125 0.901315625 0.6982265625 0.8880640625
10 0.5095953125 0.7352859375 0.5178625 0.7780171874999999 0.52579375 0.7763875 0.5282390625 0.789359375 0.5708234375 0.779953125 0.5605546875 0.7261109375 0.5095953125 0.7352859375
10 0.5638421874999999 0.6318578125000001 0.5571625 0.597846875 0.49345937500000003 0.6101640625 0.4998359375 0.6427640625000001 0.55531875 0.6331203125 0.5638421874999999 0.6318578125000001
10 0.45596875 0.7793593750000001 0.5129296875 0.768596875 0.5064124999999999 0.735565625 0.505384375 0.7354453125 0.503 0.7224421875 0.5097640625000001 0.7208109375 0.49455937499999997 0.643284375 0.4950375 0.63443125 0.49129843749999996 0.61521875 0.48052031250000005 0.6171031250000001 0.4799375 0.6141062500000001 0.4286671875 0.6241890625 0.4284671875 0.623159375 0.42563593749999995 0.6236046875000001 0.45596875 0.7793593750000001