0 0.49127245625000004 0 0.0921460328125 0.0139378015625 0 0.44744804374999997 0 0.50872754375 0.0139378015625 0.9078539671874999 0.44744804374999997 1 0.50872754375 1 0.9078539671874999 0.9860621984375 1 0.5525519562500001 1 0.49127245625000004 0.9860621984375 0.0921460328125 0.5525519562500001 0 0.49127245625000004 0
2 0.1640665859375 0.6498761453124999 0.2755568796875 0.6735746265625 0.315072015625 0.48756194218750004 0.2036149546875 0.4635167765625 0.1640665859375 0.6498761453124999
2 0.2831366453125 0.6750563109375001 0.3901790203125 0.697593690625 0.42986457656250004 0.5114468515625 0.3226526625 0.48884503749999997 0.2831366453125 0.6750563109375001
10 0.389216075 0.3233086671875 0.39079745625 0.3160318578125 0.3136127546875 0.299371665625 0.3115332 0.3095301171875 0.389216075 0.3233086671875
10 0.39694107343749996 0.3250541953125 0.418084303125 0.32856532031249996 0.43956666093749996 0.2270834640625 0.41889965 0.22256917031249998 0.39694107343749996 0.3250541953125
6 0.290337046875 0.40868650625 0.3530907765625 0.42202487031249997 0.3724144625 0.331525040625 0.309281340625 0.3204403515625 0.290337046875 0.40868650625
13 0.3626693015625 0.4130491796875 0.449855075 0.43158022812499997 0.46721252968749993 0.3488428109375 0.3796547953125 0.333181178125 0.3626693015625 0.4130491796875
9 0.4911724890625 0.2380797703125 0.44708736406250005 0.22870948593749998 0.425617434375 0.32992043125000003 0.46997085156249996 0.3382432140625 0.4911724890625 0.2380797703125
7 0.45567173437499997 0.4436861671875 0.5942245015625 0.47255270468750005 0.63766720625 0.269308078125 0.49908648906249997 0.23982026093750003 0.45567173437499997 0.4436861671875
10 0.6210508765625 0.384595709375 0.635411459375 0.387647953125 0.6593900374999999 0.2736572984375 0.6451854406249999 0.270460459375 0.6210508765625 0.384595709375
10 0.6432407390625 0.3889770875 0.683063134375 0.3976988703125 0.690364359375 0.3637593234375 0.650221340625 0.35512378437500003 0.6432407390625 0.3889770875
13 0.6032061296875 0.46788484375 0.665340703125 0.4811776015625 0.6806227984375 0.40858441718750005 0.6185703859375 0.39527159375 0.6032061296875 0.46788484375
3 0.7317507875 0.43325260312499997 0.7341330453125 0.42204701250000004 0.752095915625 0.4258630671875 0.7791579546875 0.29907731875 0.6669287703125 0.275262365625 0.6524292203125001 0.3446106375 0.700624615625 0.35447215 0.6880220921875 0.41246448750000003 0.6711609375 0.49369929375000005 0.7177736484375 0.5035472828125 0.719658003125 0.49473865312500004 0.7367504484375 0.49834276875 0.749830334375 0.43691761875 0.7317507875 0.43325260312499997
2 0.73476685625 0.50950316875 0.717430384375 0.5061639812500001 0.7179169578125 0.5038455875000001 0.60115258125 0.47914618437499995 0.5642115109375 0.6517452390625 0.6985449453125 0.679952378125 0.73476685625 0.50950316875
1 0.5468516718750001 0.7313699078125 0.6049574703125 0.7438637171875 0.6194931343750001 0.6744750984375 0.561727990625 0.6620209859374999 0.5468516718750001 0.7313699078125
10 0.696205059375 0.6908938296875 0.62716649375 0.6762193015625 0.6101966109375 0.7559523 0.6790765921874999 0.7707418078125 0.696205059375 0.6908938296875
8 0.39781555156250004 0.699715971875 0.5397481734375 0.7297371328125 0.59419625 0.473086828125 0.29016475625 0.40934917187500003 0.277790590625 0.46806054062499997 0.43956999999999996 0.502299440625 0.39781555156250004 0.699715971875