0 0.21875 0 0.21875 1 0.78125 1 0.78125 0 0.21875 0
1 0.5986625 0.9261687500000001 0.5986296875 0.8454890625000001 0.5276578125 0.845665625 0.5275218749999999 0.9261687500000001 0.5986625 0.9261687500000001
2 0.4286875 0.3291359375 0.49127968749999995 0.3294609375 0.49123906249999993 0.1435421875 0.4286046875 0.1433625 0.4286875 0.3291359375
2 0.42830625 0 0.42830625 0.13156718750000002 0.49111562500000006 0.1300015625 0.49121718750000004 0 0.42830625 0
6 0.5260828125 0.0529734375 0.52824375 0.17350625 0.5740125 0.17291875 0.573525 0.0528625 0.5260828125 0.0529734375
13 0.5304031250000001 0.336328125 0.574284375 0.3366140625 0.5738515625 0.18558125 0.530240625 0.1857390625 0.5304031250000001 0.336328125
10 0.58048125 0.186121875 0.5797140625 0.186153125 0.5798984375 0.250146875 0.6374546875 0.25044374999999997 0.6376203125 0.20608749999999998 0.5806265625 0.20652187500000002 0.58048125 0.186121875
10 0.57965625 0.2617578125 0.580059375 0.336203125 0.6374593749999999 0.336246875 0.6373390624999999 0.2627984375 0.57965625 0.2617578125
1 0.5801140625000001 0.3491625 0.5804015625 0.40871874999999996 0.6041296875 0.40923125000000005 0.6041359374999999 0.5881140625 0.63736875 0.5878078125 0.63736875 0.34891875 0.5801140625000001 0.3491625
7 0.5744546875000001 0.4218171875 0.5742468749999999 0.34912031250000003 0.52495625 0.349134375 0.5252265625 0.587946875 0.5989718749999999 0.588221875 0.5984953125 0.42134218749999997 0.5744546875000001 0.4218171875
8 0.5249703125 0.1735703125 0.5271250000000001 0.173140625 0.5251625 0.05291875 0.49676875000000004 0.052278124999999995 0.496578125 0.3409609375 0.427965625 0.3412828125 0.428925 0.58814375 0.5252265625 0.587946875 0.5249703125 0.1735703125
10 0.574228125 0.6008390625 0.5741875000000001 0.6228578125 0.6373656249999999 0.6226578125 0.637528125 0.6001828125 0.574228125 0.6008390625
1 0.38614375 0.708465625 0.4228546875 0.7089171875 0.422915625 0.600896875 0.38627812499999997 0.6007781249999999 0.38614375 0.708465625
10 0.38101250000000003 0.8326765625 0.42286250000000003 0.832978125 0.4229234375 0.7217546875 0.38101250000000003 0.721815625 0.38101250000000003 0.8326765625
1 0.5222296875 0.92585 0.522 0.8451671875000001 0.42877187499999997 0.8456374999999999 0.42863749999999995 0.926290625 0.5222296875 0.92585
1 0.637528125 0.6349796875 0.6037828125 0.6351546875 0.6042703125 0.8330718750000001 0.637371875 0.8330718750000001 0.637528125 0.6349796875
1 0.386340625 0 0.386115625 0.587696875 0.42295 0.5884234375 0.423025 0 0.386340625 0
13 0.5276109375 0.70619375 0.5685421875000001 0.7059109375 0.5684671875 0.6959671875 0.57433125 0.69663125 0.57433125 0.7056828125 0.5986578125 0.7057109374999999 0.598646875 0.6350296875 0.57430625 0.6350718750000001 0.574275 0.6476671875 0.568503125 0.6475953125 0.568503125 0.6007640624999999 0.5277421875 0.60093125 0.5276109375 0.70619375
3 0.5278765625 0.7186203124999999 0.5277421875 0.8332578125 0.5985515625 0.8328171875000001 0.5986640624999999 0.7185312500000001 0.5278765625 0.7186203124999999
2 0.5220796875 0.8332968749999999 0.5221953125 0.804328125 0.5277859375 0.8042812500000001 0.5278765625 0.7186203124999999 0.5221 0.7184953125 0.522146875 0.6006843749999999 0.42872343749999997 0.6009890625 0.42865624999999996 0.832978125 0.5220796875 0.8332968749999999