0 0.4386078125 0 0 0.10935781250000001 0 0.5613921875 0.10935781250000001 1 0.5613921875 1 1 0.8906421874999999 1 0.4386078125 0.8906421874999999 0 0.4386078125 0
2 0.6515875 0.3399 0.616703125 0.1998734375 0.5058984375 0.22756875000000001 0.540053125 0.3674734375 0.6515875 0.3399
10 0.3942171875 0.269646875 0.4205734375 0.2628109375 0.41722656249999995 0.24968437500000001 0.3801375 0.2590421875 0.3964671875 0.3240390625 0.40720625000000005 0.321215625 0.3942171875 0.269646875
1 0.7112375 0.5795671875 0.7015125 0.5411328125 0.67161875 0.5485359375 0.6653703125 0.523784375 0.3464796875 0.6033125 0.3499828125 0.6173578125 0.3705734375 0.635690625 0.5450890625 0.59246875 0.553865625 0.6272984375 0.6266453125 0.609790625 0.6244500000000001 0.600984375 0.7112375 0.5795671875
1 0.69868125 0.508134375 0.7325953125 0.49965000000000004 0.6709203125000001 0.2542015625 0.6379546875 0.262578125 0.69868125 0.508134375
13 0.464521875 0.3138984375 0.3981578125 0.330403125 0.41483437500000003 0.39778437499999997 0.4814890625 0.38128281249999996 0.464521875 0.3138984375
10 0.6748078125 0.5411453125000001 0.7001875 0.53466875 0.695628125 0.5162109375 0.6702250000000001 0.522565625 0.6748078125 0.5411453125000001
13 0.2926515625 0.4954953125 0.3079265625 0.5574375 0.348728125 0.547353125 0.3330953125 0.48555937499999996 0.2926515625 0.4954953125
13 0.4219921875 0.27016874999999996 0.40066406250000003 0.275075 0.41167031249999997 0.32013125 0.4330859375 0.314496875 0.4219921875 0.27016874999999996
13 0.43878593749999995 0.31337031249999997 0.4781109375 0.3036828125 0.4617859375 0.23836875000000002 0.42170781249999995 0.2486171875 0.43878593749999995 0.31337031249999997
10 0.343778125 0.61208125 0.33033125 0.55875625 0.30481250000000004 0.5651765625 0.2888453125 0.50105625 0.2691046875 0.5472265625 0.343778125 0.61208125
10 0.5184828125000001 0.3004265625 0.46938124999999997 0.312734375 0.4824671875 0.3643796875 0.5314609375 0.352253125 0.5184828125000001 0.3004265625
10 0.377953125 0.3871203125 0.405621875 0.3801609375 0.397246875 0.34681875 0.36929218750000004 0.35405312499999997 0.377953125 0.3871203125
10 0.5421890625 0.5999156250000001 0.5315484374999999 0.602665625 0.538825 0.631896875 0.5494765625 0.628975 0.5421890625 0.5999156250000001
6 0.37363749999999996 0.4139609375 0.4115984375 0.404465625 0.4070046875 0.3869578125 0.32972812500000004 0.40625 0.34679375 0.4750328125 0.3865390625 0.46503750000000005 0.37363749999999996 0.4139609375
7 0.577975 0.4171296875 0.5258093749999999 0.4304875 0.527396875 0.43723124999999996 0.5086328124999999 0.4416765625 0.5353796875 0.5486140625 0.6064890625 0.5312375 0.577975 0.4171296875
8 0.375075 0.4143078125 0.3877515625 0.46473437500000003 0.5779625 0.417075 0.6068734375 0.5311125 0.6938328125 0.5093421874999999 0.653175 0.3464390625 0.5384015625 0.37350625000000004 0.5346671875 0.3583546875 0.483896875 0.371128125 0.48769999999999997 0.386384375 0.375075 0.4143078125
10 0.63595 0.25796562500000003 0.6701671874999999 0.2476015625 0.6555703125 0.18972031250000002 0.6209625 0.1983625 0.63595 0.25796562500000003
2 0.5035796875 0.443228125 0.4272765625 0.46292968749999996 0.45440625 0.566746875 0.5298078125 0.54850625 0.5035796875 0.443228125
3 0.5002703125 0.229146875 0.46660312499999995 0.23722343750000002 0.4829 0.30248906249999996 0.51651875 0.2944 0.5002703125 0.229146875
10 0.36481875 0.3555203125 0.3195 0.3666453125 0.3281484375 0.39983124999999997 0.3733125 0.388334375 0.36481875 0.3555203125
2 0.4483796875 0.5693078125000001 0.4233015625 0.464478125 0.3390265625 0.484021875 0.355521875 0.5526796875 0.335225 0.5575640625 0.3443125 0.5952546875 0.4483796875 0.5693078125000001