0 0.40733125000000003 0 0.058246875 0.134 0.390671875 1 0.59266875 1 0.941753125 0.866 0.609328125 0 0.40733125000000003 0
7 0.3340671875 0.035115625 0.3666828125 0.12057812500000001 0.41308749999999994 0.102765625 0.38046406250000003 0.0174125 0.3340671875 0.035115625
7 0.6753640625 0.924709375 0.68223125 0.9430734375000001 0.711653125 0.931675 0.678640625 0.8457968749999999 0.650246875 0.8570046874999999 0.6761578125 0.9245046875 0.6753640625 0.924709375
7 0.6751234375 0.9244421875000001 0.6822125 0.9428093750000001 0.711565625 0.9313687500000001 0.678871875 0.8460000000000001 0.6501984375000001 0.8569218749999999 0.6759515625 0.9242078125000001 0.6751234375 0.9244421875000001
8 0.366690625 0.12065624999999999 0.3315734375 0.0290796875 0.319365625 0.033765625 0.323325 0.0441046875 0.2836609375 0.059390624999999996 0.31951874999999996 0.152725 0.370434375 0.1331203125 0.365796875 0.1211828125 0.366690625 0.12065624999999999
6 0.6165421875 0.7628734374999999 0.6230265625 0.7797640625 0.62223125 0.7799796875 0.633184375 0.8082156250000001 0.6336125 0.8081375 0.6378921875 0.8193859375000001 0.656884375 0.8120125 0.6350374999999999 0.7556015625 0.6165421875 0.7628734374999999
1 0.5448828125 0.73843125 0.6386265625 0.9823578124999999 0.651778125 0.9773109375000001 0.5581296874999999 0.7332015625 0.5448828125 0.73843125
1 0.42438750000000003 0.1699109375 0.42224375 0.16405468750000002 0.434840625 0.159159375 0.4148015625 0.10745625 0.392153125 0.1161515625 0.4143703125 0.173815625 0.42438750000000003 0.1699109375
10 0.44534062499999993 0.21594843749999998 0.43091406250000003 0.178365625 0.4282296875 0.17939687499999998 0.4264265625 0.1747984375 0.4164140625 0.178640625 0.43258125 0.22075781249999998 0.44534062499999993 0.21594843749999998
1 0.3213421875 0.157559375 0.3403375 0.20716562500000002 0.35345624999999997 0.202128125 0.33450625 0.152403125 0.3213421875 0.157559375
2 0.33653125 0.15168281249999999 0.37199218749999996 0.2438109375 0.40796875000000005 0.23007499999999997 0.3722828125 0.1378859375 0.33653125 0.15168281249999999
10 0.63971875 0.82409375 0.65035 0.85145625 0.6607078125 0.8474140625000001 0.65021875 0.8199234375 0.63971875 0.82409375
2 0.5895390625 0.8090046875000001 0.61333125 0.8709859375000001 0.6359296875 0.8626531249999999 0.6119375 0.8001546875000001 0.5895390625 0.8090046875000001
3 0.4048484375 0.1830578125 0.42089218749999996 0.225253125 0.43046562499999996 0.22155 0.41422968750000005 0.17925156250000002 0.4048484375 0.1830578125
10 0.38311875 0.11966718750000001 0.39027500000000004 0.1381703125 0.3973859375 0.135625 0.3901453125 0.11690937500000001 0.38311875 0.11966718750000001
1 0.7371796875000001 0.944528125 0.6966625 0.8389749999999999 0.6808765625000001 0.8451578124999999 0.7155 0.9354984375000001 0.708503125 0.9380609375000001 0.71435 0.9532921875 0.7371796875000001 0.944528125
10 0.42617031250000004 0.1680328125 0.42845000000000005 0.17389062500000002 0.43892031249999997 0.1698 0.4367 0.163846875 0.42617031250000004 0.1680328125
10 0.612115625 0.7126125 0.6277375000000001 0.75314375 0.63331875 0.7509265625 0.6177484375 0.71045 0.612115625 0.7126125
3 0.3916921875 0.1880125 0.407825 0.230040625 0.41877031249999996 0.22594375000000003 0.4025671875 0.183675 0.3916921875 0.1880125
13 0.6858625 0.94695625 0.691596875 0.962025 0.703025 0.9576390625 0.697196875 0.9423890625 0.6858625 0.94695625
8 0.620909375 0.780234375 0.6144609375 0.7633578125 0.60218125 0.768284375 0.6396531249999999 0.866234375 0.6152515625 0.8756703124999999 0.6507671875 0.9686078124999999 0.6867578125 0.954934375 0.6751437499999999 0.9246765625 0.6759609375 0.92415 0.6315999999999999 0.8089984375 0.63285625 0.8083734375 0.62176875 0.7799046875 0.620909375 0.780234375
10 0.652340625 0.81935 0.662734375 0.8465203125 0.6691515625 0.8442296875 0.658775 0.8167953125 0.652340625 0.81935
13 0.3787828125 0.1484703125 0.39176875 0.18264843749999998 0.4123546875 0.174746875 0.3993015625 0.1402265625 0.3787828125 0.1484703125
10 0.3423421875 0.21215 0.3567625 0.24978906250000002 0.3700296875 0.24493749999999997 0.355353125 0.2069109375 0.3423421875 0.21215
13 0.36937031249999996 0.12438281250000001 0.3766734375 0.14332499999999998 0.38815468750000004 0.13921406249999999 0.380934375 0.120234375 0.36937031249999996 0.12438281250000001
2 0.560178125 0.73251875 0.587621875 0.804109375 0.6100625 0.7956640625 0.5827 0.7237890625000001 0.560178125 0.73251875
10 0.6991375 0.941721875 0.7050515625 0.9568609374999999 0.7122953125 0.9540796874999999 0.7064734374999999 0.9388406249999999 0.6991375 0.941721875
13 0.5849125 0.72328125 0.600359375 0.7636203125 0.6256671875 0.7539906249999999 0.6102265625000001 0.7135640624999999 0.5849125 0.72328125