0 0.3783796875 0 0.071840625 0.8813828125000001 0.416328125 1 0.6252921875 1 0.9287109375 0.11880625 0.5836718750000001 0 0.3783796875 0
10 0.5730359375 0.24693125 0.5208140625000001 0.399540625 0.541290625 0.407075 0.5714578125 0.3194640625 0.5991140625 0.32753437500000004 0.621375 0.2638328125 0.5730359375 0.24693125
7 0.40270312500000005 0.2988203125 0.31149218749999996 0.5638234375 0.38295 0.5892234375000001 0.457396875 0.377359375 0.4979046875 0.3896359375 0.5159625 0.33773437500000003 0.40270312500000005 0.2988203125
10 0.42486875 0.2943984375 0.4550828125 0.20728593750000002 0.4363171875 0.2010625 0.406446875 0.28781249999999997 0.42486875 0.2943984375
12 0.29721406250000004 0.66313125 0.3157203125 0.6106921875 0.2975640625 0.6044390625 0.2660046875 0.6967484374999999 0.313553125 0.71245 0.32687187500000003 0.6726734375000001 0.29721406250000004 0.66313125
10 0.6255109375 0.266075 0.5979281249999999 0.34542812500000003 0.61888125 0.35177187499999996 0.6279703125 0.3249953125 0.6498890625 0.3308 0.667103125 0.28155625 0.6255109375 0.266075
6 0.5952625 0.5029953125 0.563759375 0.5945796875 0.598740625 0.607271875 0.5729093749999999 0.6822953125 0.6006203125 0.6924171875 0.6587531249999999 0.522825 0.5952625 0.5029953125
8 0.32687187500000003 0.6726734375000001 0.313553125 0.71245 0.3599515625 0.7289453124999999 0.45854531249999997 0.44441875 0.5721703125000001 0.4818015625 0.53575625 0.5852921875 0.558946875 0.592234375 0.5943625 0.491184375 0.6865671875 0.5232828125 0.7593546875 0.3127984375 0.6713828125 0.281771875 0.651484375 0.340990625 0.6294906250000001 0.332546875 0.5969609375 0.426096875 0.6193109375 0.4331484375 0.6166609375000001 0.44064531249999994 0.51426875 0.402628125 0.52676875 0.36783125 0.5114859375 0.3632140625 0.4984171875 0.4000828125 0.475571875 0.39240624999999996 0.47837031249999995 0.38427812499999997 0.45756406250000003 0.37722812499999997 0.382853125 0.5900234375 0.3115203125 0.5638328125000001 0.2975640625 0.6044390625 0.3157203125 0.6106921875 0.29721406250000004 0.66313125 0.32687187500000003 0.6726734375000001
13 0.569359375 0.416203125 0.5961125 0.33832968750000003 0.57245 0.3305875 0.5461203125 0.4077796875 0.569359375 0.416203125
9 0.5193156250000001 0.327078125 0.5499046875 0.23981406249999998 0.46022187499999995 0.20772343750000002 0.42974375 0.2962359375 0.5193156250000001 0.327078125
12 0.591328125 0.43137187499999996 0.618609375 0.353653125 0.5971703125000001 0.345703125 0.570090625 0.42434843750000006 0.591328125 0.43137187499999996
10 0.5698703125 0.67979375 0.5914734375 0.6166765625 0.532790625 0.5964703124999999 0.5106515625 0.6611453125 0.5698703125 0.67979375