0 0.2530266234375 0 0.1845568734375 0.9791630171874999 0.4825396171875 1 0.7469733765625 1 0.8154431265625 0.020836982812499998 0.5174603828125 0 0.2530266234375 0
1 0.5034780249999999 0.8467529125000001 0.49772680312500006 0.9270504531249999 0.568694134375 0.932012971875 0.5742893312499999 0.851527528125 0.5034780249999999 0.8467529125000001
2 0.5161256437499999 0.14379936875 0.4536563765625 0.139250965625 0.44078008750000003 0.3245776453125 0.5031971328125 0.3292680640625 0.5161256437499999 0.14379936875
2 0.4630945875 0 0.45418146562499995 0.12746356875 0.516947053125 0.13028311718750002 0.52611681875 0.0006053171875 0.5174603796875 0 0.4630945875 0
6 0.59664824375 0.1788783546875 0.6045366328124999 0.059080548437500005 0.5572022734375001 0.0558818171875 0.550950003125 0.17627175625 0.59664824375 0.1788783546875
13 0.5956044078125 0.1914987828125 0.5520886953125 0.188614065625 0.5417462375000001 0.3388476359375 0.5855006484375 0.342193878125 0.5956044078125 0.1914987828125
10 0.59713268125 0.2563289375 0.65452801875 0.2606400109375 0.6577873765625 0.2164033640625 0.600902159375 0.212860996875 0.6021802328125 0.1925005546875 0.601412734375 0.1924782125 0.59713268125 0.2563289375
10 0.648547371875 0.34623444999999997 0.65355085625 0.2729565375 0.596081146875 0.267894696875 0.591290246875 0.34218678593749996 0.648547371875 0.34623444999999997
1 0.610207740625 0.416716078125 0.597735740625 0.5951635765625001 0.6309089625000001 0.5971762765624999 0.647573021875 0.3588691359375 0.5904408 0.3551184078125 0.5865731671875001 0.41454963593749994 0.610207740625 0.416716078125
7 0.5354193125 0.3512427359375 0.5190302484375 0.58949235625 0.5925767375000001 0.5949109 0.603742275 0.42840447968750006 0.5797270765625 0.42720133281250006 0.5845908484375 0.35466704843749997 0.5354193125 0.3512427359375
8 0.5562880171875 0.0557630640625 0.5280081203125 0.053143353125 0.5076804640625 0.34110965000000004 0.43921264843749996 0.336644575 0.4229495375 0.5829710953125 0.5190302484375 0.58949235625 0.5476800703125 0.1761073203125 0.5498594828125001 0.17582898281249998 0.5562880171875 0.0557630640625
10 0.6284748328124999 0.631941165625 0.6302047140625 0.60953225 0.56701313125 0.605771315625 0.5654366546875 0.6277335953125001 0.6284748328124999 0.631941165625
1 0.4160651890625 0.5952739609375 0.37952521875 0.592599796875 0.37187927187500003 0.700015603125 0.4084692828125 0.703026890625 0.4160651890625 0.5952739609375
10 0.4076423671875 0.715837915625 0.365829271875 0.7129751453125001 0.358096003125 0.82356603125 0.3998230234375 0.8267861671875 0.4076423671875 0.715837915625
1 0.4048349296875 0.8398269218750001 0.3990748046875 0.92027420625 0.4924697421875 0.926363315625 0.4978687625 0.8458610203125 0.4048349296875 0.8398269218750001
1 0.5807823953125 0.8395340578124999 0.613803325 0.84184310625 0.62777740625 0.6442443609375 0.5941020890625001 0.64206498125 0.5807823953125 0.8395340578124999
1 0.42102390468750006 0 0.3802756171875 0.579539078125 0.41696958281249996 0.58283330625 0.457799909375 0 0.42102390468750006 0
13 0.554630425 0.7002658515625 0.5604338796875 0.7013373515625 0.559802475 0.710366865625 0.5840678171875 0.7120918578125 0.58898738125 0.6415820203125 0.56470310625 0.6399261890625 0.5637933281249999 0.6524886390625 0.5580405265625 0.6520143140625 0.561307309375 0.6052971421875 0.5206340015625 0.602620584375 0.5131603296875 0.7076175140625 0.5540116015625001 0.710190609375 0.554630425 0.7002658515625
3 0.5750953421875 0.8388810703124999 0.583179753125 0.7248813765625 0.512558475 0.720032334375 0.5044277187499999 0.8343812109375 0.5750953421875 0.8388810703124999
2 0.506492665625 0.8054782859375 0.512558475 0.720032334375 0.506804703125 0.7195046875 0.5150695390625 0.6019840015625 0.42185242343749996 0.59577105625 0.40560265937500006 0.8271903187499999 0.49877628749999997 0.83402518125 0.5009123890625 0.8051350640624999 0.506492665625 0.8054782859375