0 0.375336 0 0.0169352078125 0.19056508125 0.44731938906249996 1 0.624664 1 0.9830647921875 0.8094349187500001 0.5526806109375 0 0.375336 0
2 0.6681151796875 0.91645098125 0.706178875 0.8964227421875 0.676532803125 0.8404835374999999 0.6384698875 0.8607661890625 0.6681151796875 0.91645098125
2 0.32010163281250004 0.23865519062499999 0.3569548609375 0.2186901265625 0.35015728125 0.2058025640625 0.31320846874999997 0.2256910375 0.32010163281250004 0.23865519062499999
13 0.275610075 0.11724016718750001 0.28838788125 0.1105257203125 0.2638949453125 0.0643879875 0.2511256515625 0.0712748703125 0.275610075 0.11724016718750001
1 0.307089021875 0.2488320265625 0.3193359296875 0.24249365625000002 0.27540939531249997 0.15962358593749998 0.26305491875000003 0.166132409375 0.307089021875 0.2488320265625
10 0.30340123124999996 0.11364039687500001 0.3151729484375 0.1360759875 0.3157007453125 0.13582720625 0.321915934375 0.14750962031249998 0.370350690625 0.12173870625000001 0.3231585953125 0.032930034375 0.2842524453125 0.05367696875 0.295693453125 0.0751045125 0.2947188796875 0.07571118437499999 0.311819975 0.10892870937500002 0.30340123124999996 0.11364039687500001
6 0.74671215 0.92238213125 0.7475038796875 0.9239077671875 0.7469004531250001 0.9242905515625001 0.751344853125 0.932642596875 0.764532503125 0.9256305984375001 0.7593261546875001 0.9158255656250001 0.74671215 0.92238213125
3 0.636107509375 0.8563098874999999 0.6470918 0.8503526390625 0.621683240625 0.802542790625 0.6106113203125 0.8082387140625 0.636107509375 0.8563098874999999
10 0.314336975 0.13646739375 0.299189128125 0.1079484828125 0.29179238281250003 0.111909715625 0.292824628125 0.11388436875 0.28328983124999996 0.11907975468750001 0.29734980312500003 0.14549609375 0.314336975 0.13646739375
2 0.6237299828125 0.801486371875 0.6492348671875 0.849513990625 0.680225109375 0.8327636609375 0.6547357171875 0.7847685078125 0.6237299828125 0.801486371875
12 0.6460224 0.9299091625000001 0.6703495875 0.97570854375 0.6781829875 0.9715434500000001 0.6538440171875 0.9258317390625 0.6460224 0.9299091625000001
3 0.23545522968750002 0.079488415625 0.25997893437499997 0.1255708578125 0.2735572421875 0.11838830625 0.2490629796875 0.07228136093750001 0.23545522968750002 0.079488415625
8 0.7581871484375 0.9141094171875 0.7570466 0.9119410609375 0.7830761374999999 0.8979823453125 0.7358037359375 0.8090093250000001 0.696933509375 0.8297672421875 0.712192546875 0.8585951171874999 0.71035905 0.8595700046875001 0.7269284625 0.8907325359374999 0.70030269375 0.9054170609375 0.71789634375 0.9387089234375001 0.7443733375 0.9250891937500001 0.741132275 0.9190402343749999 0.7440275015625 0.9173663234375 0.745854403125 0.92073233125 0.7581871484375 0.9141094171875
12 0.67859425 0.8394281484375 0.7104716921875001 0.8995606203125 0.7269284625 0.8907325359374999 0.694819125 0.83038359375 0.67859425 0.8394281484375
13 0.6668477359375 0.92297355625 0.6821538140625 0.9516702406249999 0.7014734265625 0.94104743125 0.6863998296875 0.9127580265624999 0.6668477359375 0.92297355625
12 0.2947188796875 0.07571118437499999 0.2936772765625 0.0762650140625 0.2821304515625 0.0547150015625 0.26588348125 0.0633518984375 0.291482953125 0.11144425 0.2992394125 0.10736077031249999 0.3026925921875 0.11378536406249999 0.311819975 0.10892870937500002 0.2947188796875 0.07571118437499999
2 0.31178317031249997 0.22309364375000001 0.34876375312499996 0.20330153437499998 0.3471371578125 0.20020241562500002 0.3569315703125 0.19496278125 0.34178068906250003 0.1665180390625 0.33201676875 0.1717750828125 0.316045515625 0.1417774640625 0.2978300921875 0.15141499687499999 0.2811607828125 0.1201710890625 0.262316009375 0.1300494609375 0.31178317031249997 0.22309364375000001
13 0.6875662765625 0.9121095015625 0.70285363125 0.9407842875 0.7142004843749999 0.93470681875 0.6989929765625 0.9061222984375 0.6875662765625 0.9121095015625