0 0.45625567499999997 0 0.136199134375 0.05643421875 0.30032885781249996 0.9872585828125 0.482539609375 1 0.543744325 1 0.8638008656249999 0.94356578125 0.6996711421875 0.012741417187500001 0.5174603906249999 0 0.45625567499999997 0
10 0.61768118125 0.3312322890625 0.5767619453124999 0.3380084765625 0.5816138578125 0.366082503125 0.6224961515625 0.3590954125 0.61768118125 0.3312322890625
10 0.5841095578125 0.14194654843750001 0.5431305484375 0.1489503703125 0.5744025359375 0.3263013125 0.6156088 0.3194747109375 0.5841095578125 0.14194654843750001
1 0.32655673125 0.0795034625 0.34429773125 0.1720445640625 0.40055967812500004 0.1621231546875 0.3843836375 0.06904146718750001 0.32655673125 0.0795034625
10 0.263493515625 0.078431471875 0.282168125 0.1829998078125 0.33873084375 0.172764240625 0.3191334890625 0.0683553625 0.263493515625 0.078431471875
2 0.331062734375 0.46083418906249995 0.4500987703125 0.440798290625 0.4025602734375 0.1744145265625 0.284206825 0.194567071875 0.331062734375 0.46083418906249995
10 0.34253943750000004 0.47120064062499994 0.333162690625 0.4724214 0.361658596875 0.63457135 0.37115 0.6328981109375 0.34253943750000004 0.47120064062499994
10 0.40505288906250003 0.5886819109375 0.370374040625 0.595253846875 0.3768006625 0.6316971687499999 0.41160941875 0.6258657875 0.40505288906250003 0.5886819109375
13 0.382803934375 0.464469515625 0.3483297421875 0.4706234578125 0.3677751875 0.5820654328125 0.4024455359375 0.5762870265625 0.3942598390625 0.5307958312500001 0.3999024140625 0.52962095 0.402563859375 0.5442437859375 0.4348426609375 0.5385518890625 0.4209193328125 0.458188009375 0.38840113593750003 0.4639211203125 0.389542165625 0.4706749796875 0.384075721875 0.47163819374999993 0.382803934375 0.464469515625
13 0.4334997984375 0.7171495203125 0.496564446875 0.7062173703125 0.46798323125 0.5450858249999999 0.40489883437499996 0.5566587828125 0.4334997984375 0.7171495203125
6 0.5168822750000001 0.809349959375 0.50056176875 0.71725904375 0.4353715796875 0.729580684375 0.457425675 0.8536901734375 0.5208486359375 0.842808140625 0.51484454375 0.8106484765624999 0.5168822750000001 0.809349959375
2 0.693210496875 0.9736455218750001 0.6662566937500001 0.8213615515624999 0.5260690359375 0.8419812203125 0.5534130375 0.9982944125 0.693210496875 0.9736455218750001
2 0.7012092609375 0.8040434703124999 0.66199346875 0.5816395875 0.5328355218749999 0.6037416375 0.5710096953125 0.8236370624999999 0.7012092609375 0.8040434703124999
7 0.52217109375 0.5462561296875 0.5302678140625 0.591877371875 0.6595336015625 0.5690842875000001 0.6244622125 0.37017830625000003 0.5453373015625 0.385176615625 0.540293128125 0.35776892656250003 0.48184819062499995 0.366765490625 0.5139522609375 0.5480982375 0.52217109375 0.5462561296875
8 0.5760491828125 0.3670169203125 0.5191641453125 0.045333967187500004 0.389447775 0.0683884453125 0.5238264953125 0.8300363171875 0.5655965921874999 0.8231207046875 0.5166575296875 0.5476467859375 0.5139522609375 0.5480982375 0.48184819062499995 0.366765490625 0.540293128125 0.35776892656250003 0.5431833968750001 0.372725725 0.5760491828125 0.3670169203125
10 0.45171129218750006 0.4521211703125 0.4260760828125 0.45596418437499997 0.440460615625 0.5381098890625 0.466348125 0.5339963140624999 0.45171129218750006 0.4521211703125