0 0 0 0 1 1 1 1 0 0 0
2 0.7040796874999999 0.6187625 0.7040703125000001 0.5132109375 0.6502375 0.5131328125 0.6502375 0.6189171875 0.7040796874999999 0.6187625
2 0.8587828125 0.46935000000000004 0.8587828125 0.3720609375 0.7916375 0.372146875 0.791578125 0.4692671875 0.8587828125 0.46935000000000004
2 0.8482687500000001 0.47320312500000006 0.8482687500000001 0.5093359375000001 0.8960687500000001 0.509378125 0.8960671874999999 0.44576874999999994 0.8616609375 0.44580624999999996 0.8616765624999999 0.47314375000000003 0.8482687500000001 0.47320312500000006
10 0.6234984375 0.46298125 0.6326078125000001 0.462953125 0.6325703125000001 0.44794375000000003 0.623484375 0.44791875000000003 0.6234984375 0.46298125
2 0.5833046875 0.5132156250000001 0.5832828125 0.618771875 0.6475109375 0.6187390625 0.647534375 0.513184375 0.6177406249999999 0.513184375 0.6177171875 0.5093015624999999 0.6207359375 0.5093015624999999 0.6207359375 0.4921234375 0.5833046875 0.4921578125 0.5832359375 0.5093015624999999 0.5876953125 0.5092703125 0.5876953125 0.513246875 0.5833046875 0.5132156250000001
10 0.623415625 0.4440765625 0.6326234375 0.44405312500000005 0.6326421875 0.42683593750000004 0.623484375 0.42681250000000004 0.623415625 0.4440765625
10 0.6681125 0.42295 0.6831750000000001 0.422915625 0.6831859375 0.40794218750000005 0.66814375 0.4078875 0.6681125 0.42295
2 0.384675 0.6054390625 0.38470312500000003 0.5036765625 0.3703046875 0.5036765625 0.3703046875 0.5080390625 0.36682031249999997 0.50808125 0.36683125 0.50363125 0.2988453125 0.5036234375 0.298853125 0.6053765624999999 0.366853125 0.6053765624999999 0.36683125 0.60100625 0.3703359375 0.60100625 0.370296875 0.6054078125 0.384675 0.6054390625
10 0.1465328125 0.465028125 0.1465328125 0.45589531250000004 0.14010625000000002 0.45591406250000005 0.14010625000000002 0.46500624999999995 0.1465328125 0.465028125
10 0.1882578125 0.35765156249999996 0.1778453125 0.357703125 0.1778921875 0.41725781250000005 0.188234375 0.41725781250000005 0.1882578125 0.35765156249999996
2 0.18427500000000002 0.509178125 0.16198125000000002 0.5092109375 0.16197187500000002 0.5155359374999999 0.1650296875 0.5155359374999999 0.1650296875 0.52049375 0.161984375 0.52049375 0.1619390625 0.59418125 0.208090625 0.594221875 0.2080921875 0.5092109375 0.187759375 0.50925 0.18779531249999998 0.5205015625 0.1829484375 0.5205015625 0.182925 0.51551875 0.18427500000000002 0.51551875 0.18427500000000002 0.509178125
2 0.34498281249999996 0.38295625 0.2809890625 0.3829875 0.2810625 0.4649515625 0.34495624999999996 0.46501093750000005 0.34498281249999996 0.38295625
3 0.3668765625 0.49859687499999994 0.3668609375 0.48311875000000004 0.3703546875 0.4831359375 0.3703140625 0.49859687499999994 0.384684375 0.49858125 0.38468125 0.44196093750000004 0.37029375 0.44196093750000004 0.3703296875 0.45746093749999994 0.3668453125 0.45746093749999994 0.36680625 0.4419109375 0.3484921875 0.44192187499999996 0.3485796875 0.47003125 0.3385859375 0.470053125 0.3386015625 0.4985546875 0.3668765625 0.49859687499999994
10 0.1882125 0.4314171875 0.188234375 0.42225156249999996 0.1778921875 0.42228281250000005 0.177875 0.43135625 0.1882125 0.4314171875
10 0.896125 0.3829046875 0.8960890625 0.37217812499999997 0.8854046875 0.3720265625 0.8854046875 0.3829046875 0.896125 0.3829046875
6 0.6831671874999999 0.4645984375 0.6831859375 0.42682343749999996 0.6353453124999999 0.42685625 0.6353578125 0.4644875 0.6831671874999999 0.4645984375
2 0.896084375 0.625053125 0.8960687500000001 0.51328125 0.8080609375 0.51325625 0.8080390625 0.6250484375 0.896084375 0.625053125
7 0.1917140625 0.46500312499999996 0.2774859375 0.465053125 0.27752187500000003 0.39973281250000003 0.2359359375 0.3997828125 0.2359359375 0.382878125 0.1917515625 0.38293125 0.1917140625 0.46500312499999996
1 0.7888640625 0.3893125 0.7889 0.36822187500000003 0.896115625 0.36822187500000003 0.896115625 0.3320125 0.861640625 0.3320640625 0.8616765624999999 0.3425828125 0.7888640625 0.3425828125 0.7888640625 0.32578125 0.746953125 0.32578125 0.7470265625 0.34253125 0.6859453125 0.34253125 0.685909375 0.3703171875 0.7470265625 0.3703171875 0.7469890625 0.3893125 0.7888640625 0.3893125
13 0.1044375 0.48747187500000005 0.1366453125 0.487496875 0.1366234375 0.4362921875 0.104453125 0.43623124999999996 0.1044375 0.48747187500000005
10 0.6680906249999999 0.4039796875 0.683221875 0.40402187500000003 0.683221875 0.3425234375 0.6681203124999999 0.342565625 0.6680906249999999 0.4039796875
7 0.6859265625 0.374259375 0.6859453125 0.46927031250000006 0.7888671875 0.46941249999999995 0.78885625 0.3932109375 0.7442359374999999 0.3932109375 0.744253125 0.37424375 0.6859265625 0.374259375
6 0.188225 0.46712968750000006 0.188225 0.43621406250000005 0.15008593750000002 0.43622812499999997 0.15008125 0.46712968750000006 0.188225 0.46712968750000006
8 0.1464953125 0.48469843749999997 0.1464953125 0.47006875 0.1401046875 0.47006875 0.14008281250000001 0.5043234375 0.2116625 0.5043109375 0.21159843750000001 0.6054109375000001 0.29539375 0.6054109375000001 0.2954046875 0.49864687500000004 0.3192203125 0.4986171875 0.319225 0.4971015625 0.322796875 0.4971234375 0.322796875 0.49862812500000003 0.335134375 0.49862812500000003 0.3351625 0.47000624999999996 0.3227625 0.47003125 0.32277187500000004 0.4718640625 0.319178125 0.4718234375 0.319178125 0.47004531250000003 0.1882390625 0.46997343750000004 0.1882390625 0.4679015625 0.150115625 0.46783125 0.15006875 0.4847265625 0.1464953125 0.48469843749999997
10 0.3846984375 0.40041874999999993 0.3846703125 0.394221875 0.378271875 0.39418125000000004 0.378271875 0.40041874999999993 0.3846984375 0.40041874999999993
10 0.38467656250000004 0.3891765625 0.3846859375 0.3829390625 0.378265625 0.382915625 0.378265625 0.3891765625 0.38467656250000004 0.3891765625
10 0.1401234375 0.45100937500000005 0.146534375 0.451040625 0.14651875 0.43622812499999997 0.1401046875 0.4362609375 0.1401234375 0.45100937500000005
13 0.62071875 0.42683906250000003 0.5832843750000001 0.4268078125 0.583290625 0.48820312499999996 0.6207171875 0.488240625 0.62071875 0.42683906250000003
13 0.348559375 0.38285625 0.3484984375 0.43686406250000004 0.3846859375 0.43695000000000006 0.3846984375 0.4055046875 0.3747609375 0.405453125 0.3748109375 0.38289062500000004 0.348559375 0.38285625
13 0.8615999999999999 0.44184999999999997 0.8961046874999999 0.441978125 0.8960453125000001 0.3994875 0.8826578125 0.3994609375 0.8826437500000001 0.37211249999999996 0.8616515625 0.3720890625 0.8615999999999999 0.44184999999999997
1 0.7040546875 0.6289828125 0.7040546875 0.622671875 0.5832796874999999 0.62273125 0.5832796874999999 0.6483484374999999 0.7068265625000001 0.6482265625 0.7067828125 0.669246875 0.8052890625 0.6693078125 0.8052890625 0.6629359375 0.8960421875 0.6629968749999999 0.8961296875 0.6288609375 0.7040546875 0.6289828125
8 0.8454859375 0.5093328125000001 0.8454921875 0.47315312499999995 0.6831921875 0.47321562500000003 0.6832140625 0.4652984375 0.63539375 0.465321875 0.63539375 0.466921875 0.6235015625 0.4668609375 0.6234656249999999 0.5093015624999999 0.7068265625000001 0.5093109375 0.706771875 0.625034375 0.8053015625000001 0.6250281249999999 0.8052828125 0.5092890625 0.8454859375 0.5093328125000001
2 0.158621875 0.594225 0.1585234375 0.5091640625 0.12945 0.5092109375 0.1294171875 0.50431875 0.13669375 0.50431875 0.1366609375 0.49239375 0.104459375 0.4923484375 0.104459375 0.5043671875 0.11147343750000001 0.50431875 0.1115046875 0.509259375 0.1044265625 0.5092109375 0.104459375 0.594225 0.158621875 0.594225
1 0.3847015625 0.377925 0.3847015625 0.3519421875 0.2774609375 0.3519890625 0.27747968749999996 0.346425 0.2374203125 0.3464484375 0.23743906250000002 0.357728125 0.19179375 0.35770625 0.191775 0.3778765625 0.23931874999999997 0.3779015625 0.23933749999999998 0.3948203125 0.27747968749999996 0.394846875 0.27747968749999996 0.3778765625 0.3847015625 0.377925
1 0.20804999999999998 0.6103046875 0.2080796875 0.5991171875 0.1044140625 0.5991171875 0.1044453125 0.625034375 0.2135546875 0.6250765625 0.2135546875 0.6474203125 0.2954375 0.6474203125 0.2954375 0.636271875 0.38472343750000004 0.6363140625 0.3846640625 0.6101828125 0.20804999999999998 0.6103046875
10 0.8960890625 0.3956734375 0.8960203124999999 0.386715625 0.885440625 0.386784375 0.8854046875 0.39557031249999997 0.8960890625 0.3956734375