0 0.4606474953125 0 0.3391421 0.0192446375 0.15787985625 0.11562348125 0.2951468421875 1 0.5393507578125 1 0.6608579 0.9807553625000001 0.8453622171875 0.8826526781249999 0.7055632234375 0 0.4606474953125 0
10 0.49283181249999997 0.39856732031250003 0.4783370140625 0.3070488171875 0.5065448171875 0.3011906578125 0.4962939859375 0.2344946390625 0.4456783234375 0.2422652609375 0.47121490625 0.4015280265625 0.49283181249999997 0.39856732031250003
7 0.43853885156250005 0.633731265625 0.4048073875 0.41171571093750003 0.44633715937499996 0.40353800624999997 0.4379149546875 0.3492340171875 0.319643815625 0.36804699531249996 0.36352077031249996 0.6448518078125 0.43853885156250005 0.633731265625
10 0.30342875937499997 0.2659511234375 0.317781496875 0.3565700890625 0.33713895625 0.35373658125 0.3229195484375 0.262636165625 0.30342875937499997 0.2659511234375
12 0.370290846875 0.687252134375 0.38576219843750004 0.7835727046875001 0.4351164140625 0.775113721875 0.4282022078125 0.733740328125 0.397536128125 0.739238575 0.38925752812500003 0.6842494734375 0.370290846875 0.687252134375
10 0.5353770234375 0.31331096718749996 0.5308313546875 0.285401609375 0.5529095984375 0.280236615625 0.5449901734375 0.22867545156250002 0.5009984453125 0.23453266875 0.5138983031250001 0.317546665625 0.5353770234375 0.31331096718749996
6 0.6375438921875001 0.548359528125 0.649957621875 0.6267283296875 0.6791768609375 0.6226559171875 0.6508863781249999 0.4456232015625 0.585518009375 0.45792166874999995 0.6006986609375 0.55357569375 0.6375438921875001 0.548359528125
8 0.48382788281250005 0.767895471875 0.43730386718750003 0.470386465625 0.5551789546875 0.4500498234375 0.5716131515625 0.5585219890625 0.5953484171875 0.5537642375 0.57917845625 0.4479157546875 0.6756596671875 0.43296951406249995 0.6411107875 0.21295118125 0.5488701421875 0.2268566453125 0.559102384375 0.2884854484375 0.5357189546875001 0.2913555 0.5509160109375 0.3892270109375 0.573960396875 0.38496048125 0.57514015625 0.392823928125 0.46688523281250005 0.407326965625 0.46158593437500006 0.370734753125 0.44592437343749997 0.3738328640625 0.45169418125 0.4125214453125 0.42791904062499997 0.4164686671875 0.426573990625 0.40797817187499996 0.40489338750000003 0.411521334375 0.4388288921875 0.6344831046875 0.36355000312499997 0.64484688125 0.370290846875 0.687252134375 0.38925752812500003 0.6842494734375 0.397536128125 0.739238575 0.4282022078125 0.733740328125 0.4351164140625 0.775113721875 0.48382788281250005 0.767895471875
13 0.4844352015625 0.3164044265625 0.49742700468749995 0.396922121875 0.52190044375 0.393449496875 0.5089626859374999 0.3121315015625 0.4844352015625 0.3164044265625
9 0.327662465625 0.2606098109375 0.3423059796875 0.3530703234375 0.43587278124999995 0.338250909375 0.42191332499999995 0.24684062187500003 0.327662465625 0.2606098109375
12 0.5133582984375 0.318145246875 0.5263700906250001 0.4002980796875 0.5484189953125 0.39652900468749996 0.536020165625 0.31509965 0.5133582984375 0.318145246875
10 0.574242471875 0.5697839640625 0.5850579125 0.6372822593749999 0.6460998765625 0.625946334375 0.6355425796875 0.5600751125000001 0.574242471875 0.5697839640625