0 0.4956359375 0 0 0.0086515625 0 0.5043640625 0.0086515625 1 0.5043640625 1 1 0.9913484374999999 1 0.4956359375 0.9913484374999999 0 0.4956359375 0
13 0.5269109375000001 0.5657828125 0.6008796875 0.5645359375 0.5993203125 0.49165468749999997 0.525484375 0.49280468749999995 0.5269109375000001 0.5657828125
2 0.7097546875 0.429021875 0.6251953125 0.43045625000000004 0.626240625 0.49115156249999997 0.6049390625 0.49161875000000005 0.6052609375 0.5142140625 0.7114499999999999 0.51233125 0.7097546875 0.429021875
10 0.5488640625000001 0.687915625 0.5886703125 0.6870499999999999 0.587978125 0.664446875 0.5484359375000001 0.665334375 0.5488640625000001 0.687915625
10 0.5812468749999999 0.42350937499999997 0.6196890625 0.422640625 0.6184421875 0.3499625 0.5799953125 0.35038281250000003 0.5812468749999999 0.42350937499999997
10 0.4235109375 0.7237625000000001 0.4437296875 0.7232484375 0.4433546875 0.697059375 0.4231296875 0.6975109374999999 0.4235109375 0.7237625000000001
8 0.620134375 0.43086250000000004 0.348796875 0.43524062499999994 0.35107499999999997 0.5923796875 0.421303125 0.5910390624999999 0.4196 0.48657812500000003 0.6209640624999999 0.4838671875 0.620134375 0.43086250000000004
10 0.2944015625 0.3330046875 0.3284984375 0.332409375 0.327275 0.2630578125 0.293159375 0.263653125 0.2944015625 0.3330046875
6 0.5748109375 0.350453125 0.52476875 0.35141875 0.5259265625 0.4242875 0.53685 0.424196875 0.536946875 0.43163125 0.5761390625 0.4309015625 0.5748109375 0.350453125
1 0.42284531249999996 0.6657078125 0.3734921875 0.6666375 0.3740484375 0.698490625 0.3224828125 0.6995312499999999 0.32052187499999996 0.5927796875 0.346125 0.59184375 0.34166875 0.339390625 0.294871875 0.340275 0.296309375 0.4226203125 0.311696875 0.422490625 0.311784375 0.4302796875 0.2963484375 0.4304796875 0.3015046875 0.7259156250000001 0.418546875 0.723734375 0.4179109375 0.6900734374999999 0.502021875 0.688675 0.50133125 0.65480625 0.5071796875000001 0.654565625 0.5077734375 0.6885749999999999 0.5436515625 0.6876 0.5431328125 0.657903125 0.5881109375 0.656978125 0.5872796874999999 0.612190625 0.421965625 0.6152859375 0.42284531249999996 0.6657078125
10 0.49375468749999996 0.39769062499999996 0.52015625 0.3972296875 0.5193484374999999 0.3517828125 0.493146875 0.352240625 0.49375468749999996 0.39769062499999996
10 0.5276046875 0.60600625 0.5871546875 0.604909375 0.5866515625 0.5720296874999999 0.52706875 0.573028125 0.5276046875 0.60600625
10 0.494084375 0.425071875 0.52055625 0.42455781249999996 0.5201749999999999 0.40468125 0.4938640625 0.4053 0.494084375 0.425071875
2 0.416315625 0.5982515625 0.3257703125 0.600071875 0.3275046875 0.6917390625000001 0.3684984375 0.6909046875 0.3678984375 0.6590109375 0.41747187500000005 0.6581453125000001 0.416315625 0.5982515625
3 0.44549374999999997 0.287990625 0.4405375 0.288078125 0.4412328125 0.32544062500000004 0.4461515625 0.3253546875 0.446390625 0.3458890625 0.4923125 0.34499375 0.49085 0.2599703125 0.444928125 0.2611921875 0.44549374999999997 0.287990625
2 0.439840625 0.26065 0.33275625 0.26251875 0.3335234375 0.3326 0.34685625 0.3323671875 0.34852343750000003 0.4278953125 0.4428328125 0.42602343749999994 0.439840625 0.26065
7 0.520396875 0.4854140625 0.4197796875 0.4868203125 0.42162187500000003 0.6078953125 0.5226124999999999 0.6061328125000001 0.520396875 0.4854140625
1 0.6065265625 0.5716578125 0.5918984375 0.572 0.592359375 0.6048671875 0.7128140625 0.6025953125 0.711175 0.519159375 0.6054125 0.521340625 0.6065265625 0.5716578125
13 0.44792343749999997 0.42591718749999996 0.4889578125 0.4252640625 0.4876609375 0.352190625 0.44659375 0.3530609375 0.44792343749999997 0.42591718749999996