0 0.3982738515625 0 0 0.16905722031249998 0 0.6017261484375 0.16905722031249998 1 0.6017261484375 1 1 0.8309427796875 1 0.3982738515625 0.8309427796875 0 0.3982738515625 0
2 0.298663765625 0.57777955625 0.26868370937499997 0.50720695625 0.23604193125 0.521127071875 0.26582184531249997 0.591552078125 0.298663765625 0.57777955625
12 0.1722017046875 0.5365438703125001 0.20982751406250003 0.52034520625 0.20377692343749998 0.5060189281249999 0.1659977015625 0.5220841125 0.1722017046875 0.5365438703125001
2 0.6749633796875 0.4369610046875 0.6457047 0.368339790625 0.6381019046875 0.37156698593750004 0.6673851484375 0.44008611093749994 0.6749633796875 0.4369610046875
13 0.7537937109375 0.3846223046875 0.7436713140625 0.360899396875 0.7167331375 0.3724086625 0.72672226875 0.396045553125 0.7537937109375 0.3846223046875
10 0.2295371484375 0.6502115296875 0.2208768828125 0.6539826515625 0.23137931250000002 0.6787528203125001 0.24595536718750002 0.6725588640625 0.235855040625 0.6489199453125 0.2300539359375 0.651345025 0.2295371484375 0.6502115296875
1 0.68345975625 0.3477628875 0.6737880125 0.32489770625 0.62531238125 0.34557963125 0.63481229375 0.3681799625 0.68345975625 0.3477628875
10 0.2816507203125 0.6901099265624999 0.2715032171875 0.6661719171875 0.23166333749999998 0.682757034375 0.2419497796875 0.7070383609374999 0.2816507203125 0.6901099265624999
10 0.7563360875 0.4258381953125 0.7366502578125 0.43323867656250004 0.729841346875 0.4174978078125 0.7166268625 0.42284052499999997 0.7170166421874999 0.423798778125 0.7101670765625 0.4267130359375 0.7482852062500001 0.516493725 0.8003749375 0.4944287765625 0.76972039375 0.4222871796875 0.7571733015625 0.42769458125000004 0.7563360875 0.4258381953125
1 0.22004871874999998 0.544920721875 0.2102196171875 0.5218167953124999 0.17014695468750002 0.538733271875 0.17981096875 0.5615202578125 0.22004871874999998 0.544920721875
6 0.2703031609375 0.6626889359375 0.26049564062499997 0.6393959203125 0.259595178125 0.6397458921875 0.2590712828125 0.6385916500000001 0.24643792343749998 0.6439677734375 0.2466317578125 0.6443964249999999 0.24485773593750002 0.6451477546875 0.2550243421875 0.6691387640625 0.2703031609375 0.6626889359375
3 0.3080750921875 0.5146544296875 0.29951362812500004 0.49424095 0.27129847812499996 0.506108934375 0.28003346875 0.526535325 0.3080750921875 0.5146544296875
10 0.718135453125 0.38324226562499997 0.7026487046875001 0.3898380671875 0.71601088125 0.42132138125 0.7327407578125 0.4142471296875 0.7268998140625 0.40052271875 0.72573470625 0.4009850265625 0.718135453125 0.38324226562499997
2 0.30607740625 0.5879269875 0.3342335765625 0.5760280234375 0.309660265625 0.5184288515625 0.2814833484375 0.530334925 0.30607740625 0.5879269875
12 0.22341042656250001 0.49364849218750007 0.21732005937499999 0.47919651406249997 0.1584538875 0.504092059375 0.1646211796875 0.5187252625000001 0.22341042656250001 0.49364849218750007
3 0.7150741140625 0.368572228125 0.7421195734375 0.3571277578125 0.73143564375 0.3319220046875 0.7044193125 0.3434271 0.7150741140625 0.368572228125
7 0.2198147546875 0.5476646421875 0.2106247828125 0.5515434875 0.2110796171875 0.5526150125 0.182975053125 0.5647195296875 0.219658996875 0.6513814203125 0.2449025578125 0.6405626203125 0.24582369062499998 0.64247674375 0.258642909375 0.63687065625 0.221449671875 0.5483931140625 0.22034810781249997 0.548813171875 0.2198147546875 0.5476646421875
8 0.263430878125 0.6381211296875 0.26147089375 0.6390142015625 0.2712233703125 0.6619096171875001 0.272499878125 0.6613898375 0.2930715796875 0.7097017734375 0.3452611234375 0.6876080375 0.3146099015625 0.6155142546875 0.2976793890625 0.6225837078125 0.2962367359375 0.61918503125 0.2779618390625 0.626942265625 0.2566011890625 0.5772915453125 0.237039246875 0.5854117734375001 0.2575099234375 0.6342215046875 0.2610480609375 0.6326755203125 0.263430878125 0.6381211296875
12 0.2779618390625 0.626942265625 0.31334530625 0.611887228125 0.3002531703125 0.5815759453125 0.26495421874999997 0.5963982062500001 0.2779618390625 0.626942265625
13 0.22912638749999997 0.5586444515625 0.24570531406249999 0.55155449375 0.2304633109375 0.5154186453125 0.213653740625 0.5226370578124999 0.22912638749999997 0.5586444515625
12 0.7294652546875 0.41631986718749997 0.7366502578125 0.43323867656250004 0.7563360875 0.4258381953125 0.7555161625 0.4239065734375 0.76812164375 0.4184047921875 0.7553419015625 0.38829360468749996 0.7271490093749999 0.400310003125 0.7332190015625 0.41466199374999996 0.7294652546875 0.41631986718749997
12 0.2056160265625 0.65957104375 0.218163059375 0.6542994625 0.20164451875 0.6154362046874999 0.189102153125 0.6207227796875 0.2056160265625 0.65957104375
6 0.2534248765625 0.6693695734375 0.2433218609375 0.6457963 0.23857568437499999 0.6478194187499999 0.2485881390625 0.6714752671875 0.2534248765625 0.6693695734375
2 0.7164923234375 0.37931930625 0.701777640625 0.34447373593749997 0.647211053125 0.3676256953125 0.6764063546875 0.436241559375 0.67823141875 0.4355025125 0.6859629593750001 0.45367289062499994 0.702632890625 0.4465493953125 0.6949010109375 0.428418203125 0.7124836046875 0.42091749062500006 0.698190378125 0.38718477500000004 0.7164923234375 0.37931930625
12 0.2522404625 0.7311617234375001 0.2687818 0.7242031484375 0.258449840625 0.700090515625 0.2419497796875 0.7070383609374999 0.2522404625 0.7311617234375001
13 0.2388061171875 0.5819883171875 0.2555659265625 0.5748606203125 0.246645025 0.553732321875 0.229843515625 0.560933734375 0.2388061171875 0.5819883171875