0 0.143353125 0 0 0.416328125 0 0.856646875 0.416328125 1 0.856646875 1 1 0.5836718750000001 1 0.143353125 0.5836718750000001 0 0.143353125 0
13 0.7588203124999999 0.51681875 0.801884375 0.531825 0.812775 0.50001875 0.7698546875 0.485325 0.7588203124999999 0.51681875
7 0.6559703125 0.552921875 0.703171875 0.41631093750000003 0.6094484375 0.38447343749999996 0.5629125 0.519853125 0.6559703125 0.552921875
1 0.25734218750000004 0.597209375 0.34352031250000004 0.6268203125 0.35455000000000003 0.5950484375 0.26823437499999997 0.565578125 0.25734218750000004 0.597209375
10 0.4255140625 0.4460609375 0.5153296875 0.47705000000000003 0.531396875 0.43025624999999995 0.5136406250000001 0.42420156249999996 0.5057078125000001 0.44685312499999996 0.46017656249999994 0.43086250000000004 0.4685671875 0.4063703125 0.442315625 0.39739375 0.4255140625 0.4460609375
7 0.690053125 0.40356249999999994 0.7301484375 0.417575 0.7516609375 0.35479375 0.7113609375000001 0.34095 0.690053125 0.40356249999999994
3 0.22435624999999998 0.3884234375 0.3129140625 0.41902343750000004 0.3334125 0.35986093750000003 0.2446375 0.329615625 0.22435624999999998 0.3884234375
7 0.3156171875 0.42773125 0.4149375 0.46149843749999997 0.4368359375 0.3956890625 0.338365625 0.36188750000000003 0.3156171875 0.42773125
2 0.6637125 0.5475890625 0.73361875 0.5718015624999999 0.7646 0.4834203125 0.69423125 0.45924531249999995 0.6637125 0.5475890625
13 0.1557984375 0.36495937500000003 0.21947343749999998 0.3862515625 0.23946874999999998 0.32756562499999997 0.1762234375 0.306040625 0.1557984375 0.36495937500000003
1 0.4114453125 0.338234375 0.43149218749999996 0.2796109375 0.40770937500000004 0.271621875 0.4187546875 0.24014843749999998 0.32249374999999997 0.207003125 0.29798125 0.27778281250000003 0.197371875 0.244521875 0.19127812500000002 0.2626234375 0.4114453125 0.338234375
10 0.4423375 0.24824375 0.4240234375 0.2419375 0.41580625 0.2657171875 0.4340484375 0.272078125 0.4423375 0.24824375
10 0.39875781250000003 0.3744421875 0.4086171875 0.345653125 0.35075781250000004 0.3259578125 0.3410125 0.3542609375 0.39875781250000003 0.3744421875
1 0.6968375 0.45188750000000005 0.767284375 0.47593593749999996 0.7789140625 0.442275 0.70835 0.418134375 0.6968375 0.45188750000000005
1 0.155825 0.5266796874999999 0.14468125 0.5584484375 0.25201562499999997 0.5952296875 0.263059375 0.563640625 0.155825 0.5266796874999999
10 0.2113640625 0.27776718749999996 0.18865625 0.270146875 0.1788546875 0.29845 0.2015015625 0.3063265625 0.2113640625 0.27776718749999996
2 0.6569890625 0.6983515625 0.7352921875 0.725221875 0.764390625 0.6405390625 0.6862 0.6137046875000001 0.6569890625 0.6983515625
13 0.7389578125 0.573609375 0.782265625 0.5886750000000001 0.799359375 0.538921875 0.7561875 0.5243187500000001 0.7389578125 0.573609375
1 0.70628125 0.8093484375 0.7213953125 0.7651890625 0.4967125 0.6880875 0.538134375 0.5667234375 0.38761875 0.5152015624999999 0.34635625000000003 0.6359250000000001 0.1370125 0.5642765625 0.194 0.397434375 0.15006250000000002 0.382 0.07715 0.5939375 0.18288125 0.6304296875000001 0.1892796875 0.6115781250000001 0.3185609375 0.655875 0.3252296875 0.6365937500000001 0.4842765625 0.6912281250000001 0.47526875 0.7171265625000001 0.6038203125 0.7612203125 0.5995453125 0.773725 0.70628125 0.8093484375
10 0.153496875 0.3721109375 0.1526140625 0.37467656250000003 0.19686874999999998 0.390084375 0.1976671875 0.38749687499999996 0.153496875 0.3721109375
10 0.826840625 0.459046875 0.7842203125 0.4442421875 0.7723718749999999 0.4776703125 0.8154015625 0.49261875 0.826840625 0.459046875
6 0.53676875 0.43210625 0.5143718749999999 0.496446875 0.5597328125 0.51200625 0.5818265625000001 0.4476796875 0.53676875 0.43210625
8 0.29896875 0.47639375 0.5459343750000001 0.5616703125 0.5157421875 0.6496109375 0.6517578125 0.69644375 0.68355 0.604240625 0.7670265625 0.6332328125 0.7795859375 0.5959859375 0.6559703125 0.552921875 0.5629125 0.519853125 0.56493125 0.51381875 0.5092484374999999 0.49470937499999995 0.5126125 0.484553125 0.41819375000000003 0.4517921875 0.4149375 0.46149843749999997 0.3156171875 0.42773125 0.29896875 0.47639375
1 0.5131421875 0.65690625 0.5043656249999999 0.682265625 0.6403218749999999 0.72914375 0.6490390625 0.7038234375 0.5131421875 0.65690625
1 0.7066453125 0.3389671875 0.6336890625 0.314 0.6122156249999999 0.376825 0.6847234375 0.401865625 0.7066453125 0.3389671875
2 0.310215625 0.4262671875 0.20289843749999997 0.38922500000000004 0.1582015625 0.5194046875 0.265490625 0.55634375 0.310215625 0.4262671875
2 0.3825484375 0.513434375 0.2963296875 0.483746875 0.2705875 0.558065625 0.3570078125 0.58760625 0.3825484375 0.513434375
10 0.24184999999999998 0.320228125 0.251596875 0.29178125 0.2169375 0.2798 0.20706562499999998 0.30790937500000004 0.24184999999999998 0.320228125
1 0.3455484375 0.324175 0.257140625 0.293303125 0.2472671875 0.3222015625 0.3360078125 0.3523265625 0.3455484375 0.324175
1 0.724115625 0.757978125 0.7326609375 0.7327250000000001 0.6543249999999999 0.7056453125 0.6458828125 0.7308265625 0.724115625 0.757978125