0 0 0 0 1 1 1 1 0 0 0
2 0.5716296875 0.23708749999999998 0.570925 0.3811 0.685815625 0.381328125 0.68584375 0.237021875 0.5716296875 0.23708749999999998
10 0.4421109375 0.30421875 0.4532140625 0.30407656250000004 0.4530875 0.25089843749999996 0.4803140625 0.2506421875 0.48024218750000003 0.23709531250000002 0.441990625 0.2372015625 0.4421109375 0.30421875
1 0.5963234374999999 0.6371671875 0.5963234374999999 0.6280921875 0.6857140625 0.62830625 0.6855765625 0.5886609375 0.6547796875 0.5886125 0.6547046875 0.5630843750000001 0.32604687499999996 0.5631046875 0.32604687499999996 0.5775796875 0.3415921875 0.6003484375 0.5213796875 0.6006296875 0.52146875 0.6365484375 0.5963234374999999 0.6371671875
1 0.7253078125 0.3028515625 0.69129375 0.3030046875 0.6908125 0.5559578125 0.7257703125 0.5559296875 0.7253078125 0.3028515625
13 0.4420921875 0.3802171875 0.510759375 0.38033125 0.5105984375 0.31084375 0.4422125 0.31080312499999996 0.4420921875 0.3802171875
10 0.6858953125 0.56305625 0.659709375 0.5630765625 0.6596609375 0.5822125 0.6858546875 0.58206875 0.6858953125 0.56305625
13 0.34176562499999996 0.50935 0.341546875 0.44561093749999997 0.2999 0.4454671875 0.2997375 0.5092640625 0.34176562499999996 0.50935
13 0.4578078125 0.3041046875 0.4799515625 0.30381874999999997 0.47991093749999997 0.2581234375 0.4580296875 0.257725 0.4578078125 0.3041046875
13 0.5262156250000001 0.2368953125 0.4848484375 0.23714375 0.48575468749999995 0.3041046875 0.5262546875 0.30421875 0.5262156250000001 0.2368953125
10 0.29486249999999997 0.44994218750000003 0.2645375 0.48996562499999996 0.32130312499999997 0.5709578125 0.32115625 0.5159640624999999 0.2948421875 0.5160203125 0.29486249999999997 0.44994218750000003
10 0.515796875 0.3641671875 0.5662703125 0.364253125 0.566215625 0.3108265625 0.5155953125 0.3108890625 0.515796875 0.3641671875
10 0.43735625 0.32651093750000004 0.40848281249999996 0.3267671875 0.4088859375 0.360946875 0.4374171875 0.36088906249999997 0.43735625 0.32651093750000004
10 0.5057625 0.637371875 0.5168046875 0.6371140625 0.5167640625 0.6071546875 0.5057750000000001 0.6072484375 0.5057625 0.637371875
6 0.357384375 0.43871093749999995 0.3983671875 0.4386265625 0.39820625 0.385946875 0.4373359375 0.3859171875 0.43711406249999996 0.3678171875 0.357465625 0.36784218750000003 0.357384375 0.43871093749999995
7 0.5225671875 0.5557296875 0.59576875 0.556071875 0.5957078124999999 0.4384546875 0.541859375 0.438796875 0.54176875 0.4457234375 0.5224859375 0.445496875 0.5225671875 0.5557296875
8 0.5155515625 0.3710609375 0.5155515625 0.386784375 0.3995171875 0.38663125 0.39961718749999997 0.4386265625 0.5957078124999999 0.43839843749999996 0.596171875 0.55604375 0.685815625 0.5559578125 0.685775 0.38805625 0.5678625 0.386553125 0.5679046875 0.3709484375 0.5155515625 0.3710609375
10 0.7260125000000001 0.2365734375 0.6903421875 0.23658593749999998 0.6904656250000001 0.29804375 0.7261734375 0.29626562500000003 0.7260125000000001 0.2365734375
2 0.43961249999999996 0.553734375 0.5171875 0.5542765625 0.5172078124999999 0.44578125 0.4384046875 0.44643750000000004 0.43961249999999996 0.553734375
3 0.531190625 0.30421875 0.5657671875 0.304503125 0.5657875 0.2372578125 0.5311671875 0.23695 0.531190625 0.30421875
10 0.3574859375 0.36123125 0.404090625 0.361003125 0.40378749999999997 0.327109375 0.3571234375 0.32693906250000004 0.3574859375 0.36123125
2 0.32619375 0.5159921875 0.3258921875 0.5547609375 0.43314531250000005 0.5547609375 0.4341734375 0.44697812499999995 0.3476734375 0.445553125 0.34706875 0.5161625 0.32619375 0.5159921875