0 0.40281038281250003 0 0.05192661093749999 0.1417665171875 0.3967659078125 0.995275903125 0.48690703593749995 1 0.5971896171875 1 0.9480733890625 0.8582334828124999 0.6032340921875 0.004724096875 0.5130929640625 0 0.40281038281250003 0
8 0.4071022578125 0.2026743828125 0.3836835765625 0.14479755156250002 0.356398778125 0.1557048359375 0.308979940625 0.0379101296875 0.29519779375 0.0434777078125 0.3659665078125 0.21884992187500002 0.4071022578125 0.2026743828125
10 0.3155473453125 0.09978864374999999 0.3067162875 0.0779684328125 0.301543246875 0.08009435937500001 0.3103490625 0.1017693 0.3155473453125 0.09978864374999999
13 0.67516949375 0.8952577875 0.6505457046875 0.8342823890625001 0.6316336 0.8421987671875 0.6561859203125 0.9030749765625 0.67516949375 0.8952577875
10 0.35657969375 0.2730767203125 0.345222765625 0.244967259375 0.327139971875 0.252285596875 0.33850092656249997 0.2804077859375 0.35657969375 0.2730767203125
6 0.6363351140625 0.8994357671875 0.6232717984375 0.8671343796875 0.6022635281250001 0.87554955 0.6189546609375001 0.9167889875 0.637998071875 0.9092033718750001 0.6343865828124999 0.9001926375 0.6363351140625 0.8994357671875
10 0.6640103296875 0.8377590250000001 0.660964096875 0.8302330328125 0.6524846359375001 0.8335594359374999 0.6555884703125 0.8412402171875 0.6640103296875 0.8377590250000001
13 0.310955728125 0.0371108765625 0.323289325 0.0676920265625 0.3422729 0.0598748375 0.329977684375 0.029427128125 0.310955728125 0.0371108765625
2 0.3640984046875 0.21974400468750002 0.3326274703125 0.14202480625 0.289532971875 0.15954029375 0.3251951984375 0.2478058 0.343624621875 0.2407997828125 0.3391843140625 0.229810146875 0.3640984046875 0.21974400468750002
13 0.3309305265625 0.13783181093750002 0.31728075625 0.10400232499999999 0.2982318734375 0.1117222140625 0.311948575 0.1455583359375 0.3309305265625 0.13783181093750002
3 0.642851109375 0.981551825 0.6276753171875 0.9439998718749999 0.60549255625 0.9529417953125 0.620648071875 0.9905224140625 0.642851109375 0.981551825
8 0.6793510781250001 0.966804375 0.6224797 0.8254639421875 0.6086241203125 0.8309697796875 0.6657383359375 0.9723041625000001 0.6793510781250001 0.966804375
13 0.6637897296874999 0.9730923234375 0.6502841640625 0.9396161812500001 0.6312307625 0.947332703125 0.64478690625 0.9807692515624999 0.6637897296874999 0.9730923234375
10 0.308357009375 0.10255049062499999 0.299563740625 0.08078545781249999 0.287716490625 0.08558762656249999 0.29644336718750003 0.10718645625 0.308357009375 0.10255049062499999
10 0.418334896875 0.13090139218750002 0.41155798906249996 0.114250459375 0.40470302968749994 0.11694226249999999 0.41146211875 0.133604778125 0.418334896875 0.13090139218750002
10 0.6485506578125 0.935344603125 0.6397209140625 0.9135291546875 0.6345481203125 0.9156504015625 0.643354015625 0.9373237812499999 0.6485506578125 0.935344603125
2 0.419338428125 0.18271867656250002 0.402829365625 0.141856471875 0.3872416796875 0.14825882343750002 0.417462415625 0.22287396249999997 0.44132531249999996 0.2131016453125 0.4276414734375 0.1793251359375 0.419338428125 0.18271867656250002
1 0.34275945625 0.2334538109375 0.35836235312500003 0.272021696875 0.37983809062499996 0.263344696875 0.3747487125 0.2506484390625 0.376798496875 0.249870275 0.38192065 0.26259797812499996 0.4589726734375 0.23146759375 0.41995528125000003 0.1350027546875 0.4111944421875 0.1385929171875 0.383202146875 0.0692547640625 0.3744006703125 0.07290381875 0.372415171875 0.0680964421875 0.381286796875 0.064512084375 0.369244559375 0.034969481250000004 0.36149980937500004 0.0380996921875 0.3540445859375 0.019703053125 0.34235327031249996 0.024425775 0.3899298265625 0.1420472484375 0.40308066875000004 0.13673291406250002 0.41953540624999996 0.17740764375 0.4278411703125 0.17405179843750002 0.445051928125 0.2165420203125 0.4172396640625 0.227870715625 0.4085861609375 0.206812403125 0.34275945625 0.2334538109375
10 0.3560028 0.018910703125 0.36173971250000003 0.03304438125 0.3676159921875 0.030636121875 0.361894853125 0.016529868750000003 0.3560028 0.018910703125
10 0.6855630578125 0.8910850890625 0.665864859375 0.8422888531250001 0.6574179546875001 0.8457702984375001 0.6771320765625 0.89453138125 0.6855630578125 0.8910850890625
6 0.30488190312499996 0.0735617015625 0.3012690171875 0.0645477640625 0.3032207515625 0.0637894953125 0.295031509375 0.0435456609375 0.2740513390625 0.052021759375 0.28583717656249996 0.08114255468750001 0.30488190312499996 0.0735617015625
7 0.3229916484375 0.072565940625 0.35640605000000003 0.1555362359375 0.3880711 0.1430012765625 0.35443810781249996 0.059753535937500005 0.3229916484375 0.072565940625
2 0.6591957390625 0.8258203749999999 0.6239871671875 0.7386911046875 0.578745071875 0.7569702421875 0.6068905265625 0.8266700328125 0.62272598125 0.8202869234374999 0.6298483359375 0.837839984375 0.6591957390625 0.8258203749999999
10 0.7023637984375 0.87076151875 0.6946564093750001 0.8738655234375001 0.6796314171875 0.8367799140625 0.667879840625 0.841577709375 0.69466719375 0.9082022078125 0.7143397859375 0.9004039171875 0.7023637984375 0.87076151875
10 0.70051705625 0.8661726406250001 0.687347003125 0.8336090593750001 0.681526884375 0.8359608062499999 0.69474785625 0.868538009375 0.70051705625 0.8661726406250001
7 0.7325008421875 0.9453315906249999 0.716090959375 0.904726490625 0.6943547437500001 0.9134774609375 0.6873389171875 0.8956233125 0.6579556281250001 0.9072827374999999 0.6647991296875 0.924633428125 0.662824984375 0.925431203125 0.6794230125 0.9667752859375 0.7325008421875 0.9453315906249999
10 0.3318656078125 0.0286623859375 0.3441511265625 0.059086118750000007 0.352764915625 0.055644712500000006 0.3404510578125 0.025194460937500003 0.3318656078125 0.0286623859375
10 0.6195528640625 0.8635176015624999 0.60669581875 0.8318481890625 0.5877338859375 0.8394912734375 0.6004712890625 0.871204484375 0.6195528640625 0.8635176015624999
3 0.310101725 0.1463753 0.29478313749999996 0.1085326625 0.2726019375 0.11747466718749999 0.2880080625 0.155289034375 0.29496513593749996 0.152380403125 0.2966160671875 0.15646615625 0.30634497031249996 0.15249645 0.3047065296875 0.1484410796875 0.310101725 0.1463753
10 0.6413964828125 0.9382225640625 0.6326044453125 0.9164638546875 0.6207571953125 0.9212660234375001 0.629481196875 0.9428600093749999 0.6413964828125 0.9382225640625