0 0.49800546093750003 0 0 0.738323459375 0 0.765854715625 0.347134659375 1 0.5019945390625 1 1 0.261676540625 1 0.23414528437499998 0.652865340625 0 0.49800546093750003 0
13 0.761632678125 0.20330809374999997 0.72242581875 0.261356415625 0.7469547953125 0.2782538609375 0.7860519703125 0.220133440625 0.761632678125 0.20330809374999997
8 0.49701238124999997 0.28561507812500003 0.291345884375 0.5907964421874999 0.3919792390625 0.6576605203125 0.413820284375 0.6246036421875 0.41472031718749996 0.624856396875 0.77858088125 0.084796203125 0.7486591015624999 0.0646137078125 0.5673007171875 0.33322870781249997 0.49701238124999997 0.28561507812500003
10 0.8008944093749999 0.2060166640625 0.760795909375 0.26546513437499997 0.7968210109375 0.2895306671875 0.837172575 0.23048659531250001 0.8008944093749999 0.2060166640625
1 0.6398648609375 0 0.4757927640625 0.2438495 0.46512470156249996 0.236459675 0.23350287656250002 0.5802890484375001 0.2697819265625 0.6050762078125 0.28348092343750003 0.5846716078124999 0.2881727578125 0.587836290625 0.674496509375 0.014590407812500001 0.652865340625 0 0.6398648609375 0
10 0.391419821875 0.686490625 0.42176958593749997 0.6416545203124999 0.412065959375 0.6351093421875 0.38149905781250004 0.6802701640625 0.391419821875 0.686490625
2 0.23904048281249998 0.8831078343750001 0.3860065625 0.665677115625 0.28137311249999997 0.595952853125 0.1144965890625 0.843083640625 0.21798120468749999 0.91288489375 0.23841481875 0.88268581875 0.23904048281249998 0.8831078343750001
10 0.59271948125 0.287541234375 0.5816414671875 0.28006902031249997 0.5581465859375 0.31458866093750004 0.5696414765625 0.322225209375 0.59271948125 0.287541234375
7 0.5417616625 0.44369376093749996 0.5386224234375 0.44127853281249996 0.4145907453125 0.6253362984375 0.43099838437500004 0.6361564937499999 0.394940834375 0.6891501703125 0.46804599375 0.7387768546875 0.651937971875 0.46605078125 0.5661165703125 0.4079298109375 0.5417616625 0.44369376093749996
3 0.29629934687500004 0.7985142640625 0.23904048281249998 0.8831078343750001 0.24205065 0.88518910625 0.2216846703125 0.9153829140624999 0.27916288125 0.9541524578124999 0.356913615625 0.8390051984375001 0.29629934687500004 0.7985142640625
1 0.2644643921875 0.612792125 0.2349558359375 0.592888353125 0.1363130703125 0.7390205 0.166500171875 0.758703459375 0.2644643921875 0.612792125
2 0.6774126703125 0.2425856640625 0.571392175 0.399633390625 0.6360182453125 0.44322422499999997 0.74147565 0.2862037875 0.6774126703125 0.2425856640625
13 0.3762226859375 0.6883078609375 0.30558278437499997 0.7931699421875 0.36229655312500003 0.8308151 0.43271641406250005 0.7264133625 0.3762226859375 0.6883078609375
10 0.13117832499999998 0.7469935249999999 0.0814244671875 0.8207762125 0.11099649687499999 0.8407227984375 0.1605664125 0.7668160390625001 0.13117832499999998 0.7469935249999999
10 0.8069520953125 0.1493582421875 0.8279863390625 0.1181206046875 0.78222735 0.087255778125 0.761526728125 0.11794571250000001 0.8069520953125 0.1493582421875
10 0.795454796875 0.15290208593750002 0.7670184765625 0.1951500796875 0.7919153171875 0.21165861874999997 0.8203045484375 0.169944278125 0.795454796875 0.15290208593750002
3 0.4602471421875 0.7446249765624999 0.40504218437499995 0.8268608796875 0.38085083750000004 0.8108376265624999 0.282700540625 0.9565386374999999 0.346384875 0.9994942640625 0.49968267187500004 0.77216505 0.4602471421875 0.7446249765624999
10 0.4565834875 0.742378090625 0.436433946875 0.72895479375 0.386680103125 0.8024943640625001 0.4066476375 0.8166373625000001 0.4565834875 0.742378090625
13 0.7184235390625 0.2592203734375 0.7917700703125 0.15086526875 0.75584861875 0.126545478125 0.6825474859375 0.23443929375 0.7184235390625 0.2592203734375
1 0.3835309921875 1 0.5629832 0.7341771234375 0.5518801828125001 0.7261999015625 0.7045889671875 0.49960422343750005 0.6712855828125 0.47702772343750005 0.7910671859375 0.2987484359375 0.7552969109375 0.27339978593750003 0.63961045625 0.44521937187500005 0.6612328578125 0.46019211875000005 0.4718546015625 0.74074456875 0.508765859375 0.7663464109375 0.35108036875000004 1 0.3835309921875 1
10 0.7002230140625 0.4417236625 0.6804372015625 0.47097630312499994 0.710251715625 0.4914407734375 0.7302380453125 0.46173158125 0.7002230140625 0.4417236625
2 0.7039469375 0.12294990624999999 0.7449906093750001 0.062139278124999996 0.678152046875 0.0170560984375 0.6371861375 0.07775143749999999 0.7039469375 0.12294990624999999
2 0.6314920015625 0.0863498171875 0.5027096875 0.2769114078125 0.5545437421875 0.312075584375 0.5834462140625 0.2696953359375 0.598683546875 0.278953415625 0.698232115625 0.13136659374999998 0.6314920015625 0.0863498171875