13 0.588525 0.2160984375 0.5905046875 0.18575625 0.6165875 0.1873125 0.6206875000000001 0.123396875 0.550940625 0.11930937500000001 0.544165625 0.213203125 0.588525 0.2160984375
2 0.40297968749999996 0.5372046874999999 0.389740625 0.7263015625 0.4688625 0.7317843749999999 0.4823875 0.5426828125000001 0.40297968749999996 0.5372046874999999
6 0.5679984375 0.6996640625 0.509090625 0.6954734375 0.49937812499999995 0.8277906249999999 0.5592125 0.8313 0.5679984375 0.6996640625
1 0.41927812500000006 0.21631874999999998 0.385321875 0.2148171875 0.336159375 0.9243234375 0.369896875 0.925246875 0.41927812500000006 0.21631874999999998
2 0.4405609375 0 0.4262765625 0.205209375 0.5384203125 0.2127859375 0.552565625 0.0024546875 0.5174609375 0 0.4405609375 0
2 0.3885515625 0.738715625 0.3758390625 0.9269484374999999 0.45507656250000006 0.93229375 0.467990625 0.744665625 0.3885515625 0.738715625
0 0.2530265625 0 0.18455625 0.9791624999999999 0.4825390625 1 0.7469734375 1 0.81544375 0.020837500000000002 0.5174609375 0 0.2530265625 0
13 0.46738125 0.8379921875 0.46062343749999995 0.9330265624999999 0.5238703124999999 0.9371984375 0.5304781249999999 0.8417875 0.46738125 0.8379921875
3 0.621665625 0.11084687499999998 0.62888125 0.007790625 0.5580406250000001 0.0028375 0.5512609375 0.1069078125 0.621665625 0.11084687499999998
10 0.6757921875 0.1144953125 0.6829078125 0.01156875 0.6343453125 0.0081734375 0.6268140625 0.1114375 0.6757921875 0.1144953125
10 0.6718968750000001 0.1732671875 0.6748203125 0.1264625 0.6571765625 0.1256953125 0.6541390625 0.1721296875 0.6718968750000001 0.1732671875
1 0.6190234375 0.49866406249999995 0.6487421875 0.5000953124999999 0.670440625 0.1863390625 0.647803125 0.18457812499999998 0.6515296875 0.1253015625 0.6265031249999999 0.123228125 0.6157015625 0.2783875 0.633996875 0.2803703125 0.6190234375 0.49866406249999995
1 0.6479234375 0.5131796875 0.6132015625 0.51111875 0.60098125 0.689115625 0.6355609375 0.6922515625 0.6479234375 0.5131796875
2 0.594965625 0.6891625 0.60723125 0.5102984375 0.528025 0.5049406249999999 0.515775 0.6827468750000001 0.594965625 0.6891625
10 0.3933921875 0 0.3895140625 0.05512812499999999 0.43062500000000004 0.0581828125 0.4347203125 0 0.3933921875 0
1 0.4295453125 0.0713859375 0.395621875 0.0694484375 0.38685625 0.2025609375 0.4202078125 0.2041765625 0.4295453125 0.0713859375
7 0.54246875 0.2264421875 0.52380625 0.49171875 0.6133046875 0.49747343749999995 0.6276437500000001 0.2931140625 0.609234375 0.29154375 0.613278125 0.2316796875 0.54246875 0.2264421875
10 0.5945125 0.1986515625 0.5933375 0.2161265625 0.61425 0.21790625000000002 0.6156609375000001 0.2004453125 0.5945125 0.1986515625
8 0.42534375 0.2185375 0.4038546875 0.5246953125 0.48889531249999996 0.5307796875 0.46827968750000004 0.8253718750000001 0.4992875 0.8271796874999999 0.5421765625 0.22602656250000003 0.42534375 0.2185375