0 0.175296875 0 0 0.393721875 0 0.8247031249999999 0.393721875 1 0.8247031249999999 1 1 0.606278125 1 0.175296875 0.606278125 0 0.175296875 0
7 0.6070578125 0.378503125 0.602753125 0.37640625 0.5582921875 0.47710625 0.6068703125 0.4992 0.6530703124999999 0.3955953125 0.63344375 0.3867015625 0.6324203125000001 0.3889890625 0.6269218750000001 0.386728125 0.627334375 0.3861 0.607621875 0.3772359375 0.6070578125 0.378503125
2 0.4354609375 0.6700703125 0.46854531250000003 0.6846921874999999 0.46891718750000005 0.6836796875 0.47451875 0.6860671875000001 0.47412031250000003 0.6869609375 0.5068718750000001 0.70165 0.5072703125 0.70075625 0.5150875 0.7044515625 0.570278125 0.581 0.47618593750000004 0.538465625 0.42089999999999994 0.6623015624999999 0.4360015625 0.669025 0.4354609375 0.6700703125
7 0.681559375 0.5406453124999999 0.680171875 0.54411875 0.7607140625000001 0.579903125 0.8103781250000001 0.46835468750000003 0.7991296875 0.4632734375 0.7993359375 0.46269218749999996 0.736559375 0.43459531250000005 0.7360859375000001 0.43542500000000006 0.6569078125 0.40047187500000003 0.62928125 0.462996875 0.6286046875 0.4626234375 0.6164390625 0.4903046875 0.617025 0.490640625 0.60905625 0.5080671875 0.68119375 0.5404078125 0.681559375 0.5406453124999999
6 0.58758125 0.664225 0.561196875 0.652403125 0.55936875 0.656275 0.54588125 0.6501953125 0.527878125 0.6907484375 0.5475265625 0.700465625 0.5471171874999999 0.7016218750000001 0.5672671874999999 0.7104468749999999 0.58758125 0.664225
3 0.5691828125 0.49215 0.5086078125 0.4649640625 0.479140625 0.53131875 0.5395765625 0.5577984375 0.5691828125 0.49215
12 0.6783765625 0.547871875 0.6342453124999999 0.52866875 0.62609375 0.56270625 0.6641343749999999 0.5797234375 0.6783765625 0.547871875
10 0.5361421875 0.703609375 0.524578125 0.6982859375 0.5206046875 0.706803125 0.5322953125 0.71218125 0.5361421875 0.703609375
13 0.597303125 0.3733578125 0.557421875 0.3556015625 0.512375 0.45739062500000005 0.5526828125 0.4752078125 0.597303125 0.3733578125
13 0.6032 0.5071703125 0.57448125 0.4940875 0.5451312500000001 0.5606046874999999 0.5741328125 0.5735187500000001 0.6032 0.5071703125
8 0.6207828125 0.7513546875 0.6263 0.7536265625 0.625815625 0.7547125 0.658875 0.76911875 0.6592953125000001 0.7683765625000001 0.6739703125000001 0.7749718750000001 0.7596234374999999 0.582590625 0.729234375 0.568875 0.7302703125 0.5665484375000001 0.679825 0.5438359375 0.6641343749999999 0.5797234375 0.5917875 0.5463578124999999 0.54925625 0.642775 0.562509375 0.648921875 0.561196875 0.652403125 0.5877687500000001 0.663825 0.589284375 0.66071875 0.5942203125 0.662915625 0.565890625 0.7270390625 0.5876734375 0.7368609375 0.5874203125 0.7374296874999999 0.6204468750000001 0.7520078125 0.6207828125 0.7513546875
10 0.6342453124999999 0.52866875 0.605871875 0.5155734375 0.5932796875 0.5437375 0.6271859375 0.55898125 0.6342453124999999 0.52866875