0 0.46065011718750004 0 0.14399591875 0.050152339062499995 0.2891051109375 0.9663432046875 0.44744788125 1 0.5393498828125 1 0.85600408125 0.9498476609375001 0.7108948890625 0.0336567953125 0.55255211875 0 0.46065011718750004 0
7 0.4975764171875 0.093376025 0.4834117921875 0.0031052765625 0.4343481140625 0.0107750921875 0.44848235625 0.10115120156249999 0.4975764171875 0.093376025
7 0.6172777171875 0.966247025 0.6028416859375 0.8753818578124999 0.572738171875 0.8804413609375 0.5840488546875 0.9518535109374999 0.5832298921875 0.9518886953125 0.5861289125 0.9712792265625 0.6172777171875 0.966247025
7 0.6172558015625 0.965929275 0.60302565 0.8756286234375 0.5727080109375 0.8803502875 0.5839088343750001 0.951520240625 0.583050078125 0.9515773171875 0.5861654734374999 0.9710170359375001 0.6172558015625 0.965929275
8 0.42024849687500004 0.006397965625 0.4219717375 0.0173342953125 0.3799963046875 0.0240395765625 0.39566523125 0.1227896296875 0.4495442703125 0.11419930625000001 0.4474900578125 0.101558478125 0.44847375468750006 0.10122924375 0.4331638 0.004352575 0.42024849687500004 0.006397965625
6 0.561349153125 0.799274765625 0.5661923453125 0.8291709624999999 0.5666273578125 0.8291835578125 0.5684748421875 0.8410759859375 0.588585028125 0.8378123734375 0.5789440531250001 0.7780919296875 0.5593410000000001 0.7813595046875 0.5621719171875 0.7992292078125 0.561349153125 0.799274765625
1 0.5393479515624999 1 0.549222884375 0.9984369953125001 0.5083740828125001 0.740191390625 0.49432937031249996 0.7425526171875 0.5352079125 1 0.5393479515624999 1
1 0.5071292640625 0.1530601640625 0.4982777875 0.098320521875 0.474316415625 0.1021169453125 0.48405907187499997 0.1631401234375 0.4946691890625 0.16140345312499998 0.49378986874999997 0.155229465625 0.5071292640625 0.1530601640625
10 0.496455178125 0.1714809359375 0.49564752500000003 0.16660809375000002 0.4850549875 0.1682846046875 0.4921122265625 0.21284277812500002 0.5055927046875001 0.210791321875 0.499295303125 0.17103033437499998 0.496455178125 0.1714809359375
1 0.418589628125 0.17816918125 0.41039213906249994 0.125590865625 0.3964436984375 0.1278974765625 0.4047101984375 0.1803690578125 0.418589628125 0.17816918125
2 0.46610041718749995 0.2168391359375 0.45036148593750003 0.11924510156250001 0.41252265 0.1253073140625 0.42805416718749995 0.2227949625 0.46610041718749995 0.2168391359375
10 0.5849645156250001 0.8732352640625001 0.5804202875 0.8441645765624999 0.56928268125 0.8460606859375 0.573992628125 0.8750356109374999 0.5849645156250001 0.8732352640625001
2 0.5575594734375 0.8829896546875 0.547085728125 0.8168687015625 0.5233367328125 0.8208684109375 0.5337223765625 0.886441896875 0.5575594734375 0.8829896546875
3 0.489878128125 0.213177790625 0.482791325 0.168428034375 0.47282371406249996 0.1702006375 0.4797439703125 0.21480956406249999 0.489878128125 0.213177790625
10 0.4753861234375 0.1222528046875 0.4721949203125 0.10244075 0.4647485234375 0.10367739375 0.4679013765625 0.12326404843750001 0.4753861234375 0.1222528046875
1 0.60516163125 0.8752216374999999 0.6202455921875 0.9707867218749999 0.612868840625 0.9718384921875 0.61542119375 0.9879525359375 0.6395741484374999 0.9841265484375 0.6218880875 0.872456015625 0.60516163125 0.8752216374999999
10 0.508907490625 0.16431648125 0.5079734218749999 0.15803181718749998 0.49680352812499995 0.1599370375 0.497815490625 0.166140815625 0.508907490625 0.16431648125
10 0.5782348500000001 0.7731617421875 0.5714203359375001 0.7303324390625 0.5654610046874999 0.73127655625 0.572314584375 0.774170071875 0.5782348500000001 0.7731617421875
3 0.477524875 0.215043934375 0.47046399375 0.1703300390625 0.458924821875 0.172311715625 0.46596695468749993 0.216775625 0.477524875 0.215043934375
13 0.6034399046875001 0.9898498218749999 0.6009097921875 0.9737213359375 0.5888735281249999 0.9758321703125 0.591349625 0.991763875 0.6034399046875001 0.9898498218749999
8 0.5441688859375 0.78366639375 0.5604569609375 0.8872667921874999 0.5346267890624999 0.8914231625 0.5500435203125 0.98971386875 0.58809053125 0.9838221 0.5830212171875 0.95181079375 0.583930025 0.9514656406249999 0.5644798359375 0.8296072593750001 0.5658385796875 0.82925710625 0.560912353125 0.7991052453124999 0.5600032125000001 0.7992490546875 0.5572045234375 0.7814005796875 0.5441688859375 0.78366639375
10 0.59388581875 0.8718760296875001 0.5894399359375 0.842883753125 0.58261501875 0.8440448328124999 0.5871326140625001 0.8727823906250001 0.59388581875 0.8718760296875001
13 0.481893875 0.16363195156250002 0.47630316875 0.1271520921875 0.45451883125 0.130949609375 0.46011496249999995 0.16708078906249998 0.481893875 0.16363195156250002
10 0.4259003265625 0.2234888796875 0.4194506484375 0.1832418609375 0.40563476875 0.1856613109375 0.4119143625 0.2254760203125 0.4259003265625 0.2234888796875
13 0.46561039062500004 0.123844153125 0.46249395781249997 0.10377802968750001 0.4503200890625 0.10543150937500001 0.45352532187500005 0.1254781703125 0.46561039062500004 0.123844153125
2 0.5461853546875 0.8120863734375 0.53436444375 0.73609303125 0.5105197218749999 0.73994939375 0.5224792328125 0.8156814671875001 0.5461853546875 0.8120863734375
10 0.613247675 0.9882956343749999 0.6107214015625 0.9721791453125 0.6029467265624999 0.97347220625 0.6055839640625 0.989510046875 0.613247675 0.9882956343749999
13 0.5701134375 0.7745679984375 0.5634153828125 0.7318145656249999 0.5366341765625 0.7360563203125 0.5433565375 0.7787254640625 0.5701134375 0.7745679984375