0 0.48253961093750003 0 0.40829334531250006 0.0051918046875 0.0441305109375 0.11652822968750001 0 0.1301366203125 0 0.5174603796875 0.004951690625 0.588272853125 0.1304460984375 1 0.5174603890625 1 0.5917066546874999 0.9948081953125 1 0.869979790625 1 0.4825396140625 0.9949620953125 0.4104942203125 0.8684466687500001 0 0.48253961093750003 0
10 0.30592125625 0.7717752796874999 0.3488668046875 0.7583625015625 0.3307379015625 0.697767003125 0.28717852499999996 0.7108013640624999 0.30592125625 0.7717752796874999
8 0.637245390625 0.41273398281249996 0.5950256171875 0.4258861234375 0.59424405625 0.4229522453125 0.3641165984375 0.4974569265625 0.4449168375 0.7634309874999999 0.5807881953125 0.7218095046874999 0.5170138421875 0.511901540625 0.6546660578125 0.469898653125 0.637245390625 0.41273398281249996
10 0.4946299328125 0.41874698125 0.5207786343749999 0.410401046875 0.49546619999999997 0.3273331546875 0.4689161859375 0.335450275 0.4946299328125 0.41874698125
1 0.3547131078125 0.7570749859375 0.43016589375000003 0.7340070359374999 0.41180696875 0.6735043703125 0.3361625078125 0.6966311468749999 0.3547131078125 0.7570749859375
3 0.2670881078125 0.412250546875 0.335812934375 0.391122265625 0.31381807031250003 0.32026362812500003 0.24523948906249998 0.3412657765625 0.2670881078125 0.412250546875
10 0.270160596875 0.42285893750000003 0.3145054703125 0.40945481875 0.31336778593750003 0.406221615625 0.2692203875 0.4197842203125 0.270160596875 0.42285893750000003
10 0.29678685625 0.317454196875 0.311749740625 0.31277090625000004 0.301198421875 0.27891664843749997 0.2862328015625 0.28371760468749996 0.29678685625 0.317454196875
10 0.61377598125 0.412244934375 0.634644303125 0.40566382812499996 0.6192401375000001 0.3555866953125 0.5985040859375 0.3626033859375 0.61377598125 0.412244934375
2 0.6776232921875 0.6709964765625 0.7715702453125 0.64213683125 0.7156581484375 0.459255634375 0.6214977859374999 0.488042490625 0.6776232921875 0.6709964765625
2 0.2850840328125 0.7040544718749999 0.4098749453125 0.665608971875 0.35930533124999997 0.499300159375 0.23418383281250002 0.5382371046875 0.2850840328125 0.7040544718749999
2 0.580218809375 0.6997345125 0.6718941734375 0.6726830406250001 0.6158989874999999 0.489308 0.5244996937499999 0.517933109375 0.580218809375 0.6997345125
3 0.23958948281249998 0.3426053515625 0.1803856015625 0.36105828125 0.232503509375 0.5307156843749999 0.25709602343750004 0.5229625609374999 0.25956100000000004 0.5307517734375 0.2938252609375 0.5194559796875 0.23958948281249998 0.3426053515625
13 0.296852371875 0.51021919375 0.34087393125 0.49676093281249994 0.3166658046875 0.4172105140625 0.27245027187500004 0.4304035328125 0.296852371875 0.51021919375
10 0.32733734062500003 0.43356531875000004 0.347531040625 0.4277299640625 0.3382999859375 0.3984431734375 0.31899131875000003 0.404570628125 0.32733734062500003 0.43356531875000004
3 0.659675475 0.46835796093750004 0.71310291875 0.4519676875 0.67845545 0.3381260109375 0.6249414390625 0.354487878125 0.659675475 0.46835796093750004
13 0.34644648437500003 0.4948065125 0.3662486046875 0.48863515468749996 0.34979273593750004 0.435076028125 0.329786428125 0.44103768125 0.34644648437500003 0.4948065125
7 0.40147220624999996 0.486309915625 0.478489484375 0.46335028281249996 0.47638722031249997 0.4567386375 0.497747121875 0.4495044609375 0.46345825781250005 0.33653520625 0.4388198015625 0.34441528125 0.40869775781250006 0.24643719375 0.30714295625 0.2776003359375 0.3715619984375 0.48749924375000003 0.398943759375 0.478307421875 0.40147220624999996 0.486309915625
10 0.4646685921875 0.268502240625 0.4781956453125 0.26447539375 0.46722012968750004 0.22804915 0.45394058125000003 0.23250195625 0.4646685921875 0.268502240625
10 0.48046654999999994 0.272065159375 0.46174282968749997 0.27771001093750003 0.4487177671875 0.23358924218750002 0.413854815625 0.2446559296875 0.44174344843749996 0.335580440625 0.492836153125 0.31982645625 0.48046654999999994 0.272065159375
6 0.5444724953125 0.43761923593749996 0.5939082203125 0.42211425468749997 0.5927451078125 0.418763790625 0.6086938281250001 0.41388782500000004 0.58315751875 0.3314934390625 0.50940698125 0.3540413796875 0.5285472609374999 0.4166462234375 0.49696879843749997 0.42630066875 0.50460279375 0.451272728125 0.54506130625 0.43909582187499996 0.5444724953125 0.43761923593749996