0 0.42080751093749996 0 0.341342225 0.025819912499999997 0.07950006093749999 0.1159794 0.36673662500000004 1 0.5791924890625 1 0.658657775 0.9741800875 0.9204999390624999 0.8840206 0.6332633750000001 0 0.42080751093749996 0
13 0.47730219687500003 0.1688761453125 0.4555727890625 0.102285071875 0.42728153593749996 0.1111688671875 0.448885365625 0.17780318125 0.47730219687500003 0.1688761453125
8 0.3292220921875 0.3703652890625 0.44308828125 0.7203211140625 0.5577347640625 0.6821870203125 0.5451311265625 0.6446235390624999 0.5458841578125 0.6440700984375 0.34432659375 0.024850149999999998 0.341342225 0.025819912499999997 0.31017852343749996 0.0365504359375 0.41001658750000003 0.344292240625 0.3292220921875 0.3703652890625
10 0.516888565625 0.1365239265625 0.4952045765625 0.06837540156250001 0.4535864296875 0.081897590625 0.47574527343749995 0.1500957859375 0.516888565625 0.1365239265625
1 0.270856209375 0.365229759375 0.39919652656250004 0.759433984375 0.44106463281249997 0.7461050046875 0.4334188734375 0.722748275 0.438801965625 0.7209988375 0.22558415781250002 0.0656786109375 0.1907122515625 0.07768597187500001 0.283247515625 0.36137291875 0.270856209375 0.365229759375
10 0.552329465625 0.65247493125 0.5690981078124999 0.704366140625 0.5801084953125 0.70037665625 0.563461628125 0.648858303125 0.552329465625 0.65247493125
2 0.579191721875 1 0.6517305359375001 0.976431471875 0.6405130625 0.9417370734375 0.641230703125 0.941503190625 0.5603741375 0.6918296296875 0.44101106874999996 0.7313547671875 0.5281478015625 1 0.579191721875 1
10 0.389692003125 0.34003020156249997 0.4027869609375 0.335673278125 0.3896647609375 0.29613345 0.37695595000000004 0.30026321718750004 0.389692003125 0.34003020156249997
7 0.5461830765625 0.644467890625 0.5648107453125 0.63820094375 0.5843710265625 0.6992411078125 0.6684857671875 0.6721851015625 0.56679014375 0.35937010156250004 0.46815271718749996 0.3912151453125 0.48134130468749997 0.432425959375 0.4775052265625 0.43341301562499995 0.5461830765625 0.644467890625
3 0.6098223046875 0.8443018468749999 0.641230703125 0.941503190625 0.644723825 0.9404127843750001 0.6559783015625 0.9750514750000001 0.658657775 0.9741800875 0.7215583984375 0.9525216656250001 0.6790465546875 0.821465809375 0.6098223046875 0.8443018468749999
1 0.46444196875 0.9337451140624999 0.49853796875 0.9220759781250001 0.4438705234375 0.755045790625 0.4100199265625 0.7660454296875 0.46444196875 0.9337451140624999
2 0.5390007203125 0.35786184374999996 0.48019328437500003 0.17808835625 0.40638046406250006 0.2017177609375 0.46486333281250003 0.3819500375 0.5390007203125 0.35786184374999996
13 0.6759076937499999 0.8121819218749999 0.6369917796875 0.6924140828125 0.57218381875 0.713471675 0.6113266015625001 0.83369681875 0.6759076937499999 0.8121819218749999
10 0.5236523203125001 1 0.5012774203125 0.9317452734374999 0.467564728125 0.94269908125 0.48619070625000005 1 0.5236523203125001 1
10 0.348508846875 0.023491059375 0.3599492921875 0.0586986359375 0.41266827656249994 0.042241532812499996 0.401003521875 0.00643530625 0.348508846875 0.023491059375
10 0.45250406249999997 0.0924465734375 0.43711188125 0.044394520312500005 0.40838385937500005 0.053483240625 0.42416854375 0.10190251406249999 0.45250406249999997 0.0924465734375
3 0.6682923374999999 0.6819322390625 0.6991081421875001 0.7760639625 0.67158786875 0.7852623265625 0.7255916265625 0.9511329140625 0.7982355234375 0.926119615625 0.714273678125 0.6678116171874999 0.6682923374999999 0.6819322390625
10 0.6686022203124999 0.7755307296875 0.6920401703125 0.7685047968750001 0.6642671578125 0.68343555 0.6412841593749999 0.6910484703125 0.6686022203124999 0.7755307296875
13 0.36323030156249997 0.06846734374999999 0.403122721875 0.192654934375 0.44473748437499994 0.1796412390625 0.40450984375 0.05513280625 0.36323030156249997 0.06846734374999999
1 0.7101888203125 0.598380696875 0.625645565625 0.33853773593750003 0.5873516750000001 0.350882240625 0.5206102312499999 0.1467325125 0.47861369218750005 0.15931415 0.5427852718749999 0.356259609375 0.567895909375 0.3484379375 0.6723811375000001 0.67039598125 0.7152805437499999 0.6570721500000001 0.802184540625 0.924759859375 0.8276189890625 0.916002075 0.7233101343749999 0.59454185625 0.7101888203125 0.598380696875
10 0.6226993859375 0.32905034375 0.6115931203125 0.295010065625 0.577347059375 0.306344178125 0.5882177390625001 0.339945028125 0.6226993859375 0.32905034375
2 0.32844212968750003 0.107152446875 0.3059931265625 0.0379915828125 0.22975182656249998 0.06424356718749999 0.25172431875 0.131934153125 0.32844212968750003 0.107152446875
2 0.3854942453125 0.3413202671875 0.36989241875 0.292452990625 0.3865678796875 0.286146003125 0.331557278125 0.11683780156250001 0.254994575 0.1417148265625 0.325872609375 0.36051770156249996 0.3854942453125 0.3413202671875