10 0.5532468749999999 0.94211875 0.5532468749999999 0.9005359374999999 0.5341328125 0.900646875 0.5340828125 0.9417859375000001 0.5532468749999999 0.94211875
13 0.4673796875 0.8848421875 0.4673796875 0.8244031250000001 0.4487984375 0.8244031250000001 0.4487984375 0.8848421875 0.4673796875 0.8848421875
2 0.5384390625 0.8974624999999999 0.5382156250000001 0.8244031250000001 0.5028343750000001 0.8245703125 0.5027609375 0.8974624999999999 0.5384390625 0.8974624999999999
13 0.44750625 0.173925 0.44748124999999994 0.13474375 0.4346453125 0.13485625 0.434671875 0.1558640625 0.44034218750000004 0.15602812500000002 0.44034218750000004 0.15725 0.4346953125 0.15725 0.434671875 0.1738140625 0.44750625 0.173925
0 0.21875 0 0.21875 1 0.78125 1 0.78125 0 0.21875 0
1 0.5525453125 0.897609375 0.5525453125 0.8245703125 0.5397421875 0.8246062500000001 0.53969375 0.8975734375 0.5525453125 0.897609375
2 0.5013156249999999 0.21818125 0.5013875 0.1516078125 0.46303906250000004 0.151715625 0.46305625 0.21819843749999998 0.5013156249999999 0.21818125
1 0.5155937500000001 1 0.515578125 0.9453578125 0.502846875 0.94526875 0.50284375 1 0.5155937500000001 1
7 0.501325 0.1485484375 0.5013765625 0.11352031250000001 0.4686734375 0.11340625 0.4686734375 0.1485484375 0.501325 0.1485484375
13 0.4474578125 0.13346875 0.44748124999999994 0.1134625 0.43459531250000005 0.11351718749999999 0.4346453125 0.1336328125 0.4474578125 0.13346875
10 0.4474890625 0.8850078124999999 0.44752656249999995 0.856421875 0.43469375 0.8565796875 0.43465625 0.8849281250000001 0.4474890625 0.8850078124999999
8 0.5013609375 1 0.5013546875 0.9324625 0.47488125 0.93244375 0.47489687500000005 0.9292734375 0.50218125 0.9292734375 0.5021640625 0.9006890625 0.5013390625 0.9007078125 0.5013546875 0.86900625 0.4886390625 0.86900625 0.4886390625 0.9006718749999999 0.48608906249999995 0.9006890625 0.48610625 0.8975734375 0.4871484375 0.897590625 0.48715624999999996 0.8881875000000001 0.47541093749999996 0.8881875000000001 0.475403125 0.8975734375 0.476428125 0.8975734375 0.4764453125 0.9007078125 0.47287656250000004 0.9007250000000001 0.47286875000000006 0.897609375 0.47391875 0.8975734375 0.47392812500000003 0.8881703125 0.4630484375 0.8881703125 0.46305625 0.897590625 0.46418593750000003 0.8975375 0.46416250000000003 0.9007078125 0.46305625 0.9006890625 0.462996875 0.932753125 0.4630484375 1 0.5013609375 1
2 0.46167499999999995 0.999096875 0.4616765625 0.9452859374999999 0.4290265625 0.9452828125 0.42899062499999996 0.99910625 0.46167499999999995 0.999096875
2 0.461628125 0.9419906250000001 0.461609375 0.8881703125 0.428965625 0.888153125 0.42899062499999996 0.9419046874999999 0.461628125 0.9419906250000001
13 0.457759375 0.14859687500000002 0.45783125 0.1135453125 0.448865625 0.11356718750000001 0.448865625 0.14858125 0.457759375 0.14859687500000002
3 0.46864375 0.8244031250000001 0.46879218749999996 0.8848421875 0.48707812500000003 0.8850109375 0.48707812500000003 0.8659140624999999 0.5012 0.86575 0.5012749999999999 0.8244031250000001 0.46864375 0.8244031250000001
12 0.5667984374999999 0.9420078125 0.56676875 0.808828125 0.553940625 0.8086015625 0.553890625 0.941896875 0.5667984374999999 0.9420078125
3 0.4616625 0.19947187500000002 0.46155937500000005 0.15141875 0.4487671875 0.1515328125 0.448921875 0.199125 0.4616625 0.19947187500000002
10 0.42895000000000005 0 0.42895000000000005 0.11063281250000001 0.501290625 0.11041406250000001 0.5013421874999999 0 0.42895000000000005 0
13 0.46735156250000004 0.148646875 0.46733125 0.1135453125 0.45831406250000006 0.1134984375 0.45839687500000004 0.1486 0.46735156250000004 0.148646875
6 0.532646875 0.9292921875 0.5325984375 0.9006718749999999 0.5021640625 0.9006890625 0.50218125 0.9292734375 0.5038484375000001 0.9292562500000001 0.5038484375000001 0.9323734375000001 0.5028296875 0.9324265625000001 0.502821875 0.9420078125 0.515634375 0.9419734375000001 0.515609375 0.932390625 0.5124109375 0.9323546875 0.5124109375 0.9293109375 0.5181359375000001 0.9292921875 0.51811875 0.9323546875 0.517084375 0.9323375 0.5170765625 0.9419906250000001 0.5326234375000001 0.9420265625 0.53260625 0.9323734375000001 0.531596875 0.9324265625000001 0.5315562500000001 0.9292734375 0.532646875 0.9292921875