0 0.37470765781250004 0 0.08604109374999999 0.8383509828125 0.2916937109375 0.9570845765625 0.4163290359375 1 0.6252923421875 1 0.9139589062500001 0.1616490171875 0.7083062890625 0.0429154234375 0.5836709640625 0 0.37470765781250004 0
3 0.554920134375 0.0688536609375 0.5124509703125 0.054365537500000005 0.4675576453125 0.18456368125 0.5100534765625 0.1993306171875 0.554920134375 0.0688536609375
13 0.5536147296875 0.3132771890625 0.5885052421875 0.21226067343750002 0.5195963546875 0.18861124375 0.48489808125 0.28945729062500003 0.5536147296875 0.3132771890625
2 0.652548025 0.3907353203125 0.7412374875000001 0.133048790625 0.5602660421875 0.070734903125 0.54543255 0.11381476406249999 0.5401795218750001 0.11205390156249999 0.5184650390625001 0.1751769875 0.5976318875 0.202527859375 0.5454807625 0.3538687578125 0.652548025 0.3907353203125
10 0.480688596875 0.30147333125000003 0.4713321640625 0.32864477187499996 0.54014309375 0.352270121875 0.54938226875 0.32536115312499997 0.480688596875 0.30147333125000003
1 0.320185925 0.6670752375 0.3115037375 0.6640851046875 0.27287125 0.776279784375 0.312724540625 0.7903924859375 0.3707385671875 0.6211467453124999 0.3396824203125 0.61045319375 0.320185925 0.6670752375
1 0.49714909374999994 1 0.7481005421875 0.27163663125 0.7045184890625 0.2565510875 0.5416248375 0.7302255421875 0.5497364640625 0.732866415625 0.45775109843750006 1 0.49714909374999994 1
2 0.45177341875000004 1 0.46743091718749996 0.9546144312499999 0.39138405625 0.9287220828124999 0.372086075 0.9847659171875 0.41632932812499995 1 0.45177341875000004 1
10 0.790015096875 0.1497447421875 0.7465053593750001 0.13478394375 0.7085661078125 0.24510915625 0.75199638125 0.2601575875 0.790015096875 0.1497447421875
2 0.540407640625 0.7424337890625 0.4641883359375 0.716661996875 0.3954708765625 0.9166153781249999 0.47142043593749994 0.94303250625 0.540407640625 0.7424337890625
10 0.31887775 0.6535785640625 0.3343413234375 0.6086667453125 0.2843466984375 0.591428725 0.26881529843749996 0.6363392734375 0.31887775 0.6535785640625
1 0.4879926734375 0 0.2886943140625 0.578989059375 0.321593875 0.5907865984375 0.399850271875 0.3639800421875 0.4474546828125 0.3808267828125 0.5057989359375 0.21128095 0.4582407703125 0.19436348125 0.5112638109375001 0.0404155078125 0.7452949828125 0.120999128125 0.7616466890625 0.07371151718749999 0.7083062890625 0.0429154234375 0.5836708953125 0 0.4879926734375 0
10 0.43861750625000007 0.6446363500000001 0.376137415625 0.6230206640625 0.31798443593750003 0.7920039546875 0.38041421249999996 0.8133849109375 0.43861750625000007 0.6446363500000001
6 0.32924253281250004 0.9619949828125 0.3316017953125 0.9628086203124999 0.3584607859375 0.8845124859375 0.33273887968750004 0.8758828843750001 0.3366493421875 0.8642535140625001 0.360152640625 0.87238523125 0.37636232812500003 0.8253061046875001 0.318645428125 0.8054715828125 0.302526575 0.8523902546875 0.313103190625 0.85599601875 0.308953803125 0.86809546875 0.2983414328125 0.8644672578125 0.2706371140625 0.9449275453125001 0.2916937109375 0.9570845765625 0.3267847234375 0.9691676593749999 0.32924253281250004 0.9619949828125
7 0.44762781093750004 0.63408941875 0.540297121875 0.3649470890625 0.4674626703125 0.3397781828125 0.44873566093750006 0.3940768140625 0.40102593437499995 0.3774218609375 0.32726595468749997 0.5926685171875 0.44762781093750004 0.63408941875
8 0.5361475984374999 0.728503025 0.6487485921875 0.40236925625 0.540694084375 0.365284528125 0.3320884328125 0.9709938671874999 0.366773465625 0.9829363765625001 0.46310787343750004 0.7030802859375 0.5361475984374999 0.728503025