0 0.136728125 0 0 0.4208078125 0 0.863271875 0.4208078125 1 0.863271875 1 1 0.5791921875 1 0.136728125 0.5791921875 0 0.136728125 0
10 0.29724218750000003 0.4322609375 0.31056093749999997 0.3912078125 0.24233125000000003 0.369003125 0.22895156249999998 0.4100734375 0.29724218750000003 0.4322609375
10 0.31493906250000003 0.4380171875 0.328290625 0.397 0.31195 0.39168125 0.2986234375 0.43269531250000004 0.31493906250000003 0.4380171875
10 0.3576890625 0.4179875 0.328875 0.39995625 0.3001359375 0.48878750000000004 0.3313359375 0.49896406249999997 0.3576890625 0.4179875
10 0.36305 0.5053265625 0.37156875 0.5080953125 0.37924531250000004 0.4842765625 0.370121875 0.4813109375 0.36948593750000003 0.48326562500000003 0.3701140625 0.48344531249999995 0.36305 0.5053265625
10 0.342940625 0.472459375 0.33525 0.4963453125 0.36164999999999997 0.5048609374999999 0.3693484375 0.48110156249999997 0.342940625 0.472459375
13 0.3796 0.4833234375 0.393790625 0.43964687500000005 0.35768125 0.42795937500000003 0.34347812499999997 0.4715671875 0.3796 0.4833234375
10 0.8705937499999999 0.6707953125 0.8841828125 0.6289328125 0.652078125 0.5534390625000001 0.6385015625 0.595315625 0.8705937499999999 0.6707953125
10 0.8965781249999999 0.626965625 0.9047499999999999 0.6018140625 0.9017781250000001 0.6007859375 0.9051078125 0.590684375 0.9080140625 0.591628125 0.9099875000000001 0.585696875 0.636271875 0.496859375 0.6229296875 0.538053125 0.8965781249999999 0.626965625
10 0.63709375 0.5948187500000001 0.6507109375 0.5529171875000001 0.6213625 0.5435156250000001 0.6077874999999999 0.5851953125 0.63709375 0.5948187500000001
10 0.2819375 0.47948124999999997 0.29538125000000004 0.4378609375 0.227159375 0.41569375 0.2136078125 0.4572796875 0.2819375 0.47948124999999997
10 0.363365625 0.5331515625 0.37044062499999997 0.5113734375 0.33440156249999997 0.49966406250000006 0.3272765625 0.5214265625000001 0.363365625 0.5331515625
10 0.29722499999999996 0.3464890625 0.24537031250000002 0.3670015625 0.327140625 0.39357031249999996 0.29722499999999996 0.3464890625
10 0.2996421875 0.48522499999999996 0.31314375 0.4435875 0.2967875 0.43830937499999995 0.28330937500000003 0.47985156250000005 0.2996421875 0.48522499999999996