0 0 0 0 1 1 1 1 0 0 0
10 0.2425875 0.55175 0.16634218750000002 0.5517984375 0.1662765625 0.624225 0.24259375 0.624378125 0.2425875 0.55175
7 0.683053125 0.5233671875 0.6949359375 0.523609375 0.6950046875 0.5310359375 0.74694375 0.5312453125000001 0.7469234375 0.4204734375 0.6932031249999999 0.4204328125 0.6931468749999999 0.4400578125 0.6831359375 0.440253125 0.683053125 0.5233671875
10 0.68246875 0.437109375 0.690903125 0.43718124999999997 0.6909765625000001 0.42019375 0.682421875 0.420153125 0.68246875 0.437109375
1 0.8010375 0.44121718750000005 0.8010718750000001 0.4581984375 0.8246328125 0.458240625 0.8246 0.4405953125 0.8035046875 0.440621875 0.8035265624999999 0.44123437499999996 0.8010375 0.44121718750000005
10 0.8107984374999999 0.6305984375 0.8109093749999999 0.6521328125 0.8234125000000001 0.652246875 0.8234375 0.6308921875 0.8107984374999999 0.6305984375
1 0.7545171875000001 0.630778125 0.7541765625 0.6521828125 0.8096890625000001 0.6523375 0.8095015625 0.6307125 0.7545171875000001 0.630778125
10 0.1663125 0.43065625 0.166265625 0.5502765625 0.2461109375 0.5503250000000001 0.2460984375 0.5261375 0.2155125 0.52619375 0.21553125 0.5091015624999999 0.23160625 0.5091328125000001 0.23153281250000002 0.48512500000000003 0.24600624999999998 0.48512500000000003 0.24624843749999997 0.43352812500000004 0.2425875 0.4334171875 0.2426140625 0.395203125 0.23663906250000002 0.395228125 0.236646875 0.3755734375 0.1645859375 0.375578125 0.16454375000000002 0.40702343750000003 0.1748765625 0.4070265625 0.174884375 0.43068906250000005 0.1663125 0.43065625
2 0.6704656250000001 0.5610828125 0.60956875 0.56123125 0.6096859375 0.652146875 0.6704125000000001 0.6520671874999999 0.6704656250000001 0.5610828125
10 0.6569359375 0.416421875 0.6789140625 0.4163875 0.678878125 0.3723203125 0.656878125 0.37229999999999996 0.6569359375 0.416421875
10 0.30724375 0.6243078125 0.30720000000000003 0.5229359375 0.3271703125 0.5229109375000001 0.3271828125 0.49309531250000005 0.28693124999999997 0.4931328125 0.28693749999999996 0.42938124999999994 0.26866406249999997 0.42941874999999996 0.2685609375 0.43336874999999997 0.24624843749999997 0.43352812500000004 0.24606093750000002 0.4857078125 0.2616640625 0.48565781250000006 0.261753125 0.500446875 0.24615312500000003 0.500528125 0.2460890625 0.6242671875 0.30724375 0.6243078125
10 0.2597015625 0.4885484375 0.24615312500000003 0.488571875 0.246121875 0.4977703125 0.2597359375 0.49767968749999997 0.2597015625 0.4885484375
10 0.8235812499999999 0.46540468749999997 0.8175796875 0.46542500000000003 0.8176390625 0.48451562499999995 0.8235859375000001 0.48450156250000004 0.8235812499999999 0.46540468749999997
10 0.246540625 0.42794375 0.265084375 0.4278765625 0.26515 0.39516874999999996 0.2465421875 0.3951796875 0.246540625 0.42794375
10 0.6788953125 0.43432343749999996 0.6789234375000001 0.420121875 0.65688125 0.42024531249999997 0.656853125 0.4344046875 0.6788953125 0.43432343749999996
2 0.8234078125 0.522828125 0.7997140625 0.5228453125 0.7997156249999999 0.563509375 0.75416875 0.5633953125 0.754196875 0.627696875 0.8233812500000001 0.6276312500000001 0.823325 0.55811875 0.8134453125000001 0.5580921875 0.8134046875 0.55630625 0.8233078125000001 0.5562796875 0.8234078125 0.522828125
8 0.6600328125 0.5296546875 0.65993125 0.53609375 0.6482281249999999 0.53629375 0.648425 0.5578531250000001 0.674146875 0.5577640625 0.6743546874999999 0.652278125 0.7501171875 0.6521296875 0.75014375 0.5600734375 0.7723453124999999 0.5599578125 0.7722703125 0.53150625 0.6949265625 0.5311312499999999 0.6949140625 0.5292671875 0.6600328125 0.5296546875
13 0.800084375 0.4864828125 0.8152953125 0.48644218749999996 0.815325 0.4661859375 0.800084375 0.4663453125 0.800084375 0.4864828125
2 0.797378125 0.5278875000000001 0.7974203125 0.46356562500000004 0.7509 0.46338125 0.7509453125000001 0.52793125 0.797378125 0.5278875000000001
4 0.6473859375 0.47240624999999997 0.609334375 0.47236093749999997 0.6095140625 0.5128765625 0.6474125 0.5129109374999999 0.6473859375 0.47240624999999997
10 0.2686515625 0.4237484375 0.29100000000000004 0.423696875 0.291003125 0.4323 0.3306546875 0.432309375 0.3306453125 0.3952671875 0.2686359375 0.39515625 0.2686515625 0.4237484375
10 0.647921875 0.51900625 0.647984375 0.5331671874999999 0.657771875 0.533121875 0.6577546875 0.5188796875 0.647921875 0.51900625
5 0.609375 0.4668609375 0.6788953125 0.466690625 0.6789156249999999 0.43813593749999996 0.6533218749999999 0.4382125 0.6532375 0.43127343749999997 0.609415625 0.4314171875 0.609375 0.4668609375
10 0.2909671875 0.4874390625 0.3271953125 0.48742343750000006 0.327225 0.4373828125 0.2909484375 0.437334375 0.2909671875 0.4874390625
13 0.7999328125 0.5188859375 0.8230265625 0.5188859375 0.8231671875 0.48760312499999997 0.800096875 0.4874828125 0.7999328125 0.5188859375
6 0.6599078125 0.52630625 0.68055 0.5265515625 0.6800765625 0.47252343750000003 0.6529484375 0.47244843750000004 0.6529499999999999 0.5149828125 0.6596703125000001 0.5149828125 0.6599078125 0.52630625
12 0.6533203125 0.3390015625 0.6094140625 0.3391625 0.6102171875 0.4312765625 0.65336875 0.43108281249999997 0.6533203125 0.3390015625
1 0.122875 0.543771875 0.114246875 0.543771875 0.114246875 0.6184859375 0.1552984375 0.6182890624999999 0.15516093749999998 0.3997484375 0.122875 0.3996515625 0.122875 0.543771875
1 0.7509578125 0.42017187500000003 0.7513359375 0.4583609375 0.79731875 0.4581765625 0.7974046875 0.4201734375 0.7509578125 0.42017187500000003
13 0.6456453125 0.5225203125 0.6099609375 0.5225578125 0.6100828125 0.5574203125 0.6456999999999999 0.5574203125 0.6456453125 0.5225203125
12 0.215684375 0.52470625 0.24261093749999998 0.5247328125 0.242615625 0.4866328125 0.232615625 0.48670156249999996 0.23255625000000002 0.510615625 0.2156578125 0.5106015625 0.215684375 0.52470625
10 0.1728953125 0.40978125 0.164525 0.40978125 0.164584375 0.4277984375 0.17292812500000002 0.4278171875 0.1728953125 0.40978125
3 0.797309375 0.5314828125 0.7748062499999999 0.5315171875 0.7748515625 0.5600609375000001 0.7972859375 0.5598921875 0.797309375 0.5314828125