0 0.2614203125 0 0.1762421875 0.9735843750000001 0.47816875000000003 1 0.7385796874999999 1 0.8237578125 0.026415624999999998 0.52183125 0 0.2614203125 0
10 0.5264609375 1 0.5298125 0.9619687499999999 0.4891140625 0.9584187500000001 0.4854859375 1 0.5264609375 1
7 0.4936953125 0.058796875000000005 0.48535000000000006 0.1539328125 0.4963375 0.1549953125 0.4948953125 0.1727359375 0.54145625 0.1769578125 0.5434328125000001 0.15592343749999998 0.5476062500000001 0.15616406249999998 0.5557703125 0.064190625 0.4936953125 0.058796875000000005
10 0.4930296875 0.1737640625 0.494378125 0.15882968749999998 0.4848703125 0.157865625 0.483521875 0.1730140625 0.4930296875 0.1737640625
1 0.6246609375000001 0.057309374999999996 0.628896875 0.0093671875 0.6168437499999999 0.0083125 0.61271875 0.0556578125 0.6246609375000001 0.057309374999999996
10 0.40139531249999993 0.950696875 0.400484375 0.961278125 0.38947031249999997 0.9603015625 0.3867 0.9919968750000001 0.4615265625 0.99854375 0.46353125000000006 0.975778125 0.4500671875 0.9747281250000001 0.452309375 0.9490968750000001 0.423434375 0.9461390625 0.42280468750000005 0.9526171874999999 0.40139531249999993 0.950696875
2 0.560640625 0.2010984375 0.5512875 0.3089546875 0.6022515625 0.31320468749999997 0.611615625 0.2056515625 0.560640625 0.2010984375
10 0.4774828125 0.2179671875 0.48086874999999996 0.1790421875 0.45616874999999996 0.1769453125 0.45275 0.2159046875 0.4774828125 0.2179671875
10 0.4631390625 0.8770109375 0.42741562499999997 0.873875 0.42460624999999996 0.9062390625000001 0.426803125 0.9066140624999999 0.423434375 0.9461390625 0.45264531249999995 0.9490281250000001 0.455034375 0.9213921875000001 0.4633359375 0.9219609375 0.4609640625 0.9495921875000001 0.5302921875 0.9557718749999999 0.539790625 0.84746875 0.48297968750000003 0.8425765625 0.48605937499999996 0.8072062499999999 0.46935312500000004 0.805721875 0.4631390625 0.8770109375
10 0.4563515625 0.9250093749999999 0.45426406249999995 0.9490046875000001 0.45941406249999994 0.9495125 0.4614734375 0.925396875 0.4563515625 0.9250093749999999
10 0.42035156249999994 0.945346875 0.4231859375 0.912503125 0.40486875 0.9107828124999999 0.4019921875 0.9437390625000001 0.42035156249999994 0.945346875
10 0.4909171875 0.179953125 0.4829625 0.17920624999999998 0.479615625 0.218253125 0.48754687499999994 0.21899687499999998 0.4909171875 0.179953125
2 0.6109421875 0.056073437500000003 0.6151203125 0.0081625 0.579140625 0.0050140625 0.57490625 0.052971875 0.6109421875 0.056073437500000003
8 0.5593515625000001 0.194415625 0.6123453125 0.1986828125 0.6240015624999999 0.0644984375 0.5724218750000001 0.059939062499999994 0.575796875 0.0206125 0.559840625 0.0193484375 0.5476468750000001 0.156309375 0.5466 0.1562390625 0.5414140625 0.218034375 0.5450062499999999 0.2185296875 0.5433046874999999 0.23926562499999998 0.555415625 0.239975 0.5593515625000001 0.194415625
2 0.5545328125 0.05694375 0.5592140624999999 0.0032703124999999998 0.5231265625 0.00011406249999999999 0.5183546875 0.05385625000000001 0.5545328125 0.05694375
4 0.5073734375 0.2376234375 0.501453125 0.30501093749999997 0.5241828125 0.3066796875 0.530075 0.23956249999999998 0.5073734375 0.2376234375
10 0.41507187500000003 0.7947968750000001 0.4054015625 0.904609375 0.421425 0.9059828124999999 0.42485937500000004 0.8664015624999999 0.42968124999999996 0.8668156249999999 0.43582968749999995 0.79659375 0.41507187500000003 0.7947968750000001
10 0.5335703125 0.238959375 0.5415140625 0.23954218749999998 0.54300625 0.2222078125 0.5350234375 0.2215390625 0.5335703125 0.238959375
5 0.48523281249999994 0.22524375000000002 0.47852187500000004 0.3028609375 0.4983765625 0.3046703125 0.5090546875 0.18153906250000001 0.49305625 0.1801046875 0.489134375 0.225434375 0.48523281249999994 0.22524375000000002
10 0.4605734375 0.869584375 0.4661765625 0.8054218750000001 0.4381421875 0.802915625 0.43249375 0.8671609374999999 0.4605734375 0.869584375
6 0.5320953125 0.2298578125 0.5331359375 0.21795625 0.5395171875 0.2180921875 0.5428531249999999 0.1815453125 0.5125046875 0.1797359375 0.5082609375 0.22777656249999997 0.5320953125 0.2298578125
12 0.43353906249999996 0.22057500000000002 0.426825 0.29834218749999997 0.47856875 0.30143437500000003 0.4851453125 0.22500312500000003 0.43353906249999996 0.22057500000000002
1 0.4986703125 0 0.49415156250000003 0.0516375 0.515609375 0.052840624999999995 0.520165625 0 0.4986703125 0
13 0.5351859375 0.2431625 0.529678125 0.3063625 0.5492328125 0.30785625 0.5547500000000001 0.24477812499999999 0.5351859375 0.2431625
12 0.4702671875 0.9993093749999999 0.47397812500000003 0.9570515625 0.4526296875 0.9551765624999999 0.45111875 0.972890625 0.46451093749999994 0.974165625 0.4623640625 0.9986171875000001 0.4702671875 0.9993093749999999
3 0.5762421875 0.016176562499999998 0.5772062499999999 0.0048453125 0.5612328125 0.003446875 0.5602406249999999 0.0148609375 0.5762421875 0.016176562499999998