0 0.4562556671875 0 0.321291809375 0.0237977703125 0.1134826515625 0.9239176703125 0.4430314703125 1 0.5437443328125 1 0.678708190625 0.9762022296874999 0.8865173484375 0.0760823296875 0.5569685296875 0 0.4562556671875 0
5 0.58033305 0.2286005828125 0.5871037375 0.19914455 0.5818658921875 0.1980531359375 0.5816697093750001 0.1989920921875 0.566948109375 0.195674634375 0.5671529750000001 0.19478491874999998 0.5668754765624999 0.1946688421875 0.5601293578125001 0.2238413 0.532159578125 0.217527278125 0.53182900625 0.21895480625000002 0.5322079765625001 0.21901649843749998 0.5281831140625 0.2366457359375 0.5277861406250001 0.2365269265625 0.5242979234375 0.2516118234375 0.5389173109375001 0.25509644531250003 0.538690709375 0.25607884375 0.5414019578125 0.2566082703125 0.53896379375 0.2670845625 0.569850165625 0.2741567671875 0.5635013765625 0.30154246093750003 0.5658923734375 0.302190234375 0.58258530625 0.229136371875 0.58033305 0.2286005828125
1 0.316484896875 0.9143494625 0.33304910468750004 0.918102003125 0.3634288140625 0.7865197796875 0.34699943125 0.78240710625 0.316484896875 0.9143494625
10 0.48097415625 0.7818418640625 0.4732244 0.780001828125 0.46445315000000004 0.8181958171874999 0.472226346875 0.8200428265624999 0.48097415625 0.7818418640625
2 0.3552368890625 0.9680453859375 0.36361063437499996 0.9322490359375 0.33486958906250003 0.925295159375 0.3239835984375 0.972515371875 0.36318360312500003 0.981566178125 0.3657316421875 0.9705072687499999 0.3552368890625 0.9680453859375
10 0.514702971875 0.21333870156249998 0.5051803328125 0.2544068328125 0.52006040625 0.25783120937500004 0.5294874453125 0.21689575625000002 0.514702971875 0.21333870156249998
1 0.62470020625 0.15623440156249999 0.648900284375 0.1619549484375 0.66060463125 0.1113045796875 0.6270485953125 0.103425890625 0.619776690625 0.135150296875 0.6295727125 0.1373926765625 0.628895909375 0.1402489078125 0.628387965625 0.1401306265625 0.62470020625 0.15623440156249999
8 0.3361696515625 0.91929703125 0.36703792343749997 0.9256997078125 0.3582238203125 0.9641725624999999 0.3738492640625 0.9676400359375 0.40431222499999997 0.8355671515624999 0.41292286562499997 0.8373045749999999 0.42720908125 0.77443745625 0.4162576203125 0.7724717953125 0.42082846875 0.7521712265625 0.4089346421875 0.7497830999999999 0.398695284375 0.7943539015625001 0.366816371875 0.7870965484375 0.3361696515625 0.91929703125
13 0.6100787953125 0.07629961874999999 0.5952823734375 0.1403403515625 0.6153776921875 0.1446649734375 0.6301345890625 0.081065940625 0.6100787953125 0.07629961874999999
10 0.467366140625 0.8409068890625001 0.470809425 0.8260980531250001 0.46149644843750004 0.8240307015624999 0.45808514375 0.8386339875000001 0.467366140625 0.8409068890625001
12 0.5897478171875 0.1997429375 0.5893178921875 0.19964421875 0.5658923734375 0.302190234375 0.5848241046875 0.30679935937499997 0.5896702390625 0.2855855515625 0.60543865 0.2893689359375 0.6250159203125001 0.20430202187500002 0.62460246875 0.20420674375 0.633752446875 0.16457038906250002 0.5998016921875 0.15662167968750002 0.5897478171875 0.1997429375
10 0.6588467812500001 0.02351993125 0.6537675671875001 0.04543645 0.6609214171875 0.047037267187499995 0.6660083171875 0.025173337499999997 0.6588467812500001 0.02351993125
4 0.449120425 0.6880038468749999 0.4339715828125 0.7537171218750001 0.45618172812499996 0.7587969203125 0.47142328281249996 0.692889596875 0.449120425 0.6880038468749999
12 0.49358748906249994 0.69961645625 0.4764374953125 0.7743882859375 0.526925503125 0.7859546671875 0.5443977234374999 0.7098789484375 0.49358748906249994 0.69961645625
13 0.42450536562499996 0.683421084375 0.410261853125 0.7451176921875 0.429411309375 0.7494409156249999 0.4436603609375 0.68762275 0.42450536562499996 0.683421084375
10 0.61900548125 0.13802 0.6153249515625 0.1542097640625 0.6246613578125 0.1563650078125 0.62831109375 0.140315534375 0.61900548125 0.13802
2 0.5725534703124999 0.0308202015625 0.5684950546875001 0.0482681359375 0.56890560625 0.0483829640625 0.5566634734375 0.101319259375 0.5562096515625 0.1012469671875 0.553834728125 0.11191995156250001 0.5816969828125 0.1188479109375 0.5883116 0.0902253921875 0.5892556234375 0.09044130624999999 0.6015168265625 0.03704629375 0.5725534703124999 0.0308202015625
6 0.4314489375 0.76312941875 0.42104200937499997 0.810511084375 0.44304544687499997 0.815408378125 0.453933396875 0.7684242234374999 0.4314489375 0.76312941875
4 0.5375713281250001 0.273008546875 0.532473746875 0.29488388125 0.560748446875 0.30133453125 0.565752684375 0.27964066249999997 0.5375713281250001 0.273008546875
1 0.6490258718749999 0.021253379687499997 0.6349978328125 0.081931471875 0.6321188921875 0.0811888625 0.627963640625 0.09918538437499999 0.6478957453125 0.10363715625 0.660360234375 0.049649399999999996 0.65196971875 0.0479366265625 0.6576692421875 0.0232484078125 0.6490258718749999 0.021253379687499997
7 0.6177378609375 0.0443054484375 0.6117121171875 0.070364896875 0.63380619375 0.07566824531250001 0.6465150265624999 0.02067275 0.623657740625 0.015396085937500002 0.6170086265625 0.0440929125 0.6177378609375 0.0443054484375
7 0.424532490625 0.9331906218749999 0.45031201093749995 0.8213826281250001 0.42005261718750003 0.81435694375 0.4145994609375 0.837814940625 0.40460828437499996 0.83563553125 0.384546859375 0.9239403968750001 0.424532490625 0.9331906218749999
1 0.3206674828125 0.97174989375 0.3315204875 0.9248194984375001 0.3149423453125 0.9210329234374999 0.3040735078125 0.9679185125 0.3206674828125 0.97174989375
2 0.5666452625 0.18845028125000002 0.576153946875 0.1468530984375 0.5752150046875 0.146549025 0.5813465375 0.11999176874999999 0.5532932734375 0.1138971375 0.5497222640625 0.1294392953125 0.550029909375 0.129510390625 0.5397897453125 0.173365775 0.539447140625 0.17345633124999998 0.530899471875 0.2108937515625 0.5590987828125 0.21727677812500001 0.5656348062500001 0.18821752187500002 0.5666452625 0.18845028125000002
10 0.41875118593750005 0.7691032421874999 0.426563765625 0.7708766687499999 0.430429425 0.7538292281250001 0.42264054531250006 0.75214523125 0.41875118593750005 0.7691032421874999
8 0.597942175 0.1528243921875 0.5999048703125001 0.144321584375 0.593433678125 0.142678140625 0.6101789171875 0.0703528265625 0.6108838171875 0.07046335000000001 0.6236461546875 0.01539336875 0.5788676390624999 0.0050557765625 0.57746248125 0.0111327265625 0.5770392546875 0.011036 0.574005740625 0.02442555625 0.6035324453124999 0.031336096875000004 0.577084290625 0.147144409375 0.5917314640625 0.1506336515625 0.591566359375 0.15135293593750002 0.597942175 0.1528243921875
1 0.34843667031250003 0.7760531890625 0.3650392796875 0.7796276046874999 0.3893713875 0.6744307640625 0.3728072328125 0.6703006031250001 0.34843667031250003 0.7760531890625
6 0.5826736859375 0.19505798593749998 0.5832250250000001 0.192300034375 0.588447040625 0.19331966875 0.5970127953125 0.1560028140625 0.5759583015625 0.1510794046875 0.5673209171875 0.1886468796875 0.568632509375 0.18888683125 0.5680017875 0.1916714734375 0.5826736859375 0.19505798593749998
10 0.49844374843750006 0.8260105734375 0.507252821875 0.7879051109375 0.4830470078125 0.78242198125 0.47427541250000005 0.8204970359375 0.49844374843750006 0.8260105734375
0 0.4562556671875 0 0.321291809375 0.0237977703125 0.1134826515625 0.9239176703125 0.4430314703125 1 0.5437443328125 1 0.678708190625 0.9762022296874999 0.8865173484375 0.0760823296875 0.5569685296875 0 0.4562556671875 0
1 0.5656896765625 0.047699775 0.56592961875 0.047755837499999995 0.5700107875 0.03007700625 0.5530975828125 0.0261718109375 0.5114641078125 0.20640675000000003 0.5284203046875 0.21032181562500002 0.5370310703125 0.172819325 0.536773115625 0.17276009375 0.5469475687500001 0.1288829765625 0.547207334375 0.128943475 0.5537277781250001 0.10060569687500001 0.5534451140625001 0.10054130312500001 0.5656896765625 0.047699775
10 0.6014473203125 0.14356728125 0.5998188203125 0.1506181234375 0.6132359562499999 0.1538530328125 0.614854765625 0.14683721875 0.6014473203125 0.14356728125
1 0.45355644687499996 0.822092521875 0.42605648125 0.9415006703125 0.42230863125000007 0.940635203125 0.41041141718749996 0.9924682812500001 0.43127738750000005 0.9972853125000001 0.44339029218750003 0.9448128796875 0.43449845624999994 0.942866421875 0.435216371875 0.939874428125 0.444048184375 0.9419123859375 0.4667358609375 0.8437660234375001 0.4560813265625 0.8414957359375 0.4601054859375 0.8237095468750001 0.45355644687499996 0.822092521875
5 0.4744236875 0.6936552125000001 0.44671304375 0.81410006875 0.4623561125 0.81774848125 0.47254828125000004 0.7734049515625 0.4763853046875 0.774137284375 0.493832975 0.6982102765625 0.4744236875 0.6936552125000001
2 0.3843355921875 0.9311554453124999 0.374676590625 0.97258398125 0.3676061015625 0.970997025 0.3650822375 0.9820040734375001 0.4075288453125 0.99180405625 0.41973417656249995 0.939243928125 0.3843355921875 0.9311554453124999
2 0.392533521875 0.6753217640625 0.368223090625 0.7808574890625 0.398349928125 0.7875543203125 0.4226210734375 0.6820477359375 0.392533521875 0.6753217640625