0 0.49127187499999997 0 0 0.01715625 0 0.508728125 0.01715625 1 0.508728125 1 1 0.98284375 1 0.49127187499999997 0.98284375 0 0.49127187499999997 0
2 0.239128125 0.46555468749999995 0.2880421875 0.46399375000000004 0.28668593750000004 0.42513750000000006 0.237875 0.426690625 0.239128125 0.46555468749999995
8 0.330575 0.41885781250000004 0.331946875 0.46234843750000004 0.372665625 0.461028125 0.37260781249999997 0.45936875 0.3737109375 0.459434375 0.37277031250000003 0.42829375000000003 0.3715953125 0.42833437500000004 0.37129218750000004 0.4176796875 0.330575 0.41885781250000004
2 0.2137828125 0.46604062500000004 0.23730156249999998 0.46534375 0.2357984375 0.4274375 0.21246874999999998 0.428071875 0.2137828125 0.46604062500000004
10 0.23788593750000003 0.515725 0.23768281249999998 0.509896875 0.1970015625 0.5115703125 0.1970546875 0.5130640625 0.1834234375 0.5134796875000001 0.18364687500000001 0.518478125 0.17999375 0.51860625 0.17981875 0.513590625 0.15265625 0.5143265625 0.152815625 0.5200953125 0.151059375 0.5201640624999999 0.15198125 0.551059375 0.3749796875 0.5432421875 0.373590625 0.510775 0.3719890625 0.510665625 0.3716890625 0.5053953124999999 0.3108515625 0.5077890625 0.31108437499999997 0.512628125 0.3068625 0.5125968750000001 0.30663125 0.50775625 0.291375 0.5082296875 0.2915421875 0.5130125 0.28720625 0.5130125 0.2870546875 0.5086796875 0.24201406250000002 0.5097453125 0.24211093749999998 0.5155765625 0.23788593750000003 0.515725
10 0.37129218750000004 0.4176796875 0.37077031250000003 0.4027359375 0.3368203125 0.3876109375 0.304440625 0.40535 0.3049359375 0.419546875 0.37129218750000004 0.4176796875
1 0.29097968750000003 0.4655171875 0.30429062500000004 0.465053125 0.3016671875 0.4044515625 0.2886125 0.40490624999999997 0.29097968750000003 0.4655171875
10 0.716215625 0.43264531249999993 0.729409375 0.4321390625 0.72775 0.38664375 0.7143375 0.3869609375 0.716215625 0.43264531249999993
10 0.6635828125 0.5316203125000001 0.7321875 0.5289828125 0.7306609374999999 0.4840359375 0.6762109374999999 0.48605937499999996 0.6764984375 0.4921828125 0.6719515625 0.4924421875 0.6715625000000001 0.48757343750000004 0.6621875 0.48831875 0.6635828125 0.5316203125000001
10 0.6746203125 0.4374703125 0.6748390625 0.4436984375 0.67265625 0.44386093750000005 0.67405625 0.48233750000000003 0.7304078125 0.480746875 0.728846875 0.4360390625 0.717746875 0.43617343750000004 0.71803125 0.441778125 0.713190625 0.44194843749999996 0.7129953125 0.4363390625 0.6746203125 0.4374703125
10 0.6759359375 0.5410015625 0.6774828125 0.5852484375 0.7340734375 0.5832921875 0.7323109375 0.5328390625 0.6778703125 0.53480625 0.6781828125 0.5408640625000001 0.6759359375 0.5410015625
12 0.77553125 0.5274765625 0.7862421875 0.5271015625000001 0.7847375000000001 0.482609375 0.7743421875000001 0.4828875 0.7741453125 0.47899843750000004 0.7847859374999999 0.478796875 0.7831078125000001 0.4339765625 0.7743640625 0.43428125 0.7742218750000001 0.43021562500000005 0.784003125 0.42987343750000007 0.7823953125 0.384478125 0.72951875 0.38684375000000004 0.73248125 0.4558328125 0.7469265625 0.45522343750000005 0.747290625 0.45926406249999996 0.7323234375000001 0.45978593749999996 0.7340640625 0.5041578125 0.74861875 0.5038218750000001 0.7487671875 0.508059375 0.734034375 0.5085734375000001 0.735853125 0.55308125 0.74993125 0.5524578124999999 0.75016875 0.5565703125 0.7356390625 0.55695 0.7366359375 0.5831000000000001 0.7881265625 0.5810515625 0.7863875 0.531253125 0.7757515625 0.5316234375 0.77553125 0.5274765625
6 0.29430625 0.59216875 0.3099 0.5916484375 0.30822812499999996 0.549103125 0.292875 0.5493812499999999 0.29430625 0.59216875
10 0.21454374999999998 0.46934531249999994 0.2145078125 0.47078125000000004 0.19829687499999998 0.4711390625 0.1984671875 0.47665625 0.196171875 0.47675156249999995 0.197075 0.5079765625 0.3731453125 0.5022609375 0.3721671875 0.46997656250000003 0.3706390625 0.4698953125 0.3703328125 0.4641296875 0.3091015625 0.466178125 0.309328125 0.47143750000000006 0.30546875 0.47146718749999994 0.3051515625 0.46752656249999996 0.2895890625 0.467996875 0.2897296875 0.47203125 0.2857859375 0.4721078125 0.28556875000000004 0.467059375 0.24032499999999998 0.4686109375 0.2405515625 0.4739 0.236525 0.47404062500000005 0.2363390625 0.46868906250000003 0.21454374999999998 0.46934531249999994
10 0.372934375 0.54664375 0.3284375 0.5485562500000001 0.3300234375 0.5908484374999999 0.37667812500000003 0.589396875 0.3751671875 0.5517593749999999 0.37318281249999996 0.5517296875000001 0.372934375 0.54664375
10 0.15256406250000001 0.5595921875000001 0.153809375 0.596784375 0.2918578125 0.5921828125 0.290628125 0.5549859374999999 0.28894375 0.5549734374999999 0.2886171875 0.5500078125 0.24341718750000002 0.5512234375 0.2436921875 0.55619375 0.23925625 0.556203125 0.23898437499999997 0.551378125 0.18498281249999998 0.5531937499999999 0.18521875000000002 0.558525 0.181346875 0.558659375 0.18121875 0.5534671875 0.15412187500000002 0.554559375 0.1542953125 0.5595328125 0.15256406250000001 0.5595921875000001
10 0.671253125 0.43440781250000005 0.7142125 0.43254843750000005 0.7124890625 0.3868203125 0.6695296875000001 0.3886796875 0.671253125 0.43440781250000005
2 0.3066390625 0.4632515625 0.330190625 0.462534375 0.32894531250000003 0.422671875 0.30496093750000003 0.4236171875 0.3066390625 0.4632515625
10 0.31220625 0.5490765625 0.31232187499999997 0.5541796875 0.3106703125 0.5541515625 0.31184531249999997 0.5916484375 0.32759375 0.59096875 0.32620312500000004 0.5485015625 0.31220625 0.5490765625