0 0 0 0 1 1 1 1 0 0 0
13 0.15351874999999998 0.39840156250000003 0.1356921875 0.39845156249999997 0.1356734375 0.4553453125 0.1706828125 0.45524531250000005 0.17050937500000002 0.4242390625 0.171865625 0.4242125 0.171865625 0.41431250000000003 0.17077031250000002 0.41431250000000003 0.17085625 0.41049687500000004 0.15351874999999998 0.39840156250000003
10 0.8038359375 0.4075421875 0.7881515625 0.390815625 0.7564656249999999 0.3908828125 0.7564656249999999 0.4075421875 0.8038359375 0.4075421875
13 0.6950109375 0.5549765625 0.7124078125 0.5549765625 0.7124421875 0.5090515625 0.6951140625 0.5090515625 0.6950109375 0.5549765625
2 0.7555203125000001 0.41396875 0.7555609375000001 0.43938125 0.7564875 0.43941093750000004 0.7564578125 0.45427656250000004 0.8059640625 0.45431875 0.8059234375000001 0.4105046875 0.7562562500000001 0.4105609375 0.7562656249999999 0.41396875 0.7555203125000001 0.41396875
2 0.756696875 0.464771875 0.7555890625 0.46483125000000003 0.7555296874999999 0.49023125 0.7564484375 0.49022187500000003 0.7565078125 0.5041046875 0.8059546875000001 0.5042625000000001 0.8058265625000001 0.4605734375 0.7567515625000001 0.4605734375 0.756696875 0.464771875
2 0.77705 0.5548171875000001 0.8058937500000001 0.55493125 0.8057437500000001 0.5411312500000001 0.8093515625000001 0.5410890625 0.80930625 0.5159359375 0.8058203125000001 0.5158640625 0.8058015624999999 0.510490625 0.7771625 0.5104984375 0.77705 0.5548171875000001
8 0.643934375 0.5009921875 0.6448078125000001 0.5009921875 0.6448078125000001 0.50425625 0.6943984375000001 0.50434375 0.6943984375000001 0.5025796875 0.6940875 0.5025796875 0.6942125 0.4606609375 0.6450578124999999 0.4605734375 0.6450578124999999 0.464809375 0.643934375 0.464809375 0.643934375 0.5009921875
2 0.653725 0.3909515625 0.6475109375 0.39091718750000004 0.6475 0.39339843750000003 0.6462421875000001 0.39338125 0.646290625 0.3909515625 0.6450734375 0.39096406250000004 0.645059375 0.4139765625 0.6439546875 0.41396875 0.643971875 0.43932343749999997 0.6450328125 0.439296875 0.644871875 0.45427656250000004 0.6943578125000001 0.454253125 0.6943578125000001 0.45274843750000004 0.6942015625 0.4527640625 0.6941765625 0.41080937500000003 0.6944671875 0.41080937500000003 0.6944796875 0.4105359375 0.6656703125 0.4085859375 0.665621875 0.41051875000000004 0.6636625 0.4105875 0.6637109375 0.391003125 0.6624296875 0.3909515625 0.6623703125 0.39332968749999997 0.6612203125 0.39338125 0.661209375 0.39102031249999997 0.654959375 0.3909859375 0.6549343750000001 0.39339843750000003 0.6537375 0.3934328125 0.653725 0.3909515625
2 0.6450296875 0.5157890625 0.64394375 0.5157890625 0.6439250000000001 0.5410625 0.6450609375 0.541003125 0.64496875 0.5548828125 0.69336875 0.5549265625 0.6932859375 0.51045 0.645003125 0.5105328124999999 0.6450296875 0.5157890625
10 0.1345046875 0.510446875 0.12205312500000001 0.51051875 0.12196718749999999 0.55316875 0.122275 0.553221875 0.12223906250000001 0.5549171875 0.1343140625 0.5549937500000001 0.1345046875 0.510446875
10 0.13445625 0.3985171875 0.122009375 0.3984890625 0.12204375 0.45424218749999995 0.13448906249999998 0.4543421875 0.13445625 0.3985171875
10 0.1363390625 0.5056296875 0.139159375 0.5056437500000001 0.1392296875 0.4606328125 0.136278125 0.46061874999999997 0.1363390625 0.5056296875
13 0.140409375 0.5052531250000001 0.170625 0.5050687500000001 0.17058281250000001 0.47503906249999994 0.1718765625 0.47503906249999994 0.1718765625 0.465221875 0.1707640625 0.4652078125 0.170778125 0.46065625 0.1403984375 0.46061874999999997 0.140409375 0.5052531250000001
10 0.1220328125 0.5044609375 0.134434375 0.5043328125000001 0.13455625 0.46060468749999994 0.12198281250000001 0.4606609375 0.1220328125 0.5044609375
10 0.173753125 0.5608359375 0.16951875 0.5609171875000001 0.16951875 0.5595640625 0.14060625 0.5595953125 0.14063281249999998 0.5608125 0.12204062499999999 0.560803125 0.12184375 0.6057234375 0.1835578125 0.60565625 0.1836125 0.5743125 0.1857015625 0.5743609375000001 0.18563593750000001 0.5604703125 0.173753125 0.5608359375
13 0.140746875 0.55506875 0.1707109375 0.5549375000000001 0.1706109375 0.5259828125 0.17185625 0.5259828125 0.171909375 0.51613125 0.170778125 0.5161515624999999 0.170778125 0.510546875 0.140415625 0.510528125 0.140746875 0.55506875
10 0.1390484375 0.5522265625 0.139240625 0.55226875 0.1392609375 0.5105765625 0.136278125 0.5105609375 0.1362203125 0.5522546875 0.13645000000000002 0.5522375 0.13645156249999998 0.55500625 0.13894843750000002 0.5550921875 0.1389203125 0.5533953125 0.1390484375 0.5533953125 0.1390484375 0.5522265625
10 0.1167484375 0.6057078125 0.1194203125 0.6057078125 0.11939531249999999 0.5608265625 0.11668281250000001 0.560875 0.1167484375 0.6057078125