0 0 0 0 1 1 1 1 0 0 0
1 0.5888640625 0.4742046875 0.6107437499999999 0.4742046875 0.6105937499999999 0.4700203125 0.6102984375 0.46995156250000003 0.6102984375 0.426659375 0.6105937499999999 0.426728125 0.61069375 0.41794374999999995 0.6189218750000001 0.4180125 0.6189218750000001 0.4174546875 0.6443984375 0.4175265625 0.6443984375 0.418084375 0.6500640625 0.418084375 0.6500640625 0.3869890625 0.5888640625 0.3869890625 0.5888640625 0.4742046875
2 0.6188046875000001 0.423028125 0.6188374999999999 0.422534375 0.6138874999999999 0.4225609375 0.61385625 0.4266328125 0.6142562500000001 0.4266328125 0.6138703125 0.4740875 0.6290421875 0.47425625 0.62901875 0.48043593749999997 0.650125 0.48072187499999997 0.6499796875 0.42261718750000005 0.6444 0.422596875 0.6444 0.4231328125 0.6188046875000001 0.423028125
10 0.60188125 0.60055625 0.5887484374999999 0.6004875000000001 0.588859375 0.6238390625 0.60184375 0.6238390625 0.60188125 0.60055625
1 0.138790625 0.6005109375 0.1388109375 0.6022203125 0.10307812499999999 0.60230625 0.103084375 0.6237515625000001 0.15008125 0.6237546875 0.15009843750000001 0.6005328125 0.138790625 0.6005109375
1 0.22195625 0.46650625 0.22026249999999997 0.46647343750000003 0.22026249999999997 0.4752109375 0.23245468749999998 0.47524531249999996 0.23252343749999999 0.489284375 0.25060625000000003 0.489253125 0.2505625 0.46467187499999996 0.2640625 0.46470625 0.264003125 0.42877656249999996 0.23293593750000002 0.42859687500000004 0.23293593750000002 0.4437578125 0.22196875 0.44382343750000003 0.22195625 0.46650625
8 0.7202984375 0.5049796875 0.653646875 0.5050453125 0.6535203125 0.4836625 0.6348515625 0.48373906250000004 0.6348640624999999 0.4818765625 0.629046875 0.48181250000000003 0.6290421875 0.5100859375 0.6535265625 0.5102734375 0.6535359374999999 0.623665625 0.734978125 0.6236125 0.7348390625000001 0.5342625 0.7843140625 0.5339375000000001 0.78430625 0.5318875000000001 0.8018796874999999 0.531784375 0.8019093749999999 0.49567812499999997 0.792284375 0.4955640625 0.7922390625 0.5072546874999999 0.733409375 0.5078640625 0.73343125 0.5062109375 0.7202859375 0.506065625 0.7202984375 0.5049796875
8 0.2481203125 0.5076453125 0.25059375 0.5077078125 0.250571875 0.490421875 0.232421875 0.49044687500000006 0.23249375 0.50618125 0.2481203125 0.5060546875 0.2481203125 0.5076453125
7 0.7147625 0.44387187499999997 0.7147171875 0.4286484375 0.653509375 0.428728125 0.653646875 0.5050453125 0.7194625 0.504896875 0.7192203125 0.44383906250000005 0.7147625 0.44387187499999997
10 0.6024546875000001 0.4763625 0.588909375 0.4763140625 0.5888859375 0.48484375 0.6025234375 0.4848921875 0.6024546875000001 0.4763625
10 0.2211109375 0.504809375 0.231565625 0.5047515625 0.231678125 0.4764515625 0.22021406250000003 0.4762546875 0.2204375 0.5039687500000001 0.2211109375 0.5040250000000001 0.2211109375 0.504809375
10 0.34108125 0.5883609375 0.341028125 0.6152984375 0.3647265625 0.6155078125 0.3647203125 0.588353125 0.34108125 0.5883609375
10 0.38313593749999997 0.42805 0.373771875 0.42805 0.373771875 0.4530765625 0.383234375 0.4530765625 0.38313593749999997 0.42805
1 0.7864140625 0.4478140625 0.793771875 0.4478625 0.7937875 0.4209609375 0.7958062499999999 0.42102812500000003 0.79574375 0.40359999999999996 0.76645625 0.40368281250000004 0.7664765625000001 0.46191250000000006 0.7848171875000001 0.46196093749999995 0.7847375000000001 0.44558749999999997 0.7864140625 0.445490625 0.7864140625 0.4478140625
2 0.12911875 0.48043593749999997 0.150225 0.48072187499999997 0.150225 0.38705625 0.089053125 0.38700625 0.0889859375 0.4740734375 0.12911875 0.47426406249999997 0.12911875 0.48043593749999997
10 0.102053125 0.6005609375 0.08895468749999999 0.600546875 0.0888859375 0.623903125 0.1020046875 0.62373125 0.102053125 0.6005609375
2 0.738559375 0.5883265625 0.738565625 0.62391875 0.7844515624999999 0.6240328125 0.784240625 0.537084375 0.769065625 0.5374578125 0.7690812499999999 0.535496875 0.7386125 0.5355234375 0.738559375 0.5883265625
6 0.3208328125 0.5049140624999999 0.3208328125 0.49566875 0.29431562499999997 0.49575625 0.29400312500000003 0.5320750000000001 0.3224515625 0.531746875 0.32245625 0.505 0.3208328125 0.5049140624999999
4 0.383 0.5005359375 0.370953125 0.5005015625 0.37082031249999997 0.5519421875 0.38310468750000004 0.5520437499999999 0.383 0.5005359375
12 0.299353125 0.4286125 0.29936093750000003 0.490840625 0.3830734375 0.49101718749999995 0.3831015625 0.45673281250000003 0.371225 0.4567046875 0.37118125 0.42816875000000004 0.33955 0.42786718749999997 0.33955 0.4287375 0.299353125 0.4286125
13 0.268334375 0.5049859375 0.29085 0.5050078124999999 0.2908921875 0.46854375 0.25384687499999997 0.468478125 0.253953125 0.5044890625 0.26834531250000004 0.5042390625000001 0.268334375 0.5049859375
1 0.73234375 0.4753859375 0.732415625 0.4893734375 0.7505421875 0.4893734375 0.75044375 0.4649140625 0.76396875 0.46477500000000005 0.7639453125 0.428903125 0.7328109375 0.428796875 0.7328109375 0.4438625 0.7218656250000001 0.44379375000000004 0.7217421875000001 0.4665484375 0.7202437500000001 0.4665484375 0.7202437500000001 0.475421875 0.73234375 0.4753859375
6 0.32135625 0.6217875 0.321390625 0.6237 0.3376203125 0.623796875 0.3376703125 0.5797921875000001 0.3212890625 0.5799390625 0.32130312499999997 0.58185 0.2906328125 0.5818921875 0.2906171875 0.5798625000000001 0.2879625 0.579928125 0.2879390625 0.6237453125 0.2906625 0.6237828125 0.290634375 0.621721875 0.32135625 0.6217875
1 0.6500703125 0.6005609375 0.638628125 0.6006218750000001 0.638628125 0.602271875 0.6028765625 0.6024140625000001 0.6028765625 0.623696875 0.649928125 0.62385625 0.6500703125 0.6005609375
10 0.1025546875 0.4763625 0.0890109375 0.4763140625 0.0889859375 0.48484375 0.1026234375 0.4848921875 0.1025546875 0.4763625
10 0.79583125 0.46845468749999997 0.7917421874999999 0.468321875 0.79183125 0.4930921875 0.7957765625000001 0.4930921875 0.79583125 0.46845468749999997
6 0.825778125 0.5964078125000001 0.8283421875 0.5964390625 0.8283421875 0.5486265625 0.8289765625 0.5486265625 0.8289765625 0.536621875 0.7878640625 0.5365359375 0.787803125 0.5958578125 0.79055 0.5958859375000001 0.79055 0.5945234375 0.825759375 0.5944671875 0.825778125 0.5964078125000001
10 0.7162625 0.428703125 0.7162437500000001 0.44147968750000005 0.7314203125 0.44147968750000005 0.7313703125 0.42858124999999997 0.7162625 0.428703125
10 0.8711765625 0.5994421875 0.8554921875 0.5994421875 0.8554921875 0.623971875 0.8710625000000001 0.623971875 0.8711765625 0.5994421875
8 0.1536203125 0.4836625 0.133228125 0.48383125 0.133228125 0.48189843750000005 0.1291484375 0.48181250000000003 0.12914375 0.5100859375 0.1536265625 0.5102734375 0.1536375 0.623665625 0.2299515625 0.6239625 0.22991406250000002 0.53409375 0.2843421875 0.533928125 0.28440625 0.5318875000000001 0.2916546875 0.53181875 0.291584375 0.50728125 0.2335609375 0.5080609375 0.23358906250000003 0.5061656250000001 0.220471875 0.50600625 0.22041249999999998 0.5050375 0.1537484375 0.5050453125 0.1536203125 0.4836625
13 0.1148875 0.5097937499999999 0.12681718749999998 0.5097609375000001 0.12679218750000001 0.5104328125 0.1274875 0.5105109375 0.1274171875 0.47641718749999995 0.10418281250000001 0.4762515625 0.104184375 0.48713281249999996 0.0889765625 0.48710156250000003 0.08898906250000001 0.5104671875 0.1148640625 0.5104328125 0.1148875 0.5097937499999999
13 0.7682328125 0.5049828125 0.7907515625 0.5050109375 0.7907921875 0.46854375 0.7537453125 0.468478125 0.753853125 0.5044921875 0.7682453125 0.5042390625000001 0.7682328125 0.5049828125
5 0.882971875 0.49101718749999995 0.8409390625000001 0.49101718749999995 0.8409531250000001 0.4957640625 0.83233125 0.49562656250000003 0.832359375 0.5486265625 0.8301109375 0.5486546875 0.8300765625000001 0.596525 0.842865625 0.5964484375 0.8428515624999999 0.5957671875 0.8656109375 0.59584375 0.8655968749999999 0.5965453125 0.8711125 0.59650625 0.8711671875 0.551971875 0.875678125 0.5520296874999999 0.8757046875000001 0.5004734375 0.8711671875 0.500453125 0.87118125 0.49566718749999994 0.88299375 0.4956078125 0.882971875 0.49101718749999995
12 0.799253125 0.428609375 0.7992609374999999 0.490840625 0.882971875 0.49101718749999995 0.882971875 0.45729687500000005 0.87116875 0.45729687500000005 0.8710796875 0.42816875000000004 0.8220296875 0.428015625 0.8220171875 0.4286625 0.799253125 0.428609375
7 0.214921875 0.44377656249999997 0.214865625 0.42859218749999994 0.1534703125 0.4287421875 0.1537484375 0.5050453125 0.21943593749999998 0.5049796875 0.2194375 0.44382656249999997 0.214921875 0.44377656249999997
2 0.65 0.51360625 0.6331828125000001 0.513475 0.6331375 0.511625 0.6290484375000001 0.5115937500000001 0.6290484375000001 0.5127375 0.626671875 0.5127375 0.6266953125 0.51340625 0.6146828125 0.5134921875 0.6146125 0.5127078125 0.58890625 0.5126031249999999 0.5889125 0.599284375 0.650040625 0.5994640625 0.65 0.51360625
2 0.133284375 0.513475 0.1332359375 0.511625 0.12915000000000001 0.511590625 0.12915000000000001 0.5127328125 0.1267734375 0.5127328125 0.126796875 0.51340625 0.1147953125 0.513509375 0.1148203125 0.512703125 0.088965625 0.5127328125 0.08898906250000001 0.5993734374999999 0.150203125 0.5993390625 0.1501578125 0.513440625 0.133284375 0.513475
10 0.7316625 0.47616250000000004 0.7201671875 0.4762109375 0.7203421875 0.5049375 0.7317453125 0.504875 0.7316625 0.47616250000000004
5 0.383046875 0.4956734375 0.3830734375 0.49101718749999995 0.3411078125 0.49101249999999996 0.3410796875 0.495771875 0.3241640625 0.4955953125 0.3241046875 0.5369921875 0.288228125 0.5367968750000001 0.2884015625 0.575128125 0.3411203125 0.5751421875 0.3411203125 0.5834890625 0.34195312499999997 0.5834890625 0.341971875 0.5827703125 0.3609390625 0.582634375 0.3608328125 0.5567624999999999 0.361378125 0.5567624999999999 0.361378125 0.5518359375 0.36746875 0.5518500000000001 0.3675 0.49563281249999996 0.383046875 0.4956734375
2 0.2843421875 0.537084375 0.26916562499999996 0.5374578125 0.269184375 0.535496875 0.2334609375 0.53553125 0.2335546875 0.6237234375 0.284578125 0.623765625 0.2843421875 0.537084375
10 0.82198125 0.5993359375 0.821996875 0.6237890625 0.8528625 0.6238453125000001 0.852853125 0.5993921875 0.82198125 0.5993359375
6 0.828996875 0.5051249999999999 0.828996875 0.495803125 0.804196875 0.49581875000000003 0.8041046875 0.5319765624999999 0.830646875 0.5316984375 0.8306687500000001 0.5051421875 0.828996875 0.5051249999999999
10 0.7932765625 0.4489828125 0.7865624999999999 0.449178125 0.7865140625 0.46122031249999995 0.793296875 0.461228125 0.7932765625 0.4489828125
4 0.8829 0.5005328125 0.8791109374999999 0.5005703125000001 0.8789843749999999 0.5520296874999999 0.8830046875 0.5520437499999999 0.8829 0.5005328125
13 0.6147875 0.5097921875 0.626715625 0.5097578125 0.62669375 0.5104328125 0.6273859374999999 0.5105109375 0.627315625 0.47641718749999995 0.6040796875 0.4762515625 0.604084375 0.48713281249999996 0.588875 0.4870984375 0.5888875 0.5104703125000001 0.6147625 0.5104328125 0.6147875 0.5097921875
8 0.7479484375000001 0.5049484375 0.7504296874999999 0.5049 0.7504296874999999 0.490621875 0.7323671875 0.49052187500000005 0.7323671875 0.5060515624999999 0.748021875 0.5061515625 0.7479484375000001 0.5049484375
10 0.2163625 0.428703125 0.2163421875 0.4414765625 0.23152187500000002 0.4414765625 0.2314703125 0.42858124999999997 0.2163625 0.428703125