0 0.0951078125 0 0 0.4474484375 0 0.9048921875 0.4474484375 1 0.9048921875 1 1 0.5525515624999999 1 0.0951078125 0.5525515624999999 0 0.0951078125 0
12 0.38749687499999996 0.466903125 0.3946515625 0.43337343749999996 0.38304062499999997 0.43087656250000006 0.38893125 0.40295625 0.35805312499999997 0.396084375 0.357871875 0.3969359375 0.3185796875 0.38845625 0.30565000000000003 0.449325 0.38749687499999996 0.466903125
10 0.7562921874999999 0.54281875 0.7429875 0.539975 0.741128125 0.5488078125 0.7543656249999999 0.5516921875 0.7562921874999999 0.54281875
10 0.6177828125 0.5076875000000001 0.6073109375 0.505478125 0.6054171875 0.514353125 0.6158625 0.5165890625 0.6177828125 0.5076875000000001
10 0.072109375 0.5357203125 0.08497656249999999 0.5382796875 0.0898421875 0.515625 0.0770328125 0.5128890625 0.072109375 0.5357203125
10 0.2424375 0.42117812499999996 0.23126562499999997 0.418603125 0.225721875 0.4457578125 0.22636875 0.44595312500000006 0.22620468749999997 0.4467203125 0.23644375 0.44883749999999994 0.2424375 0.42117812499999996
7 0.6854578124999999 0.468696875 0.677071875 0.466965625 0.6627734375000001 0.5339546875 0.7201671875 0.5463703125 0.72841875 0.507215625 0.7453624999999999 0.51093125 0.7551593750000001 0.4648125 0.6891828125 0.45128124999999997 0.6854578124999999 0.468696875
10 0.24955625 0.3869359375 0.2521875 0.3743109375 0.23738437499999998 0.3712890625 0.2347078125 0.3837796875 0.24955625 0.3869359375
1 0.2315296875 0.41759218750000004 0.24344843749999998 0.42016093750000005 0.240596875 0.43390781250000005 0.258290625 0.43763593749999996 0.2633578125 0.41358281249999995 0.27655625 0.41642343750000005 0.28396875 0.3812671875 0.2536171875 0.37463125 0.250465625 0.3894609375 0.2397234375 0.3872453125 0.2349953125 0.40942968750000003 0.2333453125 0.4090453125 0.2315296875 0.41759218750000004
6 0.3154296875 0.58733125 0.324628125 0.5442984375 0.3085734375 0.5410359375 0.308190625 0.5429078125 0.27818125 0.5365734375 0.2785890625 0.534584375 0.275978125 0.534096875 0.2668453125 0.5769515625 0.2695015625 0.5775546874999999 0.26990156249999997 0.5755328125 0.2999390625 0.581984375 0.29957500000000004 0.5838625000000001 0.3154296875 0.58733125
1 0.09048125 0.5175453125 0.086028125 0.5385234375 0.1319984375 0.5482984375 0.1368421875 0.5255875 0.1257859375 0.523215625 0.1254515625 0.524890625 0.09048125 0.5175453125
7 0.17585781250000002 0.3582515625 0.160265625 0.43294531249999996 0.22453125 0.44653906250000003 0.237246875 0.386721875 0.232840625 0.385734375 0.23594374999999998 0.3708703125 0.17585781250000002 0.3582515625
8 0.14500625 0.40603749999999994 0.141034375 0.40510624999999995 0.1351515625 0.4327609375 0.159059375 0.438034375 0.1354953125 0.5489499999999999 0.2100796875 0.5651078125 0.228728125 0.47719531249999997 0.282 0.4883484375 0.2824875 0.486365625 0.2895921875 0.48780625000000005 0.294625 0.463790625 0.2377078125 0.45248906250000004 0.23812812499999997 0.450640625 0.22533124999999998 0.4477578125 0.225475 0.44679843750000003 0.160265625 0.43294531249999996 0.1645859375 0.412003125 0.1446046875 0.40792812500000003 0.14500625 0.40603749999999994
8 0.2580140625 0.43877187500000003 0.2402546875 0.43502343750000005 0.2370546875 0.450428125 0.25236562500000004 0.453553125 0.252034375 0.455109375 0.25444062500000003 0.455684375 0.2580140625 0.43877187500000003
13 0.132778125 0.43261093749999996 0.1334421875 0.43283125 0.1404625 0.39946875 0.1177703125 0.394475 0.115509375 0.40511875 0.100640625 0.40192656250000003 0.09579375 0.42478437500000005 0.12111093749999999 0.43013124999999997 0.12126718750000001 0.4295109375 0.1329421875 0.4319578125 0.132778125 0.43261093749999996
10 0.10111875 0.3997203125 0.1144484375 0.402603125 0.11615468749999999 0.3942453125 0.1029171875 0.3913828125 0.10111875 0.3997203125
2 0.5741515625 0.6268171875 0.5810125 0.6443125000000001 0.6331265625 0.65535 0.651109375 0.5709515625 0.5889656249999999 0.5578765625 0.5741515625 0.6268171875
10 0.3436671875 0.584859375 0.34930625000000004 0.558296875 0.32618281250000003 0.5533890625 0.3205296875 0.5797265625 0.3436671875 0.584859375
3 0.8149875 0.5903109375 0.8207296875000001 0.56309375 0.7814640625 0.5548140625 0.7758515625 0.5818671875 0.8149875 0.5903109375
13 0.75503125 0.5549890625 0.741078125 0.5521484375 0.7365296875 0.573159375 0.7505531249999999 0.576196875 0.75503125 0.5549890625
2 0.60809375 0.5022593750000001 0.6480890625 0.5110421875 0.64426875 0.530453125 0.6590078125 0.53373125 0.6730796875 0.46808125 0.67134375 0.46767343749999996 0.6793875 0.42966249999999995 0.626 0.4185125 0.60809375 0.5022593750000001
10 0.3862859375 0.4278578125 0.3955421875 0.429825 0.4006484375 0.40532500000000005 0.3914890625 0.403378125 0.3862859375 0.4278578125
10 0.781003125 0.4525421875 0.7624203125 0.4485734375 0.7555625 0.4811671875 0.77410625 0.4850265625 0.781003125 0.4525421875
13 0.6454718749999999 0.5136515625 0.6195671875000001 0.5081453125000001 0.60878125 0.558728125 0.634059375 0.563984375 0.6454718749999999 0.5136515625
2 0.7948031249999999 0.5894125 0.7353468750000001 0.576775 0.7150171875 0.672675 0.77434375 0.6852 0.7948031249999999 0.5894125
13 0.780040625 0.548359375 0.7582390625000001 0.5437234375 0.751415625 0.57636875 0.77310625 0.58096875 0.780040625 0.548359375
6 0.77170625 0.512978125 0.7710656250000001 0.5162078125 0.7653796875000001 0.515146875 0.7598796875 0.5402765625 0.7839609375000001 0.5455703125 0.7957671875 0.48965625 0.7774828125 0.48581874999999997 0.7764828125000001 0.4910140625 0.7708921875 0.48980468750000006 0.76610625 0.5118890625 0.77170625 0.512978125
1 0.6098859375 0.5240390625 0.595834375 0.521109375 0.5897859375000001 0.549090625 0.60399375 0.552075 0.6098859375 0.5240390625
8 0.7679578125 0.4892953125 0.75323125 0.48610781249999996 0.7482031250000001 0.5097328125 0.7630874999999999 0.5128625 0.7679578125 0.4892953125
2 0.18134999999999998 0.31680156249999997 0.1215265625 0.30403437499999997 0.10335781250000001 0.3891859375 0.1425734375 0.397715625 0.141290625 0.403753125 0.1618765625 0.4084203125 0.18134999999999998 0.31680156249999997
6 0.2996921875 0.453084375 0.29183593750000003 0.4885453125 0.31973124999999997 0.49413906250000006 0.325296875 0.46797656249999997 0.3237265625 0.46755625 0.3256484375 0.4585125 0.2996921875 0.453084375
4 0.36284375 0.5239484375 0.3748390625 0.5266031250000001 0.3854453125 0.4761984375 0.37366875 0.47366093749999993 0.36284375 0.5239484375
4 0.8329593750000001 0.506728125 0.7975703125 0.49920625 0.787125 0.5481874999999999 0.8225640625 0.5556359375000001 0.8329593750000001 0.506728125
5 0.8250375 0.4382765625 0.8201078125000001 0.4616296875 0.7848390625 0.454253125 0.7794515625 0.48067031250000003 0.8009953124999999 0.48545156250000004 0.7991796875 0.49362812500000003 0.8381187499999999 0.5019859375 0.8453640625000001 0.46703124999999995 0.8443609375 0.46681875 0.8493640625 0.44338437500000005 0.8250375 0.4382765625
2 0.13484374999999998 0.4342328125 0.13460624999999998 0.43535 0.1322828125 0.43485625 0.132165625 0.4355203125 0.1204046875 0.433125 0.120596875 0.43234218750000003 0.0953 0.4269953125 0.077309375 0.5117484375 0.13719375 0.524440625 0.1550078125 0.4404109375 0.13849687500000002 0.43693593750000004 0.138834375 0.43511718750000006 0.13484374999999998 0.4342328125
13 0.3020015625 0.4257546875 0.2657796875 0.41798906249999995 0.25839687499999997 0.45323437499999997 0.2725265625 0.4559828125 0.2723609375 0.4567109375 0.2943796875 0.4614140625 0.3020015625 0.4257546875
8 0.728571875 0.5072625000000001 0.72014375 0.54664375 0.6735 0.5366171875 0.672840625 0.5398390625 0.6435859374999999 0.53376875 0.6368953125 0.5644234375 0.6553703125 0.5684421875 0.63695 0.6559453125 0.7110578125 0.6717984375 0.739865625 0.536159375 0.75838125 0.5400578125 0.763671875 0.515034375 0.728571875 0.5072625000000001
10 0.6877796875 0.44785624999999996 0.679609375 0.446078125 0.6759390625 0.46352187499999997 0.6759999999999999 0.4635734375 0.684059375 0.4652484375 0.6877796875 0.44785624999999996
5 0.3464484375 0.4581734375 0.34543124999999997 0.4628234375 0.328921875 0.45913281250000004 0.3202578125 0.4996125 0.2852046875 0.49196249999999997 0.27740624999999997 0.5294921875 0.32896875 0.5404671875 0.327234375 0.54863125 0.3280484375 0.5488046875 0.328215625 0.54810625 0.346796875 0.551915625 0.352071875 0.5265875 0.35260625 0.5267015625 0.3536296875 0.5218828125 0.35958437499999996 0.5231625 0.37130312499999996 0.4681796875 0.3865015625 0.4714515625 0.38749687499999996 0.466903125 0.3464484375 0.4581734375
2 0.2668484375 0.48673124999999995 0.2318984375 0.4793375 0.213653125 0.5656234375 0.263553125 0.576271875 0.2813453125 0.49143593750000003 0.266421875 0.488646875 0.2668484375 0.48673124999999995
1 0.686734375 0.4125234375 0.6801171874999999 0.44371875000000005 0.756365625 0.45935156250000003 0.7586625 0.44855 0.7524796874999999 0.44737031250000003 0.757240625 0.427471875 0.686734375 0.4125234375