0 0.46941875 0 0.15991249999999999 0.038003125 0.2780296875 1 0.53058125 1 0.8400874999999999 0.961996875 0.7219703125 0 0.46941875 0
10 0.5071484374999999 0.090146875 0.5042859375 0.0670296875 0.49809843750000005 0.0677890625 0.501009375 0.0909015625 0.5071484374999999 0.090146875
10 0.5070453125000001 0.19373281250000002 0.5029734375 0.16057656250000002 0.493115625 0.16188125 0.49717500000000003 0.1949453125 0.5070453125000001 0.19373281250000002
10 0.4933703125 0.19965625 0.49200156249999993 0.188709375 0.48077031249999996 0.19008750000000002 0.48219218750000004 0.20108437499999998 0.4933703125 0.19965625
1 0.47691718749999995 0 0.48581562500000003 0.0724703125 0.482653125 0.0728578125 0.4921515625 0.1502265625 0.5141390625 0.1475265625 0.5073765625 0.093665625 0.49980156249999996 0.094596875 0.4961109375 0.06454062499999999 0.503665625 0.06344375 0.495909375 0 0.47691718749999995 0
10 0.53588125 0.19000625 0.5325484375 0.1621671875 0.5196375 0.1637515625 0.5190546875 0.1587390625 0.5154765625 0.1590921875 0.5149375 0.1544734375 0.5053375 0.15556562499999999 0.5059375 0.160371875 0.5045437500000001 0.1605640625 0.50858125 0.1933578125 0.53588125 0.19000625
12 0.5533671874999999 0.96608125 0.5480625 0.9241015625 0.529628125 0.9256953125 0.5352187500000001 0.9681390625 0.5533671874999999 0.96608125
8 0.46941875 0 0.3801453125 0.0109609375 0.3882703125 0.07717500000000001 0.4252328125 0.07259375 0.4298265625 0.1105609375 0.44776718750000005 0.1082078125 0.443409375 0.070790625 0.43655625000000003 0.016821875 0.47486562499999996 0.012140624999999999 0.47342031249999994 0 0.46941875 0
1 0.38482812499999997 0.0778859375 0.3766625 0.0113890625 0.3587390625 0.013589062499999999 0.366875 0.080090625 0.38482812499999997 0.0778859375
10 0.547984375 0.7855125000000001 0.5470921875 0.77825 0.52406875 0.780521875 0.525159375 0.7886421875 0.547984375 0.7855125000000001
10 0.4955828125 0.21767656249999998 0.494253125 0.20666875 0.4829390625 0.20795312500000002 0.48433281250000004 0.21911874999999997 0.4955828125 0.21767656249999998
4 0.5267921875 0.6446125 0.5185953125 0.5770765625000001 0.48903125000000003 0.5806421875 0.49729062500000004 0.6481484375 0.5267921875 0.6446125
2 0.446271875 0.07762187499999999 0.45050625 0.11281406249999999 0.43775000000000003 0.11410000000000001 0.44289218750000003 0.156184375 0.4885 0.15052812499999998 0.47900312500000003 0.0731890625 0.446271875 0.07762187499999999
1 0.36779843749999996 0.0870640625 0.3809125 0.1928578125 0.3951234375 0.19111406250000001 0.3976796875 0.21104531249999997 0.401015625 0.210678125 0.385553125 0.0847453125 0.36779843749999996 0.0870640625
10 0.6065984375 0.9012281249999999 0.603796875 0.8779859374999999 0.5977734375 0.8787265625 0.60054375 0.9019125000000001 0.6065984375 0.9012281249999999
7 0.443409375 0.070790625 0.481509375 0.0656140625 0.47486562499999996 0.012140624999999999 0.43655625000000003 0.016821875 0.443409375 0.070790625
13 0.45645781249999995 0.15955312500000002 0.4616734375 0.2024515625 0.480003125 0.2002 0.4784359375 0.186153125 0.4911203125 0.1843609375 0.487553125 0.155734375 0.45645781249999995 0.15955312500000002
2 0.45949687499999997 0.2034328125 0.453921875 0.159496875 0.44134375 0.16064375 0.43567968749999997 0.114521875 0.42833437500000004 0.1152203125 0.42388750000000003 0.07975312500000001 0.389059375 0.084228125 0.404525 0.21018281249999998 0.45949687499999997 0.2034328125