10 0.4965852625 0.4405953859375 0.49973868125000004 0.45596383749999997 0.5361814875 0.4480706953125 0.5329486578125 0.43314369375000006 0.4965852625 0.4405953859375
5 0.44744747812499996 0 0.41877304843749996 0.006095331250000001 0.4232081359375 0.0270455015625 0.43073714374999994 0.06293072968749999 0.4743387671875 0.0537367703125 0.462885740625 0 0.44744747812499996 0
10 0.6080376421875 0.41736942812500005 0.61124275 0.43217180937500005 0.634681721875 0.42692544374999997 0.6315856734375 0.4123633953125 0.6080376421875 0.41736942812500005
10 0.613397271875 0.4431296984375 0.6166085765625 0.45822256250000004 0.6401491109374999 0.4529242578125 0.637026884375 0.4382378328125 0.613397271875 0.4431296984375
13 0.4246838390625 0.085897796875 0.4486267 0.1986169828125 0.48483698124999997 0.19030417500000002 0.461002365625 0.0781700625 0.4246838390625 0.085897796875
1 0.5865071890625 0.3289122703125 0.6021553421875 0.4017111421875 0.6046388390625 0.4012929359375 0.6070185671874999 0.4121773375 0.63059880625 0.4070878140625 0.60868778125 0.3041933734375 0.6110331625 0.303658371875 0.575961478125 0.1387383890625 0.5500270406250001 0.1442887453125 0.5606774078125001 0.1944663484375 0.558277615625 0.1949753296875 0.5746799953124999 0.272870559375 0.57717825 0.27233920624999997 0.5890642374999999 0.32824943125 0.5865071890625 0.3289122703125
8 0.4218756265625 0.0447376828125 0.3894635875 0.051043395312499996 0.4026289625 0.11339873593750001 0.38606929375 0.1168317484375 0.384036178125 0.107134940625 0.3443747390625 0.1145942359375 0.3815914734375 0.2900624578125 0.4574970875 0.2733971609375 0.4746038625 0.2699258234375 0.474842746875 0.2709745421875 0.49968126249999995 0.265511634375 0.48524144375 0.1955412984375 0.447169715625 0.2036209796875 0.4213047375 0.0814630265625 0.42946395312499996 0.0797289984375 0.4218756265625 0.0447376828125
10 0.5022950500000001 0.467091365625 0.5054157484374999 0.481747490625 0.5415434546875 0.4738661390625 0.5385134125000001 0.4592069703125 0.5022950500000001 0.467091365625
7 0.48814843281250003 0.19504620625 0.48524572343749994 0.19559418125 0.49968126249999995 0.265511634375 0.5105627312500001 0.316537396875 0.5752460421875 0.30357620937499996 0.5763186359375 0.3086201609375 0.5799940078125 0.3079082265625 0.57255464375 0.2734546484375 0.5690152328125 0.2742071015625 0.5521668984375 0.1963108453125 0.55605928125 0.1953374515625 0.545308865625 0.1452721421875 0.495972721875 0.155593846875 0.493972084375 0.1561296609375 0.49523810468749996 0.1621597640625 0.48171902343750006 0.1648135234375 0.48814843281250003 0.19504620625
13 0.4762645890625 0.34429023124999997 0.495703228125 0.43573664843750004 0.5318524734375 0.4276593796875 0.51240704375 0.3364855671875 0.4762645890625 0.34429023124999997
11 0.3710492328125 0.4081926671875 0.386232440625 0.48010159999999996 0.4118338546875 0.4745064078125 0.39663306249999997 0.402678534375 0.3710492328125 0.4081926671875
1 0.3289963375 0.1316041953125 0.322428721875 0.10041625624999999 0.3249845859375 0.10002058437500001 0.3097888078125 0.0292597578125 0.29117651875 0.0332171890625 0.34925236718749997 0.30540648125000003 0.374940740625 0.29938210781249996 0.3696904828125 0.27507875937500004 0.3722323703125 0.27435182343750003 0.3422866015625 0.1338610359375 0.33979262656250003 0.134445271875 0.33867341875 0.12954580625 0.3289963375 0.1316041953125
2 0.38439793125 0.041945187499999995 0.375200646875 0.0439008046875 0.3692838546875 0.016614271875 0.31608010000000003 0.027922784375 0.3309228203125 0.0985754875 0.3270553609375 0.09958130468750001 0.3314487140625 0.120325534375 0.3411008 0.118385 0.3447865578125 0.11752758593749998 0.34305143125000004 0.1094552046875 0.3969775921875 0.09793047656250001 0.38439793125 0.041945187499999995
1 0.39634954375000003 0.38810791875 0.38079606718750003 0.315390484375 0.3780582578125 0.3159361015625 0.37696365468750004 0.31071148125 0.351415271875 0.31616162187499997 0.369512125 0.4013571171875 0.39506762968750003 0.3959618921875 0.3935420140625 0.388704190625 0.39634954375000003 0.38810791875
2 0.5386718671875 0.44735933125000005 0.6064884453125 0.432943828125 0.6000058453125 0.40216801249999995 0.596085296875 0.40292970625 0.5805465140625 0.33005956406250003 0.5844928671875 0.32918489218749997 0.5799940078125 0.3079082265625 0.5338745328125001 0.31733776874999997 0.51193688125 0.322374221875 0.5386718671875 0.44735933125000005
12 0.46811824843750005 0 0.49882304062499994 0.1441599015625 0.5586836484375 0.1307844890625 0.5307305890625 0 0.46811824843750005 0
6 0.3721519078125 0.016005439062499998 0.37677182343750004 0.037067143749999996 0.38584294375 0.035139004687499996 0.389458153125 0.0511975671875 0.4218756265625 0.0447376828125 0.419939146875 0.035269746875 0.4217989984375 0.0347638390625 0.41583447968750004 0.006719890625 0.3721519078125 0.016005439062499998
2 0.4596229515625 0.280580659375 0.4383077703125 0.2842539546875 0.38288547500000003 0.2956761859375 0.37901973125 0.296321584375 0.382922209375 0.3146815453125 0.386945053125 0.3138632828125 0.4024420375 0.386997321875 0.398385246875 0.3879699875 0.4166329703125 0.47362125781250003 0.42037312968749996 0.4729796984375 0.49759031093750006 0.45627376093749994 0.472557121875 0.3387324546875 0.5110474359375 0.330477028125 0.4987590609375 0.27127425625 0.475859559375 0.2761409640625 0.4779295796875 0.28595435625 0.46157665156250005 0.28954034375000004 0.4596229515625 0.280580659375
10 0.476617325 0.0645307953125 0.428427921875 0.0746639421875 0.42946395312499996 0.0797289984375 0.462128128125 0.072580478125 0.480592221875 0.1589731609375 0.493972084375 0.1561296609375 0.495972721875 0.155593846875 0.476617325 0.0645307953125
0 0.4474487640625 0 0.12094060312499999 0.069400653125 0.313800653125 0.9767414828125001 0.46064914999999995 1 0.5525512359375 1 0.879059396875 0.930599346875 0.686199346875 0.0232585171875 0.53935085 0 0.4474487640625 0