0 0.42972958281249996 0 0.33699181718750004 0.026592209375 0.09921551875 0.1226600703125 0.3507885828125 1 0.5702704171875 1 0.6630081828125001 0.973407790625 0.90078448125 0.8773399296875001 0.6492114171875001 0 0.42972958281249996 0
13 0.36853176875 0.017548278125 0.39184180468749996 0.09863801562499999 0.4124313578125 0.0928268890625 0.3891239 0.011643425 0.36853176875 0.017548278125
10 0.4525517328125 0.6583215484375 0.49781861875000005 0.8164218406250001 0.568757390625 0.795945784375 0.5700111828125001 0.8001460125 0.559183165625 0.8032771296875 0.5675601140625 0.83249470625 0.587113584375 0.826780309375 0.5553351453125 0.7162049234375 0.5399257546875 0.7206224906250001 0.5163928890625 0.6388644390625 0.4525517328125 0.6583215484375
10 0.6383913109375 0.9804668875000001 0.6343475093750001 0.9664956390624999 0.60878544375 0.9736720406250001 0.612846875 0.9877912046875 0.6383913109375 0.9804668875000001
12 0.59961025625 0.941598665625 0.6078459515625 0.9704958250000001 0.6333167109375 0.9629265859375 0.62512539375 0.9343603343750001 0.59961025625 0.941598665625
12 0.664406621875 0.920309715625 0.66336473125 0.9167215515624999 0.646927203125 0.921268028125 0.66196641875 0.9737073546874999 0.6630081828125001 0.973407790625 0.6843464499999999 0.9647865718749999 0.670992753125 0.9182166625000001 0.664406621875 0.920309715625
12 0.6437890015625001 0.9262265546874999 0.6427360171875 0.9226192781250001 0.6249337171875 0.9277795109375001 0.6399122203125 0.98003103125 0.6605344953125 0.97411736875 0.646516609375 0.92544471875 0.6437890015625001 0.9262265546874999
12 0.6725989203125 0.9175997484374999 0.685890790625 0.9641626171875 0.7073869687500001 0.955477596875 0.6948038125 0.9113904484375001 0.6725989203125 0.9175997484374999
10 0.4979081296875 0.81654745625 0.50636228125 0.846106271875 0.5073467546875 0.8457691859375001 0.5081142062499999 0.8484486796875 0.506690784375 0.84888390625 0.5069220718749999 0.8496482328124999 0.5654736484375 0.8328321296875 0.5571337640625 0.8038439343749999 0.504311721875 0.819216409375 0.503124 0.8150754328125001 0.4979081296875 0.81654745625
10 0.6675587265625 0.9153438875000001 0.6400394281249999 0.8192560515625 0.6372442859375 0.82005843125 0.6364145875 0.8171664734374999 0.59648079375 0.8286175734375 0.6249224203125 0.9277015000000001 0.6453940015625 0.9216734593749999 0.6312480671875 0.872137475 0.6284367859375 0.8728873937499999 0.6273816671875 0.8691663859375 0.6317508375 0.8680179140625001 0.646951453125 0.921148690625 0.6675587265625 0.9153438875000001
10 0.62278945625 0.9264264265625 0.5956613796875 0.8318741640624999 0.5926451984375001 0.8327759609375001 0.5923887125 0.8319409249999999 0.569997884375 0.838248940625 0.5986836171875 0.9381122359375 0.62173850625 0.931274715625 0.620533165625 0.9270734484375 0.62278945625 0.9264264265625
12 0.4793815046875 0.35665809375 0.5136412781249999 0.3469298453125 0.4854144234375 0.24828156250000002 0.46296933281249997 0.25467216718749996 0.46791138749999994 0.27180932812499997 0.4697035328125 0.32283975468750004 0.4793815046875 0.35665809375
10 0.41760045312500005 0.37269269843749997 0.40687573125 0.33522412031250004 0.393178425 0.339111740625 0.4039431390625 0.3766501078125 0.41760045312500005 0.37269269843749997
13 0.42125587031249995 0.2013634453125 0.44185783437500004 0.1954495625 0.4133588890625 0.0963197 0.392869953125 0.102363178125 0.42125587031249995 0.2013634453125
13 0.398416275 0.2078662546875 0.4195221328125 0.20167295156249998 0.3911802890625 0.10283182500000002 0.3701130359375 0.10894549375 0.398416275 0.2078662546875
10 0.3881753796875 0.2737398484375 0.4117049078125 0.2668049328125 0.41049750312500005 0.2625943890625 0.412882203125 0.261910653125 0.398431303125 0.21153225625 0.3954984734375 0.2123734140625 0.3931987984375 0.204354075 0.39560399999999996 0.20364183281249998 0.38960499843749996 0.1826748640625 0.364127265625 0.1898222484375 0.3881753796875 0.2737398484375
12 0.4434748 0.2789809578125 0.4458505046875 0.329612146875 0.45557435156250004 0.363523175 0.47770363437499996 0.3571809578125 0.46759018750000003 0.3217842578125 0.465690425 0.2699243734375 0.46141795781250006 0.25502427499999997 0.4385469265625 0.2616661765625 0.4434748 0.2789809578125
10 0.373600984375 0.13599779218750002 0.37599248749999997 0.13535175156249998 0.3641183390625 0.09382446718750001 0.3387100390625 0.1011645609375 0.363073753125 0.1863971890625 0.3885418609375 0.1789840609375 0.37831804999999996 0.14338927968749998 0.375916828125 0.14407800625 0.373600984375 0.13599779218750002
10 0.4156329671875 0.2654656203125 0.45834097656250006 0.2532020578125 0.4427936484375 0.1989878984375 0.4000186765625 0.211185828125 0.4156329671875 0.2654656203125
12 0.4438430734375 0.32881045468750003 0.44117600156250003 0.2769909484375 0.43685982343749996 0.26212030625 0.4163204921875 0.268022365625 0.42128257968750005 0.2851632296875 0.42204676250000006 0.3423167875 0.4302116515625 0.370792603125 0.453965990625 0.364009528125 0.4438430734375 0.32881045468750003
10 0.3874985375 0.3193016578125 0.392196571875 0.33568469218749997 0.40587216406250004 0.331726640625 0.401186990625 0.31545468906249996 0.3874985375 0.3193016578125
12 0.39992261406249996 0.3127215 0.40089046406250006 0.31244337187500004 0.40170854375 0.31533159843749997 0.4015805 0.315390071875 0.4179419125 0.37259518593749996 0.4282754171875 0.3696874578125 0.41985868125000003 0.34029215625 0.4190856125 0.2835045078125 0.41523237812499997 0.2700174421875 0.38972496875 0.27714142656249996 0.39992261406249996 0.3127215
13 0.363829378125 0.087136334375 0.3690140890625 0.10522028593749999 0.3901939609375 0.09928525 0.36691404375 0.018011453125 0.3446244796875 0.024403260937499997 0.36272379843749997 0.0875240359375 0.363829378125 0.087136334375