0 0.057637499999999994 0 0 0.46941875 0 0.9423625 0.46941875 1 0.9423625 1 1 0.53058125 1 0.057637499999999994 0.53058125 0 0.057637499999999994 0
8 0.179859375 0.4604328125 0.17948124999999998 0.4637015625 0.149809375 0.4602046875 0.145815625 0.49132499999999996 0.1645703125 0.49371875000000004 0.1538453125 0.58249375 0.229053125 0.5918265625 0.24593125 0.45419375000000006 0.264715625 0.4564640625 0.2678046875 0.431075 0.2321625 0.4263921875 0.22719843750000002 0.46635781249999997 0.179859375 0.4604328125
10 0.2482921875 0.466684375 0.26172968750000003 0.46840312500000003 0.262875 0.4593953125 0.2493734375 0.457721875 0.2482921875 0.466684375
13 0.11731093749999999 0.4881015625 0.14295156250000002 0.491134375 0.1499359375 0.4399984375 0.12364843750000001 0.43677031250000004 0.11731093749999999 0.4881015625
2 0.233075 0.5923546875000001 0.29326875 0.5996625 0.3053015625 0.50245625 0.24496875 0.49504843750000005 0.233075 0.5923546875000001
5 0.28359531250000003 0.3686796875 0.28053125 0.39546562500000004 0.30241093750000003 0.3983515625 0.30131406250000003 0.4066546875 0.3408328125 0.4115875 0.3450046875 0.376134375 0.3439875 0.376009375 0.34692500000000004 0.352228125 0.3222484375 0.3492609375 0.3193703125 0.3729546875 0.28359531250000003 0.3686796875
13 0.757115625 0.554165625 0.7791234375 0.5568578125 0.7831890625 0.52376875 0.7610671875 0.52105 0.757115625 0.554165625
2 0.7293796875 0.6536359375 0.789625 0.660690625 0.8014749999999999 0.5633781250000001 0.7411421875 0.5559703125000001 0.7293796875 0.6536359375
4 0.7902312499999999 0.5229796875 0.8261859375 0.5273109375 0.8322796875 0.4776828125 0.79636875 0.47327343749999995 0.7902312499999999 0.5229796875
10 0.25677656249999997 0.39804218750000003 0.275584375 0.40027187499999994 0.2796234375 0.367309375 0.2607671875 0.3649765625 0.25677656249999997 0.39804218750000003
6 0.26951718750000003 0.43103749999999996 0.2662296875 0.45655 0.290678125 0.459725 0.297565625 0.4029953125 0.27901875 0.40076718749999996 0.278475 0.40602968749999996 0.2727984375 0.4053109375 0.26995468749999996 0.4277296875 0.2756296875 0.42832499999999996 0.275275 0.43159843750000004 0.26951718750000003 0.43103749999999996
10 0.6720890625 0.44832656249999997 0.6721546875 0.44837187500000003 0.6803312499999999 0.44933750000000006 0.6825203125 0.4316890625 0.6742265625 0.4306296875 0.6720890625 0.44832656249999997
8 0.251934375 0.427140625 0.2670328125 0.4289625 0.2698328125 0.405059375 0.254884375 0.40316718749999997 0.251934375 0.427140625
13 0.245834375 0.49134374999999997 0.26006874999999996 0.49314843750000004 0.26267968750000004 0.4716296875 0.24853125 0.470015625 0.245834375 0.49134374999999997
13 0.614009375 0.5485984375 0.6392234375 0.55164375 0.6453625 0.5017265625 0.62033125 0.49871875 0.614009375 0.5485984375
10 0.7529484375 0.45896406250000005 0.7717578125 0.46119374999999996 0.7757968749999999 0.4282328125 0.7569390625 0.4258984375 0.7529484375 0.45896406250000005
13 0.2609421875 0.49324375 0.28295 0.49593437500000004 0.2870171875 0.462846875 0.26489375000000004 0.4601265625 0.2609421875 0.49324375
10 0.1100953125 0.4441890625 0.12069531250000001 0.44550625000000005 0.1218328125 0.4364703125 0.1112078125 0.43518125 0.1100953125 0.4441890625
2 0.6462875 0.5178015625 0.66134375 0.519584375 0.6696390625 0.45311874999999996 0.6678734375000001 0.45286406250000005 0.67265625 0.41409375 0.6306499999999999 0.409228125 0.62025625 0.4944453125 0.6486921875 0.4981171875 0.6462875 0.5178015625
7 0.6651484375 0.519921875 0.7178515625 0.526340625 0.7224296875 0.486525 0.74538125 0.48950468750000004 0.7512 0.44252343749999995 0.684215625 0.43497812500000005 0.6820234375 0.4526515625 0.67351875 0.4516578125 0.6651484375 0.519921875
3 0.7851703125 0.530075 0.7819375 0.5575125 0.8216609375000001 0.562515625 0.8250078125 0.5349 0.7851703125 0.530075
6 0.765690625 0.491959375 0.7624015625 0.5174734375 0.7868515625 0.5206484375 0.7937406250000001 0.46391875000000005 0.775190625 0.46168906249999997 0.7746484375 0.4669515625 0.7689734374999999 0.466234375 0.7661296875 0.4886515625 0.771803125 0.48924687499999997 0.771446875 0.49252031250000006 0.765690625 0.491959375
12 0.7374906250000001 0.5540812500000001 0.742340625 0.5161765625 0.732225 0.5148921875 0.72948125 0.5386875 0.723065625 0.5378828125 0.7173390625 0.5517328125 0.7374906250000001 0.5540812500000001
1 0.255675 0.376240625 0.257021875 0.3652796875 0.250759375 0.3646421875 0.253765625 0.34440468750000003 0.182225 0.335659375 0.178353125 0.36731250000000004 0.255675 0.376240625
2 0.1502015625 0.456840625 0.16516875 0.45882187500000005 0.1734671875 0.3921953125 0.1717015625 0.39194062500000004 0.176403125 0.3533734375 0.1222453125 0.34691875 0.11170781249999999 0.4319078125 0.152315625 0.4371703125 0.1502015625 0.456840625
7 0.168940625 0.4587171875 0.22719843750000002 0.4660828125 0.23200625000000002 0.42635781250000004 0.2492078125 0.42858124999999997 0.254946875 0.3817859375 0.18804218749999999 0.37405625 0.18585000000000002 0.3917296875 0.177346875 0.3907359375 0.168940625 0.4587171875
1 0.588875 0.6297796875 0.599553125 0.5418328125 0.608128125 0.542809375 0.6247390625 0.407115625 0.6174953125 0.4062265625 0.6047953125000001 0.509940625 0.597690625 0.5092578125 0.59369375 0.5411515625 0.5839859374999999 0.6202625 0.588875 0.6297796875
3 0.288996875 0.4691515625 0.2857640625 0.49659062499999995 0.3254859375 0.5015921875 0.328834375 0.47397812500000003 0.288996875 0.4691515625
4 0.2940578125 0.46205625 0.3300125 0.4663875 0.33610625 0.4167609375 0.3001953125 0.41235156249999994 0.2940578125 0.46205625
2 0.1499859375 0.582234375 0.16054531249999998 0.4965890625 0.09749843750000001 0.48898125 0.0887484375 0.5589484375 0.0971078125 0.5757796875000001 0.1499859375 0.582234375
10 0.175915625 0.38740312499999996 0.1759828125 0.38744999999999996 0.18415781250000002 0.38841562500000004 0.186346875 0.3707671875 0.17805312499999998 0.3697078125 0.175915625 0.38740312499999996
8 0.7481078125 0.4880640625 0.7632078124999999 0.48988437500000004 0.7660046875 0.46598125 0.7510578125 0.4640890625 0.7481078125 0.4880640625
8 0.7168281249999999 0.5528 0.7234734375 0.5365703125 0.7286312500000001 0.537203125 0.7314921875 0.5138046875 0.7608890625 0.5173859375000001 0.7639781250000001 0.491996875 0.7225921875 0.486609375 0.71785625 0.5264078125 0.6760578125000001 0.5213421874999999 0.6756265625 0.5245703125000001 0.64585625 0.5211281249999999 0.6420546875 0.5521734375 0.66074375 0.554640625 0.649875 0.6433671875 0.7253406250000001 0.652959375 0.737178125 0.5555765625 0.7168281249999999 0.5528
1 0.7518343749999999 0.43707812500000004 0.7532687499999999 0.42614843750000003 0.7473984375 0.42554218749999995 0.7499390625 0.40532812500000004 0.6783984375000001 0.39658125 0.6745265625 0.428234375 0.7518343749999999 0.43707812500000004
1 0.0975484375 0.48015625 0.11196406249999999 0.481890625 0.1153890625 0.45344843749999997 0.10113749999999999 0.4517546875 0.0975484375 0.48015625
5 0.7797671875 0.4296015625 0.7767046875 0.45638750000000006 0.7985828125000001 0.4592734375 0.7974859375000001 0.4675765625 0.8370046875 0.472509375 0.8411765625 0.43705625000000003 0.840159375 0.43693125000000005 0.8431 0.41315 0.8184203125 0.4101828125 0.8155453125 0.43387656249999995 0.7797671875 0.4296015625
2 0.5941984375 0.6366125 0.645990625 0.6428421875 0.65671875 0.5575125 0.6046609375 0.5511265625 0.5941984375 0.6366125
13 0.74200625 0.552265625 0.756240625 0.5540703125 0.758853125 0.532553125 0.7447046875 0.5309390625 0.74200625 0.552265625
10 0.7444640625 0.52760625 0.757903125 0.5293249999999999 0.7590484375 0.52031875 0.7455468749999999 0.5186453125 0.7444640625 0.52760625