0 0 0 0 1 1 1 1 0 0 0
2 0.15009999999999998 0.51360625 0.133284375 0.513475 0.1332375 0.511625 0.12915000000000001 0.5115937500000001 0.12915000000000001 0.5127375 0.126771875 0.5127375 0.126796875 0.51340625 0.1147828125 0.5134921875 0.1147125 0.5127078125 0.08900625 0.5126031249999999 0.08901250000000001 0.599284375 0.150140625 0.5994640625 0.15009999999999998 0.51360625
5 0.8612609375 0.52561875 0.8673125 0.525653125 0.8672796875 0.469321875 0.8830921875 0.46936718749999995 0.8831453125 0.46496562499999994 0.84099375 0.4652671875 0.8409859375 0.46938124999999997 0.8239828125 0.4694328125 0.8240484374999999 0.47894531249999994 0.8245875 0.4789078125 0.8246328125 0.5057359375 0.82411875 0.5057359375 0.824090625 0.5062625 0.8409328125 0.5062828125000001 0.8410109374999999 0.5572578125 0.8418359375 0.5572578125 0.8418218749999999 0.5565765625 0.8519921874999999 0.5564984374999999 0.8519781249999999 0.5572328125 0.8606875 0.55724375 0.860746875 0.530528125 0.8613140625 0.530528125 0.8612609375 0.52561875
2 0.11890624999999999 0.423028125 0.1189375 0.422534375 0.11398749999999999 0.4225609375 0.1139578125 0.4266328125 0.11435625 0.4266328125 0.11397187499999999 0.4740875 0.12914375 0.47425625 0.12911875 0.48043593749999997 0.150225 0.48072187499999997 0.15008125 0.42261718750000005 0.14450156249999999 0.422596875 0.14450156249999999 0.4231328125 0.11890624999999999 0.423028125
4 0.383 0.5005328125 0.3792125 0.5005703125000001 0.3790859375 0.5520296874999999 0.38310468750000004 0.5520437499999999 0.383 0.5005328125
3 0.65004375 0.44712968750000004 0.650009375 0.40236875000000005 0.58885 0.40236875000000005 0.5888859375 0.4477875 0.62913125 0.4479421875 0.629096875 0.447078125 0.65004375 0.44712968750000004
5 0.3830734375 0.49101718749999995 0.3410390625 0.49101718749999995 0.341053125 0.4957640625 0.33243125 0.49562656250000003 0.3324609375 0.5486265625 0.3302109375 0.5486546875 0.3301765625 0.596525 0.342965625 0.5964484375 0.34295156250000003 0.5957671875 0.3657125 0.59584375 0.3656984375 0.5965453125 0.3712125 0.59650625 0.3712671875 0.551971875 0.37577812499999996 0.5520296874999999 0.37580468749999996 0.5004734375 0.3712671875 0.500453125 0.37128125 0.49566718749999994 0.3830953125 0.4956078125 0.3830734375 0.49101718749999995
2 0.23865937499999998 0.5883265625 0.23866562500000002 0.62391875 0.2845515625 0.6240328125 0.2843421875 0.537084375 0.26916562499999996 0.5374578125 0.26918125000000004 0.535496875 0.23871250000000002 0.5355234375 0.23865937499999998 0.5883265625
2 0.6500765625 0.48523750000000004 0.643415625 0.4853328125 0.6434124999999999 0.48630312499999995 0.58881875 0.48650625 0.5888375 0.5729734375 0.650096875 0.5729109375 0.6500765625 0.48523750000000004
1 0.76398125 0.402378125 0.7328 0.4024140625 0.732825 0.4174921875 0.721796875 0.41752031250000005 0.7217953125000001 0.44038750000000004 0.7504609375 0.440546875 0.7504609375 0.43832343749999997 0.7639437499999999 0.438540625 0.76398125 0.402378125
7 0.7193734375 0.461984375 0.7263328125 0.46190156250000003 0.7263625 0.4411125 0.719703125 0.44104687499999995 0.719703125 0.4384359375 0.719278125 0.43846093750000004 0.7192484375 0.4174375 0.71465 0.41748906249999995 0.714621875 0.40280468750000004 0.6537703125000001 0.402790625 0.653603125 0.48076718749999997 0.719309375 0.48110937500000006 0.7193734375 0.461984375
13 0.1148875 0.5097921875 0.12681718749999998 0.5097578125 0.12679374999999998 0.5104328125 0.1274875 0.5105109375 0.1274171875 0.47641718749999995 0.10418125 0.4762515625 0.104184375 0.48713281249999996 0.0889765625 0.4870984375 0.08898906250000001 0.5104703125000001 0.1148640625 0.5104328125 0.1148875 0.5097921875
1 0.150171875 0.6005609375 0.138728125 0.6006218750000001 0.138728125 0.602271875 0.102978125 0.6024140625000001 0.102978125 0.623696875 0.150028125 0.62385625 0.150171875 0.6005609375
13 0.268334375 0.5049828125 0.2908515625 0.5050109375 0.2908921875 0.46854375 0.25384687499999997 0.468478125 0.253953125 0.5044921875 0.26834531250000004 0.5042390625000001 0.268334375 0.5049828125
10 0.2317625 0.47616250000000004 0.22026875 0.4762109375 0.22044375 0.5049375 0.2318453125 0.504875 0.2317625 0.47616250000000004
7 0.2148640625 0.44387187499999997 0.2148171875 0.4286484375 0.15361093750000002 0.428728125 0.1537484375 0.5050453125 0.21956250000000002 0.504896875 0.2193203125 0.44383906250000005 0.2148640625 0.44387187499999997
10 0.795853125 0.44228125 0.791803125 0.44228125 0.791709375 0.46681249999999996 0.795778125 0.46681249999999996 0.795853125 0.44228125
10 0.2933765625 0.4489828125 0.2866640625 0.449178125 0.286615625 0.46122031249999995 0.293396875 0.461228125 0.2933765625 0.4489828125
10 0.6025046875 0.4499734375 0.5889015625 0.4499140625 0.588859375 0.45868281250000004 0.6024625 0.45850156249999996 0.6025046875 0.4499734375
12 0.7273265624999999 0.46294218750000005 0.7357203125 0.46303124999999995 0.7378265625 0.46442656250000003 0.7378312499999999 0.48121093750000005 0.75050625 0.48127343749999996 0.7504640625000001 0.441075 0.727315625 0.44105156250000005 0.7273265624999999 0.46294218750000005
13 0.7905453125 0.44224375 0.7538218750000001 0.44211718749999995 0.7537484375 0.47876250000000004 0.79071875 0.4787828125 0.7905453125 0.44224375
10 0.371278125 0.5994421875 0.35559375000000004 0.5994421875 0.35559375000000004 0.623971875 0.3711625 0.623971875 0.371278125 0.5994421875
8 0.729578125 0.5976 0.72993125 0.5080875 0.733421875 0.5080875 0.733421875 0.509675 0.7641109375 0.5097578125 0.7640515625 0.5075859375 0.7967515625 0.5075859375 0.7968109375 0.48081562499999997 0.797225 0.48081562499999997 0.797225 0.46918437500000004 0.7923171875 0.46918437500000004 0.7923703125 0.4815015625 0.653603125 0.48076718749999997 0.6535359374999999 0.5975140624999999 0.729578125 0.5976
12 0.8710359375 0.43041875 0.8711140625 0.401590625 0.8220124999999999 0.4016984375 0.8220124999999999 0.4024515625 0.7991312500000001 0.4024546875 0.799071875 0.46444375000000004 0.823978125 0.46461406250000004 0.823978125 0.465396875 0.8831453125 0.46496562499999994 0.8832765625000001 0.43033124999999994 0.8710359375 0.43041875
4 0.8833265625 0.47421875 0.8708046875000001 0.47422812499999994 0.8707359374999999 0.5256953125 0.88336875 0.525778125 0.8833265625 0.47421875
1 0.0889640625 0.4742046875 0.11084374999999999 0.4742046875 0.1106953125 0.4700203125 0.1103984375 0.46995156250000003 0.1103984375 0.426659375 0.1106953125 0.426728125 0.11079375 0.41794374999999995 0.1190234375 0.4180125 0.1190234375 0.4174546875 0.14450000000000002 0.4175265625 0.14450000000000002 0.418084375 0.150165625 0.418084375 0.150165625 0.3869890625 0.0889640625 0.3869890625 0.0889640625 0.4742046875
2 0.7792203125 0.5108609375000001 0.764134375 0.5109015625 0.764134375 0.5103765625000001 0.7334515625 0.5104968750000001 0.733509375 0.5974765625 0.7792765625 0.5976 0.7792203125 0.5108609375000001
6 0.7979546875 0.5094328124999999 0.7980296874999999 0.5222749999999999 0.817353125 0.5221984375 0.8174093750000001 0.5095500000000001 0.7979546875 0.5094328124999999
10 0.1025546875 0.4763625 0.0890109375 0.4763140625 0.0889859375 0.48484375 0.1026234375 0.4848921875 0.1025546875 0.4763625
1 0.2865140625 0.4478140625 0.2938734375 0.4478625 0.2938890625 0.4209609375 0.2959078125 0.42102812500000003 0.2958453125 0.40359999999999996 0.26655625 0.40368281250000004 0.2665765625 0.46191250000000006 0.28491875 0.46196093749999995 0.28483749999999997 0.44558749999999997 0.2865140625 0.445490625 0.2865140625 0.4478140625
10 0.29593125 0.46845468749999997 0.29184375 0.468321875 0.29193281249999997 0.4930921875 0.295878125 0.4930921875 0.29593125 0.46845468749999997
10 0.2163625 0.428703125 0.21634531250000003 0.44147968750000005 0.23152187500000002 0.44147968750000005 0.2314703125 0.42858124999999997 0.2163625 0.428703125
10 0.1019828125 0.60055625 0.08885 0.6004875000000001 0.0889609375 0.6238390625 0.10194375 0.6238390625 0.1019828125 0.60055625
12 0.299353125 0.428609375 0.29936093750000003 0.490840625 0.3830734375 0.49101718749999995 0.3830734375 0.45729687500000005 0.37126875 0.45729687500000005 0.37118125 0.42816875000000004 0.32212968750000004 0.428015625 0.3221171875 0.4286625 0.299353125 0.428609375
10 0.720221875 0.462984375 0.72020625 0.4811140625 0.7370171875 0.48116250000000005 0.7368734375 0.46385156250000004 0.7357203125 0.46303124999999995 0.720221875 0.462984375
1 0.23244375 0.4753859375 0.2325171875 0.4893734375 0.2506421875 0.4893734375 0.25054375 0.4649140625 0.2640703125 0.46477500000000005 0.2640453125 0.428903125 0.23291093749999997 0.428796875 0.23291093749999997 0.4438625 0.2219671875 0.44379375000000004 0.22184374999999998 0.4665484375 0.22034531249999997 0.4665484375 0.22034531249999997 0.475421875 0.23244375 0.4753859375
2 0.7966890624999999 0.5109515625000001 0.781378125 0.51098125 0.781378125 0.509446875 0.780259375 0.509415625 0.780259375 0.5976734375 0.8371109375 0.5974890625 0.8370484375 0.5110750000000001 0.8194515625 0.5110781249999999 0.8194796875 0.5245984375 0.8185968750000001 0.5245984375 0.8186203125 0.5095609375000001 0.8174093750000001 0.5095500000000001 0.8173890625 0.52295625 0.7979890625 0.523078125 0.7979890625 0.5246921875 0.79710625 0.5247124999999999 0.7971890625 0.5103875 0.7966890624999999 0.5103875 0.7966890624999999 0.5109515625000001
10 0.8646328125 0.5620984375 0.841003125 0.5621375 0.840925 0.5891734375000001 0.8646390625 0.5892421875 0.8646328125 0.5620984375
10 0.7162484375 0.4023140625 0.7162484375 0.4153875 0.7313031249999999 0.41542812500000004 0.731275 0.40239375 0.7162484375 0.4023140625
1 0.6501515625 0.5742468749999999 0.6386421875 0.574284375 0.6386437500000001 0.5759203125 0.60289375 0.57600625 0.60284375 0.5974078125 0.6500296875 0.5974859375 0.6501515625 0.5742468749999999
8 0.22039843750000002 0.5049796875 0.1537484375 0.5050453125 0.1536203125 0.4836625 0.134953125 0.48373906250000004 0.13496406249999998 0.4818765625 0.1291484375 0.48181250000000003 0.12914375 0.5100859375 0.1536265625 0.5102734375 0.1536375 0.623665625 0.2350796875 0.6236125 0.234940625 0.5342625 0.2844140625 0.5339375000000001 0.28440625 0.5318875000000001 0.30198125 0.531784375 0.3020109375 0.49567812499999997 0.2923859375 0.4955640625 0.2923390625 0.5072546874999999 0.233509375 0.5078640625 0.23353281250000002 0.5062109375 0.22038750000000001 0.506065625 0.22039843750000002 0.5049796875
13 0.60411875 0.45006250000000003 0.60411875 0.46088125 0.5888671875 0.4609609375 0.5888734375 0.4843390625 0.6274234375 0.4842328125 0.6273859374999999 0.4500265625 0.60411875 0.45006250000000003
6 0.8202140625000001 0.50558125 0.8223046875 0.5055109375 0.8223046875 0.47874218749999997 0.8207234375000001 0.4788875 0.8206203125 0.4694359375 0.7990859375 0.46952187500000003 0.7990515625 0.5079625 0.8174093750000001 0.507890625 0.8174093750000001 0.5095500000000001 0.8202140625000001 0.5095500000000001 0.8202140625000001 0.50558125
6 0.329096875 0.5051249999999999 0.329096875 0.495803125 0.3042984375 0.49581875000000003 0.3042046875 0.5319765624999999 0.330746875 0.5316984375 0.3307703125 0.5051421875 0.329096875 0.5051249999999999
3 0.643321875 0.44889375 0.6294703125 0.44881875000000004 0.6290453125 0.48529062500000003 0.643415625 0.4853328125 0.64338125 0.48388749999999997 0.65005 0.4838796875 0.6500296875 0.44793593749999994 0.643321875 0.4480234375 0.643321875 0.44889375
8 0.24805000000000002 0.5049484375 0.2505296875 0.5049 0.2505296875 0.490621875 0.23246875 0.49052187500000005 0.23246875 0.5060515624999999 0.248121875 0.5061515625 0.24805000000000002 0.5049484375
10 0.32208125 0.5993359375 0.322096875 0.6237890625 0.3529640625 0.6238453125000001 0.352953125 0.5993921875 0.32208125 0.5993359375
10 0.6018515625 0.5743015625 0.58879375 0.574178125 0.5889031250000001 0.59750625 0.601925 0.5974734374999999 0.6018515625 0.5743015625
6 0.32587968749999996 0.5964078125000001 0.3284421875 0.5964390625 0.3284421875 0.5486265625 0.3290765625 0.5486265625 0.3290765625 0.536621875 0.287965625 0.5365359375 0.2879046875 0.5958578125 0.2906515625 0.5958859375000001 0.2906515625 0.5945234375 0.325859375 0.5944671875 0.32587968749999996 0.5964078125000001