0 0.0255171875 0 0 0.4869078125 0 0.9744828125 0.4869078125 1 0.9744828125 1 1 0.5130921875000001 1 0.0255171875 0.5130921875000001 0 0.0255171875 0
10 0.4619375 0.5754828125 0.383509375 0.5717749999999999 0.37676875 0.6904984375 0.4556046875 0.6945296875 0.4619375 0.5754828125
10 0.5613296875 0.60189375 0.5940796875000001 0.603609375 0.6019421875 0.46640156250000003 0.568584375 0.464446875 0.5613296875 0.60189375
10 0.47255 0.6006859375 0.471653125 0.6189421875 0.4644078125 0.6185625 0.4602328125 0.6947656249999999 0.5136609375 0.6973578125000001 0.51820625 0.6032546875 0.47255 0.6006859375
10 0.570053125 0.36467499999999997 0.5474734375 0.3637328125 0.542403125 0.4583453125 0.5654656250000001 0.4593484375 0.570053125 0.36467499999999997
12 0.47297500000000003 0.3685015625 0.46973906249999997 0.44369218750000006 0.5172875 0.40459218750000003 0.5403781249999999 0.40597500000000003 0.54819375 0.25213125000000003 0.483015625 0.24851406250000002 0.47687656250000005 0.3683875 0.47297500000000003 0.3685015625
13 0.6067671875 0.3665359375 0.57365625 0.3652015625 0.5689328125 0.4594078125 0.6019187500000001 0.4617375 0.6067671875 0.3665359375
10 0.52966875 0.60379375 0.5220312500000001 0.6032734375000001 0.517259375 0.6974812499999999 0.5526765625000001 0.6994828125 0.5575078125 0.6068328125 0.5416203125 0.60623125 0.54081875 0.6227203125 0.528771875 0.62200625 0.52966875 0.60379375
9 0.44062343750000005 0.356653125 0.39493125 0.354259375 0.389521875 0.450515625 0.43584843749999996 0.45242187500000003 0.44062343750000005 0.356653125
2 0.47874062500000003 0.247884375 0.40041874999999993 0.243953125 0.3949203125 0.34886875 0.473609375 0.35281875 0.47874062500000003 0.247884375
10 0.6185625 0.36732343749999996 0.6094328124999999 0.367046875 0.591496875 0.703484375 0.6011015625 0.7039078125 0.6185625 0.36732343749999996
12 0.5349734374999999 0.5013890625 0.5398203125000001 0.4126875 0.5236421874999999 0.41137499999999994 0.47548593749999996 0.45115625000000004 0.47160624999999995 0.5340828125 0.5123875 0.49986718750000003 0.5349734374999999 0.5013890625
6 0.4749515625 0.4601515625 0.3895109375 0.4556640625 0.3839328125 0.5660796875 0.4160421875 0.5677546875 0.41621406250000004 0.56179375 0.4298453125 0.5501390625 0.45753750000000004 0.55143125 0.4578203125 0.545828125 0.4646328125 0.5398343750000001 0.471228125 0.5402625 0.4749515625 0.4601515625
10 0.47312656249999996 0.3585421875 0.44573906250000006 0.35710625 0.44080312499999996 0.4531828125 0.46909531250000003 0.45481875 0.47312656249999996 0.3585421875
10 0.4654859375 0.5950390624999999 0.5304359375 0.5985859375 0.5348421875 0.5066703125 0.5195734375 0.5058703125 0.46788749999999996 0.5492359375 0.4654859375 0.5950390624999999
10 0.5532609374999999 0.25161406249999996 0.547409375 0.35859375 0.6191046874999999 0.3626984375 0.6248453125 0.25554062499999997 0.5532609374999999 0.25161406249999996
10 0.5650078125 0.46456093750000005 0.5416203125 0.4632546875 0.5349734374999999 0.598453125 0.557959375 0.599715625 0.5650078125 0.46456093750000005
10 0.42345468750000004 0.5680375 0.4620796875 0.5704875 0.463028125 0.5570921875 0.43784999999999996 0.555634375 0.42345468750000004 0.5680375
13 0.5563359375 0.70139375 0.589278125 0.7029515625 0.59414375 0.6087828125 0.561303125 0.6073031249999999 0.5563359375 0.70139375