10 0.32107968750000004 0.45072343750000005 0.31570156250000003 0.4507875 0.315715625 0.4905984375 0.3210671875 0.4905984375 0.32107968750000004 0.45072343750000005
12 0.2176328125 0.3571265625 0.1378515625 0.3571265625 0.1377953125 0.42250781249999997 0.21762031249999997 0.4225515625 0.2176328125 0.3571265625
2 0.2775453125 0.4484328125 0.3209953125 0.4483125 0.3210453125 0.3743609375 0.3102203125 0.3742359375 0.310146875 0.3783125 0.285075 0.3783640625 0.28505156249999997 0.3739796875 0.276540625 0.373996875 0.2765890625 0.3777828125 0.2775828125 0.3777828125 0.2776453125 0.42335625 0.2775453125 0.4484328125
10 0.7085250000000001 0.3101421875 0.708396875 0.3247484375 0.722321875 0.324934375 0.72249375 0.3100203125 0.7085250000000001 0.3101421875
4 0.6543765625 0.4042625 0.6637359375 0.40415625000000005 0.6636625 0.34335781249999997 0.6255109375 0.3434640625 0.6254562499999999 0.404053125 0.6348874999999999 0.4043234375 0.6543765625 0.4042625
9 0.8014890625 0.3431421875 0.7597796875 0.3431421875 0.7598625 0.3686859375 0.774653125 0.36865156250000003 0.774628125 0.3713609375 0.799771875 0.3713609375 0.799796875 0.3687890625 0.8014796875 0.3687890625 0.8014890625 0.3431421875
1 0.26614218749999996 0.5867359375000001 0.2643625 0.5867015624999999 0.26437499999999997 0.6146859375 0.29373125 0.6145671875 0.2938046875 0.5867359375000001 0.29133593750000003 0.5867875 0.2913484375 0.5836859375000001 0.26614218749999996 0.5837203125 0.26614218749999996 0.5867359375000001
2 0.740571875 0.3748859375 0.7405125 0.3727625 0.73835625 0.3727453125 0.738296875 0.37748906249999997 0.7402703125000001 0.3775078125 0.7403671875 0.42025625 0.7402453125 0.4432078125 0.780234375 0.4430875 0.7802578125 0.4467359375 0.80435625 0.44714687499999994 0.8042999999999999 0.3738078125 0.7996265625000001 0.37389375 0.7996749999999999 0.3779359375 0.7745437500000001 0.377953125 0.7744734375 0.373828125 0.7598703125 0.3737734375 0.759834375 0.3748515625 0.740571875 0.3748859375
10 0.6641265625 0.49486093750000004 0.67649375 0.49468281249999996 0.67655625 0.4549140625 0.643325 0.4551796875 0.64345 0.46463593750000004 0.6641265625 0.4650765625 0.6641265625 0.49486093750000004
10 0.72453125 0.3248125 0.7258515625 0.32499375 0.7332234375 0.3141015625 0.73060625 0.3103875 0.7246203125 0.31020625 0.72453125 0.3248125
10 0.7560984375 0.34315625 0.7537921875 0.343184375 0.7491671875 0.33676249999999996 0.7406703125 0.3486375 0.74073125 0.3694421875 0.7561609375 0.36966875 0.7560984375 0.34315625
11 0.6393171875 0.59041875 0.614653125 0.5904984375 0.6147046875 0.61850625 0.639378125 0.6185578125 0.6393171875 0.59041875
1 0.221240625 0.3687375 0.23879531250000002 0.36899375 0.23883125 0.37156406249999996 0.26577812500000003 0.3717015625 0.265790625 0.36894218749999996 0.2850390625 0.368925 0.2851265625 0.3715625 0.31024375000000004 0.3717359375 0.3102203125 0.36894218749999996 0.314021875 0.3689765625 0.314034375 0.3430984375 0.27841875 0.343184375 0.27839375 0.34065 0.22142187500000002 0.340615625 0.221240625 0.3687375
11 0.3209953125 0.5866515625 0.2961875 0.58665625 0.2961890625 0.6146359375 0.3210578125 0.614578125 0.3209953125 0.5866515625
12 0.62165625 0.34373125 0.591234375 0.34373125 0.5909234375 0.40939218750000006 0.621665625 0.4091765625 0.62165625 0.34373125
0 0 0 0 1 1 1 1 0 0 0
8 0.71884375 0.457303125 0.7187812499999999 0.5020234375 0.6779546875 0.50204375 0.67741875 0.58131875 0.677415625 0.5852453125 0.6814109375 0.585421875 0.6813625 0.580878125 0.7297625 0.5810484375 0.7298234375 0.5180390625 0.7383703125000001 0.5178171875 0.738515625 0.44274531250000004 0.738659375 0.41709218750000004 0.709859375 0.41710624999999996 0.7099078125 0.4572015625 0.71884375 0.457303125
6 0.71805625 0.37468124999999997 0.709859375 0.3747328125 0.709859375 0.41710624999999996 0.738659375 0.41709218750000004 0.738296875 0.37748906249999997 0.73835625 0.3727453125 0.7180671875 0.37272812499999997 0.71805625 0.37468124999999997
5 0.1861796875 0.42806718750000006 0.134303125 0.4279046875 0.1325390625 0.4754078125 0.186265625 0.4754078125 0.1861796875 0.42806718750000006
13 0.6782265625 0.49931562500000004 0.7169046875 0.49931562500000004 0.7169046875 0.4598546875 0.6782265625 0.45971406249999996 0.6782265625 0.49931562500000004
1 0.67118125 0.5876078125 0.6460609374999999 0.5876421875 0.646096875 0.590453125 0.6417390625 0.5903562499999999 0.6417390625 0.618540625 0.67116875 0.6185578125 0.67118125 0.5876078125
8 0.2516625 0.5770578125 0.2516375 0.581459375 0.258659375 0.5814421875 0.258659375 0.5774859375 0.25787499999999997 0.57746875 0.25793750000000004 0.4482921875 0.2339640625 0.4483984375 0.23415 0.49003125000000003 0.191296875 0.48941875 0.191190625 0.4836171875 0.19140625 0.4794921875 0.1896796875 0.48056093750000006 0.1794015625 0.4808375 0.179425 0.5162234375 0.2009046875 0.51614375 0.2009046875 0.5341640625 0.1975484375 0.53411875 0.19725781250000002 0.57765625 0.19820312499999998 0.577690625 0.19822656249999998 0.58149375 0.203515625 0.581646875 0.2035640625 0.577040625 0.2516625 0.5770578125
1 0.25161406249999996 0.583634375 0.203515625 0.583634375 0.2034796875 0.5863765625 0.2017484375 0.5863937499999999 0.20182187499999998 0.5970125000000001 0.1906609375 0.5969953125 0.19063593750000002 0.5942890625 0.16435468749999999 0.5943234375 0.16434218750000001 0.5969781249999999 0.1522953125 0.5970640625 0.1523859375 0.6145375 0.260596875 0.6146359375 0.2606203125 0.5863937499999999 0.25161406249999996 0.5863937499999999 0.25161406249999996 0.583634375
13 0.3140203125 0.4509359375 0.282353125 0.4509359375 0.28256875 0.49045625 0.3140625 0.49057812500000003 0.3140203125 0.4509359375
1 0.8044375 0.45154843749999996 0.786540625 0.45168437499999997 0.7865046875 0.4706125 0.7846765625 0.470646875 0.7846046875 0.5078859375 0.786528125 0.5078828125 0.786553125 0.5183640625 0.8043859375 0.5184890625 0.8044375 0.45154843749999996
2 0.6622109375 0.467528125 0.6435375 0.46753125000000006 0.6435187499999999 0.5020234375 0.61190625 0.501953125 0.6118359375 0.5851765624999999 0.6460250000000001 0.5853828125 0.6460609374999999 0.5807578125 0.671278125 0.5808265625 0.6711921875 0.5852796875 0.677415625 0.5852453125 0.67741875 0.58131875 0.675840625 0.5812890625 0.67578125 0.502571875 0.661871875 0.5024859375 0.6618453125 0.4946921875 0.6622703125 0.4946921875 0.6622109375 0.467528125
1 0.8043609375 0.6184890625 0.8043968749999999 0.5352328125 0.7845375 0.53531875 0.7845375 0.5423203125 0.7824359375000001 0.5423234375 0.7824125000000001 0.5799375 0.7843125 0.579971875 0.7843609375 0.5901625 0.72975 0.590196875 0.7297265625 0.5875921875000001 0.681446875 0.5875390625 0.681446875 0.590196875 0.67498125 0.5901796874999999 0.6750671875 0.618546875 0.8043609375 0.6184890625
13 0.2319765625 0.4474265625 0.1933734375 0.4473375 0.1933734375 0.4869265625 0.23211093749999998 0.48700312500000004 0.2319765625 0.4474265625
2 0.152125 0.59185625 0.1640625 0.5919234375 0.1640859375 0.5876765625 0.1908546875 0.5876421875 0.190890625 0.5920265625 0.1981421875 0.5919765625 0.19820312499999998 0.577690625 0.1955546875 0.577703125 0.19529375 0.51914375 0.17613281249999999 0.5192359375 0.1761734375 0.5294609375 0.1523671875 0.5295468750000001 0.152125 0.59185625
7 0.7808375 0.5853140625 0.7809625 0.579878125 0.7777265625 0.5798171875 0.777725 0.541396875 0.7809625 0.5417015625 0.7806453125 0.51838125 0.7781015625000001 0.5179703124999999 0.7383703125000001 0.5178171875 0.7298234375 0.5180390625 0.7297859375 0.5813906249999999 0.7297984375000001 0.5851765624999999 0.7808375 0.5853140625
10 0.8044390625 0.5234062500000001 0.784196875 0.523303125 0.784303125 0.5326625 0.8044390625 0.5325609375 0.8044390625 0.5234062500000001
5 0.67963125 0.3688234375 0.6795953124999999 0.40945 0.6674265625 0.409484375 0.6542921875000001 0.409484375 0.6543765625 0.4042625 0.6348874999999999 0.4043234375 0.6347890625 0.40945 0.62548125 0.40946718750000005 0.6254921875 0.414415625 0.621690625 0.4144328125 0.6017515625 0.4144671875 0.591121875 0.41450156250000003 0.59120625 0.44964843749999994 0.7062515625 0.44964843749999994 0.7062046875 0.3694078125 0.7399796875 0.3693890625 0.73995625 0.34821875 0.7486484375 0.3359890625 0.7336734375 0.3147015625 0.72613125 0.3254734375 0.7065187500000001 0.3254734375 0.7065296875 0.31009375 0.679575 0.310253125 0.6795828125 0.343628125 0.6675 0.3436625 0.6674875 0.368771875 0.67963125 0.3688234375
13 0.6415734375000001 0.4598890625 0.6118187500000001 0.45974375 0.61195625 0.49937812499999995 0.6418109375000001 0.49923593750000006 0.6415734375000001 0.4598890625
7 0.22133124999999998 0.37396875 0.2213265625 0.43022499999999997 0.22335937499999997 0.43020781250000006 0.22327499999999997 0.4447671875 0.23386718750000002 0.44480000000000003 0.2339640625 0.4483984375 0.25793750000000004 0.4482921875 0.275959375 0.44841406250000004 0.2759 0.37785156249999996 0.2765890625 0.3777828125 0.276540625 0.373996875 0.26572968750000003 0.3740984375 0.2656703125 0.37824375 0.23884375000000002 0.37834687499999997 0.23882187500000002 0.374321875 0.22133124999999998 0.37396875
2 0.7802453125000001 0.4453984375 0.7403546875 0.4453828125 0.740209375 0.48696875000000006 0.7401734375 0.5098 0.7509375 0.5097671874999999 0.7508984375 0.5147671875000001 0.77824375 0.5145265625000001 0.7781374999999999 0.5178671875 0.7806453125 0.51838125 0.782871875 0.5183296875 0.7829921875 0.5082078125 0.7798453125 0.508240625 0.77985625 0.4702671875 0.7829296875 0.4703421875 0.7828828125 0.44680468749999996 0.7802578125 0.4467359375 0.7802453125000001 0.4453984375
6 0.179425 0.5162234375 0.1794015625 0.4808375 0.1762546875 0.48076875 0.17620625 0.478646875 0.1538078125 0.47881718749999996 0.15381406250000002 0.47889375 0.15384375 0.4806328125 0.1521859375 0.48066718750000004 0.152246875 0.526328125 0.174134375 0.5263625000000001 0.174159375 0.5162578124999999 0.179425 0.5162234375
10 0.3211265625 0.3430890625 0.315734375 0.3430890625 0.3156734375 0.3690875 0.321096875 0.3690875 0.3211265625 0.3430890625
2 0.280421875 0.45077187500000004 0.25989062500000004 0.45050468749999995 0.2597625 0.47566406250000004 0.263271875 0.47571562500000003 0.2631875 0.4935625 0.260125 0.493596875 0.2597984375 0.5774515625000001 0.258659375 0.5774859375 0.258659375 0.5814421875 0.26626249999999996 0.5814765625 0.2662296875 0.577121875 0.2912375 0.577075 0.29120625 0.5816703125 0.321196875 0.5816703125 0.3210078125 0.4929328125 0.2806109375 0.4927984375 0.280421875 0.45077187500000004