10 0.6328764828125 0.200493609375 0.6291596578124999 0.20925234375 0.6497976249999999 0.2180356703125 0.6535011749999999 0.209221478125 0.6328764828125 0.200493609375
2 0.7145613765625 0.17594357031250002 0.7204649796875 0.162013446875 0.718471521875 0.1612584765625 0.71778021875 0.1628856640625 0.6941404296875 0.1529714796875 0.6812241234374999 0.1472977171875 0.6511062062499999 0.21842659062499997 0.6893608734375001 0.23476349999999999 0.6969469609375001 0.21707404375 0.6948867640625 0.2160590328125 0.712274275 0.175021175 0.7145613765625 0.17594357031250002
10 0.43621511718750006 0.9022950046875 0.443816428125 0.9058562515625 0.45345752343749995 0.882970159375 0.44598190937500004 0.8795489234374999 0.43621511718750006 0.9022950046875
4 0.4423374171875 0.7736718015624999 0.43589022968749996 0.7890120281249999 0.4674204515625 0.8022542234375001 0.49386720312500004 0.739797875 0.4625337140625 0.726389990625 0.45584156093750006 0.7417661421874999 0.4423374171875 0.7736718015624999
9 0.38748301875 0.9541143625 0.3772265515625 0.9783247296875001 0.375841409375 0.9776901203125 0.37124224687499996 0.9885248343749999 0.3858526671875 0.9947270203125 0.40076631718750005 0.9595933000000001 0.38748301875 0.9541143625
1 0.6016055484375 0.140157671875 0.61909680625 0.0989011078125 0.6175358156249999 0.09823806874999999 0.6187878703125 0.09533428125 0.6042905578125 0.0892040671875 0.5839597203125 0.1372721796875 0.59832028125 0.1435075015625 0.6000089921875 0.139456396875 0.6016055484375 0.140157671875
2 0.3979054359375 0.9168888390625 0.3965254359375 0.9201132703124999 0.3743238296875 0.9108754109375001 0.36252311875 0.905632690625 0.3348097953125 0.9710987843750001 0.33290340625 0.97033459375 0.33220543281250003 0.97195598125 0.36782989062500004 0.9870780937499999 0.37248659375000004 0.9761030859375 0.37467203125 0.9768931875 0.384843184375 0.9530083140625001 0.38430871718750004 0.9527120625000001 0.39767169375 0.9211843578125001 0.39881421562499997 0.92155243125 0.4003204578125 0.9180278375 0.3979054359375 0.9168888390625
10 0.3886524953125 0.769714846875 0.3801541375 0.7899929953125 0.40070228906249994 0.7988358578125 0.42364951875 0.7443931453125 0.4186661296875 0.74252058125 0.404074840625 0.7762612343749999 0.3886524953125 0.769714846875
10 0.4337313359375 0.9080573 0.4342490921875 0.9225173453125001 0.43799140625 0.919050975 0.4422430734375 0.9092946906250001 0.43474231406249997 0.90593943125 0.4337313359375 0.9080573
10 0.4033161734375 0.953566375 0.40490473437499996 0.949785415625 0.4114427328125 0.9436284109375 0.411196446875 0.927114740625 0.400381471875 0.9226410703125 0.3895441984375 0.9478412390625 0.4033161734375 0.953566375
11 0.358961521875 0.661661834375 0.3417964375 0.7020278531249999 0.35640803593750003 0.7081124828124999 0.373498553125 0.667732884375 0.358961521875 0.661661834375
1 0.7157630296875 0.1765972765625 0.6982240734375 0.2176645203125 0.699687903125 0.218237240625 0.6970274437499999 0.2244520265625 0.7104191640625 0.230159896875 0.7351154890625 0.171857646875 0.73644391875 0.1723756171875 0.776035875 0.07915235937500001 0.7616018703125 0.0726731296875 0.7492733515625 0.10134358750000001 0.7479191875 0.10083838125 0.729128590625 0.144904928125 0.73054925625 0.14553235625 0.7171876515625 0.177034903125 0.7157630296875 0.1765972765625
11 0.58221619375 0.1412785609375 0.5649716703125 0.1819868921875 0.5794764703124999 0.18802260312500002 0.59670524375 0.14742501562500002 0.58221619375 0.1412785609375
12 0.48375682031249995 0.6687049609375 0.4625147171875 0.7190625296875 0.49640732656250003 0.7334301734374999 0.5175392515625 0.6836473171875 0.48375682031249995 0.6687049609375
0 0.48253961093750003 0 0.40437790625 0.0054655984375 0.0457426765625 0.850359596875 0.3982741796875 1 0.5174603890625 1 0.5956220937500001 0.9945344015625001 0.9542573234375 0.149640403125 0.6017258203125 0 0.48253961093750003 0
8 0.332143296875 0.779015321875 0.298431978125 0.858181625 0.3310170515625 0.8721285156249999 0.32519455625 0.8861657421875 0.3639658359375 0.9029019625 0.3771469015625 0.9087780609375 0.39714671562500004 0.8616431265625 0.3763524875 0.8529098859375001 0.3700916484375 0.8675103109375 0.34697855624999996 0.8575796578125001 0.3753275484375 0.7907659390624999 0.33465341406250004 0.7724648937499999 0.332623834375 0.7715965421875 0.32975611250000003 0.7780952265625001 0.332143296875 0.779015321875
6 0.4144218921875 0.8848304921875 0.413419425 0.8843821406249999 0.4190857109375 0.8709557374999999 0.39714671562500004 0.8616431265625 0.3771469015625 0.9087780609375 0.3979054359375 0.9168888390625 0.4003204578125 0.9180278375 0.4144218921875 0.8848304921875
13 0.3701173734375 0.8637791140625 0.3970573828125 0.8005145140625001 0.37655188281249996 0.7918112046875 0.3496844125 0.855105190625 0.3701173734375 0.8637791140625
1 0.3357303125 0.7608740375 0.3531610203125 0.7197595421874999 0.3516809171875 0.719200490625 0.3547580640625 0.7120903937499999 0.340163884375 0.7058964703124999 0.31971235 0.7540529031250001 0.3357303125 0.7608740375
8 0.6898302125 0.0671411921875 0.7006409234375 0.041986737499999996 0.65547161875 0.0228143234375 0.632603971875 0.0766703671875 0.6303422671875001 0.0756631828125 0.6254729375 0.087158978125 0.6275214390625 0.0880291390625 0.6280755203124999 0.0867467390625 0.6949180796875 0.11523938281249999 0.7115172015625 0.07598586562500001 0.6898302125 0.0671411921875
1 0.6215471703125 0.0892786140625 0.6278029843749999 0.07453913749999999 0.629233253125 0.0751470984375 0.6520622703125001 0.02136580625 0.6360282515625 0.014561457812500001 0.6069414906249999 0.0830322390625 0.6215471703125 0.0892786140625
13 0.6559762124999999 0.1462830125 0.6340377296875 0.1977919625 0.6545923015625 0.20643545312499997 0.676588915625 0.154615440625 0.6559762124999999 0.1462830125
2 0.3567252359375 0.7212724140625 0.33917409374999996 0.7625237671875 0.336926471875 0.7614043890625 0.332623834375 0.7715965421875 0.33465341406250004 0.7724648937499999 0.335765490625 0.7698888562499999 0.3765648359375 0.787090990625 0.3862708390625 0.7643491609375 0.3903254203125 0.7660204 0.390029375 0.766714615625 0.40413733125 0.772585421875 0.41710621718749996 0.7420297625 0.3992581671875 0.7344156078124999 0.4212557390625 0.6826989046875 0.3782122390625 0.66429256875 0.354356875 0.7201959375 0.3567252359375 0.7212724140625
1 0.2579492359375 0.9404356125 0.29370531718750004 0.8561501406250001 0.2950709046875 0.8566843078125 0.32863446406249996 0.77768966875 0.32725904375 0.7771045 0.33175874375 0.7665273515625 0.317010340625 0.7604350578125 0.243277515625 0.9342079515625 0.2579492359375 0.9404356125
13 0.702108240625 0.0426093359375 0.6928135609375 0.06446876093750001 0.713400440625 0.0729470953125 0.7226041703125 0.05131018281250001 0.702108240625 0.0426093359375
7 0.2975165703125 0.9511516375 0.32519455625 0.8861657421875 0.3310170515625 0.8721285156249999 0.29823999687499997 0.85814649375 0.296270671875 0.8573334484374999 0.2607458796875 0.9408274203125 0.26347511562500003 0.9422263828125 0.2657528953125 0.936945253125 0.285647846875 0.945384259375 0.28324133749999997 0.9506164359374999 0.29553783437500003 0.95522145625 0.2975165703125 0.9511516375
5 0.45325643437499996 0.740479275 0.45971393281250006 0.7252417046875 0.45714250625 0.7241731625 0.4597740359375 0.7179478687499999 0.47360756875 0.6853096359374999 0.48097424999999994 0.6679096265625 0.4627144859375 0.660321128125 0.3828011328125 0.8485885859375 0.42438188437499996 0.8661464546875 0.40093067031249996 0.9214232296875 0.4119088609375 0.9260358546875 0.41220342031249996 0.94294869375 0.433628784375 0.9231214624999999 0.4332894078125 0.9084124296875 0.446913396875 0.8763166984374999 0.45486829218749997 0.879715384375 0.47350927656249997 0.83557001875 0.45622353125000004 0.8282470359375 0.46459835624999996 0.8084646484375 0.45160547656250005 0.8029278109375 0.4431437015625 0.8227883281249999 0.422132771875 0.8138008343750001 0.43056691562499994 0.7938811625 0.43969128281250003 0.7723860671875 0.4423374171875 0.7736718015624999 0.45584156093750006 0.7417661421874999 0.45325643437499996 0.740479275
13 0.42255413906249994 0.6833474125000001 0.40188910624999996 0.7322361484375 0.42242766718749997 0.740493878125 0.44317139843750003 0.6918345875 0.42255413906249994 0.6833474125000001
7 0.6949180796875 0.11523938281249999 0.6823366671875 0.14470598437499999 0.7189148484375 0.16011695937499998 0.718471521875 0.1612584765625 0.7204649796875 0.162013446875 0.727920965625 0.1443001953125 0.7258172328125 0.1432897953125 0.7443971 0.0993679875 0.7464972890625 0.1002157390625 0.758828403125 0.0716719703125 0.7297052578125001 0.059298356249999996 0.7283013875 0.0626294 0.7208221984375001 0.059291428125000004 0.7134471671875 0.0766168375 0.7115172015625 0.07598586562500001 0.6949180796875 0.11523938281249999
2 0.299200534375 0.9521397015625 0.297545728125 0.9512326140624999 0.29553783437500003 0.95522145625 0.295124896875 0.9562151812499999 0.300376040625 0.9584449375 0.30134265625 0.956140646875 0.320997590625 0.96450715625 0.32001154062500003 0.9667799125000001 0.3322005390625 0.971953190625 0.33290340625 0.97033459375 0.333603890625 0.970608271875 0.3613211609375 0.9053329921875 0.3398897875 0.8959551250000001 0.32809283749999996 0.890878171875 0.3206336484375 0.9085008015625 0.318071378125 0.90733920625 0.299200534375 0.9521397015625
10 0.69582236875 0.22713167812499999 0.6920556109375 0.2360051125 0.7054966734375 0.2417690515625 0.70924343125 0.23294557187499998 0.69582236875 0.22713167812499999
2 0.626748396875 0.08989855468749999 0.6275214390625 0.0880291390625 0.6254729375 0.087158978125 0.6201741671875001 0.0995917 0.6224521671875001 0.100495934375 0.605105890625 0.1414290984375 0.6027481906250001 0.14037067187500002 0.581914665625 0.1894481828125 0.6279937890625 0.208639990625 0.65612315625 0.1425605703125 0.678016525 0.151489490625 0.6924151468749999 0.11795026875 0.679478565625 0.11221057187500001 0.6770115265625 0.11794350468749999 0.6678308359375 0.11388183593750001 0.6699405703125 0.10886306718750001 0.626748396875 0.08989855468749999