10 0.3837921875 0.413684375 0.39270625 0.4054046875 0.3908125 0.3681875 0.40177031249999995 0.3572765625 0.3979875 0.3250453125 0.3665359375 0.4071375 0.3837921875 0.413684375
10 0.47223906250000003 0.5123640625 0.470225 0.5179234375 0.472565625 0.518896875 0.47223906250000003 0.5123640625
10 0.47662812499999996 0.5932828125 0.4733703125 0.5345171875 0.45416875 0.584584375 0.47662812499999996 0.5932828125
10 0.3958078125 0.37014843750000004 0.40156875000000003 0.482859375 0.44062812500000004 0.4419328125 0.4342921875 0.332265625 0.3958078125 0.37014843750000004
10 0.42991875 0.88358125 0.408371875 0.9395609374999999 0.4205078125 0.944284375 0.44202031249999996 0.8881390625 0.42991875 0.88358125
10 0.50419375 0.256584375 0.50651875 0.3044015625 0.5377625 0.27253906250000004 0.5352578125 0.22585468749999998 0.50419375 0.256584375
6 0.434353125 0.2455453125 0.43891562500000003 0.32372812500000003 0.49958749999999996 0.2639984375 0.4954171875 0.1841890625 0.434353125 0.2455453125
10 0.4312265625 0.2799140625 0.429225 0.2436921875 0.40502656249999996 0.3066890625 0.4312265625 0.2799140625
7 0.39283437499999996 0.41232187500000006 0.38206875 0.42215468749999996 0.363528125 0.41515312499999996 0.2926828125 0.59975625 0.3786234375 0.632746875 0.4499546875 0.4468328125 0.44530156249999997 0.443765625 0.4365140625 0.45330000000000004 0.41954062499999994 0.5014984375 0.3840484375 0.4876046875 0.395340625 0.460246875 0.39283437499999996 0.41232187500000006
2 0.487834375 0.6687703125 0.4723671875 0.708903125 0.5057796875 0.721728125 0.52125 0.6817390624999999 0.601503125 0.5989765625000001 0.593740625 0.424484375 0.5630609375 0.45541093750000006 0.561215625 0.41748593749999996 0.47659375 0.502509375 0.48185625 0.5977828125 0.487834375 0.6687703125
2 0.4048890625 0.938115625 0.42935625 0.8743765625 0.4449546875 0.8803640625 0.5028718750000001 0.7297046875000001 0.4045640625 0.6919296875 0.3222984375 0.906375 0.4048890625 0.938115625
10 0.575203125 0.18641875000000002 0.5767484375 0.2146046875 0.6127109374999999 0.17835937500000001 0.6109640625 0.1511125 0.575203125 0.18641875000000002
0 0.390671875 0 0.058246875 0.866 0.40733125000000003 1 0.609328125 1 0.941753125 0.134 0.59266875 0 0.390671875 0
13 0.488471875 0.330740625 0.4929984375 0.40519218749999997 0.5427390625 0.356203125 0.53823125 0.27928125000000004 0.488471875 0.330740625
10 0.6156578125000001 0.14639375 0.61743125 0.1733203125 0.6326078125000001 0.15808125 0.631034375 0.131078125 0.6156578125000001 0.14639375
10 0.20795312500000002 0.8200828124999999 0.19366250000000002 0.8572625 0.2049953125 0.8616140624999999 0.21924843749999998 0.824571875 0.20795312500000002 0.8200828124999999
10 0.43023749999999994 0.45965 0.404634375 0.4864828125 0.41888593749999997 0.4916171875 0.43023749999999994 0.45965
8 0.225659375 0.818109375 0.20833437500000002 0.8632421875 0.318721875 0.905040625 0.4432953125 0.5802953125 0.45081718750000005 0.5830671875 0.4721 0.52758125 0.4638484375 0.5243765625 0.4727140625 0.49953906249999996 0.546771875 0.42487031249999996 0.5431250000000001 0.3627328125 0.48855624999999997 0.4168359375 0.483425 0.329034375 0.5018906249999999 0.30934062500000004 0.49958749999999996 0.2639984375 0.43891562500000003 0.32372812500000003 0.44530156249999997 0.443765625 0.4499546875 0.4468328125 0.3786234375 0.632746875 0.2926828125 0.59975625 0.21063593749999998 0.810921875 0.225659375 0.818109375
13 0.44378124999999996 0.5897671875 0.40760781250000006 0.6840437500000001 0.46881562499999996 0.7076390625 0.48303124999999997 0.670828125 0.47709531250000003 0.602246875 0.44378124999999996 0.5897671875
10 0.3958546875 0.46915312499999995 0.391071875 0.480940625 0.39655625 0.4831203125 0.3958546875 0.46915312499999995
10 0.40215625 0.316715625 0.4065796875 0.3524921875 0.433925 0.3257265625 0.4316765625 0.2865703125 0.40215625 0.316715625
10 0.5414718749999999 0.25011875 0.571803125 0.219596875 0.5705109375 0.19103281249999998 0.539775 0.221396875 0.5414718749999999 0.25011875
10 0.5660875 0.4124484375 0.5675640625 0.44363281250000003 0.59354375 0.417578125 0.5920015624999999 0.386328125 0.5660875 0.4124484375
2 0.5418968750000001 0.2569375 0.5516546875 0.41953125 0.642334375 0.3284515625 0.632803125 0.164909375 0.5418968750000001 0.2569375