0 0.47816867343749997 0 0.10765044374999999 0.0324168265625 0 0.4341737515625 0 0.5218313265625001 0.0324168265625 0.8923495562499999 0.4341737515625 1 0.5218313265625001 1 0.8923495562499999 0.9675831734375 1 0.5658262484375001 1 0.47816867343749997 0.9675831734375 0.10765044374999999 0.5658262484375001 0 0.47816867343749997 0
6 0.2089605828125 0.52285859375 0.23127567187500003 0.5207756906250001 0.2292801296875 0.50115308125 0.2073955265625 0.50339824375 0.2089605828125 0.52285859375
10 0.761319575 0.3643368734375 0.7389101640625 0.366011128125 0.7398521875 0.3790912609375 0.7649703859375 0.3769910796875 0.7643168953125 0.370326090625 0.7620619125 0.37051935468749997 0.761319575 0.3643368734375
13 0.2510632171875 0.4281584140625 0.24529710625 0.4286629125 0.24809973593749998 0.4596536453125 0.2673940265625 0.45757336718749997 0.2630390875 0.41152400624999996 0.249616971875 0.41269792031249997 0.2510632171875 0.4281584140625
7 0.230694503125 0.5011147171875 0.22916141875 0.5010225984375001 0.2310874890625 0.5186466265624999 0.24083310781249997 0.5177008125 0.24087920000000002 0.5201428265625 0.282853378125 0.5161938609375001 0.27883676562500004 0.47136910624999995 0.2688171625 0.472244740625 0.2675688515625 0.460518984375 0.246367975 0.46258500312499995 0.24583883125 0.4553774609375 0.22671740312500002 0.4565771625 0.230694503125 0.5011147171875
2 0.31996993749999997 0.40660849062500004 0.2651092390625 0.41127798125000004 0.2702718421875 0.46922458125000005 0.324765259375 0.46406036093749997 0.31996993749999997 0.40660849062500004
7 0.20801015625 0.5269731171875 0.180270175 0.529126221875 0.1827384484375 0.5591069375 0.210738125 0.556769453125 0.20801015625 0.5269731171875
12 0.73605473125 0.3664349671875 0.6845670187499999 0.37066885781250003 0.688664071875 0.4174935140625 0.7400553515625 0.41326937187499996 0.73605473125 0.3664349671875
12 0.19178905 0.4149061984375 0.14026564375 0.4189412625 0.14446243281249999 0.46560499999999994 0.19529971875000002 0.4613957953125 0.19178905 0.4149061984375
8 0.210590953125 0.5440915609375 0.23172410000000002 0.5423567984375001 0.2325236984375 0.5514889843749999 0.331464940625 0.5430628734375 0.3254032734375 0.467341996875 0.278774503125 0.47142036249999997 0.28293791874999996 0.5162828359375 0.2088047828125 0.5227699359375 0.210590953125 0.5440915609375
8 0.2106713921875 0.5567709828125 0.18286609843749999 0.5593368734374999 0.1872167328125 0.6090667812499999 0.236150853125 0.6051806984375 0.230816996875 0.5447520765625 0.2097457640625 0.5467266609375 0.2106713921875 0.5567709828125
12 0.2169094453125 0.41265293124999997 0.194551565625 0.4143280515625 0.1957094453125 0.42710367656250003 0.22022644531250002 0.42485049375 0.2197736109375 0.418807053125 0.21745298750000003 0.41884685 0.2169094453125 0.41265293124999997
10 0.7749758484375 0.48050631718750003 0.7237013250000001 0.4847293921875 0.7302725734375 0.5603716671875001 0.7816913640625 0.5562018078125 0.7749758484375 0.48050631718750003
4 0.22089687656249998 0.42947211718749995 0.1961298453125 0.43140272187499995 0.1987060890625 0.46073296875 0.22346343750000003 0.4585668328125 0.22089687656249998 0.42947211718749995
4 0.7654926296875 0.3810488875 0.740339971875 0.38301204375000003 0.742923934375 0.41253685625000003 0.7678674328125 0.41075059375 0.7654926296875 0.3810488875
10 0.742716078125 0.4449225109375 0.7214986437500001 0.44677865624999996 0.7221943640624999 0.45474096875000003 0.7433656203125001 0.45236289999999996 0.742716078125 0.4449225109375
10 0.2481560546875 0.413024690625 0.2231998015625 0.41520870624999995 0.2267662875 0.453828984375 0.24505784843749998 0.4519653109375 0.24306265468750002 0.426419075 0.24908670625 0.42576693125 0.2481560546875 0.413024690625
5 0.17915334375 0.49029851718749995 0.20557457656250003 0.4881770484375 0.2067820078125 0.49983199999999994 0.22471105468750002 0.498451915625 0.22335187343750001 0.48475530781250004 0.22797015781250002 0.48435089062500003 0.2278023328125 0.4833774078125 0.226942990625 0.48354184843750003 0.22480439375 0.4629378359375 0.17455095781250002 0.4665739359375 0.17641725156250002 0.4873007171875 0.1788273625 0.4871684296875 0.17915334375 0.49029851718749995
10 0.17984167812500002 0.49795635625 0.1772912921875 0.498316346875 0.17776510625 0.502977490625 0.20495209375 0.500509596875 0.20409342343749998 0.4925456796875 0.17959917187500002 0.49446040625 0.17984167812500002 0.49795635625
13 0.20486960625 0.5034978828125001 0.178189228125 0.5056809421875 0.17997746875 0.5261134296875001 0.20667190937500002 0.5237028203125 0.20486960625 0.5034978828125001
5 0.7469542031249999 0.4562119078125 0.7224986484375 0.45850743749999995 0.7246768578125 0.48200627812499997 0.7749926390625 0.47799865468749997 0.7697648640625 0.4141254296875 0.7189290328125 0.41896913125 0.7209353390625 0.442548084375 0.7454710484375 0.440557115625 0.7469542031249999 0.4562119078125