0 0.350788328125 0 0.10923005781249999 0.8424126796875001 0.29035014062500003 0.9600334359374999 0.4297289125 1 0.6492116718750001 1 0.8907699421874999 0.1575873203125 0.709649859375 0.0399665640625 0.5702710875 0 0.350788328125 0
2 0.65070158125 0.06326880625 0.6266417 0.1468767078125 0.6476648453125 0.15290376249999998 0.6716748890625001 0.06947588437499999 0.65070158125 0.06326880625
8 0.5854580484375 0.29370070312499996 0.6022308078124999 0.2987821515625 0.60280731875 0.2967755421875 0.6085363953125 0.298545415625 0.628629471875 0.22897255312499998 0.605173715625 0.2219749640625 0.585154278125 0.291580746875 0.5860527640625001 0.29183819375 0.5854580484375 0.29370070312499996
2 0.6615598281249999 0.026176709375000003 0.6517420703125001 0.060203467187500005 0.67234115625 0.0657818703125 0.6820985187499999 0.0320661453125 0.6615598281249999 0.026176709375000003
10 0.59428756875 0.1691335734375 0.60179925 0.143058709375 0.5992107703125 0.1423167171875 0.6014175171875 0.13493375937500002 0.603762034375 0.1356067484375 0.6261105484375 0.0586993125 0.6230104078125 0.057612003125 0.6250816953125 0.050388865625 0.628234228125 0.051292220312500005 0.637357159375 0.019236223437499998 0.6167993390625 0.013341815625 0.54095715 0.27787835312500003 0.558652915625 0.28248235781250003 0.55952481875 0.2797770296875 0.5624347390625 0.28039986875 0.5921242953125 0.1763118796875 0.5894724499999999 0.17567032968750002 0.591636115625 0.1684885515625 0.59428756875 0.1691335734375
10 0.6413078203125 0.185176078125 0.6085363953125 0.298545415625 0.6166232328125 0.3008646015625 0.641803209375 0.24631204062499998 0.6489880296874999 0.187378378125 0.6413078203125 0.185176078125
1 0.624350765625 0.1515519859375 0.61782326875 0.17431255625 0.6508694312500001 0.182848884375 0.6572700359375 0.16052756875000002 0.624350765625 0.1515519859375
10 0.4252784765625 0.8825518671875001 0.41883494218750006 0.9051229015625 0.4434844078125 0.9120610375 0.45014108437499994 0.8891589265625001 0.4252784765625 0.8825518671875001
10 0.41432484843750006 0.8021584578125 0.4164993265625 0.7943633015625 0.41924597812500003 0.7947441078125 0.42362583125000003 0.77862425 0.4002572921875 0.7717075234374999 0.3667438703125 0.889068228125 0.391041040625 0.8961185234375 0.4176753640625 0.802983584375 0.41432484843750006 0.8021584578125
10 0.392891428125 0.896390509375 0.4170806015625 0.90332595625 0.42265491875 0.8844028421875001 0.41957608906250005 0.883681490625 0.4219480578125 0.875407225 0.42498404531249995 0.8762777453125 0.4439096171875 0.8107031062500001 0.44054050624999996 0.8097373515624999 0.44156453124999995 0.8059887546875 0.4207174578125 0.8001151671875 0.392891428125 0.896390509375
10 0.39132422031249997 0.7953465140625 0.387993053125 0.794580528125 0.3890647859375 0.790726909375 0.3651239671875 0.78386518125 0.33736705 0.8806250890625 0.36466440312500004 0.88845185625 0.39132422031249997 0.7953465140625
12 0.3692624140625 0.9217853484375 0.376485265625 0.89659418125 0.35226937187499996 0.8901388203125 0.34543515625 0.9142409625000001 0.34316447656250004 0.91376124375 0.3503549953125 0.8889440484375 0.3361632953125 0.8850320046875 0.31293500937499996 0.966510175 0.3398883640625 0.9742383718750001 0.343206596875 0.9626680390625 0.3454885578125 0.9631848937499999 0.34213415468749997 0.9748826453125 0.366222440625 0.9817898375 0.36942586093749996 0.9707262203125 0.3715620046875 0.971226628125 0.368300784375 0.9823849875 0.39251648906250003 0.9893283484375001 0.3948494109375 0.9811945390625001 0.397049540625 0.9818259265625 0.39471661875 0.9899597375000001 0.4192524125 0.99699545625 0.44248088750000003 0.915029284375 0.4048728171875 0.9052667984375 0.3978445796875 0.9299918937499999 0.39554504375 0.9297430859375 0.402883996875 0.9041522343749999 0.3787812484375 0.8975914968750001 0.3715538671875 0.92244250625 0.3692624140625 0.9217853484375
6 0.55638555 0.130036225 0.548726596875 0.15669360625 0.5718400640625 0.16297892187500002 0.579502809375 0.13678045625 0.55638555 0.130036225
10 0.6160914203125001 0.1752465703125 0.623761534375 0.1486523296875 0.621578371875 0.148026371875 0.623542046875 0.14129599531249998 0.6262970234374999 0.1420082453125 0.648495346875 0.0646492921875 0.6456116390625 0.0639000203125 0.6475856 0.0570161 0.6504811312500001 0.0578475734375 0.6597628546875 0.0256618140625 0.639196321875 0.019763610937500002 0.5633333828125 0.2835488984375 0.5807254875 0.2888127140625 0.5815442515625 0.2862293765625 0.5847166171875 0.2869444 0.6147882046875 0.182262396875 0.6119214656249999 0.18151855625 0.6138692203125 0.17494179062499998 0.6160914203125001 0.1752465703125
10 0.536404428125 0.2763712484375 0.5374290687500001 0.2729975265625 0.5402169109375 0.273667775 0.5618475546874999 0.1975014171875 0.538910253125 0.19112556875 0.5159414234375 0.27086445000000003 0.536404428125 0.2763712484375
10 0.6058648437499999 0.0446070234375 0.6149928015625 0.012824437499999999 0.5919917406249999 0.0062283265625 0.557622021875 0.125862946875 0.5777134546875 0.1317525703125 0.578575203125 0.128887878125 0.5813411656249999 0.12939673437500002 0.60369165 0.0521850359375 0.6009515249999999 0.0515904890625 0.6032025453125 0.044033209375 0.6058648437499999 0.0446070234375
10 0.4472241375 0.805625015625 0.4263479796875 0.879160703125 0.4511540390625 0.886038446875 0.47203065625 0.8125049203125 0.4472241375 0.805625015625
2 0.6175727109375 0.17869759062499999 0.6059693687500001 0.21894811406249998 0.62746070625 0.225381684375 0.639165971875 0.184345928125 0.6175727109375 0.17869759062499999
10 0.540082734375 0.1869647625 0.5630127875000001 0.19371038125 0.5698301640625 0.169757528125 0.5671002640625 0.1688603515625 0.5679553546875 0.16605468125 0.54773763125 0.16000665625 0.540082734375 0.1869647625