0 0.4956365609375 0 0.2100666328125 0.0049846421875 0.227434690625 1 0.5043634390625 1 0.7899333671875 0.9950153578125001 0.772565309375 0 0.4956365609375 0
13 0.49787974999999995 0 0.4994078015625 0.0843204625 0.5207998468749999 0.0840361390625 0.519305 0 0.49787974999999995 0
10 0.48146390937500005 0.7234387796874999 0.47989316562499995 0.6383751125 0.41319138593750004 0.640645815625 0.4159974359375 0.8050750109375 0.489818303125 0.80365675625 0.4899416890625 0.8080396453124999 0.4786719671875 0.8082613625 0.47920241093750005 0.8386504828125 0.4995678203125 0.8381918640625001 0.4974911546875 0.7231590234375 0.48146390937500005 0.7234387796874999
10 0.504363425 1 0.509321425 0.9999134578125 0.5090316703125 0.9853725499999999 0.4824831234375 0.985687496875 0.48274512812500003 1 0.504363425 1
12 0.5089605734375 0.9816575999999999 0.5084419375 0.9519449390625001 0.48192123125 0.9523328484375 0.48239719062499997 0.9823759921875 0.5089605734375 0.9816575999999999
12 0.5500200796875 0.94853909375 0.54994238125 0.94480394375 0.53288904375 0.9449406484375 0.5338426890625 0.9994854375 0.5578109140625 0.9990670703125 0.55692343125 0.948223253125 0.5500200796875 0.94853909375
12 0.528573428125 0.9489181343749999 0.5284906609375 0.9451611953124999 0.5099584734375 0.9455378078125 0.510903996875 0.9998858343749999 0.5323538546875 0.999511425 0.531410496875 0.9488686140624999 0.528573428125 0.9489181343749999
12 0.5586345875000001 0.9480418 0.5594637875 0.9990382203125 0.5825149625 0.998635859375 0.581689971875 0.9477909515625 0.5586345875000001 0.9480418
10 0.42154504218750005 0.809455421875 0.42146986093749994 0.805148265625 0.41605152656250005 0.8052194015625 0.41656623593750003 0.8359604140625001 0.4176042125 0.8358891625 0.4176528609375 0.8386762375 0.41616446093750004 0.838727221875 0.41619089374999996 0.83952531875 0.4770999296875 0.83843714375 0.4765469359375 0.8082781390625 0.42154504218750005 0.809455421875
10 0.5320117484375 0.889577215625 0.5329434046875 0.9448318703125 0.5543497015625001 0.9445582375000001 0.5526381406249999 0.8446228874999999 0.549730771875 0.8446736359375 0.549678278125 0.84166628125 0.5081408546875 0.8423913203125 0.5099680453125 0.9454595046875 0.531302775 0.9449355203125 0.5304599453125001 0.893426759375 0.527550059375 0.8934228546874999 0.527493503125 0.889556065625 0.5320117484375 0.889577215625
10 0.5059679890625 0.9480875281250001 0.5058917171874999 0.9437178812499999 0.508238234375 0.943676921875 0.5065058671875 0.8453249890625001 0.5033601 0.8454158421875 0.5033276703125 0.8445428375 0.4800668328125 0.8448410281250001 0.4819285953125 0.9487259203124999 0.5059679890625 0.9480875281250001
12 0.5280656859375 0.2712800390625 0.516588528125 0.3210347953125 0.517183696875 0.35620632812499997 0.55279394375 0.35567695 0.55106099375 0.25308375625 0.527726284375 0.2534473078125 0.5280656859375 0.2712800390625
10 0.438459959375 0.3169461421875 0.439141503125 0.35599175625 0.45335740625 0.3557045484375 0.452695971875 0.3167367203125 0.438459959375 0.3169461421875
13 0.5207910578125 0.08765090625000001 0.4994361828125 0.08818461875 0.5012320265625 0.191158021875 0.52266305625 0.1907792546875 0.5207910578125 0.08765090625000001
13 0.497683078125 0.0882011546875 0.4757516828125 0.088652728125 0.4774880046875 0.19152871875 0.4994775953125 0.19100893125 0.497683078125 0.0882011546875
10 0.475496678125 0.16491566875000002 0.44903709843749995 0.165224375 0.45054655 0.2525066375 0.475069365625 0.251898875 0.474992903125 0.24751829218750002 0.47747221250000005 0.247475015625 0.47655285625 0.19507370468750002 0.47350175781250003 0.1951269625 0.4733561671875 0.1867860453125 0.47586477812499994 0.186720378125 0.475496678125 0.16491566875000002
12 0.526137471875 0.25338596562500004 0.502326865625 0.25388128125 0.50260513125 0.27188229062499997 0.49179587343750003 0.32140348125 0.49241153437499996 0.3566746703125 0.5154268328125 0.3562760625 0.5148202984375 0.3194685421875 0.526407984375 0.2688836046875 0.526137471875 0.25338596562500004
10 0.4747614390625 0.1240472765625 0.47226494375000005 0.12409085312499998 0.472118234375 0.1156858828125 0.4745966640625 0.115681690625 0.4738741015625 0.0724955359375 0.44743218125000006 0.0730102140625 0.44890582968750004 0.1616433078125 0.47542493593749996 0.1610741484375 0.4747614390625 0.1240472765625
10 0.5226503421875 0.1944378453125 0.4781763109375 0.1951500703125 0.479210475 0.25162187343750003 0.5236362203125 0.250829228125 0.5226503421875 0.1944378453125
12 0.46603112343750003 0.3571320171875 0.49073097656250003 0.3567290078125 0.49006363437499995 0.320108515625 0.5008999984375 0.26936479062499996 0.5005797656250001 0.253883646875 0.4792113640625 0.2542691359375 0.47956808593750005 0.2721093765625 0.46551415 0.327514653125 0.46603112343750003 0.3571320171875
10 0.4526324625 0.3130982109375 0.452318196875 0.2961683046875 0.438100303125 0.29634146875 0.4383977578125 0.313382621875 0.4526324625 0.3130982109375
12 0.47764451875 0.25591391875 0.45116254843750003 0.2561933234375 0.45180381875000003 0.2932002671875 0.452811478125 0.2931826796875 0.4528529265625 0.29618397500000004 0.45271426718749996 0.2962082734375 0.45371203906249996 0.35569835781250003 0.46444726875000003 0.3555641078125 0.4639245703125 0.3249920109375 0.47787525468750003 0.269938590625 0.47764451875 0.25591391875
13 0.495636565625 0 0.47301251562499996 0.0003949046875 0.4741585125 0.066048965625 0.4753259109375 0.065961390625 0.475654234375 0.08477102656249999 0.497648515625 0.084519946875 0.4961966515625 0 0.495636565625 0