0 0 0 0 1 1 1 1 0 0 0
10 0.41797031249999994 0.5585359375000001 0.43548125000000004 0.5583921875 0.43553125000000004 0.531946875 0.41805312499999997 0.5321640624999999 0.41797031249999994 0.5585359375000001
10 0.46766874999999997 0.7256437499999999 0.45512031249999996 0.7255765625 0.45514374999999996 0.7674125 0.4677171875 0.767446875 0.46766874999999997 0.7256437499999999
10 0.4338609375 0.34666406250000004 0.433890625 0.3716625 0.472553125 0.3717125 0.47250312499999997 0.346646875 0.4338609375 0.34666406250000004
4 0.3506328125 0.45155312500000006 0.350578125 0.5228078125 0.41732031249999996 0.52273125 0.417259375 0.45146875 0.3506328125 0.45155312500000006
6 0.488175 0.4418265625 0.488184375 0.3950421875 0.47506875 0.39489375 0.47508906250000005 0.3790734375 0.43939374999999997 0.378996875 0.43937187499999997 0.39506874999999997 0.435603125 0.395153125 0.43562500000000004 0.44186718750000004 0.488175 0.4418265625
12 0.4275640625 0.2497140625 0.35057499999999997 0.2497140625 0.35055468749999996 0.380871875 0.427403125 0.38104375 0.4275640625 0.2497140625
2 0.44917968750000004 0.6071484375 0.3506109375 0.6072140625 0.3506046875 0.7674203125 0.44913125000000004 0.767428125 0.44917968750000004 0.6071484375
5 0.3505515625 0.4416171875 0.431746875 0.44141874999999997 0.431746875 0.3816671875 0.35055468749999996 0.380871875 0.3505515625 0.4416171875
10 0.47257499999999997 0.3401421875 0.4726 0.3288875 0.43379218750000004 0.328921875 0.433815625 0.3401421875 0.47257499999999997 0.3401421875
1 0.5496546875 0.76734375 0.5496531250000001 0.725615625 0.46971562499999997 0.7257578125 0.4696703125 0.767296875 0.5496546875 0.76734375
13 0.4143484375 0.5391843749999999 0.3511828125 0.53923125 0.35124374999999997 0.6009265625 0.414321875 0.6008859375 0.4143484375 0.5391843749999999
2 0.4795265625 0.3550859375 0.5497 0.35511875000000004 0.5496953125 0.2329125 0.43378125 0.23286406249999997 0.4337453125 0.3224265625 0.47952500000000003 0.3224265625 0.4795265625 0.3550859375
7 0.4394296875 0.45241718750000004 0.426975 0.45255156249999995 0.42693906249999997 0.526078125 0.5287124999999999 0.526596875 0.528603125 0.5593328125 0.549659375 0.5592125 0.549678125 0.3602171875 0.49265156250000003 0.3612546875 0.49206562500000006 0.47672187499999996 0.48869999999999997 0.4766078125 0.488853125 0.4472484375 0.43945156250000006 0.4473515625 0.4394296875 0.45241718750000004
8 0.5289953125 0.5647546875 0.5287124999999999 0.526596875 0.438846875 0.5261859375 0.43885312499999996 0.5633359375 0.4187171875 0.563253125 0.418825 0.60119375 0.45516562499999996 0.601653125 0.45513750000000003 0.7202531249999999 0.5496671875 0.7201906250000001 0.549646875 0.5646687499999999 0.5289953125 0.5647546875
10 0.48924375 0.3600078125 0.4792703125 0.3599515625 0.4787078125 0.3901796875 0.48930625 0.3902375 0.48924375 0.3600078125