0 0.2191953125 0 0.21875 0.697934375 0.21875 1 0.78125 1 0.78125 0 0.2191953125 0
1 0.43900937500000003 0.49848593750000003 0.439175 0.4483171875 0.40818750000000004 0.4485640625 0.4079125 0.497746875 0.43900937500000003 0.49848593750000003
1 0.49525625 0.5111546875 0.49525625 0.542490625 0.5642109375000001 0.542490625 0.563971875 0.45449687499999997 0.49589218749999997 0.45502656249999995 0.49589218749999997 0.5106203125000001 0.49525625 0.5111546875
12 0.44782031250000004 0.3790875 0.44804062499999997 0.3574484375 0.4077515625 0.3576921875 0.40780625 0.37896562500000003 0.44782031250000004 0.3790875
12 0.5363234375 0.644790625 0.5361578125 0.616878125 0.5074265625 0.6174953125 0.5069859375 0.6450375 0.5363234375 0.644790625
2 0.5699515625 0.519621875 0.583821875 0.519621875 0.5862437500000001 0.4872875 0.6145890625 0.488146875 0.6146984375 0.3876953125 0.5700062499999999 0.3885546875 0.5699515625 0.519621875
10 0.603334375 0.6443609375 0.603571875 0.5285703125000001 0.570046875 0.5291015625 0.569809375 0.6464890624999999 0.603334375 0.6443609375
10 0.45926875 0.32744375 0.459434375 0.27887968750000003 0.4466640625 0.2787578125 0.447159375 0.3274484375 0.45926875 0.32744375
12 0.44935625 0.41033125000000004 0.4490796875 0.387953125 0.4197984375 0.387828125 0.41996406249999996 0.41069843749999996 0.44935625 0.41033125000000004
13 0.548771875 0.44203906249999997 0.548909375 0.38753125 0.5160218750000001 0.3869140625 0.5162984374999999 0.4419375 0.548771875 0.44203906249999997
10 0.4161265625 0.4355828125 0.41589687499999994 0.38753125 0.40787031249999994 0.3874265625 0.408053125 0.43599531249999995 0.4161265625 0.4355828125
2 0.5165265625 0.344803125 0.5159312500000001 0.380459375 0.5601 0.3795390625 0.5603296875 0.27881875 0.5075828125 0.27881875 0.5079046875000001 0.3439828125 0.5165265625 0.344803125
1 0.614934375 0.375 0.6147765625 0.2792125 0.5659546875 0.27850625 0.5657953124999999 0.374290625 0.614934375 0.375
3 0.5679703125 0.44142656249999995 0.568134375 0.3889234375 0.5519546875 0.3883078125 0.552009375 0.4415484375 0.5679703125 0.44142656249999995
8 0.4180328125 0.3571515625 0.417834375 0.35464375000000004 0.449271875 0.354790625 0.449271875 0.3789875 0.49458125 0.3789875 0.49438281249999994 0.42015156249999996 0.50389375 0.415284375 0.5040265625 0.41159375000000004 0.513009375 0.4120390625 0.513271875 0.3531671875 0.45931249999999996 0.3531671875 0.459378125 0.330740625 0.4429984375 0.330446875 0.443065625 0.2792484375 0.4078609375 0.27954218750000004 0.40799375 0.35774218750000003 0.4180328125 0.3571515625
2 0.5037625 0.3444625 0.5040265625 0.27954218750000004 0.463275 0.2783640625 0.4632078125 0.343134375 0.5037625 0.3444625
7 0.430634375 0.4136609375 0.43095156250000005 0.410828125 0.4196171875 0.4110078125 0.4196171875 0.43437656249999995 0.4449015625 0.43490624999999994 0.4446625 0.49740624999999994 0.4900765625 0.49740624999999994 0.49031562500000003 0.3879890625 0.4493390625 0.3881640625 0.449496875 0.41401562500000005 0.430634375 0.4136609375
10 0.5067999999999999 0.6452484375 0.507115625 0.61461875 0.5376296875000001 0.613909375 0.5378671875000001 0.644715625 0.565925 0.645425 0.5656078124999999 0.5554828125 0.49443593750000003 0.555303125 0.49427656249999996 0.64489375 0.5067999999999999 0.6452484375
12 0.583215625 0.5293375 0.603559375 0.528453125 0.6031625 0.6450125 0.6149203125 0.644715625 0.614390625 0.48905624999999997 0.6019078125 0.4886125 0.601371875 0.4973140625 0.5862546875 0.49687656249999995 0.583215625 0.5293375
12 0.5128109375000001 0.4120390625 0.50389375 0.41159375000000004 0.50389375 0.41543125 0.4944484375 0.4198578125 0.49451406249999996 0.44169375000000005 0.51274375 0.4415484375 0.5128109375000001 0.4120390625