0 0.46941869062499997 0 0.110589934375 0.04405863125 0 0.4297291859375 0 0.530581309375 0.04405863125 0.889410065625 0.4297291859375 1 0.530581309375 1 0.889410065625 0.9559413687499999 1 0.5702708140625 1 0.46941869062499997 0.9559413687499999 0.110589934375 0.5702708140625 0 0.46941869062499997 0
12 0.3881466015625 0.42288639375 0.3959714609375 0.39544385625 0.3656474984375 0.386434765625 0.36540865 0.387271675 0.32680295625 0.37607273750000003 0.3096575390625 0.4358925 0.3900786203125 0.459135196875 0.3995558546875 0.4261877515625 0.3881466015625 0.42288639375
10 0.73713549375 0.5655090609375 0.75014099375 0.569310234375 0.7526802531250001 0.5605920421875 0.739606840625 0.55682754375 0.73713549375 0.5655090609375
10 0.6041597734375 0.521672346875 0.6144234187500001 0.5246310765625 0.6169608 0.5158847796875 0.6066670640625 0.512950209375 0.6041597734375 0.521672346875
10 0.089750190625 0.4869763609375 0.077163115625 0.483352075 0.0706595015625 0.5057853171875 0.08331808125 0.5092355296875 0.089750190625 0.4869763609375
10 0.23017353906250002 0.4267563765625 0.23080443125 0.42699690781250005 0.23058843750000002 0.427750725 0.2406546921875 0.43057626875 0.2485630734375 0.4034036890625 0.23759831718750002 0.40005562499999997 0.23017353906250002 0.4267563765625
7 0.6600090296875 0.5452259749999999 0.7163969984375 0.5616152359375 0.7273590343749999 0.523131509375 0.744002203125 0.5280193390625 0.7569912421875 0.48269698437499997 0.6921189421875 0.4645961328125 0.687189775 0.48171035156249997 0.678944940625 0.4793979078125 0.6600090296875 0.5452259749999999
10 0.247002803125 0.35328431875 0.24346118125 0.365557415625 0.2580533 0.36974152031249996 0.2615576234375 0.3573313234375 0.247002803125 0.35328431875
1 0.2458386609375 0.41597315156250003 0.2632297734375 0.42092656875 0.2699629671875 0.3972860359375 0.2829311671875 0.4010398390625 0.29277625937499996 0.36648558750000004 0.26296295625 0.35775068125 0.25878431874999996 0.37232323906250003 0.24822299375 0.3693632765625 0.2419597203125 0.391164078125 0.24034001875 0.3906655671875 0.23793169062500003 0.3990654296875 0.2496419140625 0.40245891875 0.2458386609375 0.41597315156250003
6 0.30617771875 0.5275828421875 0.30566380312499997 0.5294232531249999 0.2761703484375 0.5210111484375 0.27671571875 0.5190551046875 0.27414480625 0.5183868765625 0.262044775 0.5605004078125 0.2646522515625 0.5612869359375 0.265193625 0.559298325 0.2947079453125 0.5678290828125 0.29421378125 0.5696765140625 0.3097880421875 0.5742437828125 0.321964421875 0.5319571578125 0.30617771875 0.5275828421875
1 0.1295255015625 0.522509453125 0.13594262031249998 0.5001923046875 0.1250791546875 0.497053771875 0.1246268953125 0.49870400156250005 0.090255425 0.48893721718750005 0.08435036875 0.5095527140625 0.1295255015625 0.522509453125
7 0.22893205625 0.427453496875 0.2457889640625 0.368668796875 0.2414633484375 0.367376953125 0.24559458906249998 0.3527645625 0.1865360671875 0.335985353125 0.1657717015625 0.4094100640625 0.22893205625 0.427453496875
8 0.140730346875 0.40747396875 0.1642121171875 0.41440139687500005 0.132968040625 0.523404396875 0.20624385781250001 0.5447254328125 0.23097871093750003 0.45832795624999995 0.2833451171875 0.47317079531250006 0.2839691453125 0.47122713281250006 0.2909550796875 0.4731589109375 0.2976513796875 0.44955124375000005 0.24166072968750002 0.4343080421875 0.24220928125 0.4324932890625 0.229645390625 0.42872447343750003 0.229855021875 0.4277778078125 0.1657717015625 0.4094100640625 0.171541425 0.3888206296875 0.1518922328125 0.3833620765625 0.15242595625 0.381503490625 0.1485278828125 0.380296109375 0.140730346875 0.40747396875
8 0.24115250625 0.432207446875 0.25620917187500003 0.436392759375 0.2557703578125 0.437921696875 0.2581314140625 0.43866291874999996 0.2628738421875 0.42204075 0.2454197984375 0.41706200156250006 0.24115250625 0.432207446875
13 0.1483505046875 0.3746333296875 0.126062553125 0.36806937031250003 0.1230650203125 0.3785298359375 0.1084539921875 0.374307121875 0.10202511562500001 0.3967721171875 0.126908496875 0.4038706328125 0.1271061484375 0.4032623234375 0.1385823609375 0.4065192515625 0.13837436875 0.407158740625 0.13902109375 0.4074256640625 0.1483505046875 0.3746333296875
10 0.12446673593749999 0.3677269234375 0.1114608 0.3639478421875 0.1090852890625 0.3721406 0.12218109218749999 0.375946428125 0.12446673593749999 0.3677269234375
2 0.6219662984375 0.6642588453125 0.6457924140625 0.58131976875 0.5847114890625 0.5639419421875 0.565125459375 0.63168066875 0.570749503125 0.6496117375 0.6219662984375 0.6642588453125
10 0.3228818328125 0.54113406875 0.3154065203125 0.567012978125 0.3381278359375 0.5737472671875 0.345606934375 0.547642778125 0.3228818328125 0.54113406875
3 0.7769538125000001 0.5743142484375 0.7694689890624999 0.6009106015625 0.8079210953124999 0.612063853125 0.8155475390625 0.585313153125 0.7769538125000001 0.5743142484375
13 0.7308506234375 0.5894802328125001 0.7446277875 0.5934889125 0.7505742328125 0.572646365625 0.73685321875 0.568838590625 0.7308506234375 0.5894802328125001
2 0.641791746875 0.5404416921874999 0.6562688828125001 0.5447406671875 0.6748836828125 0.480233453125 0.673181678125 0.4797056921875 0.6838569453125001 0.442348121875 0.63137814375 0.4275001921875 0.60767281875 0.5097947421875 0.6469576125 0.5213447859375 0.641791746875 0.5404416921874999
10 0.40749512499999996 0.3986256921875 0.3984931015625 0.3960441453125 0.3915954265625 0.42010158124999997 0.40069196875 0.422709303125 0.40749512499999996 0.3986256921875
10 0.756254009375 0.4990398984375 0.77448233125 0.504183325 0.7836288296875 0.47226038593749997 0.76536780625 0.46700448124999994 0.756254009375 0.4990398984375
13 0.6044194671875001 0.56617396875 0.6292695203124999 0.573180546875 0.6441646421875 0.5237657078125 0.6187088125 0.5164667125 0.6044194671875001 0.56617396875
2 0.7024481953125 0.687253215625 0.760756815625 0.7038867921875 0.7878485328125 0.6097600984375 0.7294178875 0.593004546875 0.7024481953125 0.687253215625
13 0.7454765328125 0.593721584375 0.7667929828125 0.5998223625 0.7759843234375 0.567777425 0.75455983125 0.5616300921875 0.7454765328125 0.593721584375
6 0.76367705 0.5336227203125 0.75643749375 0.5583061734375 0.7800903203125 0.565267696875 0.795767709375 0.51031310625 0.7777962828125 0.5052105499999999 0.7764372171875 0.5103220921875 0.770944009375 0.508726528125 0.764628634375 0.5304235296875001 0.770138578125 0.531898971875 0.7692756109375 0.5350762609374999 0.76367705 0.5336227203125
1 0.5861421625000001 0.5552339296875 0.6001079890625001 0.5592021265625 0.6079408500000001 0.5316452609375 0.5941295359375001 0.5277431 0.5861421625000001 0.5552339296875
8 0.74691978125 0.527023540625 0.7615499375 0.531184084375 0.7680510921875 0.508012828125 0.7535836406249999 0.50380554375 0.74691978125 0.527023540625
2 0.11205506875 0.361787440625 0.15057984375 0.373032521875 0.1488792484375 0.37896524375 0.1690879296875 0.38505720781249997 0.1949061453125 0.2950208921875 0.136118071875 0.2781108734375 0.11205506875 0.361787440625
6 0.3205785609375 0.48157866250000003 0.3279566015625 0.455869121875 0.32641953125 0.455338425 0.32896788125 0.4464506734375 0.303453553125 0.439226553125 0.29314273750000003 0.47405208437499996 0.3205785609375 0.48157866250000003
4 0.38738535625 0.46826585625000006 0.375813809375 0.46491201093749995 0.3615070859375 0.5143238703125 0.37328804843749996 0.517806278125 0.38738535625 0.46826585625000006
4 0.783063696875 0.5680983078125 0.8178972921875 0.5780004062499999 0.8316801249999999 0.529937446875 0.7969009484375 0.519965696875 0.783063696875 0.5680983078125
5 0.787336078125 0.4742342375 0.7801198640625 0.5002104187499999 0.8012779875 0.5064833375 0.7988950796875 0.5145132828125 0.8371555359375 0.5255672765625 0.8468224937500001 0.4912033390625 0.84583703125 0.490921334375 0.8524611359375 0.46789240468750004 0.8285505656250001 0.4611010609375 0.8220035703124999 0.48405283125 0.787336078125 0.4742342375
2 0.1377226375 0.40936397968750005 0.13755899375 0.4100184890625 0.1259941109375 0.40680865468749994 0.126239978125 0.406041725 0.101378690625 0.39894364531250004 0.07752021718749999 0.48223459999999996 0.1363720125 0.49907382499999997 0.160005678125 0.4164905421875 0.1437766609375 0.41187300625 0.1442398875 0.4100813234375 0.14032097187499998 0.4089221546875 0.1400071328125 0.4100201484375 0.1377226375 0.40936397968750005
13 0.26224790468750003 0.43649508593749997 0.27615107656250004 0.440222246875 0.275934975 0.440936721875 0.297572475 0.44716494687499997 0.30766321093750004 0.41212400625 0.27207090625 0.40185066562499994 0.26224790468750003 0.43649508593749997
8 0.670522678125 0.5486310015625 0.669641128125 0.5517979796875 0.6408809171875001 0.5437035703124999 0.6320678375 0.57381613125 0.650217525 0.5791140421875001 0.6257381890625 0.665118071875 0.6985585265625 0.686101475 0.7367593265625 0.5528039515625001 0.754957528125 0.5579841359375 0.76198156875 0.5333916875 0.7275094921874999 0.5231901734375 0.7163531875 0.5618866609375 0.670522678125 0.5486310015625
10 0.6780537421874999 0.475883446875 0.6781109859375001 0.4759393875 0.6860358296875 0.47817147968749996 0.6909587390625 0.4610832171875 0.6829335546874999 0.4587390796875 0.6780537421874999 0.475883446875
5 0.332189003125 0.44729881406249994 0.3207214171875 0.4870756640625 0.286289959375 0.47699982500000004 0.2758899375 0.5138938343749999 0.3265635296875 0.5284376203125001 0.32426183750000004 0.5364623171875 0.3250629140625 0.536691396875 0.32527934062499997 0.53600521875 0.3435492375 0.5411026125 0.350578209375 0.5162041562499999 0.35110193125 0.516353946875 0.35245998125 0.511618771875 0.35831132499999996 0.5133104703125 0.3738361125 0.4592798 0.3887697953125 0.463604578125 0.3900786203125 0.459135196875 0.3497395765625 0.4475634734375 0.34840185468749996 0.45213085781249995 0.332189003125 0.44729881406249994
2 0.209774090625 0.5454883921875 0.258808471875 0.5595927359374999 0.28247393593750003 0.47620426406250005 0.267782771875 0.47238022500000004 0.268342125 0.47049960156250004 0.23399168750000002 0.46068615625 0.209774090625 0.5454883921875
1 0.75857605625 0.4773341828125 0.761620634375 0.4667183890625 0.7555355734375 0.4651104859375 0.7616729328125 0.4455920421875 0.692380425 0.4257623046875 0.6836043359375 0.45641973125 0.75857605625 0.4773341828125