0 0.38268511875 0 0.064701378125 0.8736531453125 0.41183651093750007 1 0.61731488125 1 0.9352986218750001 0.1263468546875 0.5881634890624999 0 0.38268511875 0
13 0.3447747 0.9006434531249999 0.3741469125 0.9112991453125 0.38550732499999996 0.8800866671875 0.35619504218750003 0.8694627640625001 0.3447747 0.9006434531249999
2 0.5519641453124999 0.1971925078125 0.6056476546875 0.216853090625 0.64052284375 0.12118505625 0.586665209375 0.10169222343749999 0.5519641453124999 0.1971925078125
6 0.3042178734375 0.9393519203125 0.3248521109375 0.9469469687500001 0.35349170937499996 0.8684156453125 0.33279840156249996 0.8610468499999999 0.3042178734375 0.9393519203125
10 0.523972990625 0.147821203125 0.5123635453125 0.17971789375 0.5133326031250001 0.180070603125 0.5105782718749999 0.1876380640625 0.546902390625 0.20065610312499998 0.5611533484375 0.1612506546875 0.523972990625 0.147821203125
12 0.7021738281250001 0.131600634375 0.71381189375 0.099524803125 0.6955039203125 0.09281136250000001 0.6951484421874999 0.0936646796875 0.6712023406250001 0.084807675 0.6586796953125 0.11886615625000001 0.6671867109375 0.12198573593749999 0.6681753625 0.11926943593749999 0.7021738281250001 0.131600634375
8 0.351793015625 0.9607466484374999 0.36790584531250003 0.9162257468749999 0.34248405625 0.9070877046874999 0.32538461406249997 0.9541959515625 0.32088836718749997 0.9525744156249999 0.31625122031249997 0.9652098 0.3579911921875 0.9804019078125 0.3636131640625 0.96490084375 0.351793015625 0.9607466484374999
12 0.63793551875 0.0657973515625 0.6487124515625 0.03587731875 0.6190269203125001 0.025255575000000002 0.59301680625 0.096772596875 0.6261098406250001 0.10846662968750001 0.6389864078125 0.0729423625 0.629374278125 0.069565215625 0.630804959375 0.0631172390625 0.63793551875 0.0657973515625
7 0.37602711875 0.9313831125 0.3581438921875 0.9804574859375 0.406908065625 0.99820619375 0.4247175671875 0.9492612875 0.37602711875 0.9313831125
8 0.591937684375 0.052271321875 0.6070677515625 0.0575055203125 0.61878706875 0.0251333578125 0.603797390625 0.0196093875 0.591937684375 0.052271321875
10 0.39203573281250004 0.7939065953125 0.3758598046875 0.7880190390624999 0.3691910546875 0.8064280796875 0.3547185140625 0.800954321875 0.3350731375 0.854678284375 0.365792390625 0.8659273515624999 0.39203573281250004 0.7939065953125
9 0.36862700937500004 0.8667645234375 0.3877363671875 0.8738527828124999 0.4139527453125 0.801823875 0.3947841921875 0.7949302312500001 0.36862700937500004 0.8667645234375
10 0.7141066281249999 0.0991398953125 0.701120653125 0.134923640625 0.668507640625 0.122847290625 0.6309924078125 0.2260246171875 0.7034156 0.2524277359375 0.77104475625 0.0665633375 0.7127148046875 0.0453329703125 0.695549134375 0.0924952625 0.7141066281249999 0.0991398953125
10 0.670998115625 0.0847383328125 0.6391918734375001 0.072875809375 0.6262211171875001 0.10866343125 0.6458873374999999 0.11599427968750001 0.608728084375 0.217974275 0.6295408078125 0.2255494875 0.6671257609375 0.1222445609375 0.6583602875000001 0.1191772359375 0.670998115625 0.0847383328125
7 0.3959977 0.8952632859375 0.39408131874999996 0.9005285015625001 0.40001652343750005 0.90249086875 0.38796811875000003 0.9354017140625001 0.4247983046875 0.9488932703125 0.470850065625 0.82253613125 0.41670105 0.8029256046875 0.3845322203125 0.891189959375 0.3959977 0.8952632859375
2 0.6944984234375 0.08565128125 0.709587390625 0.0441946859375 0.6558428453125 0.0246332703125 0.640746396875 0.066110421875 0.6944984234375 0.08565128125
3 0.5772923234375 0 0.5622547499999999 0.0414460015625 0.5893345015625 0.051122645312500006 0.6056133390625 0.006351225 0.5881634906250001 0 0.5772923234375 0
12 0.35213090625 0.9602294609375001 0.3638399734375 0.964433015625 0.37608393281249997 0.9306605296875 0.3878611078125 0.9352297421875001 0.399522165625 0.9030541984375 0.38223877968750003 0.8967053640625 0.3763270609375 0.9128791484375001 0.3822042046875 0.9152660078125001 0.3810508546875 0.9210433953124999 0.3680458390625 0.916366490625 0.35213090625 0.9602294609375001
2 0.5860598 0.094054221875 0.5900311828125 0.095564534375 0.60162315 0.063638203125 0.55973315 0.048383176562500005 0.52620175625 0.14025865937499998 0.5644224796875 0.1539636796875 0.5860598 0.094054221875
10 0.3562555375 0.795137 0.3687105609375 0.79980826875 0.3736819125 0.7864830890625 0.361101778125 0.78190429375 0.3562555375 0.795137