0 0.35189325312499997 0 0.111388325 0.15618572656250002 0 0.38456633125 0 0.648106746875 0.15618572656250002 0.8886116749999999 0.38456633125 1 0.648106746875 1 0.8886116749999999 0.8438142734375 1 0.6154336687499999 1 0.35189325312499997 0.8438278890625 0.1114092921875 0.6154054265625 0 0.35189325312499997 0
7 0.4121646375 0.530982225 0.435318378125 0.483679540625 0.40863140937500003 0.470694425 0.378130984375 0.5331323453125 0.34969646249999997 0.5193296078125 0.33485204375 0.549763384375 0.45895540625000003 0.6101312796875 0.4812792015625 0.5649157781249999 0.4121646375 0.530982225
10 0.45761595 0.39433195468750004 0.47827838125 0.40447210624999996 0.48216859218749997 0.3962242921875 0.46155167812500003 0.3862632453125 0.45761595 0.39433195468750004
10 0.452186421875 0.4053791359375 0.47290092968749997 0.4155134140625 0.4766667765625 0.4075159015625 0.45603879375 0.39739436875 0.452186421875 0.4053791359375
10 0.27188527812499996 0.5188760734375 0.279890709375 0.5228119062500001 0.284307709375 0.5137543609375 0.27629113125 0.5098443984375 0.27188527812499996 0.5188760734375
1 0.6264957765625 0.5760122203125 0.6600554625 0.5923795203125 0.6960008890625 0.519804725 0.6617004765625001 0.5031546 0.6264957765625 0.5760122203125
10 0.32225886406250004 0.5435138953124999 0.330320425 0.54746730625 0.3347724984375 0.5383404078125 0.326821953125 0.5344173718749999 0.32225886406250004 0.5435138953124999
10 0.663718521875 0.499973546875 0.6970334703125001 0.516222184375 0.7030993390625 0.50397740625 0.6695212765624999 0.48769656406250006 0.663718521875 0.499973546875
2 0.4345583890625 0.4409536390625 0.455469090625 0.45106297656249994 0.471389021875 0.4185558109375 0.4506849984375 0.408414725 0.4345583890625 0.4409536390625
8 0.48134635625 0.5648814828125001 0.45895540625000003 0.6101312796875 0.61428255 0.68588878125 0.6573882796875 0.5976048609375 0.4933885015625 0.5177132328125 0.5095825390625001 0.484325684375 0.3747592203125 0.41859894375 0.3623034875 0.44422484687499997 0.436705525 0.48074052187499994 0.4121719875 0.5309476421875 0.48134635625 0.5648814828125001
9 0.3451130078125 0.5170914125 0.2866731296875 0.4885330609375 0.2778809578125 0.506557640625 0.290331890625 0.5127430093750001 0.2844184953125 0.5250303609375 0.3178031640625 0.5415355390625 0.3239547328125 0.5290842 0.3363863265625 0.5351479859375 0.3451130078125 0.5170914125
2 0.333712934375 0.391741821875 0.43030309375 0.4387445328125 0.4568724890625 0.383949353125 0.3606981046875 0.3370417953125 0.333712934375 0.391741821875
2 0.5029998 0.515555428125 0.6192574359374999 0.5724371078125 0.6619495140625 0.483989584375 0.5466514296875 0.4277535140625 0.5029998 0.515555428125
2 0.28892840937500003 0.48303492343750004 0.3730645 0.52414866875 0.39974786562500003 0.46921054375000004 0.31570182343750003 0.4281407875 0.28892840937500003 0.48303492343750004
6 0.362283996875 0.444151803125 0.37474664375 0.418599659375 0.3304376 0.39701184375 0.318331321875 0.42280577812500003 0.362283996875 0.444151803125
13 0.4630014171875 0.45509365781250005 0.51224235 0.4790287453125 0.539234796875 0.42415631718749996 0.489721003125 0.399846959375 0.4630014171875 0.45509365781250005