0 0.21875 0 0.21875 1 0.78125 1 0.78125 0 0.21875 0
10 0.5476687499999999 0.9111484375 0.5548671875 0.9110921875000001 0.5548234375 0.8846890625 0.54769375 0.88463125 0.5476687499999999 0.9111484375
10 0.5192281249999999 0.2185078125 0.5167953125 0.2184359375 0.516665625 0.20325781250000002 0.49705781250000003 0.2031515625 0.4969984375 0.270046875 0.519309375 0.27004843749999996 0.5192281249999999 0.2185078125
6 0.4956390625 0.19582187499999998 0.49700937500000003 0.19574375 0.4969625 0.1989375 0.5118953125 0.198734375 0.51195 0.19582187499999998 0.517 0.1956921875 0.5170359375 0.15203125 0.495603125 0.152246875 0.4956390625 0.19582187499999998
12 0.5198625 0.2702890625 0.554878125 0.27000625 0.5548375 0.14328125 0.519934375 0.14330937500000002 0.5198625 0.2702890625
2 0.445534375 0.035771874999999995 0.44543437499999994 0.1165546875 0.4937 0.11654374999999999 0.4937984375 0.0356078125 0.445534375 0.035771874999999995
10 0.4930140625 0.9176390624999999 0.4955765625 0.91759375 0.49558749999999996 0.92418125 0.5104578125 0.9241093749999999 0.5104203125 0.9046984374999999 0.5461828125 0.9039359375 0.5460828125 0.8810453125000001 0.5548656249999999 0.8813109375 0.5548375 0.7730578125 0.4929875 0.7728453125 0.4930140625 0.9176390624999999
8 0.44535937499999995 0 0.4453890625 0.028621875 0.49570781249999996 0.0285078125 0.4958609375 0.1479078125 0.516978125 0.1483921875 0.516903125 0.1319078125 0.510515625 0.13134218749999998 0.5103703125 0.0011984375 0.5078875 0.0010578125000000002 0.5078828125 0 0.44535937499999995 0
10 0.547640625 0 0.5476546875 0.022478124999999998 0.55485 0.0224359375 0.5548671875 0 0.547640625 0
1 0.551484375 0.753190625 0.5515203125 0.6656671875 0.44853437500000004 0.665678125 0.4486265625 0.7531375 0.551484375 0.753190625
1 0.546165625 0.025964062500000003 0.54588125 0.0053734375 0.535046875 0.006456249999999999 0.534728125 0.06311093749999999 0.5346171875 0.0805125 0.554884375 0.080540625 0.5549125 0.026039062499999998 0.546165625 0.025964062500000003
12 0.5326890625 0.05628593750000001 0.5326890625 0.0175578125 0.5214453125 0.0178546875 0.5213984375 0.0362484375 0.5104796875 0.03635625 0.5102890625 0.056501562500000005 0.5326890625 0.05628593750000001
10 0.55485625 1 0.554746875 0.91465625 0.5461828125 0.9145515625 0.5461828125 0.9039359375 0.533571875 0.9043578125 0.5335578125 0.945225 0.5345796875 0.9451421874999999 0.534596875 0.9511968749999999 0.5104578125 0.9517875 0.5104578125 0.9241093749999999 0.4451421875 0.9242625 0.4451578125 1 0.55485625 1
6 0.4877375 0.151928125 0.4877515625 0.1797671875 0.4946859375 0.17968125 0.4946859375 0.1520453125 0.4877375 0.151928125
1 0.5462671875 0.08972187499999999 0.546221875 0.085146875 0.536521875 0.0852359375 0.536578125 0.1326484375 0.5596953124999999 0.132440625 0.5596953124999999 0.13699375 0.56895 0.13699375 0.5690062499999999 0.08525468750000001 0.559734375 0.08519375 0.5596890625000001 0.089853125 0.5462671875 0.08972187499999999
10 0.4923046875 0.9177265625000001 0.49235937500000004 0.7729812500000001 0.4453796875 0.773128125 0.44527031250000004 0.9176578125000001 0.4923046875 0.9177265625000001
13 0.53209375 0.063571875 0.5125203125 0.0636875 0.5125484375 0.1269671875 0.532028125 0.12679218750000001 0.53209375 0.063571875
12 0.511234375 0.905965625 0.5112921874999999 0.9451281249999999 0.5327765624999999 0.9452468749999999 0.5328359375 0.9061453125 0.511234375 0.905965625
8 0.510753125 0.0325828125 0.5196734375000001 0.0324078125 0.5196578125 0.0048765625 0.5108234375 0.00493125 0.510753125 0.0325828125
10 0.53248125 0.137309375 0.5325546875 0.1298125 0.5187953125 0.1299765625 0.5187593749999999 0.1370625 0.53248125 0.137309375
2 0.493709375 0.210640625 0.49374375 0.183628125 0.48619375 0.18341093749999998 0.486096875 0.1481515625 0.49364375000000005 0.1480046875 0.49374375 0.120703125 0.4452328125 0.12115781249999999 0.445134375 0.21000625 0.493709375 0.210640625