0 0.486907028125 0 0.062228134375 0.022256478125 0 0.46503750781250003 0 0.513092971875 0.022256478125 0.937771865625 0.46503750781250003 1 0.513092971875 1 0.937771865625 0.977743521875 1 0.5349624921875 1 0.486907028125 0.977743521875 0.062228134375 0.5349624921875 0 0.486907028125 0
1 0.6194317109374999 0.44272405781249996 0.6197143546875 0.4428328515625 0.62103666875 0.4341486203125 0.6291753796874999 0.4353618359375 0.6292527812500001 0.4348085890625 0.6544719203125 0.438424928125 0.654392959375 0.43897825625 0.6600044234375 0.43976690625000003 0.66433155 0.40897323906249994 0.6037277765625 0.4004567625 0.591589009375 0.4868229171875 0.6132562015625 0.48986811875 0.6136904125 0.48570374843749997 0.613406209375 0.4855950359375 0.6194317109374999 0.44272405781249996
2 0.6233551109375 0.443247565625 0.616367778125 0.4901869578125 0.631368546875 0.4924659390625 0.6304859171875 0.49858301562499996 0.6513471140625 0.5018034499999999 0.65928928125 0.44424328125 0.65376659375 0.44344684843750004 0.653692728125 0.4439780046875 0.6283614203125001 0.44031121874999996 0.6284627859375 0.439827125 0.62355730625 0.4391642 0.6229595359375 0.44319319375 0.6233551109375 0.443247565625
10 0.5868945234375 0.6137566296875 0.5738993640625 0.6118607078125 0.5707592296875 0.6350005109375 0.5836183296875 0.6368081203125 0.5868945234375 0.6137566296875
1 0.136263490625 0.573851771875 0.1395129796875 0.5508580078125 0.1283172375 0.549262071875 0.128099396875 0.5509570453125 0.0927029328125 0.54607004375 0.0897243484375 0.567306596875 0.136263490625 0.573851771875
1 0.23661823750000002 0.45216252656249994 0.2545291578125 0.4546488609375 0.25790640625 0.4303012421875 0.27127012968750003 0.43221383593749996 0.276212771875 0.396625134375 0.245472525 0.392123096875 0.243361646875 0.4071369609375 0.23249214999999998 0.4056756984375 0.2293242453125 0.42813633749999996 0.2276516203125 0.42786725781249996 0.2264356609375 0.4365208796875 0.2385036875 0.438251034375 0.23661823750000002 0.45216252656249994
8 0.6360732421875 0.500821790625 0.6303228437499999 0.49994967343749996 0.62638273125 0.5279473765625 0.6506024359375 0.531540990625 0.63483099375 0.6438296671875 0.7154882203125 0.6551113546875 0.7277858796875 0.5666120859375 0.776823203125 0.573176540625 0.77710164375 0.571145121875 0.7945184609375 0.5734883703125 0.7995730734375 0.5377373375000001 0.7900574578125 0.5362849171875 0.7883857203125 0.5478554546875001 0.730043246875 0.5402719078125 0.730295565625 0.5386377125 0.7172979609375 0.5366652515625 0.717460721875 0.5355911984375 0.651449128125 0.52638023125 0.654300165625 0.5051879125000001 0.635802153125 0.5026650671875 0.6360732421875 0.500821790625
8 0.234237365625 0.4688913078125 0.249728378125 0.47094119375 0.2495073625 0.47251585625 0.2519475625 0.47292151406249994 0.2543329546875 0.455801334375 0.23635551718749997 0.45329970937499997 0.234237365625 0.4688913078125
7 0.71664454375 0.53539301875 0.72490370625 0.47489504374999997 0.72048405 0.47430679531250003 0.7225585625 0.45922599374999995 0.6619353078125 0.4507856390625 0.651449128125 0.52638023125 0.71664454375 0.53539301875
10 0.604747528125 0.4908507109375 0.5913405296875001 0.48891848125 0.590130778125 0.4973621171875 0.6036276984375 0.49930840937500004 0.604747528125 0.4908507109375
10 0.22260646718750002 0.4650228453125 0.22326514375 0.46517138906250005 0.2231556640625 0.465948496875 0.2335165046875 0.46734723125000005 0.23756707656249998 0.43933747968750003 0.226242196875 0.43754647343749997 0.22260646718750002 0.4650228453125
10 0.33033000625 0.5653835093749999 0.326528321875 0.5920518343750001 0.3499673828125 0.595558059375 0.353740128125 0.5686659421875 0.33033000625 0.5653835093749999
10 0.3942875 0.4124860671875 0.385014359375 0.4111820984375 0.3815300890625 0.4359656046875 0.390900953125 0.4372832265625 0.3942875 0.4124860671875
1 0.8062824671875 0.44569755781250003 0.7772680890625 0.44170432968749995 0.7691843171875 0.4993689296875 0.7873391187500001 0.5019707828125 0.78953978125 0.48574430937499996 0.7912133390625 0.4858819109375 0.7908895890625 0.48818325781249994 0.7981697328124999 0.4892552765625 0.8019292 0.462617328125 0.8039188859375 0.46296523437500003 0.8062824671875 0.44569755781250003
2 0.0965941296875 0.41712405312499995 0.13631007343749998 0.42289714375000004 0.1354506859375 0.42900987187500006 0.1563118828125 0.43223030781249994 0.1693472203125 0.3394756609375 0.1087786046875 0.33091353125 0.0965941296875 0.41712405312499995
10 0.0919304890625 0.54419853125 0.078961925 0.5423622359375 0.07564235625 0.565481715625 0.0886577703125 0.5671371859375001 0.0919304890625 0.54419853125
2 0.7612341125000001 0.5745395921875 0.7615220593750001 0.5725999890625 0.7313460984375 0.5683860015625 0.72394564375 0.6206684 0.718997575 0.655914728125 0.764421821875 0.6624135 0.7763131828125001 0.5762824906249999 0.7612341125000001 0.5745395921875
6 0.3197613625 0.5067281203125 0.323488109375 0.480242090625 0.3218931015625 0.4799313921875 0.323179715625 0.47077494375000006 0.296908246875 0.4671715109375 0.2915434171875 0.5030937015625 0.3197613625 0.5067281203125
4 0.384063571875 0.48424761875 0.3721389296875 0.48253654843750005 0.364848659375 0.533458190625 0.37699911875000003 0.535268515625 0.384063571875 0.48424761875
12 0.378503209375 0.43920345625 0.3824325421875 0.41094032656249996 0.351149834375 0.40623828125 0.3510291671875 0.407100465625 0.3112410234375 0.40138279218750006 0.3025886515625 0.4630060125 0.38546176718749997 0.47483185156249996 0.39026041093749997 0.4408841859375 0.378503209375 0.43920345625
13 0.2557229609375 0.47020301093750005 0.27000937343750003 0.47195772343750003 0.2698947296875 0.47269598593750006 0.2921888265625 0.47585071250000005 0.29730478125 0.43974754843749997 0.26062973437500003 0.43452700625 0.2557229609375 0.47020301093750005
1 0.7663026359375 0.5018544015625 0.7712720359375 0.4663284484375 0.7404554 0.46189143593750004 0.7383582578125 0.4768091359375 0.7275289468749999 0.47521903125 0.7242403093750001 0.4977345015625 0.7227554859375 0.4975259875 0.7215215125000001 0.50631355 0.733508584375 0.5079618921875 0.731633 0.5218227984375 0.7495834140625 0.5243461796875 0.7528898453124999 0.50011023125 0.7663026359375 0.5018544015625
6 0.31190223437500003 0.554288990625 0.3116510078125 0.556182859375 0.281272615625 0.551957575 0.2815395546875 0.549945534375 0.27890281250000004 0.5496409265625 0.2727807828125 0.5930286031249999 0.27547186562500003 0.5934445828125 0.2757307640625 0.591398540625 0.30614493593750003 0.5957392968749999 0.3059127609375 0.5976384265625 0.32197207968749997 0.5999933609375 0.328145559375 0.5564230546875 0.31190223437500003 0.554288990625
1 0.5846605546875 0.6368113921874999 0.6312316046875 0.6435176171875 0.6346143109375 0.6204683671875 0.6232748390625 0.6189362921875 0.623045925 0.6205692593750001 0.5876225140625 0.615735303125 0.5846605546875 0.6368113921874999
10 0.1097123796875 0.42127912968750003 0.096306859375 0.41934525625 0.095095546875 0.4277889734375 0.108594028125 0.42973518593750004 0.1097123796875 0.42127912968750003
10 0.7973429828125 0.509933134375 0.7933117125 0.509232215625 0.7899524890625 0.5337744703125 0.793860034375 0.53432384375 0.7973429828125 0.509933134375
6 0.8206789421874999 0.5820497203125 0.7799771171875001 0.57624380625 0.7716616000000001 0.634979815625 0.7743774046875 0.63538980625 0.7745679859375 0.6340404828125 0.8094411687499999 0.6388845 0.8091900171875 0.64080965625 0.8117246625 0.641196284375 0.8183793234375001 0.5938503078124999 0.819008203125 0.5939378265624999 0.8206789421874999 0.5820497203125
10 0.724080984375 0.459495121875 0.7222842625 0.47214399062499995 0.73731233125 0.47425725312499994 0.73905833125 0.4614764828125 0.724080984375 0.459495121875
10 0.853724896875 0.6501322828125 0.8381925234375001 0.64795000625 0.8347794015625001 0.6722400484375 0.850198365625 0.6744079281250001 0.853724896875 0.6501322828125
8 0.1313490609375 0.458374153125 0.15556720468750002 0.4619678484375 0.13979740624999998 0.574258003125 0.2153268609375 0.5851731796874999 0.2277970078125 0.496173571875 0.28171965 0.5035835093750001 0.2820664125 0.5015719796875 0.2892536234375 0.50251274375 0.29260006562499996 0.47820429062500003 0.23503269062499998 0.470900875 0.23532415312500002 0.46902836875 0.222355703125 0.467044990625 0.22243171875 0.4660771859375 0.1564154578125 0.45680700625000004 0.159264934375 0.4356147703125 0.1390474609375 0.4329442109375 0.13931634843750001 0.4310290765625 0.1352891734375 0.4303764484375 0.1313490609375 0.458374153125
13 0.13432530781250002 0.42479267812500004 0.1113394609375 0.421395696875 0.10982787812499999 0.4321708234375 0.0947714015625 0.4300230625 0.09153271874999999 0.45316333750000004 0.11716075937499999 0.4567300828125 0.117271765625 0.45610153750000004 0.129090325 0.45772898125 0.1289716734375 0.45839078593749993 0.1296504640625 0.45856487343749996 0.13432530781250002 0.42479267812500004
13 0.7507567125 0.5397777968749999 0.7650446046875 0.541530865625 0.7649281546875 0.542264528125 0.7872242203125001 0.5454269765624999 0.7923400109375 0.5093206921875 0.7556633234375 0.5040986703125 0.7507567125 0.5397777968749999
5 0.8223577390625 0.5944084828125 0.8201272546875 0.5941232640624999 0.8134300421875 0.6415231046875001 0.8261053734375 0.6432276890625 0.8261872374999999 0.6425506015625 0.8487144625 0.6457948140624999 0.8486021265625 0.6464875796875 0.8540696437499999 0.64721649375 0.8603220781250001 0.6031225874999999 0.8647812140625 0.603807340625 0.8719818343749999 0.5527574015625001 0.8674915671875001 0.5521055734375 0.8681726859375001 0.5473681218750001 0.8798779234375 0.5489530015625 0.88049535625 0.544403515625 0.8388712140625 0.538553625 0.838224265625 0.5432564281250001 0.8297051874999999 0.5419207640625 0.8223577390625 0.5944084828125
12 0.873499053125 0.509368534375 0.8774645703124999 0.4805120734375 0.8289140828124999 0.47353407187499996 0.8288114500000001 0.47417313125 0.806276090625 0.4709528140625 0.79762388125 0.53257915625 0.88049535625 0.544403515625 0.8851885921875 0.511012128125 0.873499053125 0.509368534375
7 0.2214734671875 0.46588488593750005 0.229986075 0.40532669062500004 0.225521025 0.40464850625000004 0.22757869375 0.3896045734375 0.1667605515625 0.38120729062500003 0.1564154578125 0.45680700625000004 0.2214734671875 0.46588488593750005
2 0.626019653125 0.530573103125 0.6236663234375001 0.5302426890625 0.6235963703125 0.5309082 0.6116891921875001 0.5293213859375 0.6117277999999999 0.528535475 0.5862877640625 0.524854046875 0.5742292671875 0.6106918390625 0.6347370828125001 0.6193776343749999 0.6466471671875 0.53435028125 0.6300107125000001 0.53188008125 0.63022415 0.530041390625 0.6261793890625 0.5294413171875 0.626019653125 0.530573103125
2 0.12863405 0.4606662609375 0.12856278125 0.461336534375 0.11666438593749999 0.45976803750000006 0.116801053125 0.45897229375000004 0.0911932953125 0.4554044859375 0.07915944375 0.5412049999999999 0.139781946875 0.54969076875 0.15169138437500002 0.4646212046875 0.1349786015625 0.4623067734375 0.13518735937499998 0.46046832968749996 0.1311455546875 0.459864971875 0.13098737968750002 0.46099667499999997 0.12863405 0.4606662609375
10 0.732725553125 0.5086350453125 0.721335003125 0.5070837421875 0.717510496875 0.5355557328125 0.7288120296875 0.5370804078125 0.732725553125 0.5086350453125
5 0.32648755 0.471166425 0.3206683515625 0.512152146875 0.2851685625 0.5069654546875 0.2800056234375 0.5449486546875 0.332208703125 0.5522985031250001 0.331047525 0.560564353125 0.3318719328125 0.5606807421875 0.33198969218749996 0.5599720453125 0.3507918921875 0.562477384375 0.3542878484375 0.5368421 0.3548268875 0.5369171171875 0.3555131296875 0.532038578125 0.36154307812500003 0.5329007390625 0.3693967875 0.4772352953125 0.3847879046875 0.4794390578125 0.38546176718749997 0.47483185156249996 0.34390512968750003 0.46898624531250005 0.3432147375 0.4736960203125 0.32648755 0.471166425
2 0.2189283953125 0.5854366140625 0.2694496375 0.5925804515624999 0.2812795125 0.506709265625 0.2661989640625 0.504968009375 0.26649003125 0.5030282421875001 0.231109675 0.498090328125 0.2189283953125 0.5854366140625
10 0.805022475 0.64318101875 0.8016352390625 0.66739773125 0.832192384375 0.6717497703124999 0.8355858625 0.64753273125 0.805022475 0.64318101875
6 0.8230172859374999 0.577406915625 0.8267352875 0.5511122312500001 0.82508245 0.5508624546875 0.8263792640625001 0.541631934375 0.8018188765625001 0.538195428125 0.79669453125 0.5739892328125 0.8230172859374999 0.577406915625
10 0.7975232734375 0.490295221875 0.7908472359375 0.4895545421875 0.7891232734375 0.5014720374999999 0.7958386015625 0.5024250140625 0.7975232734375 0.490295221875
4 0.8791002000000001 0.553817559375 0.8753427625000001 0.553326034375 0.868055115625 0.6042678796875001 0.8720343484375 0.6048416578125 0.8791002000000001 0.553817559375
13 0.629358978125 0.494365903125 0.6063714890624999 0.4909674421875 0.6048615484375001 0.5017440484375 0.5898049078125001 0.49959316718749996 0.5865649921875 0.522739765625 0.6121944296875 0.5263033078125 0.6123068328125 0.525671559375 0.6241237500000001 0.527297525 0.6240084640625 0.527963846875 0.624684053125 0.5281365390625 0.629358978125 0.494365903125
8 0.7292640859375 0.538331903125 0.7447514328125 0.5406104171874999 0.7448464718750001 0.539408484375 0.7473106765625 0.5397049234375 0.7492984203125 0.525565890625 0.7314247296875 0.5229539984375 0.7292640859375 0.538331903125
10 0.229045753125 0.38992197968750003 0.2272473078125 0.4025678078125 0.242280059375 0.40468082499999997 0.2440231828125 0.3919049015625 0.229045753125 0.38992197968750003