0 0.5337309515625 0 0 0.6831461609375 0 0.7438656906250001 0.216267715625 0.9128331421875 0.361337728125 1 0.4662690484375 1 1 0.31685383906250003 1 0.25613430937500004 0.783732284375 0.0871668578125 0.638662271875 0 0.5337309515625 0
12 0.33753049687500003 0.763517134375 0.3252216421875 0.7793153578124999 0.33780973125 0.788915184375 0.34692055312500003 0.7707670140625 0.33753049687500003 0.763517134375
12 0.3033578875 0.696008934375 0.2934891328125 0.6906296937499999 0.22500769531249998 0.77857535 0.233399015625 0.7854365828125001 0.3033578875 0.696008934375
10 0.36689135156249997 0.7287442640624999 0.34092582656250003 0.7623654171875 0.3476396140625 0.7680564515625 0.3545071421875 0.759457459375 0.3525360671875 0.7745695296874999 0.33985925156249996 0.7908557546874999 0.35033382031250004 0.7984455671874999 0.3649023421875 0.77941146875 0.370365290625 0.7748884328125001 0.3676297171875 0.7603315609375 0.370734609375 0.7303116203125 0.36689135156249997 0.7287442640624999
8 0.1950503359375 0.8163311140625 0.1564225671875 0.8660777218750001 0.183091625 0.8869126484375001 0.1848546640625 0.8846580218750001 0.20546893281249998 0.9013900328125001 0.21030665312500002 0.8961176343749999 0.22453201250000002 0.906150728125 0.23816701093749998 0.8886975781249999 0.26077459062499997 0.9055736765625 0.2789608390625 0.8820234140625001 0.1950503359375 0.8163311140625
10 0.7748670390625 0.0835244078125 0.767344975 0.0932248625 0.766473903125 0.092663190625 0.756100915625 0.1062194890625 0.75677826875 0.106748615625 0.7442294609375 0.1227398921875 0.7435781640625 0.1221097578125 0.733896196875 0.134500840625 0.7685053500000001 0.1621500890625 0.7916121046875 0.13250401875 0.8094553359375001 0.1466851109375 0.8108102015625 0.144949009375 0.818742803125 0.15090208125 0.8171051374999999 0.15278726250000002 0.8204948109375 0.1550700703125 0.8393255625 0.13060189375 0.783732284375 0.0871668578125 0.775025340625 0.081935196875 0.7741896859375 0.08299528125 0.7748670390625 0.0835244078125
7 0.257379325 0.9100138781249999 0.26077459062499997 0.9055736765625 0.2381375046875 0.88874365 0.21834098906250002 0.914078890625 0.246742690625 0.9311443546874999 0.2611638234375 0.9125466812499999 0.257379325 0.9100138781249999
13 0.360164571875 0.7245310578125 0.3579095578125 0.7271918796875 0.349964428125 0.7202888578125 0.3446126046875 0.7270569874999999 0.34810382500000003 0.7297836125 0.340655396875 0.73914915625 0.3373371046875 0.736705078125 0.32674095 0.75018379375 0.3398608203125 0.759993775 0.365383653125 0.7276615296875 0.360164571875 0.7245310578125
10 0.1941804265625 0.8113897953125001 0.24840662500000002 0.8529953625 0.258378325 0.84008568125 0.2565136125 0.8391329515624999 0.28206303125 0.8062862265625 0.2839304796875 0.8075741828125 0.2911213203125 0.7983218265625001 0.289718565625 0.7969703875 0.286086584375 0.8015709515625 0.28106223125 0.797303353125 0.2844270703125 0.7930927796875 0.2676111 0.7799536546875 0.2498367734375 0.8029912890625001 0.21955623906250002 0.778910878125 0.1941804265625 0.8113897953125001
10 0.2504942984375 0.7666629390625 0.23529170625 0.7862183671875 0.25076909375 0.798651625 0.2656622328125 0.77944435625 0.2504942984375 0.7666629390625
10 0.71977686875 0.1313781375 0.6809108734375 0.180708175 0.754912934375 0.23852375937499998 0.761067078125 0.23043854531250002 0.7589117390625 0.22887734843750002 0.7748597328125 0.20860316874999998 0.7769034609375 0.20995876562500002 0.817891728125 0.15770039062500002 0.8149513953125 0.1554797671875 0.8111186984375 0.1605175265625 0.8033737343749999 0.1544675703125 0.8073796828124999 0.1492021484375 0.7911789265625 0.1365438765625 0.7670513328124999 0.1677038484375 0.71977686875 0.1313781375
8 0.29475993749999996 0.79636475625 0.3120870765625 0.774095634375 0.32254632656250004 0.7821811750000001 0.33753049687500003 0.763517134375 0.3227329671875 0.752312665625 0.34840519531249997 0.7193373937499999 0.3052394765625 0.69696998125 0.25282273437499997 0.76400430625 0.29475993749999996 0.79636475625
7 0.3120870765625 0.774095634375 0.2506457796875 0.8533764875 0.2746786 0.872488865625 0.33635358437499996 0.793177075 0.3120870765625 0.774095634375
10 0.36121156875 0.8079036296875 0.364488690625 0.7835068093750001 0.36370715625 0.78373355 0.3515441265625 0.7994498671875 0.36121156875 0.8079036296875
7 0.32483229375 0.8114992390625 0.276323325 0.8738471562499999 0.297394671875 0.8898457640625 0.3591594765625 0.8104512296875 0.33635358437499996 0.793177075 0.3233199328125 0.810160325 0.32483229375 0.8114992390625
10 0.7977165 0.23441155624999999 0.810213603125 0.218824878125 0.8110068500000001 0.2191429203125 0.8405159953125001 0.1816628765625 0.839734928125 0.1811516390625 0.8548798718749999 0.161652715625 0.85566174375 0.16216261406250002 0.862133784375 0.15393665 0.8613248625000001 0.153405028125 0.8640490734374999 0.1499178265625 0.8411441578125001 0.13202273125 0.823012 0.1552099328125 0.822159828125 0.154847371875 0.7623992281249999 0.2315707421875 0.7684552874999999 0.23578379218749998 0.762277978125 0.243634521875 0.7806264984375 0.257969746875 0.79857585 0.23528701093749999 0.7977165 0.23441155624999999
10 0.3525546453125 0.77442939375 0.3545071421875 0.759457459375 0.3461176546875 0.77003120625 0.3525546453125 0.77442939375
10 0.33780973125 0.788915184375 0.33987535156250004 0.7908198578125 0.3525546453125 0.77442939375 0.34692055312500003 0.7707670140625 0.33780973125 0.788915184375
10 0.7614090453125 0.23249058125 0.7561779171875 0.23908514687500002 0.7614804890625 0.242819934375 0.7664449015625 0.236365884375 0.7614090453125 0.23249058125
6 0.27562116406250003 0.9176187875 0.2943923578125 0.8936835593750001 0.280125159375 0.8832862734375 0.26170155156249997 0.9067431328125 0.27562116406250003 0.9176187875