0 0.2877625921875 0 0.0341409609375 0.2626326578125 0 0.4562556703125 0 0.7122374078125 0.2626326578125 0.9658590390624999 0.4562556703125 1 0.7122374078125 1 0.9658590390624999 0.7373673421875 1 0.5437443296875 1 0.2877625921875 0.7373673421875 0.0341409609375 0.5437443296875 0 0.2877625921875 0
2 0.224384125 0.251548075 0.22267464375 0.249896446875 0.2222281203125 0.2503952375 0.213525028125 0.2421112328125 0.21402014062500002 0.2414988421875 0.19560128593749998 0.22356549375 0.1353910890625 0.28592307968749997 0.17923925937500002 0.3285155609375 0.23885097187499998 0.2667267515625 0.2268462859375 0.25495075625 0.228097259375 0.25358790625 0.2251797109375 0.25072528906249997 0.224384125 0.251548075
5 0.7999484890625 0.740953953125 0.7694176890625 0.711888896875 0.7665549875 0.714842921875 0.7542879953125 0.703069859375 0.747726746875 0.7099570171875 0.7481398984375 0.71030435 0.7295365171875 0.729634765625 0.729166359375 0.7292775625 0.728781003125 0.7296364093750001 0.7408820765625 0.7413516578125 0.7055276687500001 0.778073440625 0.706121334375 0.7786477546875 0.7065840578125 0.7781470609375 0.7139556140625001 0.7851554671875001 0.71343415 0.7856743609375 0.7196912656250001 0.7917326250000001 0.7382929484375 0.772555809375 0.7387010359375 0.772949846875 0.7420735140625 0.76938125625 0.7464019000000001 0.7736096109374999 0.7855098125 0.733065928125 0.7968534640625 0.7440827921875 0.7999484890625 0.740953953125
2 0.27355549843750004 0.1793332390625 0.24031453749999998 0.2132021140625 0.2511118015625 0.22386242968749998 0.2468008234375 0.228290484375 0.2617840953125 0.24315880937499998 0.302044503125 0.2012618859375 0.2980438203125 0.19737055625 0.2976728609375 0.1977557421875 0.2793336671875 0.179901490625 0.2796987515625 0.1795676265625 0.27611929375 0.1761488078125 0.27326961875 0.17905594687499998 0.27355549843750004 0.1793332390625
4 0.41546724062499996 0.4191077296875 0.41271654375000005 0.41650459218749997 0.3768782796875 0.4534329921875 0.3797604296875 0.4562354234375 0.41546724062499996 0.4191077296875
3 0.6290522125 0.5522551171875001 0.6296277859375 0.551609315625 0.6446589 0.566197315625 0.6757278640625 0.5339747265625 0.6317338015625 0.49148979531250003 0.6002082640624999 0.524187190625 0.6290522125 0.5522551171875001
5 0.3457039421875 0.4185966328125 0.3440656203125 0.4170543359375 0.3107877140625 0.45146566093749996 0.3200405703125 0.46029402499999994 0.320503021875 0.4597948703125 0.3368224984375 0.475660375 0.336325921875 0.4761551 0.3403184453125 0.4799577265625 0.37129538906250004 0.447960075 0.3744990015625 0.45113492187500004 0.4103331734375 0.41406776562500003 0.407082221875 0.41090043749999994 0.41041797031250005 0.4074681640625 0.41895676406250004 0.415631175 0.42212933281250004 0.4123145109375 0.39189367656249996 0.3831142765625 0.3886052671875 0.38653903125 0.382499484375 0.380450334375 0.3457039421875 0.4185966328125
2 0.30793052187500003 0.3665941890625 0.309305403125 0.3651944828125 0.28736911875 0.3440484046875 0.2506502140625 0.381994025 0.225931096875 0.4076015703125 0.25885872656250003 0.4395580078125 0.319108521875 0.3768678703125 0.30793052187500003 0.3665941890625
2 0.5132130921875 0.6142044515625 0.5573217484375 0.6567143468750001 0.6182102406250001 0.593632290625 0.6133529390625 0.5890742703125 0.61267645 0.5897705 0.5732644578125 0.5519917999999999 0.5132130921875 0.6142044515625
1 0.700956046875 0.6111895578125 0.7214663203125 0.6312179046875 0.7230113390625 0.629618140625 0.7325590015625 0.6391410625 0.7577052890625 0.613153484375 0.7352505671875 0.5915193421875 0.7247943671875 0.60238274375 0.7168425328125 0.59474209375 0.700956046875 0.6111895578125
7 0.7008076609375 0.6083328921875 0.700483765625 0.6080552421875 0.7150661375 0.5929120734375 0.711722865625 0.5897554390625 0.7219043968750001 0.5791720328125 0.6781409 0.536891178125 0.6238524546875001 0.592866034375 0.67088099375 0.6387561921875 0.6842114968749999 0.6250439390625 0.6892751078125 0.6298176234375 0.7037378515625 0.61488500625 0.6989928609375 0.6102119265625 0.7008076609375 0.6083328921875
13 0.24836776249999998 0.22421789531249997 0.23176890781249998 0.2079572484375 0.2242116046875 0.21578733125 0.21329704375 0.20519835468749997 0.1970702796875 0.22201896250000003 0.21570863281250002 0.2399672140625 0.21617109218750002 0.23952200625 0.22477651875000002 0.24778402968750002 0.224290709375 0.24825367968749998 0.224735203125 0.2487921703125 0.24836776249999998 0.22421789531249997
1 0.128478590625 0.31318535000000003 0.16221290156249998 0.3459837203125 0.1784997890625 0.329326028125 0.1702249671875 0.32142058125 0.169077878125 0.322608184375 0.143263146875 0.2978763328125 0.128478590625 0.31318535000000003
13 0.3198886046875 0.3323123703125 0.33041738125000003 0.3421288703125 0.3298927484375 0.342656725 0.34607054375 0.35831796250000003 0.3714310453125 0.3321142984375 0.34482879375 0.3063328765625 0.3198886046875 0.3323123703125
10 0.323605884375 0.29651877187500003 0.315303721875 0.28857042499999996 0.29547445156249996 0.30935537812499997 0.3037197609375 0.3172302359375 0.323605884375 0.29651877187500003
7 0.294868828125 0.3087139046875 0.33710881718749997 0.26462429374999996 0.3338805984375 0.2615529984375 0.3444214109375 0.2505696546875 0.30033901093750004 0.2081088125 0.2474230625 0.26310240625 0.294868828125 0.3087139046875
10 0.7529145374999999 0.6639971328125001 0.7500008874999999 0.6611843890625 0.7328928125 0.6787650671875001 0.7358184109375 0.681591025 0.7529145374999999 0.6639971328125001
10 0.38680688281250003 0.3197686015625 0.381843415625 0.31524580625 0.3734424578125 0.32387433125 0.378314715625 0.32859047656249996 0.38680688281250003 0.3197686015625
10 0.6084871421875 0.5352189625 0.5987434328125001 0.5257281093749999 0.5926212703125 0.5320056906249999 0.6025333109375001 0.5413247250000001 0.6084871421875 0.5352189625
12 0.693208384375 0.66054558125 0.7211023296875 0.631599559375 0.70446675 0.6155022046874999 0.6892672531249999 0.6312568749999999 0.6952438453124999 0.6371514390625 0.695789440625 0.639618028125 0.684133746875 0.651696284375 0.693208384375 0.66054558125
13 0.749122059375 0.6602837234375001 0.72279273125 0.6346821125 0.69728353125 0.6609912437500001 0.723864228125 0.6866879499999999 0.749122059375 0.6602837234375001
10 0.3383276359375 0.4821151140625 0.32704500625 0.4712200734375 0.310004915625 0.48886509843750003 0.321203265625 0.499680228125 0.3383276359375 0.4821151140625
8 0.68320740625 0.6904856625 0.6846735875000001 0.688883103125 0.7081960625 0.711597190625 0.726834578125 0.6923824453125 0.72713295 0.6926698734375 0.7352116265624999 0.684303428125 0.7316814078125 0.6808932921874999 0.7231630921875001 0.6897914734375 0.6238524546875001 0.592866034375 0.542705578125 0.676800175 0.597345984375 0.7296855796874999 0.6597798421875 0.665541678125 0.6622922828125 0.6679663578125 0.6611882703124999 0.6691076109375 0.68320740625 0.6904856625
12 0.7829375296875 0.637625553125 0.7398342 0.6821753625 0.7576320640625 0.6995993890625 0.757088340625 0.70016354375 0.7999484890625 0.740953953125 0.8241025515624999 0.7161305125 0.8152365140625 0.70769085 0.83531760625 0.6870074171875 0.799922025 0.65297685 0.799399840625 0.6535178296875 0.7829375296875 0.637625553125
4 0.793651796875 0.7477354453125 0.7846365578125 0.739044175 0.7488361359375 0.7760189140625 0.7578656953125 0.7848539171875 0.793651796875 0.7477354453125
1 0.270690646875 0.17660366875 0.2708567734375 0.176858259375 0.2770295375 0.170608640625 0.28290175 0.1763753234375 0.2832898140625 0.175974115625 0.30156527187500004 0.19372193124999998 0.3011787453125 0.19412341093750002 0.3052540171875 0.19805962500000002 0.3268539578125 0.175690896875 0.2828301109375 0.133176915625 0.22224515312499998 0.19591425625 0.23798389375 0.2111141171875 0.24078258125000002 0.20800125 0.24061672500000003 0.207745121875 0.270690646875 0.17660366875
2 0.6002594296875 0.732328521875 0.6330958109375 0.7642085796875 0.6933097984375001 0.7017755046875 0.68242938125 0.6913258234375 0.68279436875 0.69094751875 0.6606392125 0.669720009375 0.6002594296875 0.732328521875
6 0.7077778296874999 0.71376214375 0.6989110937499999 0.7230526578124999 0.7128642078125 0.7364208703124999 0.721691784375 0.7273614421875 0.7077778296874999 0.71376214375
10 0.23052130937499998 0.2069074703125 0.22081363125000003 0.19746422187499998 0.21487020937499998 0.20358292812499998 0.22464560156250002 0.213092059375 0.23052130937499998 0.2069074703125
1 0.42010889687499997 0.2888377765625 0.39898246406250004 0.26855164375 0.3585468234375 0.310452575 0.3717078640625 0.3232289421875 0.38302398593750003 0.3113938515625 0.38429684375 0.3124893375 0.38268205 0.31416088750000004 0.387943303125 0.31930736875 0.40664208437499993 0.2999668015625 0.40804723125000003 0.3014188 0.42010889687499997 0.2888377765625
10 0.3751184875 0.335550571875 0.3722709859375 0.3326146296875 0.355127471875 0.35049527343750003 0.35796498906249996 0.353235890625 0.3751184875 0.335550571875
10 0.34549450937500004 0.2516822734375 0.33660775468750004 0.26086136875 0.3475243 0.27140309687499997 0.3564475125 0.26208922343749996 0.34549450937500004 0.2516822734375
10 0.1438380765625 0.2958484859375 0.13443971875 0.2866755578125 0.1182969578125 0.3035506421875 0.1276369140625 0.31256889062500004 0.1438380765625 0.2958484859375
12 0.4370624765625 0.379858290625 0.45723376406250005 0.3588432953125 0.422055665625 0.3246590984375 0.42159746093750006 0.3251161640625 0.405258075 0.3092646 0.3620347546875 0.354036003125 0.42212933281250004 0.4123145109375 0.445553665625 0.3880573328125 0.4370624765625 0.379858290625
10 0.6952438453124999 0.6371514390625 0.684126778125 0.626352228125 0.6715224578125001 0.639383359375 0.6835811703125 0.651095896875 0.6955030875 0.638542590625 0.6952438453124999 0.6371514390625
1 0.3547558125 0.31077098593749997 0.3796570125 0.2849496234375 0.35733370781249996 0.26324504375 0.346867728125 0.274082921875 0.33904469375 0.2664316640625 0.32314768437499997 0.282713853125 0.3220700703125 0.281671834375 0.3159071015625 0.28805486875 0.32463473593750003 0.2964336359375 0.31497087343749997 0.3065466640625 0.3280090625 0.3191379484375 0.3449285875 0.3014748390625 0.3547558125 0.31077098593749997
2 0.6337514093750001 0.7649445421875 0.6747756625 0.8043053703125 0.7347591437500001 0.7420997875 0.7220984484375 0.7298781062499999 0.712726259375 0.7396237 0.71209185625 0.7390104703125 0.7225544015625001 0.728210065625 0.721691784375 0.7273614421875 0.7123638390625 0.7369910828124999 0.6983241015625 0.72360125 0.697202171875 0.7247631421875 0.696554284375 0.7241634015625 0.7065638890625 0.7139161859375001 0.7062044125 0.713570384375 0.70581245625 0.7139756671875 0.6947786875 0.7033609109375 0.6958443265625001 0.702257315625 0.6950603703125 0.7014574687499999 0.6337514093750001 0.7649445421875
10 0.719157290625 0.7979642609375001 0.702132915625 0.7815793984375 0.6832964718750001 0.80097185 0.70030593125 0.8174952890625 0.719157290625 0.7979642609375001
10 0.723414265625 0.57994915 0.7143322140625 0.5893540109375001 0.7251347046875 0.5998407234375 0.734167609375 0.5904446484375 0.723414265625 0.57994915
1 0.5063150828125 0.641510528125 0.5402031796875 0.674345534375 0.55643331875 0.657712740625 0.54812825625 0.6497448453125 0.546994109375 0.6509220359375 0.521216484375 0.6261507171875 0.5063150828125 0.641510528125
8 0.25000488593750003 0.233388375 0.24586578124999997 0.22930128437500003 0.226222090625 0.2496366328125 0.24370302968750002 0.2667794796875 0.16494265624999999 0.34835469531249996 0.2235644328125 0.40489003281249997 0.28553184374999996 0.34052109062499997 0.3213457 0.37465396875 0.3227632015625 0.3731745140625 0.3354773796875 0.3853088421875 0.3605809484375 0.359356571875 0.353736575 0.35258867656250004 0.3455815078125 0.36096545 0.30283998125 0.3205370765625 0.304005175 0.3193637734375 0.29464953125000004 0.3101285671875 0.2954128109375 0.30935402968750003 0.2474230625 0.26310240625 0.2621837 0.247632096875 0.24870231406249999 0.23471991406249998 0.25000488593750003 0.233388375
13 0.6026140625 0.5771740046875 0.6263488953125 0.5525416046875 0.6095870421875 0.53640453125 0.602071278125 0.54418799375 0.5910444874999999 0.533650625 0.574809759375 0.550471415625 0.6026140625 0.5771740046875
6 0.7518658984375 0.7007356796875001 0.7363164624999999 0.6858389218750001 0.709588053125 0.7134657328125 0.7228433078125 0.7261666890625 0.721691784375 0.7273614421875 0.723709321875 0.729308553125 0.7264655046875 0.726454740625 0.7280175484375 0.727856484375 0.7466143328125 0.7085994734375001 0.7453757015625 0.7076068078125 0.7518658984375 0.7007356796875001
6 0.3562303953125 0.4052292640625 0.3746940578125 0.3861423484375 0.373501834375 0.38496747187499997 0.37997865937499997 0.3782621671875 0.3621282359375 0.3610462375 0.336943565625 0.3869905546875 0.3562303953125 0.4052292640625
3 0.61433214375 0.588010965625 0.619134603125 0.592637059375 0.64408865625 0.5667679 0.6392032000000001 0.5621715953125 0.6385980250000001 0.5627963109375 0.628687021875 0.5531204734374999 0.6030458921874999 0.5790620484375 0.6133529390625 0.5890742703125 0.61433214375 0.588010965625
8 0.30334965 0.318510415625 0.31454086875 0.329455975 0.3153242234375 0.32854059687500003 0.3171415109375 0.3302286859375 0.3270601453125 0.31995749687499997 0.314137809375 0.3073390421875 0.30334965 0.318510415625
10 0.30301068125 0.4478635953125 0.2860354828125 0.46546452968749996 0.3082010828125 0.4869477375 0.3251790875 0.4693488828125 0.30301068125 0.4478635953125
10 0.5216524859375 0.624199915625 0.5123436484375 0.6150411859375 0.4962185359375 0.6318971703125 0.5056085453125 0.640919484375 0.5216524859375 0.624199915625
6 0.3516077640625 0.407609590625 0.3220946671875 0.3789905328125 0.2808435125 0.42162029843750004 0.28279931875000003 0.423548590625 0.283746403125 0.42256847343750004 0.3091119625 0.44698630625 0.3077780859375 0.448396415625 0.309599190625 0.45019782656249996 0.3428134671875 0.415805428125 0.3432689 0.4162458921875 0.3516077640625 0.407609590625