0 0.393721875 0 0.039696875 0.157621875 0.4147484375 1 0.606278125 1 0.960303125 0.842378125 0.5852515625 0 0.393721875 0
1 0.38255625000000004 0.337646875 0.382378125 0.33715 0.37779375000000004 0.3389984375 0.371878125 0.32561874999999996 0.3715921875 0.3257453125 0.35320625 0.2843546875 0.35349375 0.284228125 0.3493953125 0.27502499999999996 0.3334171875 0.2821390625 0.3776703125 0.381534375 0.42248906249999996 0.3615796875 0.40666718749999997 0.32604375 0.40462499999999996 0.3272453125 0.4048046875 0.327740625 0.38255625000000004 0.337646875
2 0.37968125 0.331225 0.404346875 0.3209921875 0.3934609375 0.2963140625 0.3966546875 0.2949390625 0.381540625 0.2605953125 0.3517859375 0.274125 0.3558109375 0.283190625 0.3560859375 0.28306718750000004 0.3745390625 0.32466093749999997 0.3742625 0.324721875 0.37785625 0.33275625 0.3799703125 0.331871875 0.37968125 0.331225
10 0.47800312500000003 0.3115296875 0.4874625 0.3328734375 0.499384375 0.327353125 0.48999531249999995 0.3062640625 0.47800312500000003 0.3115296875
1 0.6879015625 0.93685625 0.6748109375 0.9074953125 0.6622109375 0.913190625 0.6524671875 0.8912578124999999 0.634046875 0.899571875 0.65641875 0.9500703125 0.664209375 0.9466015625 0.6721734374999999 0.9643984375000001 0.6838375 0.9592281249999999 0.6850484375 0.9619875 0.6895374999999999 0.9599890625 0.6807375 0.9401796875 0.6879015625 0.93685625
8 0.380596875 0.254409375 0.39413437500000004 0.284709375 0.3931671875 0.2851171875 0.3973421875 0.294578125 0.4118734375 0.28811718750000004 0.3942671875 0.248309375 0.452528125 0.22235156250000002 0.3936109375 0.0900953125 0.347796875 0.1107640625 0.3140796875 0.035459375 0.30041875 0.041540625 0.335265625 0.119125 0.3344 0.1194671875 0.34383125 0.14085 0.34326406249999997 0.141078125 0.39149218750000003 0.2493109375 0.380596875 0.254409375
8 0.69660625 0.9330375 0.6852421875 0.9076875 0.6860593749999999 0.9073234375 0.684303125 0.903290625 0.6754359375 0.9072812499999999 0.6885734375 0.9367531250000001 0.69660625 0.9330375
7 0.3438265625 0.14245625 0.31262500000000004 0.1568171875 0.315865625 0.1640484375 0.30807656250000004 0.16760625 0.352375 0.26699375000000003 0.39149218750000003 0.2493109375 0.3438265625 0.14245625
10 0.41377031249999996 0.3390140625 0.4235390625 0.361021875 0.427940625 0.359109375 0.418103125 0.3369515625 0.41377031249999996 0.3390140625
10 0.7041890625 0.953125 0.7037296875 0.9520171875000001 0.7041328124999999 0.9518390625 0.69654375 0.934871875 0.68191875 0.9411640625000001 0.690109375 0.9598281249999999 0.7041890625 0.953125
10 0.66031875 0.73788125 0.6742 0.7318046875 0.6571703125 0.6932671874999999 0.6432203125 0.6994906249999999 0.66031875 0.73788125
10 0.5475296875 0.7062593749999999 0.5543015625 0.7214671874999999 0.5671609375 0.715740625 0.56031875 0.7003734374999999 0.5475296875 0.7062593749999999
1 0.2877421875 0.075934375 0.2770796875 0.0519328125 0.247115625 0.0652734375 0.2578359375 0.089290625 0.2877421875 0.075934375
2 0.3603640625 0.014851562500000002 0.3157265625 0.0347265625 0.324690625 0.05444687499999999 0.323671875 0.05486875 0.34571874999999996 0.1043484375 0.3728890625 0.0923515625 0.391175 0.0841984375 0.3603640625 0.014851562500000002
6 0.644696875 0.7810890625 0.6309484375000001 0.7872015625000001 0.6320796875 0.7898578125 0.627328125 0.7919734375 0.6465468750000001 0.83501875 0.6654359375000001 0.827215625 0.644696875 0.7810890625
4 0.5848765625000001 0.6898953125 0.5935703125 0.70946875 0.6201 0.697915625 0.61126875 0.6779390624999999 0.5848765625000001 0.6898953125
12 0.5708671875 0.7190453125 0.5562359375 0.725646875 0.5789515625 0.7770859375 0.5793984375 0.7768875000000001 0.6084015625 0.8422000000000001 0.6403734375 0.8279484374999999 0.5799328125 0.6919546875 0.5622953125000001 0.6997515625 0.5708671875 0.7190453125
13 0.6802203125 0.8985734375 0.669684375 0.8752546875 0.6700765625 0.8751046875 0.6538078125 0.8385296875 0.6350390625 0.8468046875 0.6617921875 0.9069843750000001 0.6802203125 0.8985734375
1 0.29102656250000003 0.0793515625 0.272609375 0.0875984375 0.29506875 0.1381875 0.3028109375 0.1347390625 0.3106890625 0.15253125 0.3224703125 0.147525 0.3235546875 0.1499609375 0.328115625 0.1479296875 0.31934687500000003 0.1282875 0.3264828125 0.12497031249999999 0.313375 0.09553125 0.300878125 0.1012875 0.29102656250000003 0.0793515625
6 0.6703015625 0.7719515625 0.6712734375 0.771490625 0.693471875 0.8212921874999999 0.6924421875 0.821784375 0.6943937499999999 0.8260781250000001 0.716928125 0.81609375 0.714978125 0.811659375 0.7139390624999999 0.8121765625 0.6917578125 0.7622687499999999 0.6927156250000001 0.761775 0.6810296874999999 0.73539375 0.6583812499999999 0.74538125 0.6703015625 0.7719515625
1 0.489175 0.30461875 0.455234375 0.22816874999999998 0.44316093749999996 0.23326562499999998 0.45146718750000003 0.2518375 0.45231562500000005 0.251459375 0.4782390625 0.3094890625 0.489175 0.30461875
10 0.30698593750000003 0.165084375 0.31356562499999996 0.162190625 0.3025921875 0.13754375000000002 0.2959984375 0.1405765625 0.30698593750000003 0.165084375
8 0.65444375 0.83681875 0.6968015624999999 0.930875 0.6958078125 0.9312625000000001 0.705209375 0.9526031250000001 0.704753125 0.9529203125000001 0.7059562500000001 0.9556203125 0.767046875 0.9284218750000001 0.75896875 0.91021875 0.712815625 0.9308406250000001 0.6733734375 0.8424843750000001 0.672278125 0.8428453125 0.667003125 0.8310906250000001 0.65444375 0.83681875
13 0.280459375 0.050428125000000004 0.30032187499999996 0.095109375 0.31875 0.0866953125 0.3082140625 0.0633796875 0.30860468750000003 0.063228125 0.2992015625 0.0420828125 0.280459375 0.050428125000000004
2 0.41323125000000005 0.2875 0.41495 0.29136093750000003 0.4152765625 0.2911703125 0.42400625 0.3106578125 0.42365624999999996 0.310953125 0.44218906249999995 0.3527265625 0.48672812499999996 0.332884375 0.44261875 0.2335671875 0.398528125 0.25327500000000003 0.410621875 0.2806171875 0.4097046875 0.281115625 0.41264375 0.2877609375 0.41323125000000005 0.2875
10 0.3202390625 0.129215625 0.328575 0.14787343749999998 0.343209375 0.141015625 0.3349328125 0.1225125 0.3202390625 0.129215625
5 0.6248812499999999 0.7865796875 0.646196875 0.7772046875 0.6720390625 0.835515625 0.691609375 0.8264625000000001 0.653496875 0.7408421875 0.6577859375 0.7389328125 0.657184375 0.7375812500000001 0.6567999999999999 0.7377125 0.643015625 0.706940625 0.6297984375000001 0.7130328125000001 0.629403125 0.712146875 0.6268734375 0.7132734375 0.622475 0.703378125 0.593565625 0.7161906250000001 0.5823437499999999 0.69093125 0.5799328125 0.6919546875 0.6102734375 0.7601093750000001 0.612740625 0.7590656250000001 0.6248812499999999 0.7865796875
2 0.756240625 0.9044234375 0.71936875 0.8215453125 0.6749953125 0.8417625 0.6861625 0.8663234375 0.6851406250000001 0.8667421875000001 0.7109890625 0.9247515625 0.756240625 0.9044234375
13 0.3958203125 0.29862500000000003 0.4125375 0.3363984375 0.4181265625 0.3339015625 0.4291046875 0.3586109375 0.44110625 0.35324374999999997 0.422378125 0.311228125 0.4220296875 0.311334375 0.41338749999999996 0.291971875 0.4137515625 0.291853125 0.41329062499999997 0.290709375 0.3958203125 0.29862500000000003
8 0.3350875 0.12123124999999998 0.3238203125 0.0957859375 0.3232546875 0.096178125 0.3214359375 0.0921609375 0.3140984375 0.095428125 0.3271078125 0.12478437499999999 0.3350875 0.12123124999999998
10 0.6574703125 0.9524531250000001 0.6667203125000001 0.9730890625 0.6732953125 0.9701625 0.6640609375000001 0.9494203125 0.6574703125 0.9524531250000001