0 0 0 0 1 1 1 1 0 0 0
7 0.4170890625 0.3018890625 0.35145468750000003 0.3018890625 0.35145468750000003 0.49280156249999996 0.41686875 0.49218124999999996 0.4170890625 0.3018890625
10 0.686878125 0.8310015625 0.7195390625 0.8310015625 0.7195390625 0.7702375 0.6904234375 0.7703984375 0.6906515625 0.78393125 0.6869171875 0.7840390625 0.686878125 0.8310015625
8 0.5177578125 0.49948437500000004 0.6522187500000001 0.500325 0.6521 0.5172718749999999 0.6572843749999999 0.517103125 0.6573218749999999 0.5186203125 0.6815218749999999 0.5186203125 0.6814203125 0.3492765625 0.48019375000000003 0.34925 0.480153125 0.4876828125 0.5177578125 0.4878390625 0.5177578125 0.49948437500000004
13 0.47509375 0.34895312500000003 0.42576875000000003 0.3492328125 0.4260328125 0.48786406250000003 0.47509375 0.4876765625 0.47509375 0.34895312500000003
7 0.6022546875 0.5646328125 0.6023171875 0.6464078125 0.6815640625 0.6458953125 0.681475 0.5647265625 0.6022546875 0.5646328125
6 0.517228125 0.551653125 0.5573953125 0.5524609375 0.5577375 0.5001375 0.517228125 0.5002984374999999 0.517228125 0.551653125
8 0.38827656250000003 0.5003328125000001 0.38310625 0.500515625 0.383028125 0.49246249999999997 0.35145468750000003 0.49280156249999996 0.351440625 0.40254218750000004 0.268553125 0.4027140625 0.26877968750000003 0.5869421874999999 0.38315 0.5865359375 0.3830203125 0.5523140625 0.3885890625 0.5521671875 0.38827656250000003 0.5003328125000001
8 0.6817390624999999 0.831459375 0.6815640625 0.6458953125 0.6023171875 0.6464078125 0.6022546875 0.5646328125 0.5577156249999999 0.564775 0.5577375 0.622021875 0.5631375000000001 0.622021875 0.5631375000000001 0.8317390625 0.6817390624999999 0.831459375
10 0.51188125 0.7813421875000001 0.474725 0.781296875 0.474725 0.8310359375 0.512040625 0.8308562500000001 0.51188125 0.7813421875000001
6 0.416484375 0.5520375 0.4206546875 0.5518078125 0.4204359375 0.5004875 0.38827656250000003 0.5003328125000001 0.38888124999999996 0.58674375 0.41703437499999996 0.5866640624999999 0.416484375 0.5520375
6 0.5174921875 0.6162140625 0.5211078125 0.6162140625 0.5209453125 0.66881875 0.557684375 0.6690968749999999 0.5577156249999999 0.564775 0.5175500000000001 0.5649656249999999 0.5174921875 0.6162140625
13 0.3461234375 0.3025109375 0.2685640625 0.3025109375 0.268975 0.394965625 0.3462609375 0.39470625 0.3461234375 0.3025109375
2 0.5529875 0.34137968750000003 0.6815265625 0.34137968750000003 0.6813453125 0.1644265625 0.5530203124999999 0.1644265625 0.5529875 0.34137968750000003
2 0.38801406250000003 0.2061734375 0.3880578125 0.198475 0.416915625 0.198540625 0.416915625 0.16444375 0.2690203125 0.16444375 0.268975 0.2896359375 0.351565625 0.28950624999999997 0.351609375 0.2946171875 0.416915625 0.29409843750000003 0.41695937499999997 0.20636875 0.38801406250000003 0.2061734375
13 0.5576546875 0.6769125 0.5210515625000001 0.677146875 0.5210578124999999 0.8326390625 0.5576890624999999 0.8327031249999999 0.5576546875 0.6769125
7 0.5630328125 0.552553125 0.6521140625 0.55233125 0.6522187500000001 0.500325 0.5631390625 0.4998 0.5630328125 0.552553125
1 0.469796875 0.7834671875 0.26873281250000003 0.783571875 0.2686234375 0.8320187499999999 0.469984375 0.831490625 0.469796875 0.7834671875
2 0.41694062499999995 0.5947015625 0.26855 0.594259375 0.2689328125 0.7717875000000001 0.416975 0.7715421874999999 0.41694062499999995 0.5947015625
10 0.657265625 0.5522921875 0.6816859375 0.5522921875 0.6814312499999999 0.522078125 0.657521875 0.52198125 0.657265625 0.5522921875
12 0.425615625 0.5007125 0.42621562500000004 0.7770671874999999 0.5119484375 0.7772812499999999 0.5119015625000001 0.500428125 0.425615625 0.5007125
2 0.5471515625000001 0.163803125 0.4258265625 0.16394843750000002 0.4259234375 0.2712484375 0.47356406250000005 0.27133124999999997 0.4736109375 0.2840765625 0.425875 0.28411718750000003 0.4259234375 0.3410375 0.547253125 0.34173593750000003 0.5471515625000001 0.163803125