0 0.3613375 0 0.001403125 0.2162703125 0.4723140625 1 0.6386625 1 0.9985968749999999 0.7837296874999999 0.5276859375 0 0.3613375 0
7 0.28878750000000003 0.10546718749999999 0.2615015625 0.059987500000000006 0.24066875 0.0725046875 0.268103125 0.118221875 0.28878750000000003 0.10546718749999999
8 0.312825 0.0910578125 0.29539375 0.039623437500000004 0.2647625 0.058028125 0.2922046875 0.10371875 0.2997859375 0.098746875 0.3030328125 0.10415 0.30803437499999997 0.1011234375 0.304771875 0.09572968750000001 0.312825 0.0910578125
10 0.221828125 0.1034140625 0.213171875 0.089028125 0.191503125 0.10204687500000001 0.2001859375 0.11648125000000001 0.221828125 0.1034140625
7 0.2159875 0.08733437499999999 0.24340156249999997 0.1329421875 0.2442328125 0.13244375 0.2444171875 0.1327421875 0.265159375 0.12017343750000001 0.23762500000000003 0.074334375 0.2159875 0.08733437499999999
10 0.7794046875 0.8640296875000001 0.8020984375 0.9017968749999999 0.81015625 0.89695625 0.7874375 0.8592046874999999 0.7794046875 0.8640296875000001
13 0.6901531249999999 0.826353125 0.6742874999999999 0.7999468750000001 0.6520484375 0.8130953125 0.667978125 0.8396062499999999 0.6901531249999999 0.826353125
2 0.756865625 0.8775578124999999 0.7795546875 0.9153437500000001 0.80065625 0.9026640625000001 0.7777578125 0.8645859375 0.7761234375 0.8655875 0.775440625 0.864453125 0.7632265625 0.8718765625 0.764059375 0.873296875 0.756865625 0.8775578124999999
2 0.732884375 0.8920703124999999 0.7555015625 0.9297953124999999 0.7765296875 0.9171609374999999 0.7540984374999999 0.8798296875 0.7520234375 0.8809640625 0.7509812499999999 0.8792921874999999 0.7386781250000001 0.8865578125000001 0.739525 0.88795625 0.732884375 0.8920703124999999
8 0.6305375 0.7218984374999999 0.6759015625 0.7974921875 0.6767515625 0.79698125 0.6764671875 0.7965093750000001 0.69679375 0.7845546875 0.651828125 0.7096234375 0.6497859375 0.71085 0.6487578125 0.7091406250000001 0.6313125 0.7196234375 0.6321109375 0.7209531250000001 0.6305375 0.7218984374999999
2 0.686453125 0.693884375 0.685309375 0.6919625 0.6865249999999999 0.6913328125 0.6854046874999999 0.6894812499999999 0.6742953125 0.6961265625 0.6732890625 0.6944421875 0.661078125 0.7018125000000001 0.6620640625 0.7034234374999999 0.6546953125 0.7075171874999999 0.7000171875000001 0.7829203125 0.7007421875000001 0.782484375 0.700590625 0.78225 0.720796875 0.7700578124999999 0.7210625 0.7704984375 0.7212046875 0.7704390625 0.6957671875 0.725971875 0.694790625 0.726459375 0.692965625 0.72349375 0.7024515625000001 0.71789375 0.7013015625000001 0.7159265625 0.7001015625 0.7165250000000001 0.699025 0.7147875 0.700153125 0.7140859374999999 0.6944453125 0.704553125 0.6932609375000001 0.7052140625 0.6921468749999999 0.7034 0.6933328125 0.7026625 0.687659375 0.6931828125 0.686453125 0.693884375
2 0.6119828125 0.7312171875 0.6130515625 0.73293125 0.6062734375 0.7368109375 0.6505703125 0.8105781249999999 0.6719390625 0.7975671875 0.6276890625 0.7240140625 0.6251796875 0.725578125 0.624184375 0.723921875 0.6119828125 0.7312171875
10 0.22545625 0.1094078125 0.203803125 0.1225015625 0.21785468749999998 0.145865625 0.23959531250000002 0.13288125 0.22545625 0.1094078125