10 0.34317490156249997 0.4610897328125 0.322168203125 0.47033647343749996 0.348795571875 0.5302961875000001 0.36977707187500003 0.52084686875 0.34317490156249997 0.4610897328125
13 0.504032803125 0.5903489093750001 0.557372403125 0.5667887296874999 0.5442824749999999 0.53738826875 0.529226103125 0.544091796875 0.5154815968750001 0.5139702328125 0.47738405781250004 0.5306946078125 0.504032803125 0.5903489093750001
2 0.3365311 0.304145328125 0.3301641328125 0.3068860140625 0.332700809375 0.313029103125 0.2920317203125 0.331165225 0.289302903125 0.325235959375 0.2628062109375 0.336930425 0.3204016625 0.46622278125000005 0.39366509843749997 0.43376115156250006 0.3365311 0.304145328125
0 0.39372172031249997 0 0 0.175296203125 0 0.6062782796875 0.175296203125 1 0.6062782796875 1 1 0.824703796875 1 0.39372172031249997 0.824703796875 0 0.39372172031249997 0
5 0.5312927109375 0.5332789078125 0.6029796296875001 0.50173640625 0.5646913812500001 0.41593551250000005 0.5341632171875 0.42873220625 0.5065868390625 0.4407791 0.49294597500000004 0.44731591406250004 0.5312927109375 0.5332789078125
4 0.606509209375 0.5094642125 0.5499807796875 0.5351932921875 0.58069003125 0.6041674031250001 0.637567578125 0.5785770703125 0.606509209375 0.5094642125
7 0.3807267890625 0.5901521625 0.3763960125 0.592080346875 0.40222220625 0.650094609375 0.47842895625 0.615573390625 0.427615359375 0.500057384375 0.35073125312500003 0.5344440374999999 0.362557121875 0.561005371875 0.367077028125 0.558868121875 0.3807267890625 0.5901521625
11 0.3830764296875 0.23209554375 0.37929292187499997 0.23392374062500002 0.392182509375 0.262643734375 0.434326946875 0.2436608953125 0.41696730156250006 0.20477037343750001 0.39156149687499997 0.21601848281249997 0.3924293734375 0.21806764531249997 0.3794385125 0.22391312343749997 0.3830764296875 0.23209554375
1 0.25930549687500004 0.3289486046875 0.2856869203125 0.317360190625 0.287401196875 0.3211260046875 0.328456696875 0.30290507031249997 0.3075538640625 0.25585665625 0.2402560828125 0.28616676406249997 0.25930549687500004 0.3289486046875
13 0.3964195703125 0.4371972484375 0.34317490156249997 0.4610897328125 0.36977707187500003 0.52084686875 0.42305035 0.49703400625 0.3964195703125 0.4371972484375
2 0.49850674218749996 0.5978018375 0.5175151984374999 0.6405454703125 0.522898696875 0.638273440625 0.534972928125 0.6654425515625 0.5300911296875 0.66755449375 0.5574122625 0.7287190015625 0.553799434375 0.7302659625000001 0.556297653125 0.7355812515625 0.5694527328125 0.7300047328125 0.5667167921875 0.7238597125 0.63206953125 0.6947320125 0.6347776328125 0.70076456875 0.6512092609375 0.693481234375 0.6096912390625 0.600380053125 0.5785164796875 0.6142291625 0.5591118390625 0.5706955640625 0.49850674218749996 0.5978018375
12 0.48252680625 0.23193635625 0.42103878124999994 0.259687159375 0.4990249734375 0.43509287499999993 0.561206678125 0.4067219390625 0.48252680625 0.23193635625
2 0.3254508296875 0.24794998750000002 0.313107259375 0.2533208421875 0.3359301375 0.3043821078125 0.3365311 0.304145328125 0.33899643125 0.3096326140625 0.342335865625 0.30802094375 0.3687333609375 0.367506609375 0.373771459375 0.3652002203125 0.3832211 0.3866741625 0.45642181875 0.3548630296875 0.41519207031249994 0.262259496875 0.394224834375 0.2716870703125 0.3909785671875 0.2643958359375 0.38686477343750003 0.2660084875 0.3735136734375 0.236067525 0.37762244843750004 0.2343014640625 0.3740557515625 0.22634046875 0.36910547656250003 0.2285444734375 0.371702871875 0.23437831718750002 0.3280596640625 0.253809525 0.3254508296875 0.24794998750000002
9 0.4500286453125 0.4617546328125 0.485583896875 0.446069796875 0.4838272734375 0.44207825468750006 0.49334600625 0.43774617187500003 0.45831447656249996 0.35920620468750003 0.41329763750000004 0.3792746484375 0.4500286453125 0.4617546328125
8 0.45948681562499993 0.77880906875 0.4811742 0.76896679375 0.478625034375 0.7631337109375 0.5441415171874999 0.7340357296875 0.5468153 0.73999120625 0.55633260625 0.735659759375 0.553780878125 0.7302742234374999 0.5573473124999999 0.7286230609375 0.5300911296875 0.66755449375 0.5265732984375 0.6692917703125 0.5129374531249999 0.638665159375 0.4935752203125 0.594481553125 0.5009859890625 0.5918302953125 0.47258074062500005 0.527885084375 0.475289303125 0.5268655843750001 0.4489573125 0.4678382109375 0.410523771875 0.3815957375 0.381439190625 0.3947075109375 0.47842895625 0.615573390625 0.40222220625 0.650094609375 0.45948681562499993 0.77880906875
6 0.5116073859375 0.504473409375 0.5132016828125 0.503813184375 0.4958142546875 0.46513685625 0.4943190765625 0.46573926875 0.487448278125 0.4503571453125 0.4489573125 0.4678382109375 0.475289303125 0.5268655843750001 0.5139264203125 0.509682046875 0.5116073859375 0.504473409375