0 0.4650365953125 0 0 0.06535663124999999 0 0.5349634046875 0.06535663124999999 1 0.5349634046875 1 1 0.93464336875 1 0.4650365953125 0.93464336875 0 0.4650365953125 0
12 0.3343473765625 0.5677559734375001 0.3235570375 0.4933476234375 0.30075921875 0.49674256874999995 0.3115232453125 0.5709636953125 0.3343473765625 0.5677559734375001
9 0.347101721875 0.6617187890625 0.3406731890625 0.6188178328125 0.31838636875000004 0.6220652249999999 0.3244694890625 0.6647875140624999 0.347101721875 0.6617187890625
2 0.391059528125 0.448037134375 0.376816490625 0.344638109375 0.3082836671875 0.3544038875 0.3194671046875 0.4353366484375 0.34557150000000003 0.431667915625 0.348671596875 0.454399878125 0.391059528125 0.448037134375
7 0.3460841796875 0.45861190625 0.343036940625 0.43692967656250004 0.3201391328125 0.4399836578125 0.3513953953125 0.6607556015625 0.41988562187499995 0.6509674078125001 0.39126980312500004 0.45226148125 0.3460841796875 0.45861190625
12 0.4865683109375 0.5653679859375 0.5090935734375 0.56191983125 0.4971110625 0.47808566875 0.47626133125000003 0.4929618515625 0.4865683109375 0.5653679859375
6 0.5429256062500001 0.5633881109375001 0.5072590703125 0.5685364125000001 0.5118544078125 0.5998642453125 0.5173952671875 0.599085528125 0.519824775 0.6170235390625 0.5495139234375 0.6129945875 0.5429256062500001 0.5633881109375001
6 0.3404414453125 0.6149010296874999 0.3342331453125 0.5724219671874999 0.3118669796875 0.5756773546875 0.3179683640625 0.6179458109375 0.3404414453125 0.6149010296874999
13 0.300283821875 0.49288841093749997 0.322815640625 0.48995844843749997 0.3081875265625 0.38389805312499997 0.285580015625 0.38707533125000004 0.300283821875 0.49288841093749997
2 0.48809379374999995 0.483767803125 0.5016264578125 0.4738724953125 0.5084763171875 0.5237120265625 0.5198210750000001 0.5221176234375 0.5203962515625 0.526210215625 0.504886646875 0.5282810765625 0.509539378125 0.5613869765625 0.5918815140625 0.549611 0.5849803687499999 0.5007537921874999 0.57890038125 0.5015136078125 0.5538581546875 0.31991589062500003 0.480723896875 0.330329934375 0.49540943593750003 0.4333859125 0.4810225640625 0.435272159375 0.48809379374999995 0.483767803125
13 0.47670023125 0.33091278125 0.4536296109375 0.3342640171875 0.466773171875 0.42527045625 0.48943594062500007 0.421891334375 0.47670023125 0.33091278125
10 0.307217421875 0.37992565625 0.3036778578125 0.3547403546875 0.2810876109375 0.3581976421875 0.2845248109375 0.3831148953125 0.307217421875 0.37992565625
10 0.48714230000000003 0.57066465 0.49453024218749997 0.6214699421875001 0.5196827171875 0.6175957546874999 0.5171853375000001 0.5994779390625 0.5117063703125 0.6002479562499999 0.5068269562500001 0.5678082140625 0.48714230000000003 0.57066465
9 0.599376728125 0.6261597109375 0.5896313578125 0.5561329453125 0.547281925 0.5620847703125 0.5573830390625 0.6319258421875 0.599376728125 0.6261597109375
7 0.65473640625 0.49131628281250006 0.5857271765625 0.500689859375 0.6032036203125 0.625041225 0.6724609375 0.6157937234374999 0.65473640625 0.49131628281250006
10 0.47815380625000004 0.436292278125 0.4683630484375 0.43782922031249993 0.47519440625 0.4842363609375 0.48492236875000005 0.48281395937499993 0.47815380625000004 0.436292278125