0 0.23971688906250002 0 0.08541839375 0.2203604609375 0 0.35189325312499997 0 0.7602831109375 0.2203604609375 0.91458160625 0.35189325312499997 1 0.7602831109375 1 0.91458160625 0.7796395390625 1 0.648106746875 1 0.23971688906250002 0.7796395390625 0.08541839375 0.648106746875 0 0.23971688906250002 0
1 0.3595097578125 0.5456925906250001 0.271623609375 0.484154746875 0.2722281734375 0.48328978593749994 0.2612439765625 0.47559764375 0.230130028125 0.5200404562500001 0.3399649296875 0.5969870875 0.3710998296875 0.55252061875 0.360114321875 0.544827628125 0.3595097578125 0.5456925906250001
10 0.56075693125 0.47112987031250003 0.5666220484375 0.4752349484375 0.5914688546875 0.43997793281249997 0.5856364984375 0.435894128125 0.56075693125 0.47112987031250003
10 0.345542734375 0.2798077390625 0.3555449859375 0.265524484375 0.33383925312499996 0.24996238124999998 0.32378076875 0.26432649218750004 0.345542734375 0.2798077390625
1 0.6122482046875 0.40985965 0.65693191875 0.3462626375 0.6148364953125001 0.3167438984375 0.552936478125 0.40492954843750006 0.5793990421874999 0.4232565984375 0.5973994015625 0.397520865625 0.5997399625 0.3992327390625 0.5988077484375001 0.40056494374999996 0.6122482046875 0.40985965
1 0.36153614218749996 0.25864851875 0.39074206093749997 0.27934957968749996 0.4218166734375 0.235455046875 0.3334643546875 0.173642415625 0.28764482343750003 0.239154828125 0.31905708593750004 0.2612551703125 0.3338126671875 0.2402348078125 0.361130525 0.2592272140625 0.36153614218749996 0.25864851875
13 0.49403011250000006 0.4500624875 0.5472595796874999 0.48737254375 0.5838623109375 0.43457241875 0.5310973031249999 0.3973590484375 0.49403011250000006 0.4500624875
0 0.23971688906250002 0 0.08541839375 0.2203604609375 0 0.35189325312499997 0 0.7602831109375 0.2203604609375 0.91458160625 0.35189325312499997 1 0.7602831109375 1 0.91458160625 0.7796395390625 1 0.648106746875 1 0.23971688906250002 0.7796395390625 0.08541839375 0.648106746875 0 0.23971688906250002 0
1 0.54930990625 0.4026303171875 0.585808075 0.3502522734375 0.540922 0.318822521875 0.525748409375 0.3408681203125 0.49960813281250005 0.322564059375 0.5148997296875 0.30060068281249996 0.4267788515625 0.23914887812500002 0.39572787656249997 0.2834947203125 0.4103356515625 0.293849309375 0.4108630984375 0.29309449062500004 0.45492504375 0.3238195078125 0.45433664843750005 0.324659571875 0.539736465625 0.384580909375 0.534346134375 0.3921525984375 0.54930990625 0.4026303171875
13 0.307473346875 0.25783135156250003 0.2965640203125 0.27341096875000004 0.274517334375 0.258147246875 0.2509494796875 0.29182215 0.306576175 0.330547390625 0.34102326875 0.2812416578125 0.307473346875 0.25783135156250003
8 0.4301617828125 0.468274871875 0.52690318125 0.534939253125 0.553984990625 0.49644432343749995 0.5545798703125 0.4968623140625 0.5663080921875 0.4801135125 0.5592388015624999 0.4751630890625 0.5471569671875 0.49216665 0.48710038750000006 0.4499348921875 0.488332784375 0.4480859375 0.349176403125 0.3500911921875 0.2658370234375 0.46886636875 0.2768369703125 0.47678671718750004 0.277680628125 0.47562243593750003 0.365278409375 0.537110878125 0.36449826875 0.538223253125 0.3757250046875 0.5458661 0.4301617828125 0.468274871875
4 0.61519250625 0.635636046875 0.6333049046875 0.648491996875 0.6852407578124999 0.57418955625 0.667194553125 0.5615759421875001 0.61519250625 0.635636046875
6 0.5927919328125 0.519169828125 0.5903690390625 0.5177826890625 0.5997523234375 0.50406813125 0.5686503625 0.4824711171875 0.5298327046875 0.5378011859375 0.5611279062500001 0.5595739953125001 0.5634640281250001 0.5561316046875 0.5657987734375001 0.557720465625 0.5927919328125 0.519169828125
2 0.38107592968750004 0.5495236125 0.3955319515625 0.5597647484375 0.3963172140625 0.55868178125 0.44030074687500004 0.5895533625 0.4394969296875 0.59075096875 0.44851367187499996 0.5967276078125 0.5003667187499999 0.523502275 0.47658327500000003 0.5068219125 0.4783159859375 0.50434025 0.4338183640625 0.4734254546875 0.38107592968750004 0.5495236125
2 0.21710362968750002 0.4337215546875 0.2537802421875 0.45952379218750006 0.25320498125 0.460446909375 0.260555690625 0.46558940312499997 0.3852134484375 0.2873866625 0.3550747703125 0.26638912812500004 0.30670949687500004 0.3353195875 0.28489016875 0.3200414234375 0.282930021875 0.3228187984375 0.2833779828125 0.323092940625 0.211067384375 0.4267070171875 0.21064109062499997 0.42639664218749995 0.208726778125 0.42912925937499996 0.21645955 0.43454408750000006 0.21710362968750002 0.4337215546875
1 0.39047200000000004 0.5671317984375001 0.390910415625 0.56650546875 0.37621109218750004 0.5562143890625 0.3450915109375 0.6006572703125 0.4949107640625 0.7056454999999999 0.526109165625 0.66108985625 0.49485885625000003 0.639374146875 0.494379525 0.64005774375 0.45797114375000003 0.6143961625000001 0.4584496234375 0.613713875 0.43484890312499996 0.5972714109374999 0.4343295078125 0.5980109640625 0.39047200000000004 0.5671317984375001
2 0.5598339718750001 0.5613513140624999 0.525099384375 0.5373840671875 0.5232703140625 0.53985345625 0.501185684375 0.5243899640625 0.45002154375 0.598103665625 0.4629761046875 0.607105184375 0.4635419140625 0.6062970296875 0.4998231578125 0.6321256984375 0.4993923890625 0.6330271390625 0.5306701406250001 0.6545743625 0.5824026265625 0.5804789328125 0.5579738 0.5640091703125 0.5598339718750001 0.5613513140624999
10 0.2768054390625 0.254856253125 0.2965788609375 0.2683102125 0.305239734375 0.2560752828125 0.285707809375 0.2422695359375 0.2768054390625 0.254856253125
10 0.5816095515625 0.4252175046875 0.5951586062499999 0.434497034375 0.6123429625 0.409954721875 0.598910603125 0.4007565640625 0.5816095515625 0.4252175046875
5 0.629138209375 0.5245264921875 0.604600265625 0.5074530312500001 0.5950979828125 0.5212188624999999 0.5959160625 0.5217091421875 0.568921909375 0.560393275 0.56818150625 0.5598751890625 0.567611275 0.5606040875 0.591846896875 0.5776209484375 0.5405544078125 0.6511134328125 0.5417419375 0.6519442421874999 0.542409528125 0.6509506703125 0.557134009375 0.6610997265624999 0.5563759125 0.662135128125 0.568906778125 0.67093415625 0.595935365625 0.6325183109375 0.5967513828125 0.6330892265625 0.60162704375 0.6259657953125 0.6103065828124999 0.6321202859375 0.6670688171875 0.550956778125 0.6897975734374999 0.5669689859375 0.6943088609375 0.5606820546875 0.633294228125 0.5186087546875 0.629138209375 0.5245264921875
10 0.5255804828125 0.33620945625 0.5386825703125 0.31741107031250004 0.5171190359375 0.3021406609375 0.5039379625 0.320966003125 0.5255804828125 0.33620945625
10 0.508244703125 0.6969930375 0.5423297796875 0.7210079796875 0.5696946374999999 0.681905059375 0.53561903125 0.658136603125 0.508244703125 0.6969930375
12 0.609446459375 0.5005098109375 0.608658659375 0.50163398125 0.6943088609375 0.5606820546875 0.7294241015625 0.510932715625 0.7117102953125001 0.4987138171875 0.7408932765625 0.457275990625 0.6700668640624999 0.40791421874999995 0.669309309375 0.4089946859375 0.6363524640625 0.3859248140625 0.5737515328125 0.4751438765625 0.609446459375 0.5005098109375
1 0.21208399375 0.44116136250000004 0.19932135 0.4322975171875 0.20590613750000003 0.4230012796875 0.205328753125 0.4225965125 0.2777306 0.3191460265625 0.27827563125 0.31956331875 0.2802546875 0.3167367421875 0.2488695296875 0.2947639234375 0.136867340625 0.4548415109375 0.224927759375 0.5164552640625 0.2561172015625 0.4720912859375 0.2486141765625 0.46689645312500005 0.24813342968750002 0.46764247656249996 0.2114952953125 0.44190435 0.21208399375 0.44116136250000004
7 0.46646543593749995 0.43263499687499996 0.46785435781249995 0.43072001562500006 0.4895110734375 0.445918659375 0.530406409375 0.38785400625 0.44969959687500005 0.331263528125 0.44921260625 0.33195891875 0.4050189609375 0.301453915625 0.40567358125 0.3004631015625 0.39090117812499997 0.2902214421875 0.349176403125 0.3500911921875 0.46646543593749995 0.43263499687499996