0 0.370690625 0 0 0.205478125 0 0.629309375 0.205478125 1 0.629309375 1 1 0.794521875 1 0.370690625 0.794521875 0 0.370690625 0
10 0.5169312500000001 0.4651859375 0.572615625 0.43432343749999996 0.5299343750000001 0.3572 0.474225 0.38815 0.5169312500000001 0.4651859375
12 0.47443749999999996 0.563853125 0.4418046875 0.5049515625 0.4261234375 0.5136109375 0.44668906249999996 0.5502906249999999 0.42068281250000006 0.564740625 0.43274999999999997 0.5867718749999999 0.47443749999999996 0.563853125
10 0.3977875 0.41254843750000003 0.42682343749999996 0.3963890625 0.398621875 0.3453453125 0.3693421875 0.3615203125 0.3977875 0.41254843750000003
1 0.2334140625 0.44600937500000004 0.18383906249999998 0.473490625 0.3066109375 0.6951859375 0.2933953125 0.702678125 0.356728125 0.8171421875 0.41992812500000004 0.782275 0.2334140625 0.44600937500000004
10 0.27183125 0.48107812499999997 0.2845578125 0.47406718750000004 0.269265625 0.44635625 0.256340625 0.45342343749999997 0.27183125 0.48107812499999997
10 0.4698171875 0.493621875 0.4490796875 0.5050578125 0.45669843749999994 0.5190890625 0.477546875 0.5074921875 0.4698171875 0.493621875
10 0.41109375000000004 0.7265609375000001 0.5287296875 0.66171875 0.4972359375 0.6051640625 0.3795828125 0.6702625 0.41109375000000004 0.7265609375000001
10 0.4327078125 0.3938359375 0.43658125 0.40108125 0.4258671875 0.4066140625 0.48316406250000005 0.5102156250000001 0.45925937499999997 0.523546875 0.56484375 0.7138984374999999 0.658678125 0.6616671875 0.57223125 0.5059843749999999 0.602896875 0.48889375 0.5768359375000001 0.44198125 0.5156468750000001 0.47579843750000006 0.46143124999999996 0.37791562500000003 0.4327078125 0.3938359375
10 0.49935625000000006 0.2895703125 0.40402187500000003 0.3424203125 0.42824375000000003 0.386153125 0.4626125 0.367115625 0.46999375 0.3804296875 0.5309781250000001 0.346734375 0.49935625000000006 0.2895703125
10 0.39651562500000004 0.42344218749999996 0.3639265625 0.3645265625 0.3545953125 0.3694078125 0.338059375 0.33945 0.22723749999999998 0.40087812500000003 0.2540328125 0.449090625 0.2699109375 0.4403859375 0.2900890625 0.47678906249999997 0.276725 0.4841984375 0.3788109375 0.6679953125 0.501525 0.5999734375 0.48101562500000006 0.562975 0.43391875 0.58908125 0.4192984375 0.5628296875000001 0.44408281250000003 0.549090625 0.42364375 0.5123453125 0.470659375 0.4874515625 0.4258671875 0.4066140625 0.39651562500000004 0.42344218749999996
10 0.44195312500000006 0.7821828125 0.5591999999999999 0.7167859375 0.5298625 0.6639125 0.412578125 0.7288375 0.44195312500000006 0.7821828125